2.000000e-01 4.642000e-02  4.220000e-02  1.000000e-01 2.000000e-06 1.000000e-02 5.940272e+03 3.180159e+01 2.288702e+01 6.923227e+01 9.816596e-03 9.715072e-03 5.302366e-02 9.522487e-01 3.805090e+00
2.000000e-01 4.642000e-02  4.220000e-02  1.000000e-01 2.053292e-06 1.000000e-02 5.940272e+03 3.180156e+01 2.288691e+01 6.923214e+01 1.064032e-02 1.037956e-02 5.588706e-02 1.003672e+00 4.010573e+00
2.000000e-01 4.642000e-02  4.220000e-02  1.000000e-01 2.108005e-06 1.000000e-02 5.940272e+03 3.180159e+01 2.288688e+01 6.923222e+01 1.089182e-02 1.092271e-02 5.890509e-02 1.057873e+00 4.227154e+00
2.000000e-01 4.642000e-02  4.220000e-02  1.000000e-01 2.164175e-06 1.000000e-02 5.940272e+03 3.180149e+01 2.288681e+01 6.923199e+01 1.180961e-02 1.153043e-02 6.208610e-02 1.115001e+00 4.455430e+00
2.000000e-01 4.642000e-02  4.220000e-02  1.000000e-01 2.221842e-06 1.000000e-02 5.940272e+03 3.180150e+01 2.288675e+01 6.923199e+01 1.293910e-02 1.206203e-02 6.543889e-02 1.175213e+00 4.696033e+00
2.000000e-01 4.642000e-02  4.220000e-02  1.000000e-01 2.281045e-06 1.000000e-02 5.940272e+03 3.180140e+01 2.288664e+01 6.923172e+01 1.327128e-02 1.286006e-02 6.897274e-02 1.238677e+00 4.949630e+00
2.000000e-01 4.642000e-02  4.220000e-02  1.000000e-01 2.341826e-06 1.000000e-02 5.940272e+03 3.180142e+01 2.288657e+01 6.923180e+01 1.364360e-02 1.347453e-02 7.269743e-02 1.305569e+00 5.216921e+00
2.000000e-01 4.642000e-02  4.220000e-02  1.000000e-01 2.404227e-06 1.000000e-02 5.940272e+03 3.180130e+01 2.288655e+01 6.923156e+01 1.505468e-02 1.431831e-02 7.662326e-02 1.376073e+00 5.498647e+00
2.000000e-01 4.642000e-02  4.220000e-02  1.000000e-01 2.468290e-06 1.000000e-02 5.940272e+03 3.180136e+01 2.288648e+01 6.923165e+01 1.581258e-02 1.519072e-02 8.076109e-02 1.450384e+00 5.795587e+00
2.000000e-01 4.642000e-02  4.220000e-02  1.000000e-01 2.534061e-06 1.000000e-02 5.940272e+03 3.180130e+01 2.288633e+01 6.923153e+01 1.642723e-02 1.577642e-02 8.512238e-02 1.528708e+00 6.108562e+00
2.000000e-01 4.642000e-02  4.220000e-02  1.000000e-01 2.601584e-06 1.000000e-02 5.940272e+03 3.180127e+01 2.288629e+01 6.923140e+01 1.755188e-02 1.649595e-02 8.971918e-02 1.611262e+00 6.438438e+00
2.000000e-01 4.642000e-02  4.220000e-02  1.000000e-01 2.670906e-06 1.000000e-02 5.940272e+03 3.180115e+01 2.288623e+01 6.923113e+01 1.874283e-02 1.754104e-02 9.456422e-02 1.698273e+00 6.786129e+00
2.000000e-01 4.642000e-02  4.220000e-02  1.000000e-01 2.742075e-06 1.000000e-02 5.940272e+03 3.180116e+01 2.288603e+01 6.923111e+01 1.913157e-02 1.839429e-02 9.967091e-02 1.789984e+00 7.152596e+00
2.000000e-01 4.642000e-02  4.220000e-02  1.000000e-01 2.815141e-06 1.000000e-02 5.940272e+03 3.180112e+01 2.288609e+01 6.923106e+01 2.032078e-02 1.912273e-02 1.050534e-01 1.886647e+00 7.538852e+00
2.000000e-01 4.642000e-02  4.220000e-02  1.000000e-01 2.890154e-06 1.000000e-02 5.940272e+03 3.180101e+01 2.288591e+01 6.923076e+01 2.244299e-02 2.031210e-02 1.107265e-01 1.988531e+00 7.945968e+00
2.000000e-01 4.642000e-02  4.220000e-02  1.000000e-01 2.967165e-06 1.000000e-02 5.940272e+03 3.180100e+01 2.288576e+01 6.923075e+01 2.287051e-02 2.138593e-02 1.167060e-01 2.095916e+00 8.375068e+00
2.000000e-01 4.642000e-02  4.220000e-02  1.000000e-01 3.046229e-06 1.000000e-02 5.940272e+03 3.180101e+01 2.288559e+01 6.923075e+01 2.437965e-02 2.296266e-02 1.230084e-01 2.209100e+00 8.827341e+00
2.000000e-01 4.642000e-02  4.220000e-02  1.000000e-01 3.127399e-06 1.000000e-02 5.940272e+03 3.180101e+01 2.288551e+01 6.923067e+01 2.463067e-02 2.396168e-02 1.296511e-01 2.328397e+00 9.304038e+00
2.000000e-01 4.642000e-02  4.220000e-02  1.000000e-01 3.210732e-06 1.000000e-02 5.940272e+03 3.180082e+01 2.288543e+01 6.923028e+01 2.643329e-02 2.500478e-02 1.366526e-01 2.454136e+00 9.806478e+00
2.000000e-01 4.642000e-02  4.220000e-02  1.000000e-01 3.296286e-06 1.000000e-02 5.940272e+03 3.180076e+01 2.288535e+01 6.923018e+01 2.834766e-02 2.658284e-02 1.440321e-01 2.586665e+00 1.033605e+01
2.000000e-01 4.642000e-02  4.220000e-02  1.000000e-01 3.384119e-06 1.000000e-02 5.940272e+03 3.180077e+01 2.288519e+01 6.923012e+01 2.904624e-02 2.787212e-02 1.518102e-01 2.726350e+00 1.089422e+01
2.000000e-01 4.642000e-02  4.220000e-02  1.000000e-01 3.474293e-06 1.000000e-02 5.940272e+03 3.180071e+01 2.288497e+01 6.922992e+01 3.116018e-02 2.965021e-02 1.600083e-01 2.873580e+00 1.148253e+01
2.000000e-01 4.642000e-02  4.220000e-02  1.000000e-01 3.566869e-06 1.000000e-02 5.940272e+03 3.180064e+01 2.288481e+01 6.922972e+01 3.263895e-02 3.147335e-02 1.686491e-01 3.028760e+00 1.210262e+01
2.000000e-01 4.642000e-02  4.220000e-02  1.000000e-01 3.661913e-06 1.000000e-02 5.940272e+03 3.180049e+01 2.288453e+01 6.922935e+01 3.460227e-02 3.343715e-02 1.777566e-01 3.192320e+00 1.275619e+01
2.000000e-01 4.642000e-02  4.220000e-02  1.000000e-01 3.759488e-06 1.000000e-02 5.940272e+03 3.180055e+01 2.288427e+01 6.922935e+01 3.484871e-02 3.477377e-02 1.873558e-01 3.364712e+00 1.344505e+01
2.000000e-01 4.642000e-02  4.220000e-02  1.000000e-01 3.859664e-06 1.000000e-02 5.940272e+03 3.180044e+01 2.288417e+01 6.922916e+01 3.899528e-02 3.658299e-02 1.974735e-01 3.546414e+00 1.417111e+01
