6.000000e-02 2.424000e-01  2.203636e-01  1.000000e-01 2.000000e-06 1.000000e-02 9.815914e-03 3.172923e+01 1.780714e+01 7.045888e+01 1.501626e+00 5.656864e+01 2.043855e+01 6.729481e+01 1.141879e+03
6.000000e-02 2.424000e-01  2.203636e-01  1.000000e-01 2.053292e-06 1.000000e-02 9.815914e-03 3.172387e+01 1.767586e+01 7.057798e+01 1.574071e+00 5.914494e+01 2.154228e+01 7.092889e+01 1.203543e+03
6.000000e-02 2.424000e-01  2.203636e-01  1.000000e-01 2.108005e-06 1.000000e-02 9.815914e-03 3.171873e+01 1.752361e+01 7.082844e+01 1.662686e+00 6.304520e+01 2.270561e+01 7.475921e+01 1.268537e+03
6.000000e-02 2.424000e-01  2.203636e-01  1.000000e-01 2.164175e-06 1.000000e-02 9.815914e-03 3.171562e+01 1.743162e+01 7.113419e+01 1.745319e+00 6.609388e+01 2.393177e+01 7.879638e+01 1.337041e+03
6.000000e-02 2.424000e-01  2.203636e-01  1.000000e-01 2.221842e-06 1.000000e-02 9.815914e-03 3.170953e+01 1.733899e+01 7.167956e+01 1.856081e+00 6.966169e+01 2.522414e+01 8.305157e+01 1.409245e+03
6.000000e-02 2.424000e-01  2.203636e-01  1.000000e-01 2.281045e-06 1.000000e-02 9.815914e-03 3.170477e+01 1.722192e+01 7.183942e+01 1.945791e+00 7.359692e+01 2.658630e+01 8.753655e+01 1.485347e+03
6.000000e-02 2.424000e-01  2.203636e-01  1.000000e-01 2.341826e-06 1.000000e-02 9.815914e-03 3.169913e+01 1.724206e+01 7.268798e+01 2.045379e+00 7.755148e+01 2.802202e+01 9.226372e+01 1.565559e+03
6.000000e-02 2.424000e-01  2.203636e-01  1.000000e-01 2.404227e-06 1.000000e-02 9.815914e-03 3.169488e+01 1.708709e+01 7.250645e+01 2.151546e+00 8.174036e+01 2.953528e+01 9.724618e+01 1.650103e+03
6.000000e-02 2.424000e-01  2.203636e-01  1.000000e-01 2.468290e-06 1.000000e-02 9.815914e-03 3.168913e+01 1.700879e+01 7.328141e+01 2.271156e+00 8.615308e+01 3.113025e+01 1.024977e+02 1.739213e+03
6.000000e-02 2.424000e-01  2.203636e-01  1.000000e-01 2.534061e-06 1.000000e-02 9.815914e-03 3.168310e+01 1.703970e+01 7.387484e+01 2.400100e+00 9.078063e+01 3.281136e+01 1.080328e+02 1.833134e+03
6.000000e-02 2.424000e-01  2.203636e-01  1.000000e-01 2.601584e-06 1.000000e-02 9.815914e-03 3.167390e+01 1.696576e+01 7.403054e+01 2.538336e+00 9.636711e+01 3.458324e+01 1.138668e+02 1.932128e+03
6.000000e-02 2.424000e-01  2.203636e-01  1.000000e-01 2.670906e-06 1.000000e-02 9.815914e-03 3.166620e+01 1.710353e+01 7.513907e+01 2.685237e+00 1.000400e+02 3.645082e+01 1.200159e+02 2.036467e+03
6.000000e-02 2.424000e-01  2.203636e-01  1.000000e-01 2.742075e-06 1.000000e-02 9.815914e-03 3.166356e+01 1.712987e+01 7.582678e+01 2.791678e+00 1.069775e+02 3.841925e+01 1.264970e+02 2.146441e+03
6.000000e-02 2.424000e-01  2.203636e-01  1.000000e-01 2.815141e-06 1.000000e-02 9.815914e-03 3.165422e+01 1.719456e+01 7.652783e+01 3.008497e+00 1.120855e+02 4.049398e+01 1.333282e+02 2.262354e+03
6.000000e-02 2.424000e-01  2.203636e-01  1.000000e-01 2.890154e-06 1.000000e-02 9.815914e-03 3.165018e+01 1.745097e+01 7.779589e+01 3.134714e+00 1.179142e+02 4.268074e+01 1.405282e+02 2.384526e+03
6.000000e-02 2.424000e-01  2.203636e-01  1.000000e-01 2.967165e-06 1.000000e-02 9.815914e-03 3.163759e+01 1.736493e+01 7.791605e+01 3.290042e+00 1.243945e+02 4.498560e+01 1.481170e+02 2.513296e+03
6.000000e-02 2.424000e-01  2.203636e-01  1.000000e-01 3.046229e-06 1.000000e-02 9.815914e-03 3.163063e+01 1.760899e+01 7.909562e+01 3.436232e+00 1.313866e+02 4.741493e+01 1.561157e+02 2.649020e+03
6.000000e-02 2.424000e-01  2.203636e-01  1.000000e-01 3.127399e-06 1.000000e-02 9.815914e-03 3.162065e+01 1.802819e+01 8.081081e+01 3.661335e+00 1.381752e+02 4.997545e+01 1.645463e+02 2.792073e+03
6.000000e-02 2.424000e-01  2.203636e-01  1.000000e-01 3.210732e-06 1.000000e-02 9.815914e-03 3.161487e+01 1.800251e+01 8.097385e+01 3.852358e+00 1.444183e+02 5.267424e+01 1.734322e+02 2.942851e+03
6.000000e-02 2.424000e-01  2.203636e-01  1.000000e-01 3.296286e-06 1.000000e-02 9.815914e-03 3.159587e+01 1.865310e+01 8.310269e+01 4.065992e+00 1.535438e+02 5.551877e+01 1.827979e+02 3.101772e+03
6.000000e-02 2.424000e-01  2.203636e-01  1.000000e-01 3.384119e-06 1.000000e-02 9.815914e-03 3.158777e+01 1.869052e+01 8.343447e+01 4.308289e+00 1.601521e+02 5.851691e+01 1.926694e+02 3.269275e+03
6.000000e-02 2.424000e-01  2.203636e-01  1.000000e-01 3.474293e-06 1.000000e-02 9.815914e-03 3.158382e+01 1.910450e+01 8.483400e+01 4.496427e+00 1.697679e+02 6.167696e+01 2.030740e+02 3.445823e+03
6.000000e-02 2.424000e-01  2.203636e-01  1.000000e-01 3.566869e-06 1.000000e-02 9.815914e-03 3.156454e+01 1.943372e+01 8.588791e+01 4.752629e+00 1.796720e+02 6.500765e+01 2.140405e+02 3.631906e+03
6.000000e-02 2.424000e-01  2.203636e-01  1.000000e-01 3.661913e-06 1.000000e-02 9.815914e-03 3.155007e+01 2.024097e+01 8.820555e+01 5.041800e+00 1.892144e+02 6.851822e+01 2.255992e+02 3.828037e+03
6.000000e-02 2.424000e-01  2.203636e-01  1.000000e-01 3.759488e-06 1.000000e-02 9.815914e-03 3.154005e+01 2.095800e+01 9.022553e+01 5.339955e+00 2.003159e+02 7.221836e+01 2.377821e+02 4.034760e+03
6.000000e-02 2.424000e-01  2.203636e-01  1.000000e-01 3.859664e-06 1.000000e-02 9.815914e-03 3.153321e+01 2.148610e+01 9.160927e+01 5.538812e+00 2.124075e+02 7.611832e+01 2.506229e+02 4.252646e+03
6.000000e-02 2.424000e-01  2.203636e-01  1.000000e-01 3.962510e-06 1.000000e-02 9.815914e-03 3.151141e+01 2.222398e+01 9.348800e+01 5.864639e+00 2.214417e+02 8.022888e+01 2.641571e+02 4.482299e+03
6.000000e-02 2.424000e-01  2.203636e-01  1.000000e-01 4.068095e-06 1.000000e-02 9.815914e-03 3.150121e+01 2.307517e+01 9.577071e+01 6.122847e+00 2.345129e+02 8.456143e+01 2.784222e+02 4.724353e+03
6.000000e-02 2.424000e-01  2.203636e-01  1.000000e-01 4.176494e-06 1.000000e-02 9.815914e-03 3.146808e+01 2.336291e+01 9.629975e+01 6.636100e+00 2.455175e+02 8.912794e+01 2.934576e+02 4.979479e+03
6.000000e-02 2.424000e-01  2.203636e-01  1.000000e-01 4.287782e-06 1.000000e-02 9.815914e-03 3.146134e+01 2.440970e+01 9.881071e+01 6.871284e+00 2.608883e+02 9.394105e+01 3.093050e+02 5.248383e+03
6.000000e-02 2.424000e-01  2.203636e-01  1.000000e-01 4.402035e-06 1.000000e-02 9.815914e-03 3.144446e+01 2.466867e+01 9.942926e+01 7.209561e+00 2.728317e+02 9.901409e+01 3.260082e+02 5.531808e+03
6.000000e-02 2.424000e-01  2.203636e-01  1.000000e-01 4.519332e-06 1.000000e-02 9.815914e-03 3.141928e+01 2.565587e+01 1.015435e+02 7.694191e+00 2.867543e+02 1.043611e+02 3.436134e+02 5.830538e+03
6.000000e-02 2.424000e-01  2.203636e-01  1.000000e-01 4.639755e-06 1.000000e-02 9.815914e-03 3.139491e+01 2.663856e+01 1.038448e+02 8.134568e+00 3.023295e+02 1.099968e+02 3.621693e+02 6.145401e+03
6.000000e-02 2.424000e-01  2.203636e-01  1.000000e-01 4.763386e-06 1.000000e-02 9.815914e-03 3.140088e+01 2.730492e+01 1.053222e+02 8.407922e+00 3.218104e+02 1.159369e+02 3.817273e+02 6.477266e+03
6.000000e-02 2.424000e-01  2.203636e-01  1.000000e-01 4.890312e-06 1.000000e-02 9.815914e-03 3.135418e+01 2.810671e+01 1.066504e+02 9.027874e+00 3.386343e+02 1.221978e+02 4.023414e+02 6.827054e+03
6.000000e-02 2.424000e-01  2.203636e-01  1.000000e-01 5.020620e-06 1.000000e-02 9.815914e-03 3.134208e+01 2.973394e+01 1.104190e+02 9.500076e+00 3.568614e+02 1.287967e+02 4.240688e+02 7.195730e+03
6.000000e-02 2.424000e-01  2.203636e-01  1.000000e-01 5.154400e-06 1.000000e-02 9.815914e-03 3.129950e+01 2.995956e+01 1.107352e+02 1.007114e+01 3.739115e+02 1.357520e+02 4.469695e+02 7.584317e+03
6.000000e-02 2.424000e-01  2.203636e-01  1.000000e-01 5.291745e-06 1.000000e-02 9.815914e-03 3.128753e+01 3.099534e+01 1.128788e+02 1.037256e+01 3.920787e+02 1.430830e+02 4.711069e+02 7.993887e+03
6.000000e-02 2.424000e-01  2.203636e-01  1.000000e-01 5.432750e-06 1.000000e-02 9.815914e-03 3.126362e+01 3.196860e+01 1.149734e+02 1.112524e+01 4.205358e+02 1.508098e+02 4.965477e+02 8.425576e+03
6.000000e-02 2.424000e-01  2.203636e-01  1.000000e-01 5.577512e-06 1.000000e-02 9.815914e-03 3.122884e+01 3.320848e+01 1.172647e+02 1.163851e+01 4.403470e+02 1.589539e+02 5.233624e+02 8.880576e+03
6.000000e-02 2.424000e-01  2.203636e-01  1.000000e-01 5.726131e-06 1.000000e-02 9.815914e-03 3.118843e+01 3.363478e+01 1.179420e+02 1.246869e+01 4.658776e+02 1.675377e+02 5.516252e+02 9.360148e+03
6.000000e-02 2.424000e-01  2.203636e-01  1.000000e-01 5.878710e-06 1.000000e-02 9.815914e-03 3.117311e+01 3.516726e+01 1.212383e+02 1.280753e+01 4.863582e+02 1.765852e+02 5.814143e+02 9.865617e+03
6.000000e-02 2.424000e-01  2.203636e-01  1.000000e-01 6.035355e-06 1.000000e-02 9.815914e-03 3.114645e+01 3.538473e+01 1.215053e+02 1.356324e+01 5.069283e+02 1.861212e+02 6.128120e+02 1.039838e+04
6.000000e-02 2.424000e-01  2.203636e-01  1.000000e-01 6.196174e-06 1.000000e-02 9.815914e-03 3.109148e+01 3.709371e+01 1.244953e+02 1.444498e+01 5.480541e+02 1.961721e+02 6.459052e+02 1.095992e+04
6.000000e-02 2.424000e-01  2.203636e-01  1.000000e-01 6.361278e-06 1.000000e-02 9.815914e-03 3.107185e+01 3.785705e+01 1.261013e+02 1.523423e+01 5.671678e+02 2.067659e+02 6.807856e+02 1.155178e+04
6.000000e-02 2.424000e-01  2.203636e-01  1.000000e-01 6.530782e-06 1.000000e-02 9.815914e-03 3.102821e+01 3.861074e+01 1.275931e+02 1.605033e+01 5.987082e+02 2.179317e+02 7.175496e+02 1.217560e+04
6.000000e-02 2.424000e-01  2.203636e-01  1.000000e-01 6.704802e-06 1.000000e-02 9.815914e-03 3.097058e+01 3.962378e+01 1.294125e+02 1.697228e+01 6.337708e+02 2.297005e+02 7.562989e+02 1.283311e+04
