6.000000e-02 2.154000e-01  1.958182e-01  1.000000e-01 2.000000e-06 1.000000e-02 1.821992e-02 3.172353e+01 1.760390e+01 7.080207e+01 1.629886e+00 6.210554e+01 2.474175e+01 8.111039e+01 1.423268e+03
6.000000e-02 2.154000e-01  1.958182e-01  1.000000e-01 2.053292e-06 1.000000e-02 1.821992e-02 3.171933e+01 1.751474e+01 7.102389e+01 1.723277e+00 6.576515e+01 2.607787e+01 8.549054e+01 1.500128e+03
6.000000e-02 2.154000e-01  1.958182e-01  1.000000e-01 2.108005e-06 1.000000e-02 1.821992e-02 3.171531e+01 1.741433e+01 7.153270e+01 1.816823e+00 6.973762e+01 2.748613e+01 9.010723e+01 1.581139e+03
6.000000e-02 2.154000e-01  1.958182e-01  1.000000e-01 2.164175e-06 1.000000e-02 1.821992e-02 3.171098e+01 1.728532e+01 7.169766e+01 1.904114e+00 7.337555e+01 2.897045e+01 9.497322e+01 1.666524e+03
6.000000e-02 2.154000e-01  1.958182e-01  1.000000e-01 2.221842e-06 1.000000e-02 1.821992e-02 3.170576e+01 1.719238e+01 7.242373e+01 1.996774e+00 7.794438e+01 3.053492e+01 1.001020e+02 1.756520e+03
6.000000e-02 2.154000e-01  1.958182e-01  1.000000e-01 2.281045e-06 1.000000e-02 1.821992e-02 3.170342e+01 1.722425e+01 7.315435e+01 2.103119e+00 8.286843e+01 3.218387e+01 1.055077e+02 1.851376e+03
6.000000e-02 2.154000e-01  1.958182e-01  1.000000e-01 2.341826e-06 1.000000e-02 1.821992e-02 3.169319e+01 1.710244e+01 7.310245e+01 2.255977e+00 8.608210e+01 3.392188e+01 1.112054e+02 1.951355e+03
6.000000e-02 2.154000e-01  1.958182e-01  1.000000e-01 2.404227e-06 1.000000e-02 1.821992e-02 3.168861e+01 1.708972e+01 7.375810e+01 2.340890e+00 9.066199e+01 3.575374e+01 1.172107e+02 2.056732e+03
6.000000e-02 2.154000e-01  1.958182e-01  1.000000e-01 2.468290e-06 1.000000e-02 1.821992e-02 3.168064e+01 1.710053e+01 7.449652e+01 2.490628e+00 9.544047e+01 3.768452e+01 1.235404e+02 2.167800e+03
6.000000e-02 2.154000e-01  1.958182e-01  1.000000e-01 2.534061e-06 1.000000e-02 1.821992e-02 3.167564e+01 1.710403e+01 7.483663e+01 2.593746e+00 1.003604e+02 3.971957e+01 1.302119e+02 2.284867e+03
6.000000e-02 2.154000e-01  1.958182e-01  1.000000e-01 2.601584e-06 1.000000e-02 1.821992e-02 3.167031e+01 1.708156e+01 7.532457e+01 2.747269e+00 1.059909e+02 4.186452e+01 1.372436e+02 2.408255e+03
6.000000e-02 2.154000e-01  1.958182e-01  1.000000e-01 2.670906e-06 1.000000e-02 1.821992e-02 3.165985e+01 1.726519e+01 7.644782e+01 2.927622e+00 1.121835e+02 4.412530e+01 1.446551e+02 2.538306e+03
6.000000e-02 2.154000e-01  1.958182e-01  1.000000e-01 2.742075e-06 1.000000e-02 1.821992e-02 3.165444e+01 1.717703e+01 7.663860e+01 3.063797e+00 1.168046e+02 4.650817e+01 1.524668e+02 2.675380e+03
6.000000e-02 2.154000e-01  1.958182e-01  1.000000e-01 2.815141e-06 1.000000e-02 1.821992e-02 3.164522e+01 1.743373e+01 7.826728e+01 3.225122e+00 1.258667e+02 4.901972e+01 1.607003e+02 2.819857e+03
6.000000e-02 2.154000e-01  1.958182e-01  1.000000e-01 2.890154e-06 1.000000e-02 1.821992e-02 3.163728e+01 1.754885e+01 7.872412e+01 3.419933e+00 1.310933e+02 5.166690e+01 1.693785e+02 2.972136e+03
6.000000e-02 2.154000e-01  1.958182e-01  1.000000e-01 2.967165e-06 1.000000e-02 1.821992e-02 3.162518e+01 1.785113e+01 8.009713e+01 3.618258e+00 1.390262e+02 5.445703e+01 1.785254e+02 3.132638e+03
6.000000e-02 2.154000e-01  1.958182e-01  1.000000e-01 3.046229e-06 1.000000e-02 1.821992e-02 3.162146e+01 1.800741e+01 8.089965e+01 3.744492e+00 1.465557e+02 5.739783e+01 1.881662e+02 3.301808e+03
6.000000e-02 2.154000e-01  1.958182e-01  1.000000e-01 3.127399e-06 1.000000e-02 1.821992e-02 3.161132e+01 1.844119e+01 8.243261e+01 3.976733e+00 1.528261e+02 6.049745e+01 1.983276e+02 3.480113e+03
6.000000e-02 2.154000e-01  1.958182e-01  1.000000e-01 3.210732e-06 1.000000e-02 1.821992e-02 3.159342e+01 1.858015e+01 8.297933e+01 4.223940e+00 1.616519e+02 6.376445e+01 2.090377e+02 3.668047e+03
6.000000e-02 2.154000e-01  1.958182e-01  1.000000e-01 3.296286e-06 1.000000e-02 1.821992e-02 3.158784e+01 1.882405e+01 8.398866e+01 4.424845e+00 1.698706e+02 6.720788e+01 2.203262e+02 3.866130e+03
6.000000e-02 2.154000e-01  1.958182e-01  1.000000e-01 3.384119e-06 1.000000e-02 1.821992e-02 3.157473e+01 1.938570e+01 8.569392e+01 4.662217e+00 1.800925e+02 7.083726e+01 2.322243e+02 4.074910e+03
6.000000e-02 2.154000e-01  1.958182e-01  1.000000e-01 3.474293e-06 1.000000e-02 1.821992e-02 3.156759e+01 2.008355e+01 8.774848e+01 4.940677e+00 1.891680e+02 7.466263e+01 2.447650e+02 4.294965e+03
6.000000e-02 2.154000e-01  1.958182e-01  1.000000e-01 3.566869e-06 1.000000e-02 1.821992e-02 3.155335e+01 2.057244e+01 8.922889e+01 5.185092e+00 1.993785e+02 7.869459e+01 2.579829e+02 4.526903e+03
6.000000e-02 2.154000e-01  1.958182e-01  1.000000e-01 3.661913e-06 1.000000e-02 1.821992e-02 3.154445e+01 2.090954e+01 9.019500e+01 5.414583e+00 2.090772e+02 8.294428e+01 2.719145e+02 4.771366e+03
6.000000e-02 2.154000e-01  1.958182e-01  1.000000e-01 3.759488e-06 1.000000e-02 1.821992e-02 3.152084e+01 2.179837e+01 9.248330e+01 5.764469e+00 2.211774e+02 8.742346e+01 2.865986e+02 5.029031e+03
6.000000e-02 2.154000e-01  1.958182e-01  1.000000e-01 3.859664e-06 1.000000e-02 1.821992e-02 3.151152e+01 2.181749e+01 9.254106e+01 6.044795e+00 2.329776e+02 9.214453e+01 3.020755e+02 5.300610e+03
6.000000e-02 2.154000e-01  1.958182e-01  1.000000e-01 3.962510e-06 1.000000e-02 1.821992e-02 3.149771e+01 2.280502e+01 9.495164e+01 6.347242e+00 2.473957e+02 9.712055e+01 3.183883e+02 5.586856e+03
6.000000e-02 2.154000e-01  1.958182e-01  1.000000e-01 4.068095e-06 1.000000e-02 1.821992e-02 3.148650e+01 2.406182e+01 9.812215e+01 6.723918e+00 2.616293e+02 1.023653e+02 3.355820e+02 5.888559e+03
6.000000e-02 2.154000e-01  1.958182e-01  1.000000e-01 4.176494e-06 1.000000e-02 1.821992e-02 3.145532e+01 2.449512e+01 9.908055e+01 7.094258e+00 2.761082e+02 1.078932e+02 3.537042e+02 6.206554e+03
6.000000e-02 2.154000e-01  1.958182e-01  1.000000e-01 4.287782e-06 1.000000e-02 1.821992e-02 3.144513e+01 2.477067e+01 9.961601e+01 7.513111e+00 2.843406e+02 1.137197e+02 3.728051e+02 6.541723e+03
6.000000e-02 2.154000e-01  1.958182e-01  1.000000e-01 4.402035e-06 1.000000e-02 1.821992e-02 3.143378e+01 2.647398e+01 1.035084e+02 7.809798e+00 3.061637e+02 1.198609e+02 3.929374e+02 6.894991e+03
6.000000e-02 2.154000e-01  1.958182e-01  1.000000e-01 4.519332e-06 1.000000e-02 1.821992e-02 3.140279e+01 2.752792e+01 1.058465e+02 8.290122e+00 3.214951e+02 1.263336e+02 4.141569e+02 7.267336e+03
6.000000e-02 2.154000e-01  1.958182e-01  1.000000e-01 4.639755e-06 1.000000e-02 1.821992e-02 3.139168e+01 2.797866e+01 1.068743e+02 8.754576e+00 3.396891e+02 1.331559e+02 4.365224e+02 7.659789e+03
6.000000e-02 2.154000e-01  1.958182e-01  1.000000e-01 4.763386e-06 1.000000e-02 1.821992e-02 3.134767e+01 2.872590e+01 1.082357e+02 9.294259e+00 3.581210e+02 1.403467e+02 4.600956e+02 8.073436e+03
6.000000e-02 2.154000e-01  1.958182e-01  1.000000e-01 4.890312e-06 1.000000e-02 1.821992e-02 3.134257e+01 2.970763e+01 1.104343e+02 9.770482e+00 3.724307e+02 1.479257e+02 4.849418e+02 8.509420e+03
6.000000e-02 2.154000e-01  1.958182e-01  1.000000e-01 5.020620e-06 1.000000e-02 1.821992e-02 3.131165e+01 3.052458e+01 1.119817e+02 1.030382e+01 3.928422e+02 1.559140e+02 5.111298e+02 8.968948e+03
6.000000e-02 2.154000e-01  1.958182e-01  1.000000e-01 5.154400e-06 1.000000e-02 1.821992e-02 3.129014e+01 3.169498e+01 1.143350e+02 1.076317e+01 4.177672e+02 1.643337e+02 5.387320e+02 9.453292e+03
6.000000e-02 2.154000e-01  1.958182e-01  1.000000e-01 5.291745e-06 1.000000e-02 1.821992e-02 3.127095e+01 3.285449e+01 1.168014e+02 1.130195e+01 4.386092e+02 1.732081e+02 5.678248e+02 9.963792e+03
6.000000e-02 2.154000e-01  1.958182e-01  1.000000e-01 5.432750e-06 1.000000e-02 1.821992e-02 3.122377e+01 3.379721e+01 1.186938e+02 1.182062e+01 4.666357e+02 1.825618e+02 5.984886e+02 1.050186e+04
6.000000e-02 2.154000e-01  1.958182e-01  1.000000e-01 5.577512e-06 1.000000e-02 1.821992e-02 3.121970e+01 3.417756e+01 1.190889e+02 1.268652e+01 4.910889e+02 1.924205e+02 6.308084e+02 1.106898e+04
6.000000e-02 2.154000e-01  1.958182e-01  1.000000e-01 5.726131e-06 1.000000e-02 1.821992e-02 3.117360e+01 3.586185e+01 1.224781e+02 1.358951e+01 5.179206e+02 2.028117e+02 6.648735e+02 1.166673e+04
6.000000e-02 2.154000e-01  1.958182e-01  1.000000e-01 5.878710e-06 1.000000e-02 1.821992e-02 3.114009e+01 3.639063e+01 1.232801e+02 1.394180e+01 5.448777e+02 2.137640e+02 7.007782e+02 1.229677e+04
6.000000e-02 2.154000e-01  1.958182e-01  1.000000e-01 6.035355e-06 1.000000e-02 1.821992e-02 3.111221e+01 3.776365e+01 1.259400e+02 1.483967e+01 5.749089e+02 2.253078e+02 7.386218e+02 1.296082e+04
6.000000e-02 2.154000e-01  1.958182e-01  1.000000e-01 6.196174e-06 1.000000e-02 1.821992e-02 3.106799e+01 3.837662e+01 1.273921e+02 1.550372e+01 6.023716e+02 2.374749e+02 7.785091e+02 1.366073e+04
6.000000e-02 2.154000e-01  1.958182e-01  1.000000e-01 6.361278e-06 1.000000e-02 1.821992e-02 3.102359e+01 3.943273e+01 1.291005e+02 1.656196e+01 6.427759e+02 2.502991e+02 8.205504e+02 1.439844e+04
6.000000e-02 2.154000e-01  1.958182e-01  1.000000e-01 6.530782e-06 1.000000e-02 1.821992e-02 3.099044e+01 4.032778e+01 1.305106e+02 1.745538e+01 6.746604e+02 2.638158e+02 8.648620e+02 1.517599e+04
