3.000000e-02 1.343000e-01  1.220909e-01  1.000000e-01 2.000000e-06 1.000000e-02 1.148212e-02 3.140956e+01 2.922761e+01 1.096558e+02 8.449754e+00 3.635587e+02 1.706022e+02 5.594382e+02 1.025891e+04
3.000000e-02 1.343000e-01  1.220909e-01  1.000000e-01 2.053292e-06 1.000000e-02 1.148212e-02 3.137863e+01 2.975288e+01 1.106245e+02 9.115542e+00 3.803299e+02 1.798151e+02 5.896491e+02 1.081291e+04
3.000000e-02 1.343000e-01  1.220909e-01  1.000000e-01 2.108005e-06 1.000000e-02 1.148212e-02 3.136014e+01 2.969542e+01 1.102542e+02 9.454640e+00 3.992137e+02 1.895255e+02 6.214915e+02 1.139684e+04
3.000000e-02 1.343000e-01  1.220909e-01  1.000000e-01 2.164175e-06 1.000000e-02 1.148212e-02 3.134605e+01 3.142831e+01 1.140661e+02 9.974185e+00 4.241844e+02 1.997603e+02 6.550535e+02 1.201229e+04
3.000000e-02 1.343000e-01  1.220909e-01  1.000000e-01 2.221842e-06 1.000000e-02 1.148212e-02 3.130662e+01 3.266202e+01 1.164964e+02 1.054886e+01 4.456123e+02 2.105478e+02 6.904279e+02 1.266098e+04
3.000000e-02 1.343000e-01  1.220909e-01  1.000000e-01 2.281045e-06 1.000000e-02 1.148212e-02 3.127621e+01 3.312972e+01 1.172977e+02 1.114292e+01 4.726745e+02 2.219179e+02 7.277126e+02 1.334471e+04
3.000000e-02 1.343000e-01  1.220909e-01  1.000000e-01 2.341826e-06 1.000000e-02 1.148212e-02 3.126106e+01 3.398930e+01 1.188424e+02 1.169471e+01 4.929627e+02 2.339020e+02 7.670108e+02 1.406535e+04
3.000000e-02 1.343000e-01  1.220909e-01  1.000000e-01 2.404227e-06 1.000000e-02 1.148212e-02 3.122457e+01 3.584508e+01 1.224713e+02 1.228211e+01 5.276299e+02 2.465332e+02 8.084311e+02 1.482491e+04
3.000000e-02 1.343000e-01  1.220909e-01  1.000000e-01 2.468290e-06 1.000000e-02 1.148212e-02 3.117492e+01 3.574813e+01 1.217456e+02 1.305689e+01 5.514177e+02 2.598466e+02 8.520883e+02 1.562549e+04
3.000000e-02 1.343000e-01  1.220909e-01  1.000000e-01 2.534061e-06 1.000000e-02 1.148212e-02 3.116277e+01 3.736886e+01 1.251818e+02 1.375344e+01 5.792174e+02 2.738789e+02 8.981030e+02 1.646931e+04
3.000000e-02 1.343000e-01  1.220909e-01  1.000000e-01 2.601584e-06 1.000000e-02 1.148212e-02 3.113433e+01 3.872886e+01 1.280288e+02 1.446679e+01 6.142460e+02 2.886690e+02 9.466027e+02 1.735869e+04
3.000000e-02 1.343000e-01  1.220909e-01  1.000000e-01 2.670906e-06 1.000000e-02 1.148212e-02 3.109213e+01 4.008704e+01 1.312127e+02 1.531244e+01 6.427692e+02 3.042578e+02 9.977214e+02 1.829609e+04
3.000000e-02 1.343000e-01  1.220909e-01  1.000000e-01 2.742075e-06 1.000000e-02 1.148212e-02 3.104287e+01 4.062942e+01 1.317794e+02 1.627691e+01 6.759855e+02 3.206884e+02 1.051601e+03 1.928413e+04
3.000000e-02 1.343000e-01  1.220909e-01  1.000000e-01 2.815141e-06 1.000000e-02 1.148212e-02 3.101400e+01 4.105756e+01 1.326018e+02 1.700716e+01 7.196641e+02 3.380063e+02 1.108390e+03 2.032551e+04
3.000000e-02 1.343000e-01  1.220909e-01  1.000000e-01 2.890154e-06 1.000000e-02 1.148212e-02 3.098909e+01 4.174222e+01 1.336271e+02 1.778646e+01 7.571848e+02 3.562595e+02 1.168245e+03 2.142314e+04
3.000000e-02 1.343000e-01  1.220909e-01  1.000000e-01 2.967165e-06 1.000000e-02 1.148212e-02 3.093981e+01 4.226323e+01 1.342950e+02 1.855262e+01 8.002552e+02 3.754983e+02 1.231333e+03 2.258004e+04
3.000000e-02 1.343000e-01  1.220909e-01  1.000000e-01 3.046229e-06 1.000000e-02 1.148212e-02 3.088773e+01 4.334236e+01 1.361113e+02 1.979623e+01 8.447626e+02 3.957761e+02 1.297828e+03 2.379941e+04
3.000000e-02 1.343000e-01  1.220909e-01  1.000000e-01 3.127399e-06 1.000000e-02 1.148212e-02 3.084240e+01 4.406259e+01 1.377310e+02 2.071579e+01 8.861443e+02 4.171489e+02 1.367914e+03 2.508463e+04
3.000000e-02 1.343000e-01  1.220909e-01  1.000000e-01 3.210732e-06 1.000000e-02 1.148212e-02 3.080873e+01 4.414708e+01 1.372050e+02 2.206875e+01 9.289370e+02 4.396759e+02 1.441784e+03 2.643926e+04
3.000000e-02 1.343000e-01  1.220909e-01  1.000000e-01 3.296286e-06 1.000000e-02 1.148212e-02 3.073967e+01 4.591224e+01 1.413350e+02 2.308917e+01 9.794109e+02 4.634194e+02 1.519644e+03 2.786704e+04
3.000000e-02 1.343000e-01  1.220909e-01  1.000000e-01 3.384119e-06 1.000000e-02 1.148212e-02 3.065827e+01 4.570963e+01 1.399019e+02 2.466797e+01 1.051005e+03 4.884451e+02 1.601708e+03 2.937193e+04
3.000000e-02 1.343000e-01  1.220909e-01  1.000000e-01 3.474293e-06 1.000000e-02 1.148212e-02 3.065187e+01 4.646660e+01 1.420537e+02 2.574512e+01 1.084961e+03 5.148223e+02 1.688204e+03 3.095808e+04
3.000000e-02 1.343000e-01  1.220909e-01  1.000000e-01 3.566869e-06 1.000000e-02 1.148212e-02 3.052474e+01 4.772323e+01 1.445909e+02 2.718513e+01 1.147942e+03 5.426239e+02 1.779371e+03 3.262989e+04
3.000000e-02 1.343000e-01  1.220909e-01  1.000000e-01 3.661913e-06 1.000000e-02 1.148212e-02 3.052117e+01 4.672399e+01 1.411757e+02 2.878490e+01 1.221655e+03 5.719268e+02 1.875461e+03 3.439198e+04
3.000000e-02 1.343000e-01  1.220909e-01  1.000000e-01 3.759488e-06 1.000000e-02 1.148212e-02 3.043685e+01 4.788159e+01 1.434834e+02 3.048180e+01 1.271467e+03 6.028122e+02 1.976740e+03 3.624922e+04
3.000000e-02 1.343000e-01  1.220909e-01  1.000000e-01 3.859664e-06 1.000000e-02 1.148212e-02 3.036513e+01 4.803279e+01 1.443198e+02 3.146742e+01 1.336877e+03 6.353655e+02 2.083489e+03 3.820677e+04
3.000000e-02 1.343000e-01  1.220909e-01  1.000000e-01 3.962510e-06 1.000000e-02 1.148212e-02 3.028908e+01 4.958581e+01 1.469443e+02 3.356611e+01 1.415321e+03 6.696767e+02 2.196002e+03 4.027002e+04
3.000000e-02 1.343000e-01  1.220909e-01  1.000000e-01 4.068095e-06 1.000000e-02 1.148212e-02 3.019062e+01 4.973642e+01 1.466625e+02 3.553197e+01 1.511104e+03 7.058408e+02 2.314591e+03 4.244469e+04
3.000000e-02 1.343000e-01  1.220909e-01  1.000000e-01 4.176494e-06 1.000000e-02 1.148212e-02 3.010953e+01 4.999745e+01 1.469864e+02 3.738896e+01 1.577821e+03 7.439578e+02 2.439584e+03 4.473681e+04
3.000000e-02 1.343000e-01  1.220909e-01  1.000000e-01 4.287782e-06 1.000000e-02 1.148212e-02 3.001872e+01 5.067104e+01 1.484094e+02 3.942158e+01 1.675431e+03 7.841332e+02 2.571328e+03 4.715270e+04
3.000000e-02 1.343000e-01  1.220909e-01  1.000000e-01 4.402035e-06 1.000000e-02 1.148212e-02 2.990610e+01 5.012936e+01 1.450254e+02 4.116352e+01 1.740177e+03 8.264782e+02 2.710185e+03 4.969905e+04
3.000000e-02 1.343000e-01  1.220909e-01  1.000000e-01 4.519332e-06 1.000000e-02 1.148212e-02 2.989593e+01 5.086086e+01 1.480111e+02 4.331550e+01 1.858579e+03 8.711100e+02 2.856542e+03 5.238292e+04
3.000000e-02 1.343000e-01  1.220909e-01  1.000000e-01 4.639755e-06 1.000000e-02 1.148212e-02 2.974015e+01 5.066241e+01 1.476448e+02 4.634176e+01 1.932539e+03 9.181519e+02 3.010801e+03 5.521171e+04
3.000000e-02 1.343000e-01  1.220909e-01  1.000000e-01 4.763386e-06 1.000000e-02 1.148212e-02 2.960360e+01 5.127113e+01 1.474245e+02 4.843478e+01 2.059332e+03 9.677343e+02 3.173392e+03 5.819327e+04
3.000000e-02 1.343000e-01  1.220909e-01  1.000000e-01 4.890312e-06 1.000000e-02 1.148212e-02 2.957067e+01 5.130188e+01 1.485725e+02 5.048007e+01 2.158222e+03 1.019994e+03 3.344762e+03 6.133585e+04
3.000000e-02 1.343000e-01  1.220909e-01  1.000000e-01 5.020620e-06 1.000000e-02 1.148212e-02 2.939401e+01 5.168486e+01 1.474995e+02 5.386894e+01 2.273845e+03 1.075076e+03 3.525387e+03 6.464812e+04
3.000000e-02 1.343000e-01  1.220909e-01  1.000000e-01 5.154400e-06 1.000000e-02 1.148212e-02 2.932961e+01 5.261802e+01 1.479095e+02 5.753532e+01 2.401438e+03 1.133133e+03 3.715766e+03 6.813927e+04
3.000000e-02 1.343000e-01  1.220909e-01  1.000000e-01 5.291745e-06 1.000000e-02 1.148212e-02 2.916544e+01 5.301016e+01 1.491855e+02 5.993272e+01 2.547996e+03 1.194325e+03 3.916426e+03 7.181895e+04
3.000000e-02 1.343000e-01  1.220909e-01  1.000000e-01 5.432750e-06 1.000000e-02 1.148212e-02 2.898502e+01 5.222771e+01 1.488552e+02 6.372424e+01 2.639848e+03 1.258821e+03 4.127922e+03 7.569734e+04
3.000000e-02 1.343000e-01  1.220909e-01  1.000000e-01 5.577512e-06 1.000000e-02 1.148212e-02 2.883630e+01 5.315161e+01 1.498751e+02 6.773364e+01 2.826075e+03 1.326800e+03 4.350839e+03 7.978517e+04
3.000000e-02 1.343000e-01  1.220909e-01  1.000000e-01 5.726131e-06 1.000000e-02 1.148212e-02 2.872673e+01 5.322386e+01 1.479366e+02 7.016724e+01 2.937531e+03 1.398450e+03 4.585795e+03 8.409375e+04
3.000000e-02 1.343000e-01  1.220909e-01  1.000000e-01 5.878710e-06 1.000000e-02 1.148212e-02 2.860001e+01 5.353503e+01 1.491791e+02 7.495047e+01 3.134990e+03 1.473970e+03 4.833438e+03 8.863501e+04
3.000000e-02 1.343000e-01  1.220909e-01  1.000000e-01 6.035355e-06 1.000000e-02 1.148212e-02 2.843544e+01 5.316516e+01 1.488907e+02 7.867027e+01 3.315207e+03 1.553568e+03 5.094455e+03 9.342151e+04
3.000000e-02 1.343000e-01  1.220909e-01  1.000000e-01 6.196174e-06 1.000000e-02 1.148212e-02 2.833607e+01 5.378628e+01 1.485169e+02 8.179056e+01 3.503688e+03 1.637464e+03 5.369568e+03 9.846648e+04
3.000000e-02 1.343000e-01  1.220909e-01  1.000000e-01 6.361278e-06 1.000000e-02 1.148212e-02 2.821584e+01 5.429190e+01 1.478914e+02 8.580779e+01 3.607164e+03 1.725891e+03 5.659537e+03 1.037839e+05
3.000000e-02 1.343000e-01  1.220909e-01  1.000000e-01 6.530782e-06 1.000000e-02 1.148212e-02 2.804462e+01 5.406924e+01 1.495460e+02 9.052432e+01 3.874395e+03 1.819093e+03 5.965165e+03 1.093885e+05
