1.000000e-01 6.615000e-02  6.013637e-02  1.000000e-01 2.000000e-06 1.000000e-02 5.941181e+01 3.178026e+01 2.201196e+01 6.896852e+01 4.668267e-01 8.230716e+00 1.003110e+01 4.507970e+01 6.548650e+02
1.000000e-01 6.615000e-02  6.013637e-02  1.000000e-01 2.053292e-06 1.000000e-02 5.941181e+01 3.177689e+01 2.194177e+01 6.894767e+01 4.895871e-01 8.670625e+00 1.057281e+01 4.751411e+01 6.902292e+02
1.000000e-01 6.615000e-02  6.013637e-02  1.000000e-01 2.108005e-06 1.000000e-02 5.941181e+01 3.177847e+01 2.192122e+01 6.895265e+01 4.860212e-01 9.089874e+00 1.114376e+01 5.007998e+01 7.275032e+02
1.000000e-01 6.615000e-02  6.013637e-02  1.000000e-01 2.164175e-06 1.000000e-02 5.941181e+01 3.177607e+01 2.185497e+01 6.892936e+01 5.357454e-01 9.755681e+00 1.174555e+01 5.278442e+01 7.667900e+02
1.000000e-01 6.615000e-02  6.013637e-02  1.000000e-01 2.221842e-06 1.000000e-02 5.941181e+01 3.177387e+01 2.181574e+01 6.890809e+01 5.615708e-01 1.027388e+01 1.237984e+01 5.563490e+01 8.081985e+02
1.000000e-01 6.615000e-02  6.013637e-02  1.000000e-01 2.281045e-06 1.000000e-02 5.941181e+01 3.177158e+01 2.176567e+01 6.891153e+01 5.885717e-01 1.073948e+01 1.304838e+01 5.863931e+01 8.518431e+02
1.000000e-01 6.615000e-02  6.013637e-02  1.000000e-01 2.341826e-06 1.000000e-02 5.941181e+01 3.177236e+01 2.173995e+01 6.890814e+01 6.045207e-01 1.103969e+01 1.375302e+01 6.180597e+01 8.978445e+02
1.000000e-01 6.615000e-02  6.013637e-02  1.000000e-01 2.404227e-06 1.000000e-02 5.941181e+01 3.176876e+01 2.167435e+01 6.888548e+01 6.489325e-01 1.181322e+01 1.449572e+01 6.514363e+01 9.463302e+02
1.000000e-01 6.615000e-02  6.013637e-02  1.000000e-01 2.468290e-06 1.000000e-02 5.941181e+01 3.176810e+01 2.158975e+01 6.887622e+01 6.755622e-01 1.237951e+01 1.527852e+01 6.866154e+01 9.974342e+02
1.000000e-01 6.615000e-02  6.013637e-02  1.000000e-01 2.534061e-06 1.000000e-02 5.941181e+01 3.176715e+01 2.155265e+01 6.886043e+01 7.104888e-01 1.317320e+01 1.610359e+01 7.236942e+01 1.051298e+03
1.000000e-01 6.615000e-02  6.013637e-02  1.000000e-01 2.601584e-06 1.000000e-02 5.941181e+01 3.176341e+01 2.146062e+01 6.887795e+01 7.527690e-01 1.384357e+01 1.697323e+01 7.627754e+01 1.108071e+03
1.000000e-01 6.615000e-02  6.013637e-02  1.000000e-01 2.670906e-06 1.000000e-02 5.941181e+01 3.176262e+01 2.139551e+01 6.884080e+01 7.782793e-01 1.428264e+01 1.788982e+01 8.039670e+01 1.167909e+03
1.000000e-01 6.615000e-02  6.013637e-02  1.000000e-01 2.742075e-06 1.000000e-02 5.941181e+01 3.175838e+01 2.132078e+01 6.884535e+01 8.900217e-01 1.535512e+01 1.885591e+01 8.473831e+01 1.230979e+03
1.000000e-01 6.615000e-02  6.013637e-02  1.000000e-01 2.815141e-06 1.000000e-02 5.941181e+01 3.175830e+01 2.119213e+01 6.882201e+01 9.053566e-01 1.623300e+01 1.987417e+01 8.931437e+01 1.297454e+03
1.000000e-01 6.615000e-02  6.013637e-02  1.000000e-01 2.890154e-06 1.000000e-02 5.941181e+01 3.175289e+01 2.109799e+01 6.885038e+01 9.688974e-01 1.737109e+01 2.094742e+01 9.413755e+01 1.367520e+03
1.000000e-01 6.615000e-02  6.013637e-02  1.000000e-01 2.967165e-06 1.000000e-02 5.941181e+01 3.175182e+01 2.108206e+01 6.881986e+01 1.034707e+00 1.783199e+01 2.207863e+01 9.922120e+01 1.441369e+03
1.000000e-01 6.615000e-02  6.013637e-02  1.000000e-01 3.046229e-06 1.000000e-02 5.941181e+01 3.174730e+01 2.100831e+01 6.879013e+01 1.057718e+00 1.885297e+01 2.327093e+01 1.045794e+02 1.519206e+03
1.000000e-01 6.615000e-02  6.013637e-02  1.000000e-01 3.127399e-06 1.000000e-02 5.941181e+01 3.175033e+01 2.088787e+01 6.884385e+01 1.064264e+00 2.026312e+01 2.452762e+01 1.102269e+02 1.601247e+03
1.000000e-01 6.615000e-02  6.013637e-02  1.000000e-01 3.210732e-06 1.000000e-02 5.941181e+01 3.175137e+01 2.081656e+01 6.884265e+01 1.092381e+00 2.110909e+01 2.585216e+01 1.161794e+02 1.687718e+03
1.000000e-01 6.615000e-02  6.013637e-02  1.000000e-01 3.296286e-06 1.000000e-02 5.941181e+01 3.174472e+01 2.066430e+01 6.882544e+01 1.189241e+00 2.247142e+01 2.724824e+01 1.224534e+02 1.778859e+03
1.000000e-01 6.615000e-02  6.013637e-02  1.000000e-01 3.384119e-06 1.000000e-02 5.941181e+01 3.173879e+01 2.059674e+01 6.881581e+01 1.311378e+00 2.353978e+01 2.871971e+01 1.290661e+02 1.874921e+03
1.000000e-01 6.615000e-02  6.013637e-02  1.000000e-01 3.474293e-06 1.000000e-02 5.941181e+01 3.173355e+01 2.052941e+01 6.881355e+01 1.346706e+00 2.459463e+01 3.027064e+01 1.360360e+02 1.976171e+03
1.000000e-01 6.615000e-02  6.013637e-02  1.000000e-01 3.566869e-06 1.000000e-02 5.941181e+01 3.172939e+01 2.039807e+01 6.881544e+01 1.419725e+00 2.586912e+01 3.190532e+01 1.433823e+02 2.082889e+03
1.000000e-01 6.615000e-02  6.013637e-02  1.000000e-01 3.661913e-06 1.000000e-02 5.941181e+01 3.172809e+01 2.020151e+01 6.882999e+01 1.523772e+00 2.763680e+01 3.362828e+01 1.511252e+02 2.195370e+03
1.000000e-01 6.615000e-02  6.013637e-02  1.000000e-01 3.759488e-06 1.000000e-02 5.941181e+01 3.172139e+01 2.013226e+01 6.884191e+01 1.652931e+00 2.902388e+01 3.544429e+01 1.592863e+02 2.313925e+03
1.000000e-01 6.615000e-02  6.013637e-02  1.000000e-01 3.859664e-06 1.000000e-02 5.941181e+01 3.172446e+01 2.004636e+01 6.890232e+01 1.638139e+00 3.063876e+01 3.735836e+01 1.678882e+02 2.438882e+03
1.000000e-01 6.615000e-02  6.013637e-02  1.000000e-01 3.962510e-06 1.000000e-02 5.941181e+01 3.171966e+01 1.990547e+01 6.887274e+01 1.731783e+00 3.246830e+01 3.937580e+01 1.769545e+02 2.570588e+03
1.000000e-01 6.615000e-02  6.013637e-02  1.000000e-01 4.068095e-06 1.000000e-02 5.941181e+01 3.171266e+01 1.983117e+01 6.888854e+01 1.853544e+00 3.350792e+01 4.150218e+01 1.865105e+02 2.709405e+03
1.000000e-01 6.615000e-02  6.013637e-02  1.000000e-01 4.176494e-06 1.000000e-02 5.941181e+01 3.170845e+01 1.965598e+01 6.907139e+01 1.876360e+00 3.610740e+01 4.374340e+01 1.965825e+02 2.855719e+03
1.000000e-01 6.615000e-02  6.013637e-02  1.000000e-01 4.287782e-06 1.000000e-02 5.941181e+01 3.169066e+01 1.941850e+01 6.901293e+01 2.026439e+00 3.790008e+01 4.610564e+01 2.071984e+02 3.009935e+03
1.000000e-01 6.615000e-02  6.013637e-02  1.000000e-01 4.402035e-06 1.000000e-02 5.941181e+01 3.169479e+01 1.950270e+01 6.889217e+01 2.173594e+00 3.911076e+01 4.859545e+01 2.183876e+02 3.172478e+03
1.000000e-01 6.615000e-02  6.013637e-02  1.000000e-01 4.519332e-06 1.000000e-02 5.941181e+01 3.168789e+01 1.927262e+01 6.917460e+01 2.265179e+00 4.213334e+01 5.121972e+01 2.301810e+02 3.343799e+03
1.000000e-01 6.615000e-02  6.013637e-02  1.000000e-01 4.639755e-06 1.000000e-02 5.941181e+01 3.169409e+01 1.919148e+01 6.909221e+01 2.318634e+00 4.397987e+01 5.398570e+01 2.426113e+02 3.524372e+03
1.000000e-01 6.615000e-02  6.013637e-02  1.000000e-01 4.763386e-06 1.000000e-02 5.941181e+01 3.168214e+01 1.902223e+01 6.926540e+01 2.496498e+00 4.627063e+01 5.690106e+01 2.557129e+02 3.714697e+03
1.000000e-01 6.615000e-02  6.013637e-02  1.000000e-01 4.890312e-06 1.000000e-02 5.941181e+01 3.168288e+01 1.878678e+01 6.938638e+01 2.658813e+00 4.898793e+01 5.997385e+01 2.695220e+02 3.915299e+03
1.000000e-01 6.615000e-02  6.013637e-02  1.000000e-01 5.020620e-06 1.000000e-02 5.941181e+01 3.167178e+01 1.876518e+01 6.931376e+01 2.857813e+00 5.064809e+01 6.321257e+01 2.840768e+02 4.126734e+03
1.000000e-01 6.615000e-02  6.013637e-02  1.000000e-01 5.154400e-06 1.000000e-02 5.941181e+01 3.165967e+01 1.850291e+01 6.974361e+01 2.959849e+00 5.444665e+01 6.662620e+01 2.994176e+02 4.349587e+03
1.000000e-01 6.615000e-02  6.013637e-02  1.000000e-01 5.291745e-06 1.000000e-02 5.941181e+01 3.164368e+01 1.842258e+01 6.980145e+01 3.113865e+00 5.736773e+01 7.022417e+01 3.155868e+02 4.584475e+03
1.000000e-01 6.615000e-02  6.013637e-02  1.000000e-01 5.432750e-06 1.000000e-02 5.941181e+01 3.163809e+01 1.822387e+01 6.999731e+01 3.422114e+00 6.083060e+01 7.401643e+01 3.326292e+02 4.832047e+03
1.000000e-01 6.615000e-02  6.013637e-02  1.000000e-01 5.577512e-06 1.000000e-02 5.941181e+01 3.163095e+01 1.824150e+01 6.998236e+01 3.493550e+00 6.354093e+01 7.801349e+01 3.505920e+02 5.092989e+03
1.000000e-01 6.615000e-02  6.013637e-02  1.000000e-01 5.726131e-06 1.000000e-02 5.941181e+01 3.162777e+01 1.802816e+01 7.042769e+01 3.514512e+00 6.686874e+01 8.222640e+01 3.695248e+02 5.368022e+03
1.000000e-01 6.615000e-02  6.013637e-02  1.000000e-01 5.878710e-06 1.000000e-02 5.941181e+01 3.160932e+01 1.791799e+01 7.047704e+01 3.955431e+00 7.046661e+01 8.666682e+01 3.894800e+02 5.657908e+03
1.000000e-01 6.615000e-02  6.013637e-02  1.000000e-01 6.035355e-06 1.000000e-02 5.941181e+01 3.160745e+01 1.777764e+01 7.096979e+01 4.092880e+00 7.520313e+01 9.134702e+01 4.105128e+02 5.963448e+03
1.000000e-01 6.615000e-02  6.013637e-02  1.000000e-01 6.196174e-06 1.000000e-02 5.941181e+01 3.159566e+01 1.767609e+01 7.120046e+01 4.383597e+00 7.844729e+01 9.627997e+01 4.326814e+02 6.285488e+03
1.000000e-01 6.615000e-02  6.013637e-02  1.000000e-01 6.361278e-06 1.000000e-02 5.941181e+01 3.159572e+01 1.759480e+01 7.152192e+01 4.515152e+00 8.332237e+01 1.014793e+02 4.560472e+02 6.624919e+03
