3.000000e-02 8.886000e-01  8.078182e-01  1.000000e-01 2.000000e-06 1.000000e-02 4.904554e-13 3.180071e+01 2.287226e+01 6.922235e+01 1.452564e-02 5.350128e-02 3.104754e-02 1.013923e-01 2.871313e-01
3.000000e-02 8.886000e-01  8.078182e-01  1.000000e-01 2.053292e-06 1.000000e-02 4.904554e-13 3.180064e+01 2.287154e+01 6.922175e+01 1.533366e-02 5.595986e-02 3.272418e-02 1.068677e-01 3.026370e-01
3.000000e-02 8.886000e-01  8.078182e-01  1.000000e-01 2.108005e-06 1.000000e-02 4.904554e-13 3.180056e+01 2.287057e+01 6.922096e+01 1.626647e-02 5.928697e-02 3.449136e-02 1.126389e-01 3.189801e-01
3.000000e-02 8.886000e-01  8.078182e-01  1.000000e-01 2.164175e-06 1.000000e-02 4.904554e-13 3.180049e+01 2.286971e+01 6.922046e+01 1.714729e-02 6.222104e-02 3.635397e-02 1.187216e-01 3.362058e-01
3.000000e-02 8.886000e-01  8.078182e-01  1.000000e-01 2.221842e-06 1.000000e-02 4.904554e-13 3.180040e+01 2.286860e+01 6.921968e+01 1.805030e-02 6.575514e-02 3.831717e-02 1.251329e-01 3.543617e-01
3.000000e-02 8.886000e-01  8.078182e-01  1.000000e-01 2.281045e-06 1.000000e-02 4.904554e-13 3.180033e+01 2.286754e+01 6.921901e+01 1.898139e-02 6.916055e-02 4.038639e-02 1.318903e-01 3.734980e-01
3.000000e-02 8.886000e-01  8.078182e-01  1.000000e-01 2.341826e-06 1.000000e-02 4.904554e-13 3.180022e+01 2.286637e+01 6.921805e+01 1.995310e-02 7.322247e-02 4.256734e-02 1.390127e-01 3.936678e-01
3.000000e-02 8.886000e-01  8.078182e-01  1.000000e-01 2.404227e-06 1.000000e-02 4.904554e-13 3.180016e+01 2.286529e+01 6.921736e+01 2.107561e-02 7.687947e-02 4.486608e-02 1.465197e-01 4.149268e-01
3.000000e-02 8.886000e-01  8.078182e-01  1.000000e-01 2.468290e-06 1.000000e-02 4.904554e-13 3.180003e+01 2.286411e+01 6.921659e+01 2.230681e-02 8.094594e-02 4.728895e-02 1.544321e-01 4.373338e-01
3.000000e-02 8.886000e-01  8.078182e-01  1.000000e-01 2.534061e-06 1.000000e-02 4.904554e-13 3.179992e+01 2.286275e+01 6.921560e+01 2.334399e-02 8.573581e-02 4.984266e-02 1.627718e-01 4.609508e-01
3.000000e-02 8.886000e-01  8.078182e-01  1.000000e-01 2.601584e-06 1.000000e-02 4.904554e-13 3.179980e+01 2.286168e+01 6.921477e+01 2.461006e-02 8.975806e-02 5.253428e-02 1.715619e-01 4.858432e-01
3.000000e-02 8.886000e-01  8.078182e-01  1.000000e-01 2.670906e-06 1.000000e-02 4.904554e-13 3.179971e+01 2.285998e+01 6.921353e+01 2.593170e-02 9.511313e-02 5.537126e-02 1.808266e-01 5.120799e-01
3.000000e-02 8.886000e-01  8.078182e-01  1.000000e-01 2.742075e-06 1.000000e-02 4.904554e-13 3.179958e+01 2.285859e+01 6.921283e+01 2.731347e-02 9.972540e-02 5.836143e-02 1.905916e-01 5.397333e-01
3.000000e-02 8.886000e-01  8.078182e-01  1.000000e-01 2.815141e-06 1.000000e-02 4.904554e-13 3.179941e+01 2.285669e+01 6.921138e+01 2.890991e-02 1.061050e-01 6.151308e-02 2.008840e-01 5.688802e-01
3.000000e-02 8.886000e-01  8.078182e-01  1.000000e-01 2.890154e-06 1.000000e-02 4.904554e-13 3.179929e+01 2.285505e+01 6.921021e+01 3.042760e-02 1.111548e-01 6.483493e-02 2.117322e-01 5.996010e-01
3.000000e-02 8.886000e-01  8.078182e-01  1.000000e-01 2.967165e-06 1.000000e-02 4.904554e-13 3.179913e+01 2.285369e+01 6.920929e+01 3.220670e-02 1.168816e-01 6.833617e-02 2.231663e-01 6.319809e-01
3.000000e-02 8.886000e-01  8.078182e-01  1.000000e-01 3.046229e-06 1.000000e-02 4.904554e-13 3.179899e+01 2.285137e+01 6.920774e+01 3.363096e-02 1.237263e-01 7.202648e-02 2.352178e-01 6.661093e-01
3.000000e-02 8.886000e-01  8.078182e-01  1.000000e-01 3.127399e-06 1.000000e-02 4.904554e-13 3.179880e+01 2.284970e+01 6.920624e+01 3.558016e-02 1.299345e-01 7.591608e-02 2.479201e-01 7.020808e-01
3.000000e-02 8.886000e-01  8.078182e-01  1.000000e-01 3.210732e-06 1.000000e-02 4.904554e-13 3.179864e+01 2.284723e+01 6.920463e+01 3.748771e-02 1.378367e-01 8.001572e-02 2.613083e-01 7.399947e-01
3.000000e-02 8.886000e-01  8.078182e-01  1.000000e-01 3.296286e-06 1.000000e-02 4.904554e-13 3.179845e+01 2.284500e+01 6.920311e+01 3.952407e-02 1.454738e-01 8.433675e-02 2.754196e-01 7.799562e-01
3.000000e-02 8.886000e-01  8.078182e-01  1.000000e-01 3.384119e-06 1.000000e-02 4.904554e-13 3.179830e+01 2.284301e+01 6.920189e+01 4.147603e-02 1.525281e-01 8.889113e-02 2.902929e-01 8.220756e-01
3.000000e-02 8.886000e-01  8.078182e-01  1.000000e-01 3.474293e-06 1.000000e-02 4.904554e-13 3.179806e+01 2.284072e+01 6.920026e+01 4.382552e-02 1.603222e-01 9.369146e-02 3.059693e-01 8.664696e-01
3.000000e-02 8.886000e-01  8.078182e-01  1.000000e-01 3.566869e-06 1.000000e-02 4.904554e-13 3.179784e+01 2.283795e+01 6.919818e+01 4.657520e-02 1.697411e-01 9.875101e-02 3.224924e-01 9.132609e-01
3.000000e-02 8.886000e-01  8.078182e-01  1.000000e-01 3.661913e-06 1.000000e-02 4.904554e-13 3.179763e+01 2.283507e+01 6.919565e+01 4.894093e-02 1.790599e-01 1.040838e-01 3.399077e-01 9.625791e-01
3.000000e-02 8.886000e-01  8.078182e-01  1.000000e-01 3.759488e-06 1.000000e-02 4.904554e-13 3.179741e+01 2.283255e+01 6.919423e+01 5.160233e-02 1.885646e-01 1.097046e-01 3.582635e-01 1.014561e+00
3.000000e-02 8.886000e-01  8.078182e-01  1.000000e-01 3.859664e-06 1.000000e-02 4.904554e-13 3.179714e+01 2.282964e+01 6.919193e+01 5.435809e-02 1.978206e-01 1.156289e-01 3.776106e-01 1.069349e+00
3.000000e-02 8.886000e-01  8.078182e-01  1.000000e-01 3.962510e-06 1.000000e-02 4.904554e-13 3.179692e+01 2.282610e+01 6.919000e+01 5.709726e-02 2.100328e-01 1.218731e-01 3.980024e-01 1.127097e+00
3.000000e-02 8.886000e-01  8.078182e-01  1.000000e-01 4.068095e-06 1.000000e-02 4.904554e-13 3.179653e+01 2.282285e+01 6.918713e+01 6.078805e-02 2.202671e-01 1.284545e-01 4.194955e-01 1.187962e+00
3.000000e-02 8.886000e-01  8.078182e-01  1.000000e-01 4.176494e-06 1.000000e-02 4.904554e-13 3.179622e+01 2.281953e+01 6.918473e+01 6.390514e-02 2.318904e-01 1.353914e-01 4.421492e-01 1.252115e+00
3.000000e-02 8.886000e-01  8.078182e-01  1.000000e-01 4.287782e-06 1.000000e-02 4.904554e-13 3.179602e+01 2.281574e+01 6.918279e+01 6.695175e-02 2.455141e-01 1.427028e-01 4.660263e-01 1.319732e+00
3.000000e-02 8.886000e-01  8.078182e-01  1.000000e-01 4.402035e-06 1.000000e-02 4.904554e-13 3.179568e+01 2.281182e+01 6.918003e+01 7.070904e-02 2.582271e-01 1.504091e-01 4.911928e-01 1.391001e+00
3.000000e-02 8.886000e-01  8.078182e-01  1.000000e-01 4.519332e-06 1.000000e-02 4.904554e-13 3.179529e+01 2.280792e+01 6.917702e+01 7.461382e-02 2.715539e-01 1.585315e-01 5.177183e-01 1.466118e+00
3.000000e-02 8.886000e-01  8.078182e-01  1.000000e-01 4.639755e-06 1.000000e-02 4.904554e-13 3.179488e+01 2.280305e+01 6.917324e+01 7.889553e-02 2.873044e-01 1.670926e-01 5.456763e-01 1.545292e+00
3.000000e-02 8.886000e-01  8.078182e-01  1.000000e-01 4.763386e-06 1.000000e-02 4.904554e-13 3.179462e+01 2.279917e+01 6.917121e+01 8.247761e-02 3.020636e-01 1.761160e-01 5.751441e-01 1.628741e+00
3.000000e-02 8.886000e-01  8.078182e-01  1.000000e-01 4.890312e-06 1.000000e-02 4.904554e-13 3.179416e+01 2.279410e+01 6.916736e+01 8.688552e-02 3.199857e-01 1.856266e-01 6.062032e-01 1.716697e+00
3.000000e-02 8.886000e-01  8.078182e-01  1.000000e-01 5.020620e-06 1.000000e-02 4.904554e-13 3.179378e+01 2.278955e+01 6.916404e+01 9.192555e-02 3.350058e-01 1.956509e-01 6.389396e-01 1.809403e+00
3.000000e-02 8.886000e-01  8.078182e-01  1.000000e-01 5.154400e-06 1.000000e-02 4.904554e-13 3.179332e+01 2.278307e+01 6.915995e+01 9.683793e-02 3.543446e-01 2.062165e-01 6.734438e-01 1.907114e+00
3.000000e-02 8.886000e-01  8.078182e-01  1.000000e-01 5.291745e-06 1.000000e-02 4.904554e-13 3.179282e+01 2.277719e+01 6.915489e+01 1.019238e-01 3.755941e-01 2.173527e-01 7.098113e-01 2.010103e+00
3.000000e-02 8.886000e-01  8.078182e-01  1.000000e-01 5.432750e-06 1.000000e-02 4.904554e-13 3.179248e+01 2.277399e+01 6.915328e+01 1.072115e-01 3.897730e-01 2.290902e-01 7.481428e-01 2.118653e+00
3.000000e-02 8.886000e-01  8.078182e-01  1.000000e-01 5.577512e-06 1.000000e-02 4.904554e-13 3.179177e+01 2.276693e+01 6.914750e+01 1.133179e-01 4.130078e-01 2.414616e-01 7.885442e-01 2.233065e+00
3.000000e-02 8.886000e-01  8.078182e-01  1.000000e-01 5.726131e-06 1.000000e-02 4.904554e-13 3.179123e+01 2.275913e+01 6.914252e+01 1.190543e-01 4.363702e-01 2.545011e-01 8.311274e-01 2.353656e+00
3.000000e-02 8.886000e-01  8.078182e-01  1.000000e-01 5.878710e-06 1.000000e-02 4.904554e-13 3.179079e+01 2.275251e+01 6.913893e+01 1.260422e-01 4.610742e-01 2.682448e-01 8.760102e-01 2.480759e+00
3.000000e-02 8.886000e-01  8.078182e-01  1.000000e-01 6.035355e-06 1.000000e-02 4.904554e-13 3.179005e+01 2.274602e+01 6.913343e+01 1.333692e-01 4.840241e-01 2.827306e-01 9.233168e-01 2.614726e+00
3.000000e-02 8.886000e-01  8.078182e-01  1.000000e-01 6.196174e-06 1.000000e-02 4.904554e-13 3.178940e+01 2.273836e+01 6.912851e+01 1.405894e-01 5.109731e-01 2.979987e-01 9.731781e-01 2.755927e+00
3.000000e-02 8.886000e-01  8.078182e-01  1.000000e-01 6.361278e-06 1.000000e-02 4.904554e-13 3.178877e+01 2.273028e+01 6.912330e+01 1.475440e-01 5.407721e-01 3.140913e-01 1.025732e+00 2.904753e+00
3.000000e-02 8.886000e-01  8.078182e-01  1.000000e-01 6.530782e-06 1.000000e-02 4.904554e-13 3.178800e+01 2.272181e+01 6.911573e+01 1.563742e-01 5.666337e-01 3.310530e-01 1.081124e+00 3.061617e+00
3.000000e-02 8.886000e-01  8.078182e-01  1.000000e-01 6.704802e-06 1.000000e-02 4.904554e-13 3.178730e+01 2.271190e+01 6.911022e+01 1.639166e-01 6.013420e-01 3.489306e-01 1.139507e+00 3.226951e+00
