8.000000e-01 3.455000e-01  8.637500e-02  3.000000e+00 2.000000e-06 8.000000e-04 9.317116e-01 3.180203e+01 2.288799e+01 6.923340e+01 4.827290e-06 1.292858e-04 3.328633e-05 1.087462e-04 1.828253e-03
8.000000e-01 3.455000e-01  8.637500e-02  3.000000e+00 2.053292e-06 8.000000e-04 9.317116e-01 3.180203e+01 2.288799e+01 6.923340e+01 5.069941e-06 1.357956e-04 3.508387e-05 1.146188e-04 1.926983e-03
8.000000e-01 3.455000e-01  8.637500e-02  3.000000e+00 2.108005e-06 8.000000e-04 9.317116e-01 3.180203e+01 2.288799e+01 6.923340e+01 5.359230e-06 1.434889e-04 3.697848e-05 1.208085e-04 2.031044e-03
8.000000e-01 3.455000e-01  8.637500e-02  3.000000e+00 2.164175e-06 8.000000e-04 9.317116e-01 3.180203e+01 2.288799e+01 6.923340e+01 5.601895e-06 1.512718e-04 3.897540e-05 1.273324e-04 2.140725e-03
8.000000e-01 3.455000e-01  8.637500e-02  3.000000e+00 2.221842e-06 8.000000e-04 9.317116e-01 3.180203e+01 2.288799e+01 6.923340e+01 5.987869e-06 1.586837e-04 4.108017e-05 1.342087e-04 2.256329e-03
8.000000e-01 3.455000e-01  8.637500e-02  3.000000e+00 2.281045e-06 8.000000e-04 9.317116e-01 3.180203e+01 2.288798e+01 6.923340e+01 6.288663e-06 1.675474e-04 4.329859e-05 1.414562e-04 2.378176e-03
8.000000e-01 3.455000e-01  8.637500e-02  3.000000e+00 2.341826e-06 8.000000e-04 9.317116e-01 3.180203e+01 2.288798e+01 6.923340e+01 6.630520e-06 1.769140e-04 4.563681e-05 1.490952e-04 2.506604e-03
8.000000e-01 3.455000e-01  8.637500e-02  3.000000e+00 2.404227e-06 8.000000e-04 9.317116e-01 3.180203e+01 2.288798e+01 6.923340e+01 6.997387e-06 1.877726e-04 4.810131e-05 1.571467e-04 2.641966e-03
8.000000e-01 3.455000e-01  8.637500e-02  3.000000e+00 2.468290e-06 8.000000e-04 9.317116e-01 3.180203e+01 2.288798e+01 6.923339e+01 7.414454e-06 1.967386e-04 5.069889e-05 1.656330e-04 2.784638e-03
8.000000e-01 3.455000e-01  8.637500e-02  3.000000e+00 2.534061e-06 8.000000e-04 9.317116e-01 3.180203e+01 2.288798e+01 6.923339e+01 7.836164e-06 2.071125e-04 5.343675e-05 1.745775e-04 2.935015e-03
8.000000e-01 3.455000e-01  8.637500e-02  3.000000e+00 2.601584e-06 8.000000e-04 9.317116e-01 3.180203e+01 2.288797e+01 6.923339e+01 8.438713e-06 2.193500e-04 5.632245e-05 1.840051e-04 3.093513e-03
8.000000e-01 3.455000e-01  8.637500e-02  3.000000e+00 2.670906e-06 8.000000e-04 9.317116e-01 3.180203e+01 2.288797e+01 6.923339e+01 8.682319e-06 2.321172e-04 5.936400e-05 1.939418e-04 3.260569e-03
8.000000e-01 3.455000e-01  8.637500e-02  3.000000e+00 2.742075e-06 8.000000e-04 9.317116e-01 3.180203e+01 2.288797e+01 6.923339e+01 9.082201e-06 2.433785e-04 6.256979e-05 2.044151e-04 3.436648e-03
8.000000e-01 3.455000e-01  8.637500e-02  3.000000e+00 2.815141e-06 8.000000e-04 9.317116e-01 3.180203e+01 2.288797e+01 6.923339e+01 9.489989e-06 2.581294e-04 6.594870e-05 2.154540e-04 3.622235e-03
8.000000e-01 3.455000e-01  8.637500e-02  3.000000e+00 2.890154e-06 8.000000e-04 9.317116e-01 3.180203e+01 2.288796e+01 6.923339e+01 1.019714e-05 2.684147e-04 6.951009e-05 2.270890e-04 3.817844e-03
8.000000e-01 3.455000e-01  8.637500e-02  3.000000e+00 2.967165e-06 8.000000e-04 9.317116e-01 3.180203e+01 2.288796e+01 6.923339e+01 1.062829e-05 2.835571e-04 7.326379e-05 2.393524e-04 4.024016e-03
8.000000e-01 3.455000e-01  8.637500e-02  3.000000e+00 3.046229e-06 8.000000e-04 9.317116e-01 3.180203e+01 2.288796e+01 6.923339e+01 1.132253e-05 3.002163e-04 7.722021e-05 2.522779e-04 4.241322e-03
8.000000e-01 3.455000e-01  8.637500e-02  3.000000e+00 3.127399e-06 8.000000e-04 9.317116e-01 3.180203e+01 2.288795e+01 6.923338e+01 1.195980e-05 3.178610e-04 8.139027e-05 2.659015e-04 4.470363e-03
8.000000e-01 3.455000e-01  8.637500e-02  3.000000e+00 3.210732e-06 8.000000e-04 9.317116e-01 3.180203e+01 2.288795e+01 6.923338e+01 1.253631e-05 3.320332e-04 8.578554e-05 2.802608e-04 4.711773e-03
8.000000e-01 3.455000e-01  8.637500e-02  3.000000e+00 3.296286e-06 8.000000e-04 9.317116e-01 3.180203e+01 2.288795e+01 6.923338e+01 1.318900e-05 3.510469e-04 9.041815e-05 2.953956e-04 4.966220e-03
8.000000e-01 3.455000e-01  8.637500e-02  3.000000e+00 3.384119e-06 8.000000e-04 9.317116e-01 3.180203e+01 2.288794e+01 6.923338e+01 1.391425e-05 3.691745e-04 9.530094e-05 3.113476e-04 5.234407e-03
8.000000e-01 3.455000e-01  8.637500e-02  3.000000e+00 3.474293e-06 8.000000e-04 9.317116e-01 3.180203e+01 2.288794e+01 6.923338e+01 1.438741e-05 3.925824e-04 1.004474e-04 3.281611e-04 5.517078e-03
8.000000e-01 3.455000e-01  8.637500e-02  3.000000e+00 3.566869e-06 8.000000e-04 9.317116e-01 3.180203e+01 2.288793e+01 6.923338e+01 1.548819e-05 4.105759e-04 1.058718e-04 3.458826e-04 5.815012e-03
8.000000e-01 3.455000e-01  8.637500e-02  3.000000e+00 3.661913e-06 8.000000e-04 9.317116e-01 3.180203e+01 2.288793e+01 6.923337e+01 1.631089e-05 4.382102e-04 1.115891e-04 3.645610e-04 6.129037e-03
8.000000e-01 3.455000e-01  8.637500e-02  3.000000e+00 3.759488e-06 8.000000e-04 9.317116e-01 3.180203e+01 2.288792e+01 6.923337e+01 1.716058e-05 4.559398e-04 1.176152e-04 3.842482e-04 6.460019e-03
8.000000e-01 3.455000e-01  8.637500e-02  3.000000e+00 3.859664e-06 8.000000e-04 9.317116e-01 3.180203e+01 2.288792e+01 6.923337e+01 1.806776e-05 4.831145e-04 1.239667e-04 4.049984e-04 6.808875e-03
8.000000e-01 3.455000e-01  8.637500e-02  3.000000e+00 3.962510e-06 8.000000e-04 9.317116e-01 3.180203e+01 2.288791e+01 6.923337e+01 1.896919e-05 5.087106e-04 1.306612e-04 4.268693e-04 7.176570e-03
8.000000e-01 3.455000e-01  8.637500e-02  3.000000e+00 4.068095e-06 8.000000e-04 9.317116e-01 3.180203e+01 2.288791e+01 6.923337e+01 2.007693e-05 5.329446e-04 1.377172e-04 4.499212e-04 7.564121e-03
8.000000e-01 3.455000e-01  8.637500e-02  3.000000e+00 4.176494e-06 8.000000e-04 9.317116e-01 3.180203e+01 2.288790e+01 6.923336e+01 2.129463e-05 5.712913e-04 1.451542e-04 4.742180e-04 7.972601e-03
8.000000e-01 3.455000e-01  8.637500e-02  3.000000e+00 4.287782e-06 8.000000e-04 9.317116e-01 3.180203e+01 2.288789e+01 6.923336e+01 2.209884e-05 5.938084e-04 1.529929e-04 4.998269e-04 8.403140e-03
8.000000e-01 3.455000e-01  8.637500e-02  3.000000e+00 4.402035e-06 8.000000e-04 9.317116e-01 3.180203e+01 2.288789e+01 6.923336e+01 2.356465e-05 6.280766e-04 1.612549e-04 5.268187e-04 8.856929e-03
8.000000e-01 3.455000e-01  8.637500e-02  3.000000e+00 4.519332e-06 8.000000e-04 9.317116e-01 3.180203e+01 2.288788e+01 6.923335e+01 2.488327e-05 6.582772e-04 1.699630e-04 5.552681e-04 9.335224e-03
8.000000e-01 3.455000e-01  8.637500e-02  3.000000e+00 4.639755e-06 8.000000e-04 9.317116e-01 3.180203e+01 2.288787e+01 6.923335e+01 2.645776e-05 6.993881e-04 1.791414e-04 5.852539e-04 9.839347e-03
8.000000e-01 3.455000e-01  8.637500e-02  3.000000e+00 4.763386e-06 8.000000e-04 9.317116e-01 3.180203e+01 2.288786e+01 6.923335e+01 2.770650e-05 7.352643e-04 1.888154e-04 6.168589e-04 1.037069e-02
8.000000e-01 3.455000e-01  8.637500e-02  3.000000e+00 4.890312e-06 8.000000e-04 9.317116e-01 3.180203e+01 2.288786e+01 6.923335e+01 2.914304e-05 7.716914e-04 1.990119e-04 6.501707e-04 1.093074e-02
8.000000e-01 3.455000e-01  8.637500e-02  3.000000e+00 5.020620e-06 8.000000e-04 9.317116e-01 3.180203e+01 2.288785e+01 6.923334e+01 3.053801e-05 8.164666e-04 2.097590e-04 6.852815e-04 1.152102e-02
8.000000e-01 3.455000e-01  8.637500e-02  3.000000e+00 5.154400e-06 8.000000e-04 9.317116e-01 3.180203e+01 2.288784e+01 6.923334e+01 3.190577e-05 8.610597e-04 2.210865e-04 7.222883e-04 1.214318e-02
8.000000e-01 3.455000e-01  8.637500e-02  3.000000e+00 5.291745e-06 8.000000e-04 9.317116e-01 3.180203e+01 2.288783e+01 6.923333e+01 3.450154e-05 9.078860e-04 2.330257e-04 7.612935e-04 1.279894e-02
8.000000e-01 3.455000e-01  8.637500e-02  3.000000e+00 5.432750e-06 8.000000e-04 9.317116e-01 3.180203e+01 2.288782e+01 6.923333e+01 3.586007e-05 9.537353e-04 2.456096e-04 8.024051e-04 1.349012e-02
8.000000e-01 3.455000e-01  8.637500e-02  3.000000e+00 5.577512e-06 8.000000e-04 9.317116e-01 3.180203e+01 2.288781e+01 6.923333e+01 3.752424e-05 1.011357e-03 2.588731e-04 8.457368e-04 1.421861e-02
8.000000e-01 3.455000e-01  8.637500e-02  3.000000e+00 5.726131e-06 8.000000e-04 9.317116e-01 3.180203e+01 2.288780e+01 6.923332e+01 3.944731e-05 1.059200e-03 2.728528e-04 8.914086e-04 1.498645e-02
8.000000e-01 3.455000e-01  8.637500e-02  3.000000e+00 5.878710e-06 8.000000e-04 9.317116e-01 3.180203e+01 2.288778e+01 6.923332e+01 4.151450e-05 1.130699e-03 2.875875e-04 9.395467e-04 1.579575e-02
8.000000e-01 3.455000e-01  8.637500e-02  3.000000e+00 6.035355e-06 8.000000e-04 9.317116e-01 3.180203e+01 2.288777e+01 6.923331e+01 4.488561e-05 1.196697e-03 3.031179e-04 9.902844e-04 1.664876e-02
8.000000e-01 3.455000e-01  8.637500e-02  3.000000e+00 6.196174e-06 8.000000e-04 9.317116e-01 3.180203e+01 2.288776e+01 6.923331e+01 4.609301e-05 1.242890e-03 3.194870e-04 1.043762e-03 1.754783e-02
8.000000e-01 3.455000e-01  8.637500e-02  3.000000e+00 6.361278e-06 8.000000e-04 9.317116e-01 3.180203e+01 2.288775e+01 6.923331e+01 4.888135e-05 1.311133e-03 3.367400e-04 1.100128e-03 1.849546e-02
8.000000e-01 3.455000e-01  8.637500e-02  3.000000e+00 6.530782e-06 8.000000e-04 9.317116e-01 3.180203e+01 2.288773e+01 6.923329e+01 5.196654e-05 1.387437e-03 3.549247e-04 1.159537e-03 1.949425e-02
8.000000e-01 3.455000e-01  8.637500e-02  3.000000e+00 6.704802e-06 8.000000e-04 9.317116e-01 3.180203e+01 2.288771e+01 6.923329e+01 5.378257e-05 1.449357e-03 3.740915e-04 1.222155e-03 2.054699e-02
8.000000e-01 3.455000e-01  8.637500e-02  3.000000e+00 6.883459e-06 8.000000e-04 9.317116e-01 3.180202e+01 2.288769e+01 6.923328e+01 5.717807e-05 1.524369e-03 3.942933e-04 1.288154e-03 2.165657e-02
8.000000e-01 3.455000e-01  8.637500e-02  3.000000e+00 7.066877e-06 8.000000e-04 9.317116e-01 3.180202e+01 2.288767e+01 6.923327e+01 6.041864e-05 1.630558e-03 4.155861e-04 1.357717e-03 2.282608e-02
8.000000e-01 3.455000e-01  8.637500e-02  3.000000e+00 7.255182e-06 8.000000e-04 9.317116e-01 3.180202e+01 2.288765e+01 6.923326e+01 6.411139e-05 1.706883e-03 4.380287e-04 1.431037e-03 2.405874e-02
8.000000e-01 3.455000e-01  8.637500e-02  3.000000e+00 7.448504e-06 8.000000e-04 9.317116e-01 3.180202e+01 2.288764e+01 6.923326e+01 6.744427e-05 1.801771e-03 4.616832e-04 1.508316e-03 2.535797e-02
8.000000e-01 3.455000e-01  8.637500e-02  3.000000e+00 7.646978e-06 8.000000e-04 9.317116e-01 3.180202e+01 2.288762e+01 6.923326e+01 7.003033e-05 1.888648e-03 4.866152e-04 1.589769e-03 2.672736e-02
8.000000e-01 3.455000e-01  8.637500e-02  3.000000e+00 7.850741e-06 8.000000e-04 9.317116e-01 3.180202e+01 2.288760e+01 6.923323e+01 7.425180e-05 2.003403e-03 5.128935e-04 1.675620e-03 2.817069e-02
8.000000e-01 3.455000e-01  8.637500e-02  3.000000e+00 8.059933e-06 8.000000e-04 9.317116e-01 3.180202e+01 2.288757e+01 6.923323e+01 7.868131e-05 2.097995e-03 5.405910e-04 1.766107e-03 2.969198e-02
8.000000e-01 3.455000e-01  8.637500e-02  3.000000e+00 8.274699e-06 8.000000e-04 9.317116e-01 3.180202e+01 2.288755e+01 6.923323e+01 8.271835e-05 2.220760e-03 5.697841e-04 1.861481e-03 3.129541e-02
8.000000e-01 3.455000e-01  8.637500e-02  3.000000e+00 8.495188e-06 8.000000e-04 9.317116e-01 3.180202e+01 2.288753e+01 6.923321e+01 8.801858e-05 2.327706e-03 6.005538e-04 1.962006e-03 3.298544e-02
8.000000e-01 3.455000e-01  8.637500e-02  3.000000e+00 8.721552e-06 8.000000e-04 9.317116e-01 3.180202e+01 2.288750e+01 6.923321e+01 9.149642e-05 2.464699e-03 6.329851e-04 2.067958e-03 3.476673e-02
8.000000e-01 3.455000e-01  8.637500e-02  3.000000e+00 8.953948e-06 8.000000e-04 9.317116e-01 3.180202e+01 2.288747e+01 6.923319e+01 9.641860e-05 2.599149e-03 6.671677e-04 2.179633e-03 3.664421e-02
8.000000e-01 3.455000e-01  8.637500e-02  3.000000e+00 9.192536e-06 8.000000e-04 9.317116e-01 3.180202e+01 2.288744e+01 6.923318e+01 1.015360e-04 2.755986e-03 7.031963e-04 2.297338e-03 3.862308e-02
8.000000e-01 3.455000e-01  8.637500e-02  3.000000e+00 9.437481e-06 8.000000e-04 9.317116e-01 3.180202e+01 2.288741e+01 6.923317e+01 1.070979e-04 2.881030e-03 7.411706e-04 2.421400e-03 4.070882e-02
8.000000e-01 3.455000e-01  8.637500e-02  3.000000e+00 9.688954e-06 8.000000e-04 9.317116e-01 3.180202e+01 2.288737e+01 6.923316e+01 1.147440e-04 3.054345e-03 7.811955e-04 2.552161e-03 4.290719e-02
8.000000e-01 3.455000e-01  8.637500e-02  3.000000e+00 9.947127e-06 8.000000e-04 9.317116e-01 3.180202e+01 2.288734e+01 6.923312e+01 1.185086e-04 3.225789e-03 8.233819e-04 2.689984e-03 4.522428e-02
8.000000e-01 3.455000e-01  8.637500e-02  3.000000e+00 1.021218e-05 8.000000e-04 9.317116e-01 3.180202e+01 2.288730e+01 6.923312e+01 1.259951e-04 3.382558e-03 8.678464e-04 2.835249e-03 4.766649e-02
8.000000e-01 3.455000e-01  8.637500e-02  3.000000e+00 1.048430e-05 8.000000e-04 9.317116e-01 3.180202e+01 2.288726e+01 6.923311e+01 1.333006e-04 3.549301e-03 9.147121e-04 2.988359e-03 5.024059e-02
8.000000e-01 3.455000e-01  8.637500e-02  3.000000e+00 1.076366e-05 8.000000e-04 9.317116e-01 3.180202e+01 2.288722e+01 6.923309e+01 1.396508e-04 3.758750e-03 9.641087e-04 3.149737e-03 5.295370e-02
8.000000e-01 3.455000e-01  8.637500e-02  3.000000e+00 1.105047e-05 8.000000e-04 9.317116e-01 3.180202e+01 2.288718e+01 6.923306e+01 1.486499e-04 3.955990e-03 1.016173e-03 3.319830e-03 5.581332e-02
8.000000e-01 3.455000e-01  8.637500e-02  3.000000e+00 1.134492e-05 8.000000e-04 9.317116e-01 3.180201e+01 2.288714e+01 6.923305e+01 1.567023e-04 4.167337e-03 1.071048e-03 3.499109e-03 5.882737e-02
8.000000e-01 3.455000e-01  8.637500e-02  3.000000e+00 1.164722e-05 8.000000e-04 9.317116e-01 3.180201e+01 2.288708e+01 6.923303e+01 1.642395e-04 4.432380e-03 1.128888e-03 3.688069e-03 6.200418e-02
8.000000e-01 3.455000e-01  8.637500e-02  3.000000e+00 1.195758e-05 8.000000e-04 9.317116e-01 3.180201e+01 2.288703e+01 6.923302e+01 1.731889e-04 4.616206e-03 1.189850e-03 3.887233e-03 6.535255e-02
8.000000e-01 3.455000e-01  8.637500e-02  3.000000e+00 1.227620e-05 8.000000e-04 9.317116e-01 3.180201e+01 2.288697e+01 6.923299e+01 1.842277e-04 4.881200e-03 1.254105e-03 4.097153e-03 6.888174e-02
8.000000e-01 3.455000e-01  8.637500e-02  3.000000e+00 1.260331e-05 8.000000e-04 9.317116e-01 3.180201e+01 2.288693e+01 6.923299e+01 1.934989e-04 5.117006e-03 1.321829e-03 4.318408e-03 7.260151e-02
8.000000e-01 3.455000e-01  8.637500e-02  3.000000e+00 1.293914e-05 8.000000e-04 9.317116e-01 3.180201e+01 2.288687e+01 6.923295e+01 2.035578e-04 5.413774e-03 1.393211e-03 4.551612e-03 7.652216e-02
8.000000e-01 3.455000e-01  8.637500e-02  3.000000e+00 1.328392e-05 8.000000e-04 9.317116e-01 3.180201e+01 2.288682e+01 6.923294e+01 2.131761e-04 5.698979e-03 1.468448e-03 4.797410e-03 8.065454e-02
8.000000e-01 3.455000e-01  8.637500e-02  3.000000e+00 1.363789e-05 8.000000e-04 9.317116e-01 3.180201e+01 2.288674e+01 6.923289e+01 2.240837e-04 6.054033e-03 1.547747e-03 5.056481e-03 8.501007e-02
