5.000000e-01 6.615000e-02  1.653750e-02  3.000000e+00 2.000000e-06 8.000000e-04 5.979987e+02 3.180202e+01 2.288788e+01 6.923331e+01 6.657850e-05 5.071279e-04 1.048282e-04 1.307978e-03 8.501464e-03
5.000000e-01 6.615000e-02  1.653750e-02  3.000000e+00 2.053292e-06 8.000000e-04 5.979987e+02 3.180202e+01 2.288787e+01 6.923331e+01 7.002523e-05 5.322913e-04 1.104892e-04 1.378612e-03 8.960563e-03
5.000000e-01 6.615000e-02  1.653750e-02  3.000000e+00 2.108005e-06 8.000000e-04 5.979987e+02 3.180202e+01 2.288786e+01 6.923330e+01 7.323288e-05 5.596728e-04 1.164559e-04 1.453060e-03 9.444454e-03
5.000000e-01 6.615000e-02  1.653750e-02  3.000000e+00 2.164175e-06 8.000000e-04 5.979987e+02 3.180202e+01 2.288786e+01 6.923330e+01 7.795334e-05 5.902599e-04 1.227447e-04 1.531529e-03 9.954477e-03
5.000000e-01 6.615000e-02  1.653750e-02  3.000000e+00 2.221842e-06 8.000000e-04 5.979987e+02 3.180202e+01 2.288785e+01 6.923329e+01 8.031821e-05 6.233893e-04 1.293732e-04 1.614235e-03 1.049204e-02
5.000000e-01 6.615000e-02  1.653750e-02  3.000000e+00 2.281045e-06 8.000000e-04 5.979987e+02 3.180202e+01 2.288784e+01 6.923329e+01 8.753123e-05 6.566961e-04 1.363597e-04 1.701407e-03 1.105864e-02
5.000000e-01 6.615000e-02  1.653750e-02  3.000000e+00 2.341826e-06 8.000000e-04 5.979987e+02 3.180202e+01 2.288783e+01 6.923328e+01 9.096725e-05 6.913913e-04 1.437234e-04 1.793287e-03 1.165583e-02
5.000000e-01 6.615000e-02  1.653750e-02  3.000000e+00 2.404227e-06 8.000000e-04 5.979987e+02 3.180202e+01 2.288782e+01 6.923327e+01 9.490186e-05 7.280616e-04 1.514848e-04 1.890129e-03 1.228527e-02
5.000000e-01 6.615000e-02  1.653750e-02  3.000000e+00 2.468290e-06 8.000000e-04 5.979987e+02 3.180202e+01 2.288781e+01 6.923326e+01 1.005669e-04 7.679706e-04 1.596654e-04 1.992200e-03 1.294870e-02
5.000000e-01 6.615000e-02  1.653750e-02  3.000000e+00 2.534061e-06 8.000000e-04 5.979987e+02 3.180202e+01 2.288779e+01 6.923326e+01 1.055085e-04 8.110568e-04 1.682877e-04 2.099784e-03 1.364796e-02
5.000000e-01 6.615000e-02  1.653750e-02  3.000000e+00 2.601584e-06 8.000000e-04 5.979987e+02 3.180202e+01 2.288778e+01 6.923325e+01 1.122381e-04 8.553105e-04 1.773756e-04 2.213177e-03 1.438498e-02
5.000000e-01 6.615000e-02  1.653750e-02  3.000000e+00 2.670906e-06 8.000000e-04 5.979987e+02 3.180202e+01 2.288777e+01 6.923324e+01 1.168664e-04 8.976101e-04 1.869543e-04 2.332694e-03 1.516181e-02
5.000000e-01 6.615000e-02  1.653750e-02  3.000000e+00 2.742075e-06 8.000000e-04 5.979987e+02 3.180202e+01 2.288776e+01 6.923323e+01 1.248940e-04 9.495386e-04 1.970502e-04 2.458664e-03 1.598058e-02
5.000000e-01 6.615000e-02  1.653750e-02  3.000000e+00 2.815141e-06 8.000000e-04 5.979987e+02 3.180202e+01 2.288774e+01 6.923322e+01 1.328107e-04 1.001091e-03 2.076914e-04 2.591438e-03 1.684357e-02
5.000000e-01 6.615000e-02  1.653750e-02  3.000000e+00 2.890154e-06 8.000000e-04 5.979987e+02 3.180202e+01 2.288773e+01 6.923321e+01 1.375716e-04 1.053605e-03 2.189072e-04 2.731382e-03 1.775316e-02
5.000000e-01 6.615000e-02  1.653750e-02  3.000000e+00 2.967165e-06 8.000000e-04 5.979987e+02 3.180202e+01 2.288771e+01 6.923320e+01 1.464043e-04 1.110318e-03 2.307287e-04 2.878882e-03 1.871187e-02
5.000000e-01 6.615000e-02  1.653750e-02  3.000000e+00 3.046229e-06 8.000000e-04 5.979987e+02 3.180202e+01 2.288769e+01 6.923319e+01 1.526266e-04 1.171139e-03 2.431886e-04 3.034349e-03 1.972235e-02
5.000000e-01 6.615000e-02  1.653750e-02  3.000000e+00 3.127399e-06 8.000000e-04 5.979987e+02 3.180202e+01 2.288767e+01 6.923318e+01 1.593766e-04 1.234605e-03 2.563213e-04 3.198211e-03 2.078741e-02
5.000000e-01 6.615000e-02  1.653750e-02  3.000000e+00 3.210732e-06 8.000000e-04 5.979987e+02 3.180202e+01 2.288766e+01 6.923316e+01 1.701125e-04 1.300636e-03 2.701633e-04 3.370921e-03 2.190997e-02
5.000000e-01 6.615000e-02  1.653750e-02  3.000000e+00 3.296286e-06 8.000000e-04 5.979987e+02 3.180201e+01 2.288764e+01 6.923315e+01 1.808236e-04 1.373951e-03 2.847527e-04 3.552959e-03 2.309316e-02
5.000000e-01 6.615000e-02  1.653750e-02  3.000000e+00 3.384119e-06 8.000000e-04 5.979987e+02 3.180201e+01 2.288762e+01 6.923314e+01 1.871956e-04 1.443246e-03 3.001300e-04 3.744827e-03 2.434025e-02
5.000000e-01 6.615000e-02  1.653750e-02  3.000000e+00 3.474293e-06 8.000000e-04 5.979987e+02 3.180201e+01 2.288760e+01 6.923312e+01 1.982946e-04 1.524742e-03 3.163377e-04 3.947056e-03 2.565468e-02
5.000000e-01 6.615000e-02  1.653750e-02  3.000000e+00 3.566869e-06 8.000000e-04 5.979987e+02 3.180201e+01 2.288757e+01 6.923311e+01 2.068633e-04 1.613578e-03 3.334207e-04 4.160206e-03 2.704009e-02
5.000000e-01 6.615000e-02  1.653750e-02  3.000000e+00 3.661913e-06 8.000000e-04 5.979987e+02 3.180201e+01 2.288755e+01 6.923309e+01 2.190278e-04 1.693429e-03 3.514262e-04 4.384867e-03 2.850032e-02
5.000000e-01 6.615000e-02  1.653750e-02  3.000000e+00 3.759488e-06 8.000000e-04 5.979987e+02 3.180201e+01 2.288752e+01 6.923307e+01 2.357434e-04 1.786078e-03 3.704040e-04 4.621660e-03 3.003940e-02
5.000000e-01 6.615000e-02  1.653750e-02  3.000000e+00 3.859664e-06 8.000000e-04 5.979987e+02 3.180201e+01 2.288750e+01 6.923305e+01 2.410429e-04 1.880396e-03 3.904067e-04 4.871240e-03 3.166160e-02
5.000000e-01 6.615000e-02  1.653750e-02  3.000000e+00 3.962510e-06 8.000000e-04 5.979987e+02 3.180201e+01 2.288747e+01 6.923303e+01 2.609292e-04 1.978615e-03 4.114896e-04 5.134299e-03 3.337140e-02
5.000000e-01 6.615000e-02  1.653750e-02  3.000000e+00 4.068095e-06 8.000000e-04 5.979987e+02 3.180201e+01 2.288744e+01 6.923301e+01 2.699761e-04 2.090948e-03 4.337110e-04 5.411563e-03 3.517353e-02
5.000000e-01 6.615000e-02  1.653750e-02  3.000000e+00 4.176494e-06 8.000000e-04 5.979987e+02 3.180200e+01 2.288740e+01 6.923299e+01 2.859473e-04 2.199375e-03 4.571323e-04 5.703800e-03 3.707298e-02
5.000000e-01 6.615000e-02  1.653750e-02  3.000000e+00 4.287782e-06 8.000000e-04 5.979987e+02 3.180200e+01 2.288738e+01 6.923297e+01 3.053784e-04 2.311371e-03 4.818186e-04 6.011818e-03 3.907501e-02
5.000000e-01 6.615000e-02  1.653750e-02  3.000000e+00 4.402035e-06 8.000000e-04 5.979987e+02 3.180200e+01 2.288733e+01 6.923294e+01 3.191683e-04 2.450689e-03 5.078379e-04 6.336470e-03 4.118515e-02
5.000000e-01 6.615000e-02  1.653750e-02  3.000000e+00 4.519332e-06 8.000000e-04 5.979987e+02 3.180200e+01 2.288730e+01 6.923292e+01 3.305835e-04 2.583473e-03 5.352623e-04 6.678654e-03 4.340924e-02
5.000000e-01 6.615000e-02  1.653750e-02  3.000000e+00 4.639755e-06 8.000000e-04 5.979987e+02 3.180200e+01 2.288727e+01 6.923289e+01 3.539520e-04 2.719119e-03 5.641677e-04 7.039317e-03 4.575344e-02
5.000000e-01 6.615000e-02  1.653750e-02  3.000000e+00 4.763386e-06 8.000000e-04 5.979987e+02 3.180200e+01 2.288722e+01 6.923287e+01 3.746996e-04 2.857402e-03 5.946340e-04 7.419456e-03 4.822423e-02
5.000000e-01 6.615000e-02  1.653750e-02  3.000000e+00 4.890312e-06 8.000000e-04 5.979987e+02 3.180199e+01 2.288718e+01 6.923284e+01 3.908825e-04 3.016209e-03 6.267457e-04 7.820124e-03 5.082845e-02
5.000000e-01 6.615000e-02  1.653750e-02  3.000000e+00 5.020620e-06 8.000000e-04 5.979987e+02 3.180199e+01 2.288713e+01 6.923281e+01 4.203499e-04 3.185031e-03 6.605914e-04 8.242429e-03 5.357331e-02
5.000000e-01 6.615000e-02  1.653750e-02  3.000000e+00 5.154400e-06 8.000000e-04 5.979987e+02 3.180199e+01 2.288709e+01 6.923277e+01 4.400113e-04 3.353226e-03 6.962648e-04 8.687539e-03 5.646639e-02
5.000000e-01 6.615000e-02  1.653750e-02  3.000000e+00 5.291745e-06 8.000000e-04 5.979987e+02 3.180199e+01 2.288703e+01 6.923274e+01 4.663398e-04 3.533447e-03 7.338647e-04 9.156686e-03 5.951570e-02
5.000000e-01 6.615000e-02  1.653750e-02  3.000000e+00 5.432750e-06 8.000000e-04 5.979987e+02 3.180198e+01 2.288698e+01 6.923270e+01 4.871305e-04 3.727619e-03 7.734951e-04 9.651168e-03 6.272969e-02
5.000000e-01 6.615000e-02  1.653750e-02  3.000000e+00 5.577512e-06 8.000000e-04 5.979987e+02 3.180198e+01 2.288693e+01 6.923267e+01 5.155952e-04 3.927286e-03 8.152657e-04 1.017235e-02 6.611724e-02
5.000000e-01 6.615000e-02  1.653750e-02  3.000000e+00 5.726131e-06 8.000000e-04 5.979987e+02 3.180198e+01 2.288686e+01 6.923263e+01 5.431707e-04 4.128772e-03 8.592919e-04 1.072168e-02 6.968772e-02
5.000000e-01 6.615000e-02  1.653750e-02  3.000000e+00 5.878710e-06 8.000000e-04 5.979987e+02 3.180198e+01 2.288680e+01 6.923258e+01 5.689786e-04 4.358116e-03 9.056956e-04 1.130068e-02 7.345102e-02
5.000000e-01 6.615000e-02  1.653750e-02  3.000000e+00 6.035355e-06 8.000000e-04 5.979987e+02 3.180197e+01 2.288675e+01 6.923254e+01 5.948929e-04 4.590116e-03 9.546053e-04 1.191094e-02 7.741754e-02
5.000000e-01 6.615000e-02  1.653750e-02  3.000000e+00 6.196174e-06 8.000000e-04 5.979987e+02 3.180197e+01 2.288666e+01 6.923248e+01 6.430391e-04 4.837378e-03 1.006156e-03 1.255416e-02 8.159827e-02
5.000000e-01 6.615000e-02  1.653750e-02  3.000000e+00 6.361278e-06 8.000000e-04 5.979987e+02 3.180197e+01 2.288659e+01 6.923242e+01 6.622637e-04 5.108539e-03 1.060491e-03 1.323211e-02 8.600477e-02
5.000000e-01 6.615000e-02  1.653750e-02  3.000000e+00 6.530782e-06 8.000000e-04 5.979987e+02 3.180196e+01 2.288651e+01 6.923238e+01 7.126979e-04 5.401471e-03 1.117760e-03 1.394668e-02 9.064922e-02
5.000000e-01 6.615000e-02  1.653750e-02  3.000000e+00 6.704802e-06 8.000000e-04 5.979987e+02 3.180196e+01 2.288644e+01 6.923233e+01 7.443054e-04 5.669329e-03 1.178122e-03 1.469983e-02 9.554449e-02
5.000000e-01 6.615000e-02  1.653750e-02  3.000000e+00 6.883459e-06 8.000000e-04 5.979987e+02 3.180196e+01 2.288635e+01 6.923227e+01 7.806698e-04 5.985233e-03 1.241743e-03 1.549366e-02 1.007041e-01
5.000000e-01 6.615000e-02  1.653750e-02  3.000000e+00 7.066877e-06 8.000000e-04 5.979987e+02 3.180196e+01 2.288625e+01 6.923221e+01 8.157608e-04 6.306364e-03 1.308800e-03 1.633035e-02 1.061424e-01
5.000000e-01 6.615000e-02  1.653750e-02  3.000000e+00 7.255182e-06 8.000000e-04 5.979987e+02 3.180195e+01 2.288617e+01 6.923216e+01 8.564350e-04 6.623198e-03 1.379478e-03 1.721223e-02 1.118743e-01
5.000000e-01 6.615000e-02  1.653750e-02  3.000000e+00 7.448504e-06 8.000000e-04 5.979987e+02 3.180195e+01 2.288607e+01 6.923209e+01 9.134357e-04 6.988243e-03 1.453973e-03 1.814173e-02 1.179158e-01
5.000000e-01 6.615000e-02  1.653750e-02  3.000000e+00 7.646978e-06 8.000000e-04 5.979987e+02 3.180194e+01 2.288596e+01 6.923202e+01 9.786546e-04 7.390884e-03 1.532491e-03 1.912142e-02 1.242835e-01
5.000000e-01 6.615000e-02  1.653750e-02  3.000000e+00 7.850741e-06 8.000000e-04 5.979987e+02 3.180193e+01 2.288586e+01 6.923193e+01 1.025445e-03 7.766055e-03 1.615249e-03 2.015402e-02 1.309951e-01
5.000000e-01 6.615000e-02  1.653750e-02  3.000000e+00 8.059933e-06 8.000000e-04 5.979987e+02 3.180193e+01 2.288574e+01 6.923185e+01 1.071688e-03 8.162143e-03 1.702476e-03 2.124239e-02 1.380691e-01
5.000000e-01 6.615000e-02  1.653750e-02  3.000000e+00 8.274699e-06 8.000000e-04 5.979987e+02 3.180193e+01 2.288561e+01 6.923177e+01 1.142631e-03 8.605686e-03 1.794414e-03 2.238953e-02 1.455252e-01
5.000000e-01 6.615000e-02  1.653750e-02  3.000000e+00 8.495188e-06 8.000000e-04 5.979987e+02 3.180192e+01 2.288547e+01 6.923168e+01 1.174992e-03 9.135298e-03 1.891316e-03 2.359861e-02 1.533839e-01
5.000000e-01 6.615000e-02  1.653750e-02  3.000000e+00 8.721552e-06 8.000000e-04 5.979987e+02 3.180191e+01 2.288534e+01 6.923157e+01 1.259566e-03 9.603698e-03 1.993452e-03 2.487299e-02 1.616670e-01
5.000000e-01 6.615000e-02  1.653750e-02  3.000000e+00 8.953948e-06 8.000000e-04 5.979987e+02 3.180191e+01 2.288519e+01 6.923148e+01 1.304426e-03 1.014602e-02 2.101103e-03 2.621619e-02 1.703974e-01
5.000000e-01 6.615000e-02  1.653750e-02  3.000000e+00 9.192536e-06 8.000000e-04 5.979987e+02 3.180190e+01 2.288504e+01 6.923137e+01 1.378832e-03 1.070740e-02 2.214567e-03 2.763193e-02 1.795992e-01
5.000000e-01 6.615000e-02  1.653750e-02  3.000000e+00 9.437481e-06 8.000000e-04 5.979987e+02 3.180189e+01 2.288487e+01 6.923127e+01 1.474594e-03 1.125619e-02 2.334159e-03 2.912411e-02 1.892980e-01
5.000000e-01 6.615000e-02  1.653750e-02  3.000000e+00 9.688954e-06 8.000000e-04 5.979987e+02 3.180188e+01 2.288470e+01 6.923114e+01 1.548845e-03 1.187833e-02 2.460209e-03 3.069688e-02 1.995205e-01
5.000000e-01 6.615000e-02  1.653750e-02  3.000000e+00 9.947127e-06 8.000000e-04 5.979987e+02 3.180187e+01 2.288453e+01 6.923102e+01 1.631414e-03 1.253549e-02 2.593066e-03 3.235459e-02 2.102951e-01
5.000000e-01 6.615000e-02  1.653750e-02  3.000000e+00 1.021218e-05 8.000000e-04 5.979987e+02 3.180187e+01 2.288432e+01 6.923086e+01 1.729912e-03 1.326114e-02 2.733097e-03 3.410181e-02 2.216515e-01
5.000000e-01 6.615000e-02  1.653750e-02  3.000000e+00 1.048430e-05 8.000000e-04 5.979987e+02 3.180186e+01 2.288415e+01 6.923075e+01 1.795941e-03 1.389702e-02 2.880691e-03 3.594338e-02 2.336212e-01
5.000000e-01 6.615000e-02  1.653750e-02  3.000000e+00 1.076366e-05 8.000000e-04 5.979987e+02 3.180185e+01 2.288396e+01 6.923062e+01 1.904505e-03 1.462819e-02 3.036255e-03 3.788441e-02 2.462373e-01
5.000000e-01 6.615000e-02  1.653750e-02  3.000000e+00 1.105047e-05 8.000000e-04 5.979987e+02 3.180184e+01 2.288373e+01 6.923045e+01 2.031874e-03 1.544567e-02 3.200220e-03 3.993026e-02 2.595346e-01
5.000000e-01 6.615000e-02  1.653750e-02  3.000000e+00 1.134492e-05 8.000000e-04 5.979987e+02 3.180182e+01 2.288349e+01 6.923030e+01 2.131006e-03 1.624365e-02 3.373039e-03 4.208658e-02 2.735501e-01
5.000000e-01 6.615000e-02  1.653750e-02  3.000000e+00 1.164722e-05 8.000000e-04 5.979987e+02 3.180182e+01 2.288323e+01 6.923014e+01 2.245015e-03 1.718898e-02 3.555191e-03 4.435935e-02 2.883225e-01
5.000000e-01 6.615000e-02  1.653750e-02  3.000000e+00 1.195758e-05 8.000000e-04 5.979987e+02 3.180181e+01 2.288300e+01 6.922997e+01 2.360033e-03 1.803135e-02 3.747179e-03 4.675486e-02 3.038925e-01
5.000000e-01 6.615000e-02  1.653750e-02  3.000000e+00 1.227620e-05 8.000000e-04 5.979987e+02 3.180180e+01 2.288273e+01 6.922981e+01 2.518846e-03 1.899704e-02 3.949536e-03 4.927973e-02 3.203034e-01
5.000000e-01 6.615000e-02  1.653750e-02  3.000000e+00 1.260331e-05 8.000000e-04 5.979987e+02 3.180178e+01 2.288241e+01 6.922957e+01 2.590904e-03 2.015896e-02 4.162820e-03 5.194095e-02 3.376006e-01
5.000000e-01 6.615000e-02  1.653750e-02  3.000000e+00 1.293914e-05 8.000000e-04 5.979987e+02 3.180177e+01 2.288213e+01 6.922938e+01 2.808042e-03 2.111161e-02 4.387622e-03 5.474588e-02 3.558318e-01
5.000000e-01 6.615000e-02  1.653750e-02  3.000000e+00 1.328392e-05 8.000000e-04 5.979987e+02 3.180175e+01 2.288184e+01 6.922917e+01 2.938925e-03 2.228148e-02 4.624563e-03 5.770229e-02 3.750475e-01
5.000000e-01 6.615000e-02  1.653750e-02  3.000000e+00 1.363789e-05 8.000000e-04 5.979987e+02 3.180173e+01 2.288148e+01 6.922891e+01 3.087409e-03 2.348797e-02 4.874300e-03 6.081834e-02 3.953009e-01
5.000000e-01 6.615000e-02  1.653750e-02  3.000000e+00 1.400128e-05 8.000000e-04 5.979987e+02 3.180172e+01 2.288118e+01 6.922874e+01 3.279588e-03 2.463233e-02 5.137524e-03 6.410268e-02 4.166481e-01
5.000000e-01 6.615000e-02  1.653750e-02  3.000000e+00 1.437436e-05 8.000000e-04 5.979987e+02 3.180171e+01 2.288071e+01 6.922841e+01 3.416592e-03 2.604382e-02 5.414962e-03 6.756437e-02 4.391481e-01
