8.000000e-01 1.805000e-02  4.512500e-03  3.000000e+00 2.000000e-06 8.000000e-04 2.641891e+06 3.180203e+01 2.288802e+01 6.923341e+01 1.663410e-09 6.502257e-09 1.520089e-09 3.048852e-08 1.194505e-07
8.000000e-01 1.805000e-02  4.512500e-03  3.000000e+00 2.053292e-06 8.000000e-04 2.641891e+06 3.180203e+01 2.288802e+01 6.923341e+01 1.790812e-09 6.856917e-09 1.602177e-09 3.213497e-08 1.259011e-07
8.000000e-01 1.805000e-02  4.512500e-03  3.000000e+00 2.108005e-06 8.000000e-04 2.641891e+06 3.180203e+01 2.288802e+01 6.923341e+01 1.890661e-09 7.241655e-09 1.688699e-09 3.387033e-08 1.327001e-07
8.000000e-01 1.805000e-02  4.512500e-03  3.000000e+00 2.164175e-06 8.000000e-04 2.641891e+06 3.180203e+01 2.288802e+01 6.923341e+01 1.958856e-09 7.632286e-09 1.779892e-09 3.569940e-08 1.398662e-07
8.000000e-01 1.805000e-02  4.512500e-03  3.000000e+00 2.221842e-06 8.000000e-04 2.641891e+06 3.180203e+01 2.288802e+01 6.923341e+01 2.067702e-09 8.041309e-09 1.876010e-09 3.762725e-08 1.474193e-07
8.000000e-01 1.805000e-02  4.512500e-03  3.000000e+00 2.281045e-06 8.000000e-04 2.641891e+06 3.180203e+01 2.288802e+01 6.923341e+01 2.199892e-09 8.513360e-09 1.977319e-09 3.965921e-08 1.553803e-07
8.000000e-01 1.805000e-02  4.512500e-03  3.000000e+00 2.341826e-06 8.000000e-04 2.641891e+06 3.180203e+01 2.288802e+01 6.923341e+01 2.310825e-09 8.962299e-09 2.084099e-09 4.180090e-08 1.637712e-07
8.000000e-01 1.805000e-02  4.512500e-03  3.000000e+00 2.404227e-06 8.000000e-04 2.641891e+06 3.180203e+01 2.288802e+01 6.923341e+01 2.384880e-09 9.428865e-09 2.196645e-09 4.405825e-08 1.726152e-07
8.000000e-01 1.805000e-02  4.512500e-03  3.000000e+00 2.468290e-06 8.000000e-04 2.641891e+06 3.180203e+01 2.288802e+01 6.923341e+01 2.499183e-09 9.918554e-09 2.315269e-09 4.643749e-08 1.819368e-07
8.000000e-01 1.805000e-02  4.512500e-03  3.000000e+00 2.534061e-06 8.000000e-04 2.641891e+06 3.180203e+01 2.288802e+01 6.923341e+01 2.715188e-09 1.046164e-08 2.440299e-09 4.894523e-08 1.917618e-07
8.000000e-01 1.805000e-02  4.512500e-03  3.000000e+00 2.601584e-06 8.000000e-04 2.641891e+06 3.180203e+01 2.288802e+01 6.923341e+01 2.820346e-09 1.101498e-08 2.572081e-09 5.158838e-08 2.021174e-07
8.000000e-01 1.805000e-02  4.512500e-03  3.000000e+00 2.670906e-06 8.000000e-04 2.641891e+06 3.180203e+01 2.288802e+01 6.923341e+01 3.100986e-09 1.161723e-08 2.710979e-09 5.437427e-08 2.130322e-07
8.000000e-01 1.805000e-02  4.512500e-03  3.000000e+00 2.742075e-06 8.000000e-04 2.641891e+06 3.180203e+01 2.288802e+01 6.923341e+01 3.195489e-09 1.223391e-08 2.857378e-09 5.731061e-08 2.245364e-07
8.000000e-01 1.805000e-02  4.512500e-03  3.000000e+00 2.815141e-06 8.000000e-04 2.641891e+06 3.180203e+01 2.288802e+01 6.923341e+01 3.321044e-09 1.290812e-08 3.011684e-09 6.040552e-08 2.366619e-07
8.000000e-01 1.805000e-02  4.512500e-03  3.000000e+00 2.890154e-06 8.000000e-04 2.641891e+06 3.180203e+01 2.288802e+01 6.923341e+01 3.495651e-09 1.365780e-08 3.174321e-09 6.366755e-08 2.494422e-07
8.000000e-01 1.805000e-02  4.512500e-03  3.000000e+00 2.967165e-06 8.000000e-04 2.641891e+06 3.180203e+01 2.288802e+01 6.923341e+01 3.740709e-09 1.439336e-08 3.345742e-09 6.710575e-08 2.629126e-07
8.000000e-01 1.805000e-02  4.512500e-03  3.000000e+00 3.046229e-06 8.000000e-04 2.641891e+06 3.180203e+01 2.288802e+01 6.923341e+01 3.990497e-09 1.512570e-08 3.526420e-09 7.072961e-08 2.771105e-07
8.000000e-01 1.805000e-02  4.512500e-03  3.000000e+00 3.127399e-06 8.000000e-04 2.641891e+06 3.180203e+01 2.288802e+01 6.923341e+01 4.233042e-09 1.586505e-08 3.716855e-09 7.454918e-08 2.920751e-07
8.000000e-01 1.805000e-02  4.512500e-03  3.000000e+00 3.210732e-06 8.000000e-04 2.641891e+06 3.180203e+01 2.288802e+01 6.923341e+01 4.429523e-09 1.675697e-08 3.917573e-09 7.857500e-08 3.078479e-07
8.000000e-01 1.805000e-02  4.512500e-03  3.000000e+00 3.296286e-06 8.000000e-04 2.641891e+06 3.180203e+01 2.288802e+01 6.923341e+01 4.678327e-09 1.767616e-08 4.129131e-09 8.281824e-08 3.244724e-07
8.000000e-01 1.805000e-02  4.512500e-03  3.000000e+00 3.384119e-06 8.000000e-04 2.641891e+06 3.180203e+01 2.288802e+01 6.923341e+01 4.747366e-09 1.862076e-08 4.352114e-09 8.729061e-08 3.419946e-07
8.000000e-01 1.805000e-02  4.512500e-03  3.000000e+00 3.474293e-06 8.000000e-04 2.641891e+06 3.180203e+01 2.288802e+01 6.923341e+01 5.031799e-09 1.964119e-08 4.587138e-09 9.200451e-08 3.604631e-07
8.000000e-01 1.805000e-02  4.512500e-03  3.000000e+00 3.566869e-06 8.000000e-04 2.641891e+06 3.180203e+01 2.288802e+01 6.923341e+01 5.443162e-09 2.070718e-08 4.834854e-09 9.697296e-08 3.799290e-07
8.000000e-01 1.805000e-02  4.512500e-03  3.000000e+00 3.661913e-06 8.000000e-04 2.641891e+06 3.180203e+01 2.288802e+01 6.923341e+01 5.699446e-09 2.186724e-08 5.095948e-09 1.022097e-07 4.004460e-07
8.000000e-01 1.805000e-02  4.512500e-03  3.000000e+00 3.759488e-06 8.000000e-04 2.641891e+06 3.180203e+01 2.288802e+01 6.923341e+01 5.903263e-09 2.299970e-08 5.371141e-09 1.077293e-07 4.220710e-07
8.000000e-01 1.805000e-02  4.512500e-03  3.000000e+00 3.859664e-06 8.000000e-04 2.641891e+06 3.180203e+01 2.288802e+01 6.923341e+01 6.364168e-09 2.428232e-08 5.661195e-09 1.135469e-07 4.448638e-07
8.000000e-01 1.805000e-02  4.512500e-03  3.000000e+00 3.962510e-06 8.000000e-04 2.641891e+06 3.180203e+01 2.288802e+01 6.923341e+01 6.672518e-09 2.552063e-08 5.966912e-09 1.196787e-07 4.688875e-07
8.000000e-01 1.805000e-02  4.512500e-03  3.000000e+00 4.068095e-06 8.000000e-04 2.641891e+06 3.180203e+01 2.288802e+01 6.923341e+01 7.136441e-09 2.694528e-08 6.289139e-09 1.261416e-07 4.942085e-07
8.000000e-01 1.805000e-02  4.512500e-03  3.000000e+00 4.176494e-06 8.000000e-04 2.641891e+06 3.180203e+01 2.288802e+01 6.923341e+01 7.352440e-09 2.841470e-08 6.628767e-09 1.329536e-07 5.208969e-07
8.000000e-01 1.805000e-02  4.512500e-03  3.000000e+00 4.287782e-06 8.000000e-04 2.641891e+06 3.180203e+01 2.288802e+01 6.923341e+01 7.864340e-09 2.994429e-08 6.986736e-09 1.401334e-07 5.490266e-07
8.000000e-01 1.805000e-02  4.512500e-03  3.000000e+00 4.402035e-06 8.000000e-04 2.641891e+06 3.180203e+01 2.288802e+01 6.923341e+01 8.475487e-09 3.163245e-08 7.364036e-09 1.477009e-07 5.786753e-07
8.000000e-01 1.805000e-02  4.512500e-03  3.000000e+00 4.519332e-06 8.000000e-04 2.641891e+06 3.180203e+01 2.288802e+01 6.923341e+01 8.557368e-09 3.313682e-08 7.761711e-09 1.556771e-07 6.099251e-07
8.000000e-01 1.805000e-02  4.512500e-03  3.000000e+00 4.639755e-06 8.000000e-04 2.641891e+06 3.180203e+01 2.288802e+01 6.923341e+01 8.925089e-09 3.516970e-08 8.180861e-09 1.640840e-07 6.428624e-07
8.000000e-01 1.805000e-02  4.512500e-03  3.000000e+00 4.763386e-06 8.000000e-04 2.641891e+06 3.180203e+01 2.288802e+01 6.923341e+01 9.420102e-09 3.684911e-08 8.622647e-09 1.729449e-07 6.775785e-07
8.000000e-01 1.805000e-02  4.512500e-03  3.000000e+00 4.890312e-06 8.000000e-04 2.641891e+06 3.180203e+01 2.288802e+01 6.923341e+01 1.035376e-08 3.896722e-08 9.088290e-09 1.822844e-07 7.141693e-07
8.000000e-01 1.805000e-02  4.512500e-03  3.000000e+00 5.020620e-06 8.000000e-04 2.641891e+06 3.180203e+01 2.288802e+01 6.923341e+01 1.078570e-08 4.103575e-08 9.579078e-09 1.921281e-07 7.527361e-07
8.000000e-01 1.805000e-02  4.512500e-03  3.000000e+00 5.154400e-06 8.000000e-04 2.641891e+06 3.180203e+01 2.288802e+01 6.923341e+01 1.107734e-08 4.337172e-08 1.009637e-08 2.025035e-07 7.933856e-07
8.000000e-01 1.805000e-02  4.512500e-03  3.000000e+00 5.291745e-06 8.000000e-04 2.641891e+06 3.180203e+01 2.288802e+01 6.923341e+01 1.172864e-08 4.589903e-08 1.064160e-08 2.134392e-07 8.362302e-07
8.000000e-01 1.805000e-02  4.512500e-03  3.000000e+00 5.432750e-06 8.000000e-04 2.641891e+06 3.180203e+01 2.288802e+01 6.923341e+01 1.269622e-08 4.803041e-08 1.121627e-08 2.249654e-07 8.813886e-07
8.000000e-01 1.805000e-02  4.512500e-03  3.000000e+00 5.577512e-06 8.000000e-04 2.641891e+06 3.180203e+01 2.288802e+01 6.923341e+01 1.323312e-08 5.070426e-08 1.182197e-08 2.371140e-07 9.289856e-07
8.000000e-01 1.805000e-02  4.512500e-03  3.000000e+00 5.726131e-06 8.000000e-04 2.641891e+06 3.180203e+01 2.288802e+01 6.923341e+01 1.381257e-08 5.337830e-08 1.246039e-08 2.499187e-07 9.791530e-07
8.000000e-01 1.805000e-02  4.512500e-03  3.000000e+00 5.878710e-06 8.000000e-04 2.641891e+06 3.180203e+01 2.288802e+01 6.923341e+01 1.495673e-08 5.655116e-08 1.313328e-08 2.634149e-07 1.032030e-06
8.000000e-01 1.805000e-02  4.512500e-03  3.000000e+00 6.035355e-06 8.000000e-04 2.641891e+06 3.180203e+01 2.288802e+01 6.923341e+01 1.566023e-08 5.940728e-08 1.384250e-08 2.776399e-07 1.087761e-06
8.000000e-01 1.805000e-02  4.512500e-03  3.000000e+00 6.196174e-06 8.000000e-04 2.641891e+06 3.180203e+01 2.288802e+01 6.923341e+01 1.671676e-08 6.252878e-08 1.459003e-08 2.926331e-07 1.146503e-06
8.000000e-01 1.805000e-02  4.512500e-03  3.000000e+00 6.361278e-06 8.000000e-04 2.641891e+06 3.180203e+01 2.288802e+01 6.923341e+01 1.695904e-08 6.583494e-08 1.537793e-08 3.084360e-07 1.208417e-06
8.000000e-01 1.805000e-02  4.512500e-03  3.000000e+00 6.530782e-06 8.000000e-04 2.641891e+06 3.180203e+01 2.288802e+01 6.923341e+01 1.813747e-08 6.956524e-08 1.620837e-08 3.250923e-07 1.273674e-06
8.000000e-01 1.805000e-02  4.512500e-03  3.000000e+00 6.704802e-06 8.000000e-04 2.641891e+06 3.180203e+01 2.288802e+01 6.923341e+01 1.905359e-08 7.333067e-08 1.708366e-08 3.426480e-07 1.342456e-06
8.000000e-01 1.805000e-02  4.512500e-03  3.000000e+00 6.883459e-06 8.000000e-04 2.641891e+06 3.180203e+01 2.288802e+01 6.923341e+01 1.965683e-08 7.731731e-08 1.800622e-08 3.611518e-07 1.414951e-06
8.000000e-01 1.805000e-02  4.512500e-03  3.000000e+00 7.066877e-06 8.000000e-04 2.641891e+06 3.180203e+01 2.288802e+01 6.923341e+01 2.121125e-08 8.132852e-08 1.897859e-08 3.806548e-07 1.491362e-06
8.000000e-01 1.805000e-02  4.512500e-03  3.000000e+00 7.255182e-06 8.000000e-04 2.641891e+06 3.180203e+01 2.288802e+01 6.923341e+01 2.278723e-08 8.565065e-08 2.000348e-08 4.012110e-07 1.571899e-06
8.000000e-01 1.805000e-02  4.512500e-03  3.000000e+00 7.448504e-06 8.000000e-04 2.641891e+06 3.180203e+01 2.288802e+01 6.923341e+01 2.327267e-08 9.046154e-08 2.108372e-08 4.228774e-07 1.656785e-06
8.000000e-01 1.805000e-02  4.512500e-03  3.000000e+00 7.646978e-06 8.000000e-04 2.641891e+06 3.180203e+01 2.288802e+01 6.923341e+01 2.492433e-08 9.491119e-08 2.222229e-08 4.457137e-07 1.746255e-06
8.000000e-01 1.805000e-02  4.512500e-03  3.000000e+00 7.850741e-06 8.000000e-04 2.641891e+06 3.180203e+01 2.288802e+01 6.923341e+01 2.602344e-08 1.002857e-07 2.342234e-08 4.697833e-07 1.840557e-06
8.000000e-01 1.805000e-02  4.512500e-03  3.000000e+00 8.059933e-06 8.000000e-04 2.641891e+06 3.180203e+01 2.288802e+01 6.923341e+01 2.802303e-08 1.062903e-07 2.468720e-08 4.951527e-07 1.939951e-06
8.000000e-01 1.805000e-02  4.512500e-03  3.000000e+00 8.274699e-06 8.000000e-04 2.641891e+06 3.180203e+01 2.288802e+01 6.923341e+01 2.866752e-08 1.114555e-07 2.602037e-08 5.218921e-07 2.044713e-06
8.000000e-01 1.805000e-02  4.512500e-03  3.000000e+00 8.495188e-06 8.000000e-04 2.641891e+06 3.180203e+01 2.288802e+01 6.923341e+01 2.999631e-08 1.172667e-07 2.742553e-08 5.500754e-07 2.155133e-06
8.000000e-01 1.805000e-02  4.512500e-03  3.000000e+00 8.721552e-06 8.000000e-04 2.641891e+06 3.180203e+01 2.288802e+01 6.923341e+01 3.190593e-08 1.244121e-07 2.890657e-08 5.797808e-07 2.271515e-06
8.000000e-01 1.805000e-02  4.512500e-03  3.000000e+00 8.953948e-06 8.000000e-04 2.641891e+06 3.180203e+01 2.288802e+01 6.923341e+01 3.437181e-08 1.307398e-07 3.046759e-08 6.110903e-07 2.394182e-06
8.000000e-01 1.805000e-02  4.512500e-03  3.000000e+00 9.192536e-06 8.000000e-04 2.641891e+06 3.180203e+01 2.288802e+01 6.923341e+01 3.588160e-08 1.372951e-07 3.211291e-08 6.440906e-07 2.523473e-06
8.000000e-01 1.805000e-02  4.512500e-03  3.000000e+00 9.437481e-06 8.000000e-04 2.641891e+06 3.180203e+01 2.288802e+01 6.923341e+01 3.786452e-08 1.453538e-07 3.384708e-08 6.788730e-07 2.659747e-06
8.000000e-01 1.805000e-02  4.512500e-03  3.000000e+00 9.688954e-06 8.000000e-04 2.641891e+06 3.180203e+01 2.288802e+01 6.923341e+01 3.992913e-08 1.527879e-07 3.567490e-08 7.155337e-07 2.803379e-06
8.000000e-01 1.805000e-02  4.512500e-03  3.000000e+00 9.947127e-06 8.000000e-04 2.641891e+06 3.180203e+01 2.288802e+01 6.923341e+01 4.086734e-08 1.614533e-07 3.760143e-08 7.541741e-07 2.954768e-06
8.000000e-01 1.805000e-02  4.512500e-03  3.000000e+00 1.021218e-05 8.000000e-04 2.641891e+06 3.180203e+01 2.288802e+01 6.923341e+01 4.461359e-08 1.696351e-07 3.963199e-08 7.949013e-07 3.114332e-06
8.000000e-01 1.805000e-02  4.512500e-03  3.000000e+00 1.048430e-05 8.000000e-04 2.641891e+06 3.180203e+01 2.288802e+01 6.923341e+01 4.654386e-08 1.782346e-07 4.177221e-08 8.378278e-07 3.282513e-06
8.000000e-01 1.805000e-02  4.512500e-03  3.000000e+00 1.076366e-05 8.000000e-04 2.641891e+06 3.180203e+01 2.288802e+01 6.923341e+01 4.906464e-08 1.889066e-07 4.402801e-08 8.830724e-07 3.459777e-06
8.000000e-01 1.805000e-02  4.512500e-03  3.000000e+00 1.105047e-05 8.000000e-04 2.641891e+06 3.180203e+01 2.288802e+01 6.923341e+01 5.186709e-08 1.990296e-07 4.640562e-08 9.307604e-07 3.646613e-06
8.000000e-01 1.805000e-02  4.512500e-03  3.000000e+00 1.134492e-05 8.000000e-04 2.641891e+06 3.180203e+01 2.288802e+01 6.923341e+01 5.469946e-08 2.097633e-07 4.891163e-08 9.810236e-07 3.843538e-06
8.000000e-01 1.805000e-02  4.512500e-03  3.000000e+00 1.164722e-05 8.000000e-04 2.641891e+06 3.180203e+01 2.288802e+01 6.923341e+01 5.753560e-08 2.213306e-07 5.155298e-08 1.034001e-06 4.051098e-06
8.000000e-01 1.805000e-02  4.512500e-03  3.000000e+00 1.195758e-05 8.000000e-04 2.641891e+06 3.180203e+01 2.288802e+01 6.923341e+01 5.971609e-08 2.324461e-07 5.433696e-08 1.089840e-06 4.269867e-06
8.000000e-01 1.805000e-02  4.512500e-03  3.000000e+00 1.227620e-05 8.000000e-04 2.641891e+06 3.180203e+01 2.288802e+01 6.923341e+01 6.363518e-08 2.452531e-07 5.727128e-08 1.148693e-06 4.500449e-06
8.000000e-01 1.805000e-02  4.512500e-03  3.000000e+00 1.260331e-05 8.000000e-04 2.641891e+06 3.180203e+01 2.288802e+01 6.923341e+01 6.653590e-08 2.584042e-07 6.036406e-08 1.210726e-06 4.743484e-06
8.000000e-01 1.805000e-02  4.512500e-03  3.000000e+00 1.293914e-05 8.000000e-04 2.641891e+06 3.180203e+01 2.288802e+01 6.923341e+01 7.108191e-08 2.713157e-07 6.362386e-08 1.276108e-06 4.999643e-06
8.000000e-01 1.805000e-02  4.512500e-03  3.000000e+00 1.328392e-05 8.000000e-04 2.641891e+06 3.180203e+01 2.288802e+01 6.923341e+01 7.481102e-08 2.892136e-07 6.705969e-08 1.345020e-06 5.269635e-06
8.000000e-01 1.805000e-02  4.512500e-03  3.000000e+00 1.363789e-05 8.000000e-04 2.641891e+06 3.180203e+01 2.288802e+01 6.923341e+01 7.790917e-08 3.038137e-07 7.068107e-08 1.417654e-06 5.554208e-06
