1.000000e-01 2.894000e-02  7.235000e-03  3.000000e+00 2.000000e-06 8.000000e-04 5.816729e+01 3.180064e+01 2.279771e+01 6.917589e+01 1.502880e-02 3.297890e-01 6.128536e-02 3.288027e-01 4.170964e+00
1.000000e-01 2.894000e-02  7.235000e-03  3.000000e+00 2.053292e-06 8.000000e-04 5.816729e+01 3.180051e+01 2.279138e+01 6.917253e+01 1.586605e-02 3.510366e-01 6.459491e-02 3.465588e-01 4.396205e+00
1.000000e-01 2.894000e-02  7.235000e-03  3.000000e+00 2.108005e-06 8.000000e-04 5.816729e+01 3.180046e+01 2.278724e+01 6.916946e+01 1.636415e-02 3.671679e-01 6.808318e-02 3.652738e-01 4.633611e+00
1.000000e-01 2.894000e-02  7.235000e-03  3.000000e+00 2.164175e-06 8.000000e-04 5.816729e+01 3.180037e+01 2.278112e+01 6.916517e+01 1.723415e-02 3.892505e-01 7.175983e-02 3.849994e-01 4.883836e+00
1.000000e-01 2.894000e-02  7.235000e-03  3.000000e+00 2.221842e-06 8.000000e-04 5.816729e+01 3.180020e+01 2.277612e+01 6.916087e+01 1.878530e-02 4.073997e-01 7.563503e-02 4.057903e-01 5.147575e+00
1.000000e-01 2.894000e-02  7.235000e-03  3.000000e+00 2.281045e-06 8.000000e-04 5.816729e+01 3.180019e+01 2.276881e+01 6.915783e+01 1.938953e-02 4.311172e-01 7.971950e-02 4.277039e-01 5.425556e+00
1.000000e-01 2.894000e-02  7.235000e-03  3.000000e+00 2.341826e-06 8.000000e-04 5.816729e+01 3.180007e+01 2.276283e+01 6.915374e+01 2.029893e-02 4.554187e-01 8.402453e-02 4.508009e-01 5.718548e+00
1.000000e-01 2.894000e-02  7.235000e-03  3.000000e+00 2.404227e-06 8.000000e-04 5.816729e+01 3.180005e+01 2.275720e+01 6.914921e+01 2.148712e-02 4.777905e-01 8.856205e-02 4.751452e-01 6.027363e+00
1.000000e-01 2.894000e-02  7.235000e-03  3.000000e+00 2.468290e-06 8.000000e-04 5.816729e+01 3.179986e+01 2.274873e+01 6.914436e+01 2.292361e-02 5.045205e-01 9.334461e-02 5.008041e-01 6.352855e+00
1.000000e-01 2.894000e-02  7.235000e-03  3.000000e+00 2.534061e-06 8.000000e-04 5.816729e+01 3.179978e+01 2.274373e+01 6.914191e+01 2.410544e-02 5.287083e-01 9.838543e-02 5.278487e-01 6.695923e+00
1.000000e-01 2.894000e-02  7.235000e-03  3.000000e+00 2.601584e-06 8.000000e-04 5.816729e+01 3.179965e+01 2.273260e+01 6.913476e+01 2.499588e-02 5.609315e-01 1.036985e-01 5.563537e-01 7.057519e+00
1.000000e-01 2.894000e-02  7.235000e-03  3.000000e+00 2.670906e-06 8.000000e-04 5.816729e+01 3.179941e+01 2.272601e+01 6.912996e+01 2.691550e-02 5.901052e-01 1.092984e-01 5.863981e-01 7.438641e+00
1.000000e-01 2.894000e-02  7.235000e-03  3.000000e+00 2.742075e-06 8.000000e-04 5.816729e+01 3.179937e+01 2.271748e+01 6.912470e+01 2.836455e-02 6.206647e-01 1.152008e-01 6.180650e-01 7.840345e+00
1.000000e-01 2.894000e-02  7.235000e-03  3.000000e+00 2.815141e-06 8.000000e-04 5.816729e+01 3.179915e+01 2.270779e+01 6.911829e+01 2.998312e-02 6.551191e-01 1.214219e-01 6.514419e-01 8.263742e+00
1.000000e-01 2.894000e-02  7.235000e-03  3.000000e+00 2.890154e-06 8.000000e-04 5.816729e+01 3.179908e+01 2.269903e+01 6.911407e+01 3.120281e-02 6.902591e-01 1.279790e-01 6.866213e-01 8.710003e+00
1.000000e-01 2.894000e-02  7.235000e-03  3.000000e+00 2.967165e-06 8.000000e-04 5.816729e+01 3.179881e+01 2.268757e+01 6.910507e+01 3.315829e-02 7.262378e-01 1.348901e-01 7.237004e-01 9.180363e+00
1.000000e-01 2.894000e-02  7.235000e-03  3.000000e+00 3.046229e-06 8.000000e-04 5.816729e+01 3.179871e+01 2.267694e+01 6.910059e+01 3.475890e-02 7.719267e-01 1.421745e-01 7.627819e-01 9.676124e+00
1.000000e-01 2.894000e-02  7.235000e-03  3.000000e+00 3.127399e-06 8.000000e-04 5.816729e+01 3.179870e+01 2.266386e+01 6.909060e+01 3.628434e-02 8.113794e-01 1.498523e-01 8.039739e-01 1.019866e+01
1.000000e-01 2.894000e-02  7.235000e-03  3.000000e+00 3.210732e-06 8.000000e-04 5.816729e+01 3.179842e+01 2.265235e+01 6.908229e+01 3.809249e-02 8.556988e-01 1.579446e-01 8.473903e-01 1.074941e+01
1.000000e-01 2.894000e-02  7.235000e-03  3.000000e+00 3.296286e-06 8.000000e-04 5.816729e+01 3.179801e+01 2.264057e+01 6.907578e+01 4.112379e-02 8.991592e-01 1.664740e-01 8.931514e-01 1.132990e+01
1.000000e-01 2.894000e-02  7.235000e-03  3.000000e+00 3.384119e-06 8.000000e-04 5.816729e+01 3.179780e+01 2.262655e+01 6.906759e+01 4.305896e-02 9.500746e-01 1.754640e-01 9.413836e-01 1.194174e+01
1.000000e-01 2.894000e-02  7.235000e-03  3.000000e+00 3.474293e-06 8.000000e-04 5.816729e+01 3.179782e+01 2.261644e+01 6.906196e+01 4.485763e-02 9.947825e-01 1.849394e-01 9.922205e-01 1.258662e+01
1.000000e-01 2.894000e-02  7.235000e-03  3.000000e+00 3.566869e-06 8.000000e-04 5.816729e+01 3.179746e+01 2.259927e+01 6.904854e+01 4.759646e-02 1.056119e+00 1.949266e-01 1.045803e+00 1.326633e+01
1.000000e-01 2.894000e-02  7.235000e-03  3.000000e+00 3.661913e-06 8.000000e-04 5.816729e+01 3.179733e+01 2.258429e+01 6.903824e+01 4.977667e-02 1.109434e+00 2.054531e-01 1.102278e+00 1.398274e+01
1.000000e-01 2.894000e-02  7.235000e-03  3.000000e+00 3.759488e-06 8.000000e-04 5.816729e+01 3.179697e+01 2.256626e+01 6.903068e+01 5.380478e-02 1.171322e+00 2.165480e-01 1.161804e+00 1.473784e+01
1.000000e-01 2.894000e-02  7.235000e-03  3.000000e+00 3.859664e-06 8.000000e-04 5.816729e+01 3.179671e+01 2.254846e+01 6.901747e+01 5.674277e-02 1.233102e+00 2.282421e-01 1.224544e+00 1.553372e+01
1.000000e-01 2.894000e-02  7.235000e-03  3.000000e+00 3.962510e-06 8.000000e-04 5.816729e+01 3.179649e+01 2.253043e+01 6.900724e+01 5.852870e-02 1.299932e+00 2.405677e-01 1.290672e+00 1.637258e+01
1.000000e-01 2.894000e-02  7.235000e-03  3.000000e+00 4.068095e-06 8.000000e-04 5.816729e+01 3.179609e+01 2.251528e+01 6.899598e+01 6.196161e-02 1.364929e+00 2.535589e-01 1.360372e+00 1.725673e+01
1.000000e-01 2.894000e-02  7.235000e-03  3.000000e+00 4.176494e-06 8.000000e-04 5.816729e+01 3.179576e+01 2.249481e+01 6.898378e+01 6.435602e-02 1.441773e+00 2.672517e-01 1.433835e+00 1.818864e+01
1.000000e-01 2.894000e-02  7.235000e-03  3.000000e+00 4.287782e-06 8.000000e-04 5.816729e+01 3.179550e+01 2.247313e+01 6.897372e+01 6.777721e-02 1.520675e+00 2.816839e-01 1.511265e+00 1.917087e+01
1.000000e-01 2.894000e-02  7.235000e-03  3.000000e+00 4.402035e-06 8.000000e-04 5.816729e+01 3.179533e+01 2.245087e+01 6.895712e+01 7.135478e-02 1.605385e+00 2.968955e-01 1.592877e+00 2.020614e+01
1.000000e-01 2.894000e-02  7.235000e-03  3.000000e+00 4.519332e-06 8.000000e-04 5.816729e+01 3.179473e+01 2.242758e+01 6.894396e+01 7.666924e-02 1.689691e+00 3.129286e-01 1.678896e+00 2.129732e+01
1.000000e-01 2.894000e-02  7.235000e-03  3.000000e+00 4.639755e-06 8.000000e-04 5.816729e+01 3.179435e+01 2.240531e+01 6.892799e+01 8.060423e-02 1.783318e+00 3.298274e-01 1.769560e+00 2.244742e+01
1.000000e-01 2.894000e-02  7.235000e-03  3.000000e+00 4.763386e-06 8.000000e-04 5.816729e+01 3.179427e+01 2.237542e+01 6.891130e+01 8.341303e-02 1.884444e+00 3.476389e-01 1.865121e+00 2.365963e+01
1.000000e-01 2.894000e-02  7.235000e-03  3.000000e+00 4.890312e-06 8.000000e-04 5.816729e+01 3.179355e+01 2.235659e+01 6.889899e+01 8.974523e-02 1.961981e+00 3.664122e-01 1.965842e+00 2.493731e+01
1.000000e-01 2.894000e-02  7.235000e-03  3.000000e+00 5.020620e-06 8.000000e-04 5.816729e+01 3.179295e+01 2.232565e+01 6.888188e+01 9.601287e-02 2.081515e+00 3.861993e-01 2.072002e+00 2.628398e+01
1.000000e-01 2.894000e-02  7.235000e-03  3.000000e+00 5.154400e-06 8.000000e-04 5.816729e+01 3.179268e+01 2.229303e+01 6.886267e+01 9.766700e-02 2.193017e+00 4.070549e-01 2.183894e+00 2.770337e+01
1.000000e-01 2.894000e-02  7.235000e-03  3.000000e+00 5.291745e-06 8.000000e-04 5.816729e+01 3.179232e+01 2.225979e+01 6.884127e+01 1.040402e-01 2.314606e+00 4.290368e-01 2.301830e+00 2.919942e+01
1.000000e-01 2.894000e-02  7.235000e-03  3.000000e+00 5.432750e-06 8.000000e-04 5.816729e+01 3.179135e+01 2.222551e+01 6.881849e+01 1.102746e-01 2.443091e+00 4.522058e-01 2.426134e+00 3.077626e+01
1.000000e-01 2.894000e-02  7.235000e-03  3.000000e+00 5.577512e-06 8.000000e-04 5.816729e+01 3.179109e+01 2.219073e+01 6.880158e+01 1.160779e-01 2.572230e+00 4.766260e-01 2.557151e+00 3.243825e+01
1.000000e-01 2.894000e-02  7.235000e-03  3.000000e+00 5.726131e-06 8.000000e-04 5.816729e+01 3.179058e+01 2.215850e+01 6.877596e+01 1.219841e-01 2.713540e+00 5.023649e-01 2.695243e+00 3.418999e+01
1.000000e-01 2.894000e-02  7.235000e-03  3.000000e+00 5.878710e-06 8.000000e-04 5.816729e+01 3.178949e+01 2.211250e+01 6.874813e+01 1.293315e-01 2.868553e+00 5.294937e-01 2.840792e+00 3.603633e+01
1.000000e-01 2.894000e-02  7.235000e-03  3.000000e+00 6.035355e-06 8.000000e-04 5.816729e+01 3.178895e+01 2.207712e+01 6.872536e+01 1.377703e-01 3.001719e+00 5.580876e-01 2.994201e+00 3.798237e+01
1.000000e-01 2.894000e-02  7.235000e-03  3.000000e+00 6.196174e-06 8.000000e-04 5.816729e+01 3.178867e+01 2.203624e+01 6.869957e+01 1.404417e-01 3.153107e+00 5.882256e-01 3.155895e+00 4.003351e+01
1.000000e-01 2.894000e-02  7.235000e-03  3.000000e+00 6.361278e-06 8.000000e-04 5.816729e+01 3.178776e+01 2.199107e+01 6.867857e+01 1.503818e-01 3.356094e+00 6.199912e-01 3.326321e+00 4.219541e+01
1.000000e-01 2.894000e-02  7.235000e-03  3.000000e+00 6.530782e-06 8.000000e-04 5.816729e+01 3.178614e+01 2.193855e+01 6.864021e+01 1.649154e-01 3.529351e+00 6.534721e-01 3.505950e+00 4.447406e+01
1.000000e-01 2.894000e-02  7.235000e-03  3.000000e+00 6.704802e-06 8.000000e-04 5.816729e+01 3.178578e+01 2.189872e+01 6.862126e+01 1.658109e-01 3.697217e+00 6.887611e-01 3.695279e+00 4.687576e+01
1.000000e-01 2.894000e-02  7.235000e-03  3.000000e+00 6.883459e-06 8.000000e-04 5.816729e+01 3.178489e+01 2.182534e+01 6.857304e+01 1.788386e-01 3.953784e+00 7.259558e-01 3.894833e+00 4.940716e+01
1.000000e-01 2.894000e-02  7.235000e-03  3.000000e+00 7.066877e-06 8.000000e-04 5.816729e+01 3.178397e+01 2.178229e+01 6.855810e+01 1.891496e-01 4.142503e+00 7.651591e-01 4.105163e+00 5.207526e+01
1.000000e-01 2.894000e-02  7.235000e-03  3.000000e+00 7.255182e-06 8.000000e-04 5.816729e+01 3.178328e+01 2.172382e+01 6.851662e+01 1.972666e-01 4.359844e+00 8.064795e-01 4.326851e+00 5.488744e+01
1.000000e-01 2.894000e-02  7.235000e-03  3.000000e+00 7.448504e-06 8.000000e-04 5.816729e+01 3.178274e+01 2.166533e+01 6.848146e+01 2.044546e-01 4.601425e+00 8.500312e-01 4.560511e+00 5.785149e+01
1.000000e-01 2.894000e-02  7.235000e-03  3.000000e+00 7.646978e-06 8.000000e-04 5.816729e+01 3.178116e+01 2.159058e+01 6.843966e+01 2.201990e-01 4.857741e+00 8.959349e-01 4.806789e+00 6.097561e+01
1.000000e-01 2.894000e-02  7.235000e-03  3.000000e+00 7.850741e-06 8.000000e-04 5.816729e+01 3.178006e+01 2.154187e+01 6.841330e+01 2.333396e-01 5.065181e+00 9.443174e-01 5.066367e+00 6.426843e+01
1.000000e-01 2.894000e-02  7.235000e-03  3.000000e+00 8.059933e-06 8.000000e-04 5.816729e+01 3.177937e+01 2.146547e+01 6.837463e+01 2.435599e-01 5.367039e+00 9.953128e-01 5.339963e+00 6.773907e+01
1.000000e-01 2.894000e-02  7.235000e-03  3.000000e+00 8.274699e-06 8.000000e-04 5.816729e+01 3.177819e+01 2.138530e+01 6.831815e+01 2.610303e-01 5.681054e+00 1.049062e+00 5.628333e+00 7.139714e+01
1.000000e-01 2.894000e-02  7.235000e-03  3.000000e+00 8.495188e-06 8.000000e-04 5.816729e+01 3.177607e+01 2.131672e+01 6.828430e+01 2.721052e-01 5.953360e+00 1.105714e+00 5.932276e+00 7.525275e+01
1.000000e-01 2.894000e-02  7.235000e-03  3.000000e+00 8.721552e-06 8.000000e-04 5.816729e+01 3.177497e+01 2.123758e+01 6.823585e+01 2.873999e-01 6.265757e+00 1.165425e+00 6.252632e+00 7.931657e+01
1.000000e-01 2.894000e-02  7.235000e-03  3.000000e+00 8.953948e-06 8.000000e-04 5.816729e+01 3.177342e+01 2.115192e+01 6.818309e+01 2.983019e-01 6.653491e+00 1.228360e+00 6.590289e+00 8.359985e+01
1.000000e-01 2.894000e-02  7.235000e-03  3.000000e+00 9.192536e-06 8.000000e-04 5.816729e+01 3.177128e+01 2.107157e+01 6.813507e+01 3.158077e-01 6.981692e+00 1.294695e+00 6.946180e+00 8.811444e+01
1.000000e-01 2.894000e-02  7.235000e-03  3.000000e+00 9.437481e-06 8.000000e-04 5.816729e+01 3.176947e+01 2.096715e+01 6.809301e+01 3.382136e-01 7.362643e+00 1.364611e+00 7.321290e+00 9.287282e+01
1.000000e-01 2.894000e-02  7.235000e-03  3.000000e+00 9.688954e-06 8.000000e-04 5.816729e+01 3.176847e+01 2.087868e+01 6.804735e+01 3.489769e-01 7.745288e+00 1.438303e+00 7.716656e+00 9.788817e+01
1.000000e-01 2.894000e-02  7.235000e-03  3.000000e+00 9.947127e-06 8.000000e-04 5.816729e+01 3.176681e+01 2.076446e+01 6.797418e+01 3.726202e-01 8.179463e+00 1.515975e+00 8.133373e+00 1.031744e+02
1.000000e-01 2.894000e-02  7.235000e-03  3.000000e+00 1.021218e-05 8.000000e-04 5.816729e+01 3.176414e+01 2.066771e+01 6.791419e+01 3.894014e-01 8.635419e+00 1.597841e+00 8.572594e+00 1.087460e+02
1.000000e-01 2.894000e-02  7.235000e-03  3.000000e+00 1.048430e-05 8.000000e-04 5.816729e+01 3.176249e+01 2.054138e+01 6.785255e+01 4.057960e-01 9.107442e+00 1.684128e+00 9.035534e+00 1.146185e+02
1.000000e-01 2.894000e-02  7.235000e-03  3.000000e+00 1.076366e-05 8.000000e-04 5.816729e+01 3.176182e+01 2.045243e+01 6.781154e+01 4.382150e-01 9.521407e+00 1.775075e+00 9.523474e+00 1.208082e+02
1.000000e-01 2.894000e-02  7.235000e-03  3.000000e+00 1.105047e-05 8.000000e-04 5.816729e+01 3.175827e+01 2.030838e+01 6.772703e+01 4.530587e-01 1.014040e+01 1.870933e+00 1.003776e+01 1.273321e+02
1.000000e-01 2.894000e-02  7.235000e-03  3.000000e+00 1.134492e-05 8.000000e-04 5.816729e+01 3.175571e+01 2.019469e+01 6.768431e+01 4.863995e-01 1.062086e+01 1.971968e+00 1.057983e+01 1.342084e+02
1.000000e-01 2.894000e-02  7.235000e-03  3.000000e+00 1.164722e-05 8.000000e-04 5.816729e+01 3.175514e+01 2.003655e+01 6.759934e+01 5.071381e-01 1.120358e+01 2.078459e+00 1.115116e+01 1.414559e+02
1.000000e-01 2.894000e-02  7.235000e-03  3.000000e+00 1.195758e-05 8.000000e-04 5.816729e+01 3.175148e+01 1.989956e+01 6.750602e+01 5.357375e-01 1.183192e+01 2.190701e+00 1.175335e+01 1.490949e+02
1.000000e-01 2.894000e-02  7.235000e-03  3.000000e+00 1.227620e-05 8.000000e-04 5.816729e+01 3.174906e+01 1.974828e+01 6.743156e+01 5.586142e-01 1.246486e+01 2.309003e+00 1.238806e+01 1.571463e+02
1.000000e-01 2.894000e-02  7.235000e-03  3.000000e+00 1.260331e-05 8.000000e-04 5.816729e+01 3.174532e+01 1.958077e+01 6.735876e+01 5.943177e-01 1.313685e+01 2.433695e+00 1.305704e+01 1.656326e+02
1.000000e-01 2.894000e-02  7.235000e-03  3.000000e+00 1.293914e-05 8.000000e-04 5.816729e+01 3.174308e+01 1.943844e+01 6.730988e+01 6.193462e-01 1.384302e+01 2.565120e+00 1.376215e+01 1.745771e+02
1.000000e-01 2.894000e-02  7.235000e-03  3.000000e+00 1.328392e-05 8.000000e-04 5.816729e+01 3.173862e+01 1.930709e+01 6.724088e+01 6.500500e-01 1.453744e+01 2.703643e+00 1.450534e+01 1.840047e+02
1.000000e-01 2.894000e-02  7.235000e-03  3.000000e+00 1.363789e-05 8.000000e-04 5.816729e+01 3.173842e+01 1.908393e+01 6.713367e+01 6.861645e-01 1.545719e+01 2.849646e+00 1.528866e+01 1.939414e+02
