1.250000e+00 3.888000e-01  9.720000e-02  3.000000e+00 2.000000e-06 8.000000e-04 3.210427e+00 3.180203e+01 2.288802e+01 6.923341e+01 7.442183e-07 1.797772e-05 5.544213e-06 1.811851e-05 2.909271e-04
1.250000e+00 3.888000e-01  9.720000e-02  3.000000e+00 2.053292e-06 8.000000e-04 3.210427e+00 3.180203e+01 2.288802e+01 6.923341e+01 7.805842e-07 1.899343e-05 5.843613e-06 1.909695e-05 3.066379e-04
1.250000e+00 3.888000e-01  9.720000e-02  3.000000e+00 2.108005e-06 8.000000e-04 3.210427e+00 3.180203e+01 2.288802e+01 6.923341e+01 8.246023e-07 2.000218e-05 6.159182e-06 2.012823e-05 3.231970e-04
1.250000e+00 3.888000e-01  9.720000e-02  3.000000e+00 2.164175e-06 8.000000e-04 3.210427e+00 3.180203e+01 2.288802e+01 6.923341e+01 8.611983e-07 2.122697e-05 6.491792e-06 2.121520e-05 3.406504e-04
1.250000e+00 3.888000e-01  9.720000e-02  3.000000e+00 2.221842e-06 8.000000e-04 3.210427e+00 3.180203e+01 2.288802e+01 6.923341e+01 9.046263e-07 2.202727e-05 6.842363e-06 2.236087e-05 3.590463e-04
1.250000e+00 3.888000e-01  9.720000e-02  3.000000e+00 2.281045e-06 8.000000e-04 3.210427e+00 3.180203e+01 2.288802e+01 6.923341e+01 9.631719e-07 2.349027e-05 7.211867e-06 2.356841e-05 3.784356e-04
1.250000e+00 3.888000e-01  9.720000e-02  3.000000e+00 2.341826e-06 8.000000e-04 3.210427e+00 3.180203e+01 2.288801e+01 6.923341e+01 1.018164e-06 2.457839e-05 7.601324e-06 2.484115e-05 3.988720e-04
1.250000e+00 3.888000e-01  9.720000e-02  3.000000e+00 2.404227e-06 8.000000e-04 3.210427e+00 3.180203e+01 2.288801e+01 6.923341e+01 1.062443e-06 2.590044e-05 8.011813e-06 2.618263e-05 4.204121e-04
1.250000e+00 3.888000e-01  9.720000e-02  3.000000e+00 2.468290e-06 8.000000e-04 3.210427e+00 3.180203e+01 2.288801e+01 6.923341e+01 1.122599e-06 2.705427e-05 8.444470e-06 2.759656e-05 4.431153e-04
1.250000e+00 3.888000e-01  9.720000e-02  3.000000e+00 2.534061e-06 8.000000e-04 3.210427e+00 3.180203e+01 2.288801e+01 6.923341e+01 1.189816e-06 2.889766e-05 8.900491e-06 2.908684e-05 4.670445e-04
1.250000e+00 3.888000e-01  9.720000e-02  3.000000e+00 2.601584e-06 8.000000e-04 3.210427e+00 3.180203e+01 2.288801e+01 6.923341e+01 1.262824e-06 3.009464e-05 9.381138e-06 3.065759e-05 4.922660e-04
1.250000e+00 3.888000e-01  9.720000e-02  3.000000e+00 2.670906e-06 8.000000e-04 3.210427e+00 3.180203e+01 2.288801e+01 6.923341e+01 1.307346e-06 3.192757e-05 9.887741e-06 3.231317e-05 5.188495e-04
1.250000e+00 3.888000e-01  9.720000e-02  3.000000e+00 2.742075e-06 8.000000e-04 3.210427e+00 3.180203e+01 2.288801e+01 6.923341e+01 1.399736e-06 3.351882e-05 1.042170e-05 3.405816e-05 5.468686e-04
1.250000e+00 3.888000e-01  9.720000e-02  3.000000e+00 2.815141e-06 8.000000e-04 3.210427e+00 3.180203e+01 2.288801e+01 6.923341e+01 1.444507e-06 3.567763e-05 1.098450e-05 3.589738e-05 5.764008e-04
1.250000e+00 3.888000e-01  9.720000e-02  3.000000e+00 2.890154e-06 8.000000e-04 3.210427e+00 3.180203e+01 2.288801e+01 6.923341e+01 1.549204e-06 3.783034e-05 1.157769e-05 3.783592e-05 6.075277e-04
1.250000e+00 3.888000e-01  9.720000e-02  3.000000e+00 2.967165e-06 8.000000e-04 3.210427e+00 3.180203e+01 2.288801e+01 6.923341e+01 1.610406e-06 3.924334e-05 1.220291e-05 3.987915e-05 6.403356e-04
1.250000e+00 3.888000e-01  9.720000e-02  3.000000e+00 3.046229e-06 8.000000e-04 3.210427e+00 3.180203e+01 2.288801e+01 6.923341e+01 1.725712e-06 4.145330e-05 1.286189e-05 4.203271e-05 6.749152e-04
1.250000e+00 3.888000e-01  9.720000e-02  3.000000e+00 3.127399e-06 8.000000e-04 3.210427e+00 3.180203e+01 2.288801e+01 6.923341e+01 1.809887e-06 4.389070e-05 1.355646e-05 4.430258e-05 7.113622e-04
1.250000e+00 3.888000e-01  9.720000e-02  3.000000e+00 3.210732e-06 8.000000e-04 3.210427e+00 3.180203e+01 2.288801e+01 6.923341e+01 1.918688e-06 4.614589e-05 1.428855e-05 4.669502e-05 7.497774e-04
1.250000e+00 3.888000e-01  9.720000e-02  3.000000e+00 3.296286e-06 8.000000e-04 3.210427e+00 3.180203e+01 2.288801e+01 6.923341e+01 1.983093e-06 4.863230e-05 1.506016e-05 4.921666e-05 7.902671e-04
1.250000e+00 3.888000e-01  9.720000e-02  3.000000e+00 3.384119e-06 8.000000e-04 3.210427e+00 3.180203e+01 2.288801e+01 6.923341e+01 2.127848e-06 5.114862e-05 1.587344e-05 5.187447e-05 8.329434e-04
1.250000e+00 3.888000e-01  9.720000e-02  3.000000e+00 3.474293e-06 8.000000e-04 3.210427e+00 3.180203e+01 2.288801e+01 6.923341e+01 2.220701e-06 5.366063e-05 1.673065e-05 5.467581e-05 8.779243e-04
1.250000e+00 3.888000e-01  9.720000e-02  3.000000e+00 3.566869e-06 8.000000e-04 3.210427e+00 3.180203e+01 2.288801e+01 6.923341e+01 2.316845e-06 5.745841e-05 1.763414e-05 5.762843e-05 9.253342e-04
1.250000e+00 3.888000e-01  9.720000e-02  3.000000e+00 3.661913e-06 8.000000e-04 3.210427e+00 3.180203e+01 2.288801e+01 6.923341e+01 2.454513e-06 6.007225e-05 1.858642e-05 6.074050e-05 9.753044e-04
1.250000e+00 3.888000e-01  9.720000e-02  3.000000e+00 3.759488e-06 8.000000e-04 3.210427e+00 3.180203e+01 2.288801e+01 6.923341e+01 2.639011e-06 6.372834e-05 1.959013e-05 6.402063e-05 1.027973e-03
1.250000e+00 3.888000e-01  9.720000e-02  3.000000e+00 3.859664e-06 8.000000e-04 3.210427e+00 3.180203e+01 2.288801e+01 6.923341e+01 2.758658e-06 6.713759e-05 2.064805e-05 6.747789e-05 1.083486e-03
1.250000e+00 3.888000e-01  9.720000e-02  3.000000e+00 3.962510e-06 8.000000e-04 3.210427e+00 3.180203e+01 2.288801e+01 6.923341e+01 2.906787e-06 7.038620e-05 2.176309e-05 7.112185e-05 1.141997e-03
1.250000e+00 3.888000e-01  9.720000e-02  3.000000e+00 4.068095e-06 8.000000e-04 3.210427e+00 3.180203e+01 2.288800e+01 6.923341e+01 3.039976e-06 7.379279e-05 2.293835e-05 7.496259e-05 1.203667e-03
1.250000e+00 3.888000e-01  9.720000e-02  3.000000e+00 4.176494e-06 8.000000e-04 3.210427e+00 3.180203e+01 2.288800e+01 6.923341e+01 3.187368e-06 7.851256e-05 2.417707e-05 7.901075e-05 1.268668e-03
1.250000e+00 3.888000e-01  9.720000e-02  3.000000e+00 4.287782e-06 8.000000e-04 3.210427e+00 3.180203e+01 2.288800e+01 6.923340e+01 3.426493e-06 8.277517e-05 2.548269e-05 8.327751e-05 1.337179e-03
1.250000e+00 3.888000e-01  9.720000e-02  3.000000e+00 4.402035e-06 8.000000e-04 3.210427e+00 3.180203e+01 2.288800e+01 6.923340e+01 3.601473e-06 8.693427e-05 2.685881e-05 8.777469e-05 1.409390e-03
1.250000e+00 3.888000e-01  9.720000e-02  3.000000e+00 4.519332e-06 8.000000e-04 3.210427e+00 3.180203e+01 2.288800e+01 6.923340e+01 3.769563e-06 9.163390e-05 2.830925e-05 9.251472e-05 1.485500e-03
1.250000e+00 3.888000e-01  9.720000e-02  3.000000e+00 4.639755e-06 8.000000e-04 3.210427e+00 3.180203e+01 2.288800e+01 6.923340e+01 3.997053e-06 9.646794e-05 2.983801e-05 9.751073e-05 1.565721e-03
1.250000e+00 3.888000e-01  9.720000e-02  3.000000e+00 4.763386e-06 8.000000e-04 3.210427e+00 3.180203e+01 2.288800e+01 6.923340e+01 4.162052e-06 1.008805e-04 3.144934e-05 1.027765e-04 1.650273e-03
1.250000e+00 3.888000e-01  9.720000e-02  3.000000e+00 4.890312e-06 8.000000e-04 3.210427e+00 3.180203e+01 2.288800e+01 6.923340e+01 4.459568e-06 1.063528e-04 3.314767e-05 1.083267e-04 1.739392e-03
1.250000e+00 3.888000e-01  9.720000e-02  3.000000e+00 5.020620e-06 8.000000e-04 3.210427e+00 3.180203e+01 2.288800e+01 6.923340e+01 4.636974e-06 1.135243e-04 3.493772e-05 1.141766e-04 1.833323e-03
1.250000e+00 3.888000e-01  9.720000e-02  3.000000e+00 5.154400e-06 8.000000e-04 3.210427e+00 3.180203e+01 2.288800e+01 6.923340e+01 4.860836e-06 1.197228e-04 3.682444e-05 1.203424e-04 1.932326e-03
1.250000e+00 3.888000e-01  9.720000e-02  3.000000e+00 5.291745e-06 8.000000e-04 3.210427e+00 3.180203e+01 2.288799e+01 6.923340e+01 5.191962e-06 1.267972e-04 3.881305e-05 1.268412e-04 2.036677e-03
1.250000e+00 3.888000e-01  9.720000e-02  3.000000e+00 5.432750e-06 8.000000e-04 3.210427e+00 3.180203e+01 2.288799e+01 6.923340e+01 5.460724e-06 1.321529e-04 4.090904e-05 1.336909e-04 2.146662e-03
1.250000e+00 3.888000e-01  9.720000e-02  3.000000e+00 5.577512e-06 8.000000e-04 3.210427e+00 3.180203e+01 2.288799e+01 6.923340e+01 5.728870e-06 1.402074e-04 4.311822e-05 1.409105e-04 2.262586e-03
1.250000e+00 3.888000e-01  9.720000e-02  3.000000e+00 5.726131e-06 8.000000e-04 3.210427e+00 3.180203e+01 2.288799e+01 6.923340e+01 6.047914e-06 1.464013e-04 4.544671e-05 1.485200e-04 2.384771e-03
1.250000e+00 3.888000e-01  9.720000e-02  3.000000e+00 5.878710e-06 8.000000e-04 3.210427e+00 3.180203e+01 2.288799e+01 6.923340e+01 6.393412e-06 1.550161e-04 4.790093e-05 1.565404e-04 2.513555e-03
1.250000e+00 3.888000e-01  9.720000e-02  3.000000e+00 6.035355e-06 8.000000e-04 3.210427e+00 3.180203e+01 2.288799e+01 6.923340e+01 6.768892e-06 1.620249e-04 5.048769e-05 1.649940e-04 2.649292e-03
1.250000e+00 3.888000e-01  9.720000e-02  3.000000e+00 6.196174e-06 8.000000e-04 3.210427e+00 3.180203e+01 2.288798e+01 6.923340e+01 7.096892e-06 1.723636e-04 5.321415e-05 1.739040e-04 2.792360e-03
1.250000e+00 3.888000e-01  9.720000e-02  3.000000e+00 6.361278e-06 8.000000e-04 3.210427e+00 3.180203e+01 2.288798e+01 6.923340e+01 7.347536e-06 1.819190e-04 5.608783e-05 1.832952e-04 2.943154e-03
1.250000e+00 3.888000e-01  9.720000e-02  3.000000e+00 6.530782e-06 8.000000e-04 3.210427e+00 3.180203e+01 2.288798e+01 6.923340e+01 7.852932e-06 1.916060e-04 5.911671e-05 1.931936e-04 3.102091e-03
1.250000e+00 3.888000e-01  9.720000e-02  3.000000e+00 6.704802e-06 8.000000e-04 3.210427e+00 3.180203e+01 2.288798e+01 6.923340e+01 8.208985e-06 2.027877e-04 6.230914e-05 2.036265e-04 3.269611e-03
1.250000e+00 3.888000e-01  9.720000e-02  3.000000e+00 6.883459e-06 8.000000e-04 3.210427e+00 3.180203e+01 2.288798e+01 6.923340e+01 8.700939e-06 2.118030e-04 6.567398e-05 2.146228e-04 3.446178e-03
1.250000e+00 3.888000e-01  9.720000e-02  3.000000e+00 7.066877e-06 8.000000e-04 3.210427e+00 3.180203e+01 2.288797e+01 6.923339e+01 9.166076e-06 2.260810e-04 6.922053e-05 2.262129e-04 3.632279e-03
1.250000e+00 3.888000e-01  9.720000e-02  3.000000e+00 7.255182e-06 8.000000e-04 3.210427e+00 3.180203e+01 2.288797e+01 6.923339e+01 9.778302e-06 2.347959e-04 7.295860e-05 2.384290e-04 3.828431e-03
1.250000e+00 3.888000e-01  9.720000e-02  3.000000e+00 7.448504e-06 8.000000e-04 3.210427e+00 3.180203e+01 2.288797e+01 6.923339e+01 1.040128e-05 2.477443e-04 7.689853e-05 2.513047e-04 4.035175e-03
1.250000e+00 3.888000e-01  9.720000e-02  3.000000e+00 7.646978e-06 8.000000e-04 3.210427e+00 3.180203e+01 2.288797e+01 6.923339e+01 1.075764e-05 2.617865e-04 8.105123e-05 2.648757e-04 4.253084e-03
1.250000e+00 3.888000e-01  9.720000e-02  3.000000e+00 7.850741e-06 8.000000e-04 3.210427e+00 3.180203e+01 2.288796e+01 6.923339e+01 1.121434e-05 2.771456e-04 8.542818e-05 2.791796e-04 4.482760e-03
1.250000e+00 3.888000e-01  9.720000e-02  3.000000e+00 8.059933e-06 8.000000e-04 3.210427e+00 3.180203e+01 2.288796e+01 6.923339e+01 1.201057e-05 2.899614e-04 9.004150e-05 2.942559e-04 4.724840e-03
1.250000e+00 3.888000e-01  9.720000e-02  3.000000e+00 8.274699e-06 8.000000e-04 3.210427e+00 3.180203e+01 2.288796e+01 6.923339e+01 1.242412e-05 3.064522e-04 9.490395e-05 3.101464e-04 4.979992e-03
1.250000e+00 3.888000e-01  9.720000e-02  3.000000e+00 8.495188e-06 8.000000e-04 3.210427e+00 3.180203e+01 2.288795e+01 6.923339e+01 1.344733e-05 3.219119e-04 1.000290e-04 3.268951e-04 5.248923e-03
1.250000e+00 3.888000e-01  9.720000e-02  3.000000e+00 8.721552e-06 8.000000e-04 3.210427e+00 3.180203e+01 2.288795e+01 6.923339e+01 1.380971e-05 3.426829e-04 1.054308e-04 3.445482e-04 5.532377e-03
1.250000e+00 3.888000e-01  9.720000e-02  3.000000e+00 8.953948e-06 8.000000e-04 3.210427e+00 3.180203e+01 2.288794e+01 6.923338e+01 1.495727e-05 3.578420e-04 1.111243e-04 3.631546e-04 5.831138e-03
1.250000e+00 3.888000e-01  9.720000e-02  3.000000e+00 9.192536e-06 8.000000e-04 3.210427e+00 3.180203e+01 2.288794e+01 6.923338e+01 1.550745e-05 3.782850e-04 1.171253e-04 3.827657e-04 6.146033e-03
1.250000e+00 3.888000e-01  9.720000e-02  3.000000e+00 9.437481e-06 8.000000e-04 3.210427e+00 3.180203e+01 2.288794e+01 6.923338e+01 1.644347e-05 3.989309e-04 1.234503e-04 4.034360e-04 6.477933e-03
1.250000e+00 3.888000e-01  9.720000e-02  3.000000e+00 9.688954e-06 8.000000e-04 3.210427e+00 3.180203e+01 2.288793e+01 6.923338e+01 1.746869e-05 4.199031e-04 1.301169e-04 4.252225e-04 6.827756e-03
1.250000e+00 3.888000e-01  9.720000e-02  3.000000e+00 9.947127e-06 8.000000e-04 3.210427e+00 3.180203e+01 2.288793e+01 6.923337e+01 1.821824e-05 4.479321e-04 1.371435e-04 4.481854e-04 7.196471e-03
1.250000e+00 3.888000e-01  9.720000e-02  3.000000e+00 1.021218e-05 8.000000e-04 3.210427e+00 3.180203e+01 2.288792e+01 6.923337e+01 1.938721e-05 4.705203e-04 1.445496e-04 4.723885e-04 7.585097e-03
1.250000e+00 3.888000e-01  9.720000e-02  3.000000e+00 1.048430e-05 8.000000e-04 3.210427e+00 3.180203e+01 2.288792e+01 6.923337e+01 2.026111e-05 4.942971e-04 1.523556e-04 4.978986e-04 7.994710e-03
1.250000e+00 3.888000e-01  9.720000e-02  3.000000e+00 1.076366e-05 8.000000e-04 3.210427e+00 3.180203e+01 2.288791e+01 6.923337e+01 2.112830e-05 5.220484e-04 1.605831e-04 5.247862e-04 8.426443e-03
1.250000e+00 3.888000e-01  9.720000e-02  3.000000e+00 1.105047e-05 8.000000e-04 3.210427e+00 3.180203e+01 2.288791e+01 6.923337e+01 2.237521e-05 5.518230e-04 1.692550e-04 5.531259e-04 8.881490e-03
1.250000e+00 3.888000e-01  9.720000e-02  3.000000e+00 1.134492e-05 8.000000e-04 3.210427e+00 3.180203e+01 2.288790e+01 6.923336e+01 2.356932e-05 5.774936e-04 1.783952e-04 5.829960e-04 9.361111e-03
1.250000e+00 3.888000e-01  9.720000e-02  3.000000e+00 1.164722e-05 8.000000e-04 3.210427e+00 3.180203e+01 2.288789e+01 6.923336e+01 2.497410e-05 6.067885e-04 1.880289e-04 6.144791e-04 9.866633e-03
1.250000e+00 3.888000e-01  9.720000e-02  3.000000e+00 1.195758e-05 8.000000e-04 3.210427e+00 3.180203e+01 2.288789e+01 6.923336e+01 2.621642e-05 6.348554e-04 1.981829e-04 6.476624e-04 1.039945e-02
1.250000e+00 3.888000e-01  9.720000e-02  3.000000e+00 1.227620e-05 8.000000e-04 3.210427e+00 3.180203e+01 2.288788e+01 6.923336e+01 2.786155e-05 6.771507e-04 2.088852e-04 6.826377e-04 1.096105e-02
1.250000e+00 3.888000e-01  9.720000e-02  3.000000e+00 1.260331e-05 8.000000e-04 3.210427e+00 3.180203e+01 2.288787e+01 6.923336e+01 2.938669e-05 7.111333e-04 2.201655e-04 7.195017e-04 1.155297e-02
1.250000e+00 3.888000e-01  9.720000e-02  3.000000e+00 1.293914e-05 8.000000e-04 3.210427e+00 3.180203e+01 2.288786e+01 6.923335e+01 3.108920e-05 7.532521e-04 2.320550e-04 7.583564e-04 1.217686e-02
