6.000000e-02 1.604000e-02  4.010000e-03  3.000000e+00 2.000000e-06 8.000000e-04 1.464681e+02 3.179533e+01 2.279423e+01 6.916646e+01 6.874978e-02 3.462633e-01 1.587134e-01 1.396036e+00 1.000684e+01
6.000000e-02 1.604000e-02  4.010000e-03  3.000000e+00 2.053292e-06 8.000000e-04 1.464681e+02 3.179502e+01 2.278943e+01 6.916360e+01 7.274853e-02 3.646101e-01 1.672843e-01 1.471425e+00 1.054724e+01
6.000000e-02 1.604000e-02  4.010000e-03  3.000000e+00 2.108005e-06 8.000000e-04 1.464681e+02 3.179455e+01 2.278492e+01 6.915964e+01 7.781289e-02 3.853128e-01 1.763181e-01 1.550885e+00 1.111681e+01
6.000000e-02 1.604000e-02  4.010000e-03  3.000000e+00 2.164175e-06 8.000000e-04 1.464681e+02 3.179436e+01 2.277902e+01 6.915612e+01 8.090534e-02 4.057021e-01 1.858397e-01 1.634637e+00 1.171714e+01
6.000000e-02 1.604000e-02  4.010000e-03  3.000000e+00 2.221842e-06 8.000000e-04 1.464681e+02 3.179397e+01 2.277162e+01 6.915128e+01 8.539457e-02 4.288399e-01 1.958754e-01 1.722911e+00 1.234990e+01
6.000000e-02 1.604000e-02  4.010000e-03  3.000000e+00 2.281045e-06 8.000000e-04 1.464681e+02 3.179379e+01 2.276559e+01 6.914743e+01 8.859638e-02 4.522828e-01 2.064532e-01 1.815952e+00 1.301682e+01
6.000000e-02 1.604000e-02  4.010000e-03  3.000000e+00 2.341826e-06 8.000000e-04 1.464681e+02 3.179311e+01 2.275947e+01 6.914149e+01 9.431953e-02 4.761492e-01 2.176021e-01 1.914018e+00 1.371976e+01
6.000000e-02 1.604000e-02  4.010000e-03  3.000000e+00 2.404227e-06 8.000000e-04 1.464681e+02 3.179243e+01 2.275245e+01 6.913676e+01 1.009956e-01 5.023586e-01 2.293531e-01 2.017379e+00 1.446066e+01
6.000000e-02 1.604000e-02  4.010000e-03  3.000000e+00 2.468290e-06 8.000000e-04 1.464681e+02 3.179194e+01 2.274451e+01 6.913221e+01 1.057578e-01 5.279683e-01 2.417387e-01 2.126322e+00 1.524157e+01
6.000000e-02 1.604000e-02  4.010000e-03  3.000000e+00 2.534061e-06 8.000000e-04 1.464681e+02 3.179134e+01 2.273784e+01 6.912668e+01 1.117829e-01 5.547358e-01 2.547932e-01 2.241149e+00 1.606465e+01
6.000000e-02 1.604000e-02  4.010000e-03  3.000000e+00 2.601584e-06 8.000000e-04 1.464681e+02 3.179097e+01 2.272867e+01 6.911937e+01 1.164104e-01 5.917864e-01 2.685526e-01 2.362176e+00 1.693217e+01
6.000000e-02 1.604000e-02  4.010000e-03  3.000000e+00 2.670906e-06 8.000000e-04 1.464681e+02 3.179025e+01 2.272218e+01 6.911555e+01 1.224946e-01 6.175946e-01 2.830551e-01 2.489739e+00 1.784655e+01
6.000000e-02 1.604000e-02  4.010000e-03  3.000000e+00 2.742075e-06 8.000000e-04 1.464681e+02 3.178938e+01 2.271257e+01 6.910917e+01 1.319598e-01 6.551584e-01 2.983407e-01 2.624190e+00 1.881030e+01
6.000000e-02 1.604000e-02  4.010000e-03  3.000000e+00 2.815141e-06 8.000000e-04 1.464681e+02 3.178900e+01 2.270230e+01 6.910139e+01 1.370909e-01 6.852094e-01 3.144518e-01 2.765903e+00 1.982610e+01
6.000000e-02 1.604000e-02  4.010000e-03  3.000000e+00 2.890154e-06 8.000000e-04 1.464681e+02 3.178845e+01 2.269374e+01 6.909658e+01 1.451097e-01 7.239495e-01 3.314329e-01 2.915268e+00 2.089676e+01
6.000000e-02 1.604000e-02  4.010000e-03  3.000000e+00 2.967165e-06 8.000000e-04 1.464681e+02 3.178782e+01 2.268190e+01 6.908818e+01 1.514747e-01 7.631581e-01 3.493310e-01 3.072699e+00 2.202523e+01
6.000000e-02 1.604000e-02  4.010000e-03  3.000000e+00 3.046229e-06 8.000000e-04 1.464681e+02 3.178682e+01 2.266940e+01 6.908006e+01 1.603362e-01 8.080911e-01 3.681957e-01 3.238632e+00 2.321465e+01
6.000000e-02 1.604000e-02  4.010000e-03  3.000000e+00 3.127399e-06 8.000000e-04 1.464681e+02 3.178555e+01 2.265774e+01 6.906929e+01 1.711846e-01 8.521766e-01 3.880791e-01 3.413526e+00 2.446829e+01
6.000000e-02 1.604000e-02  4.010000e-03  3.000000e+00 3.210732e-06 8.000000e-04 1.464681e+02 3.178501e+01 2.264477e+01 6.906134e+01 1.801527e-01 8.980211e-01 4.090363e-01 3.597864e+00 2.578964e+01
6.000000e-02 1.604000e-02  4.010000e-03  3.000000e+00 3.296286e-06 8.000000e-04 1.464681e+02 3.178385e+01 2.263422e+01 6.905346e+01 1.880861e-01 9.413044e-01 4.311252e-01 3.792157e+00 2.718234e+01
6.000000e-02 1.604000e-02  4.010000e-03  3.000000e+00 3.384119e-06 8.000000e-04 1.464681e+02 3.178371e+01 2.261950e+01 6.904566e+01 1.955595e-01 9.921753e-01 4.544070e-01 3.996942e+00 2.865024e+01
6.000000e-02 1.604000e-02  4.010000e-03  3.000000e+00 3.474293e-06 8.000000e-04 1.464681e+02 3.178179e+01 2.260536e+01 6.903301e+01 2.092372e-01 1.047852e+00 4.789460e-01 4.212786e+00 3.019742e+01
6.000000e-02 1.604000e-02  4.010000e-03  3.000000e+00 3.566869e-06 8.000000e-04 1.464681e+02 3.178117e+01 2.259146e+01 6.902503e+01 2.200455e-01 1.103648e+00 5.048102e-01 4.440286e+00 3.182816e+01
6.000000e-02 1.604000e-02  4.010000e-03  3.000000e+00 3.661913e-06 8.000000e-04 1.464681e+02 3.178033e+01 2.257693e+01 6.901366e+01 2.330729e-01 1.162203e+00 5.320711e-01 4.680072e+00 3.354695e+01
6.000000e-02 1.604000e-02  4.010000e-03  3.000000e+00 3.759488e-06 8.000000e-04 1.464681e+02 3.177887e+01 2.255477e+01 6.900036e+01 2.457759e-01 1.234479e+00 5.608042e-01 4.932807e+00 3.535856e+01
6.000000e-02 1.604000e-02  4.010000e-03  3.000000e+00 3.859664e-06 8.000000e-04 1.464681e+02 3.177783e+01 2.253976e+01 6.899376e+01 2.575628e-01 1.296190e+00 5.910889e-01 5.199190e+00 3.726801e+01
6.000000e-02 1.604000e-02  4.010000e-03  3.000000e+00 3.962510e-06 8.000000e-04 1.464681e+02 3.177598e+01 2.252281e+01 6.897573e+01 2.738269e-01 1.364236e+00 6.230091e-01 5.479958e+00 3.928056e+01
6.000000e-02 1.604000e-02  4.010000e-03  3.000000e+00 4.068095e-06 8.000000e-04 1.464681e+02 3.177497e+01 2.250501e+01 6.896585e+01 2.897936e-01 1.433778e+00 6.566530e-01 5.775889e+00 4.140181e+01
6.000000e-02 1.604000e-02  4.010000e-03  3.000000e+00 4.176494e-06 8.000000e-04 1.464681e+02 3.177314e+01 2.248530e+01 6.894863e+01 3.030249e-01 1.507155e+00 6.921138e-01 6.087800e+00 4.363760e+01
6.000000e-02 1.604000e-02  4.010000e-03  3.000000e+00 4.287782e-06 8.000000e-04 1.464681e+02 3.177130e+01 2.246262e+01 6.893327e+01 3.186155e-01 1.592418e+00 7.294895e-01 6.416555e+00 4.599413e+01
6.000000e-02 1.604000e-02  4.010000e-03  3.000000e+00 4.402035e-06 8.000000e-04 1.464681e+02 3.177007e+01 2.243897e+01 6.891758e+01 3.345325e-01 1.677661e+00 7.688836e-01 6.763064e+00 4.847792e+01
6.000000e-02 1.604000e-02  4.010000e-03  3.000000e+00 4.519332e-06 8.000000e-04 1.464681e+02 3.176902e+01 2.241651e+01 6.890017e+01 3.504810e-01 1.757686e+00 8.104051e-01 7.128285e+00 5.109584e+01
6.000000e-02 1.604000e-02  4.010000e-03  3.000000e+00 4.639755e-06 8.000000e-04 1.464681e+02 3.176542e+01 2.238937e+01 6.887952e+01 3.785272e-01 1.866815e+00 8.541689e-01 7.513229e+00 5.385513e+01
6.000000e-02 1.604000e-02  4.010000e-03  3.000000e+00 4.763386e-06 8.000000e-04 1.464681e+02 3.176361e+01 2.236709e+01 6.886656e+01 3.983813e-01 1.961174e+00 9.002960e-01 7.918961e+00 5.676343e+01
6.000000e-02 1.604000e-02  4.010000e-03  3.000000e+00 4.890312e-06 8.000000e-04 1.464681e+02 3.176333e+01 2.233217e+01 6.884731e+01 4.113649e-01 2.078125e+00 9.489140e-01 8.346603e+00 5.982879e+01
6.000000e-02 1.604000e-02  4.010000e-03  3.000000e+00 5.020620e-06 8.000000e-04 1.464681e+02 3.175973e+01 2.230003e+01 6.882273e+01 4.371573e-01 2.184816e+00 1.000158e+00 8.797339e+00 6.305968e+01
6.000000e-02 1.604000e-02  4.010000e-03  3.000000e+00 5.154400e-06 8.000000e-04 1.464681e+02 3.175739e+01 2.226958e+01 6.880164e+01 4.685966e-01 2.309353e+00 1.054168e+00 9.272415e+00 6.646505e+01
6.000000e-02 1.604000e-02  4.010000e-03  3.000000e+00 5.291745e-06 8.000000e-04 1.464681e+02 3.175590e+01 2.224153e+01 6.878300e+01 4.813697e-01 2.426333e+00 1.111096e+00 9.773147e+00 7.005432e+01
6.000000e-02 1.604000e-02  4.010000e-03  3.000000e+00 5.432750e-06 8.000000e-04 1.464681e+02 3.175265e+01 2.220628e+01 6.875818e+01 5.126516e-01 2.566840e+00 1.171098e+00 1.030092e+01 7.383741e+01
6.000000e-02 1.604000e-02  4.010000e-03  3.000000e+00 5.577512e-06 8.000000e-04 1.464681e+02 3.174938e+01 2.217132e+01 6.872805e+01 5.503679e-01 2.709237e+00 1.234340e+00 1.085719e+01 7.782480e+01
6.000000e-02 1.604000e-02  4.010000e-03  3.000000e+00 5.726131e-06 8.000000e-04 1.464681e+02 3.174737e+01 2.212816e+01 6.870589e+01 5.663563e-01 2.857077e+00 1.300997e+00 1.144351e+01 8.202752e+01
6.000000e-02 1.604000e-02  4.010000e-03  3.000000e+00 5.878710e-06 8.000000e-04 1.464681e+02 3.174490e+01 2.209690e+01 6.867869e+01 5.958844e-01 2.996146e+00 1.371254e+00 1.206148e+01 8.645720e+01
6.000000e-02 1.604000e-02  4.010000e-03  3.000000e+00 6.035355e-06 8.000000e-04 1.464681e+02 3.174008e+01 2.204513e+01 6.864687e+01 6.388146e-01 3.160104e+00 1.445305e+00 1.271283e+01 9.112609e+01
6.000000e-02 1.604000e-02  4.010000e-03  3.000000e+00 6.196174e-06 8.000000e-04 1.464681e+02 3.173872e+01 2.199936e+01 6.861551e+01 6.622061e-01 3.343480e+00 1.523354e+00 1.339935e+01 9.604711e+01
6.000000e-02 1.604000e-02  4.010000e-03  3.000000e+00 6.361278e-06 8.000000e-04 1.464681e+02 3.173552e+01 2.195857e+01 6.858814e+01 6.978167e-01 3.521257e+00 1.605619e+00 1.412295e+01 1.012339e+02
6.000000e-02 1.604000e-02  4.010000e-03  3.000000e+00 6.530782e-06 8.000000e-04 1.464681e+02 3.173316e+01 2.191273e+01 6.856253e+01 7.331803e-01 3.705194e+00 1.692326e+00 1.488562e+01 1.067007e+02
6.000000e-02 1.604000e-02  4.010000e-03  3.000000e+00 6.704802e-06 8.000000e-04 1.464681e+02 3.172781e+01 2.186139e+01 6.851810e+01 7.760671e-01 3.889612e+00 1.783716e+00 1.568948e+01 1.124628e+02
6.000000e-02 1.604000e-02  4.010000e-03  3.000000e+00 6.883459e-06 8.000000e-04 1.464681e+02 3.172449e+01 2.179915e+01 6.848129e+01 8.172603e-01 4.121441e+00 1.880040e+00 1.653675e+01 1.185361e+02
6.000000e-02 1.604000e-02  4.010000e-03  3.000000e+00 7.066877e-06 8.000000e-04 1.464681e+02 3.171947e+01 2.174656e+01 6.843535e+01 8.576602e-01 4.326166e+00 1.981567e+00 1.742977e+01 1.249373e+02
6.000000e-02 1.604000e-02  4.010000e-03  3.000000e+00 7.255182e-06 8.000000e-04 1.464681e+02 3.171343e+01 2.168527e+01 6.840340e+01 9.098524e-01 4.559180e+00 2.088576e+00 1.837102e+01 1.316842e+02
6.000000e-02 1.604000e-02  4.010000e-03  3.000000e+00 7.448504e-06 8.000000e-04 1.464681e+02 3.170952e+01 2.163057e+01 6.837060e+01 9.608992e-01 4.806664e+00 2.201364e+00 1.936309e+01 1.387955e+02
6.000000e-02 1.604000e-02  4.010000e-03  3.000000e+00 7.646978e-06 8.000000e-04 1.464681e+02 3.170499e+01 2.156605e+01 6.832595e+01 1.024615e+00 5.060901e+00 2.320243e+00 2.040875e+01 1.462907e+02
6.000000e-02 1.604000e-02  4.010000e-03  3.000000e+00 7.850741e-06 8.000000e-04 1.464681e+02 3.170012e+01 2.150138e+01 6.828491e+01 1.076170e+00 5.355449e+00 2.445541e+00 2.151087e+01 1.541908e+02
6.000000e-02 1.604000e-02  4.010000e-03  3.000000e+00 8.059933e-06 8.000000e-04 1.464681e+02 3.169332e+01 2.143116e+01 6.824183e+01 1.138122e+00 5.630177e+00 2.577606e+00 2.267250e+01 1.625174e+02
6.000000e-02 1.604000e-02  4.010000e-03  3.000000e+00 8.274699e-06 8.000000e-04 1.464681e+02 3.168998e+01 2.136199e+01 6.819217e+01 1.184113e+00 5.907856e+00 2.716803e+00 2.389687e+01 1.712937e+02
6.000000e-02 1.604000e-02  4.010000e-03  3.000000e+00 8.495188e-06 8.000000e-04 1.464681e+02 3.168247e+01 2.127297e+01 6.813872e+01 1.254336e+00 6.254465e+00 2.863517e+00 2.518736e+01 1.805440e+02
6.000000e-02 1.604000e-02  4.010000e-03  3.000000e+00 8.721552e-06 8.000000e-04 1.464681e+02 3.167626e+01 2.117874e+01 6.809927e+01 1.323330e+00 6.619601e+00 3.018153e+00 2.654753e+01 1.902938e+02
6.000000e-02 1.604000e-02  4.010000e-03  3.000000e+00 8.953948e-06 8.000000e-04 1.464681e+02 3.167335e+01 2.110249e+01 6.803771e+01 1.370298e+00 6.942364e+00 3.181140e+00 2.798116e+01 2.005701e+02
6.000000e-02 1.604000e-02  4.010000e-03  3.000000e+00 9.192536e-06 8.000000e-04 1.464681e+02 3.166342e+01 2.099931e+01 6.795930e+01 1.456232e+00 7.351808e+00 3.352929e+00 2.949221e+01 2.114013e+02
6.000000e-02 1.604000e-02  4.010000e-03  3.000000e+00 9.437481e-06 8.000000e-04 1.464681e+02 3.165313e+01 2.089860e+01 6.788412e+01 1.551242e+00 7.757239e+00 3.533995e+00 3.108485e+01 2.228175e+02
6.000000e-02 1.604000e-02  4.010000e-03  3.000000e+00 9.688954e-06 8.000000e-04 1.464681e+02 3.165063e+01 2.080183e+01 6.783750e+01 1.616582e+00 8.165055e+00 3.724839e+00 3.276351e+01 2.348502e+02
6.000000e-02 1.604000e-02  4.010000e-03  3.000000e+00 9.947127e-06 8.000000e-04 1.464681e+02 3.163893e+01 2.070059e+01 6.776228e+01 1.714712e+00 8.596582e+00 3.925989e+00 3.453281e+01 2.475326e+02
6.000000e-02 1.604000e-02  4.010000e-03  3.000000e+00 1.021218e-05 8.000000e-04 1.464681e+02 3.162721e+01 2.057906e+01 6.768571e+01 1.832045e+00 9.081458e+00 4.138001e+00 3.639766e+01 2.608999e+02
6.000000e-02 1.604000e-02  4.010000e-03  3.000000e+00 1.048430e-05 8.000000e-04 1.464681e+02 3.162008e+01 2.047850e+01 6.762432e+01 1.893604e+00 9.484645e+00 4.361463e+00 3.836322e+01 2.749891e+02
6.000000e-02 1.604000e-02  4.010000e-03  3.000000e+00 1.076366e-05 8.000000e-04 1.464681e+02 3.161202e+01 2.038281e+01 6.755509e+01 2.036109e+00 1.004197e+01 4.596992e+00 4.043492e+01 2.898392e+02
6.000000e-02 1.604000e-02  4.010000e-03  3.000000e+00 1.105047e-05 8.000000e-04 1.464681e+02 3.159717e+01 2.023844e+01 6.749109e+01 2.126198e+00 1.059204e+01 4.845240e+00 4.261850e+01 3.054912e+02
6.000000e-02 1.604000e-02  4.010000e-03  3.000000e+00 1.134492e-05 8.000000e-04 1.464681e+02 3.159001e+01 2.011151e+01 6.741674e+01 2.229323e+00 1.114732e+01 5.106894e+00 4.492000e+01 3.219884e+02
6.000000e-02 1.604000e-02  4.010000e-03  3.000000e+00 1.164722e-05 8.000000e-04 1.464681e+02 3.158130e+01 1.993609e+01 6.729567e+01 2.346398e+00 1.179283e+01 5.382679e+00 4.734579e+01 3.393765e+02
6.000000e-02 1.604000e-02  4.010000e-03  3.000000e+00 1.195758e-05 8.000000e-04 1.464681e+02 3.156873e+01 1.980463e+01 6.723020e+01 2.453240e+00 1.244774e+01 5.673356e+00 4.990257e+01 3.577036e+02
6.000000e-02 1.604000e-02  4.010000e-03  3.000000e+00 1.227620e-05 8.000000e-04 1.464681e+02 3.155459e+01 1.964891e+01 6.713197e+01 2.604382e+00 1.311132e+01 5.979730e+00 5.259742e+01 3.770205e+02
6.000000e-02 1.604000e-02  4.010000e-03  3.000000e+00 1.260331e-05 8.000000e-04 1.464681e+02 3.154091e+01 1.954258e+01 6.707819e+01 2.750999e+00 1.372299e+01 6.302649e+00 5.543780e+01 3.973804e+02
6.000000e-02 1.604000e-02  4.010000e-03  3.000000e+00 1.293914e-05 8.000000e-04 1.464681e+02 3.152575e+01 1.934940e+01 6.693998e+01 2.896559e+00 1.451096e+01 6.643007e+00 5.843157e+01 4.188399e+02
6.000000e-02 1.604000e-02  4.010000e-03  3.000000e+00 1.328392e-05 8.000000e-04 1.464681e+02 3.151180e+01 1.922177e+01 6.686840e+01 3.067039e+00 1.519389e+01 7.001745e+00 6.158701e+01 4.414582e+02
6.000000e-02 1.604000e-02  4.010000e-03  3.000000e+00 1.363789e-05 8.000000e-04 1.464681e+02 3.149555e+01 1.901276e+01 6.673464e+01 3.270031e+00 1.608230e+01 7.379855e+00 6.491285e+01 4.652980e+02
6.000000e-02 1.604000e-02  4.010000e-03  3.000000e+00 1.400128e-05 8.000000e-04 1.464681e+02 3.147550e+01 1.884732e+01 6.669799e+01 3.428474e+00 1.690445e+01 7.778384e+00 6.841830e+01 4.904252e+02
6.000000e-02 1.604000e-02  4.010000e-03  3.000000e+00 1.437436e-05 8.000000e-04 1.464681e+02 3.146484e+01 1.861936e+01 6.660916e+01 3.514464e+00 1.792620e+01 8.198435e+00 7.211305e+01 5.169093e+02
