2.000000e-01 7.444000e-02  1.861000e-02  3.000000e+00 2.000000e-06 8.000000e-04 8.026593e+00 3.180181e+01 2.285729e+01 6.921435e+01 2.304230e-03 1.120781e-01 7.601477e-03 2.630491e-02 4.404509e-01
2.000000e-01 7.444000e-02  1.861000e-02  3.000000e+00 2.053292e-06 8.000000e-04 8.026593e+00 3.180180e+01 2.285577e+01 6.921320e+01 2.420853e-03 1.177410e-01 8.011975e-03 2.772543e-02 4.642363e-01
2.000000e-01 7.444000e-02  1.861000e-02  3.000000e+00 2.108005e-06 8.000000e-04 8.026593e+00 3.180179e+01 2.285426e+01 6.921235e+01 2.575768e-03 1.242716e-01 8.444640e-03 2.922267e-02 4.893061e-01
2.000000e-01 7.444000e-02  1.861000e-02  3.000000e+00 2.164175e-06 8.000000e-04 8.026593e+00 3.180177e+01 2.285184e+01 6.921108e+01 2.709292e-03 1.312813e-01 8.900670e-03 3.080076e-02 5.157298e-01
2.000000e-01 7.444000e-02  1.861000e-02  3.000000e+00 2.221842e-06 8.000000e-04 8.026593e+00 3.180176e+01 2.284982e+01 6.920974e+01 2.829852e-03 1.384430e-01 9.381327e-03 3.246407e-02 5.435804e-01
2.000000e-01 7.444000e-02  1.861000e-02  3.000000e+00 2.281045e-06 8.000000e-04 8.026593e+00 3.180175e+01 2.284829e+01 6.920873e+01 3.019885e-03 1.448917e-01 9.887940e-03 3.421721e-02 5.729350e-01
2.000000e-01 7.444000e-02  1.861000e-02  3.000000e+00 2.341826e-06 8.000000e-04 8.026593e+00 3.180173e+01 2.284629e+01 6.920755e+01 3.156528e-03 1.531942e-01 1.042191e-02 3.606502e-02 6.038748e-01
2.000000e-01 7.444000e-02  1.861000e-02  3.000000e+00 2.404227e-06 8.000000e-04 8.026593e+00 3.180171e+01 2.284357e+01 6.920588e+01 3.359328e-03 1.620761e-01 1.098472e-02 3.801261e-02 6.364854e-01
2.000000e-01 7.444000e-02  1.861000e-02  3.000000e+00 2.468290e-06 8.000000e-04 8.026593e+00 3.180170e+01 2.284124e+01 6.920421e+01 3.519282e-03 1.704777e-01 1.157792e-02 4.006538e-02 6.708571e-01
2.000000e-01 7.444000e-02  1.861000e-02  3.000000e+00 2.534061e-06 8.000000e-04 8.026593e+00 3.180168e+01 2.283876e+01 6.920309e+01 3.695757e-03 1.793905e-01 1.220315e-02 4.222900e-02 7.070849e-01
2.000000e-01 7.444000e-02  1.861000e-02  3.000000e+00 2.601584e-06 8.000000e-04 8.026593e+00 3.180166e+01 2.283642e+01 6.920178e+01 3.886715e-03 1.884398e-01 1.286215e-02 4.450946e-02 7.452692e-01
2.000000e-01 7.444000e-02  1.861000e-02  3.000000e+00 2.670906e-06 8.000000e-04 8.026593e+00 3.180165e+01 2.283328e+01 6.919942e+01 4.092175e-03 1.998403e-01 1.355674e-02 4.691308e-02 7.855154e-01
2.000000e-01 7.444000e-02  1.861000e-02  3.000000e+00 2.742075e-06 8.000000e-04 8.026593e+00 3.180162e+01 2.283043e+01 6.919733e+01 4.338940e-03 2.100884e-01 1.428883e-02 4.944649e-02 8.279351e-01
2.000000e-01 7.444000e-02  1.861000e-02  3.000000e+00 2.815141e-06 8.000000e-04 8.026593e+00 3.180160e+01 2.282710e+01 6.919549e+01 4.561877e-03 2.222138e-01 1.506046e-02 5.211672e-02 8.726455e-01
2.000000e-01 7.444000e-02  1.861000e-02  3.000000e+00 2.890154e-06 8.000000e-04 8.026593e+00 3.180158e+01 2.282441e+01 6.919400e+01 4.784989e-03 2.330074e-01 1.587376e-02 5.493114e-02 9.197703e-01
2.000000e-01 7.444000e-02  1.861000e-02  3.000000e+00 2.967165e-06 8.000000e-04 8.026593e+00 3.180155e+01 2.282015e+01 6.919098e+01 5.074810e-03 2.462951e-01 1.673098e-02 5.789755e-02 9.694401e-01
2.000000e-01 7.444000e-02  1.861000e-02  3.000000e+00 3.046229e-06 8.000000e-04 8.026593e+00 3.180153e+01 2.281653e+01 6.918947e+01 5.329648e-03 2.600544e-01 1.763449e-02 6.102415e-02 1.021792e+00
2.000000e-01 7.444000e-02  1.861000e-02  3.000000e+00 3.127399e-06 8.000000e-04 8.026593e+00 3.180150e+01 2.281271e+01 6.918663e+01 5.606237e-03 2.739930e-01 1.858680e-02 6.431960e-02 1.076971e+00
2.000000e-01 7.444000e-02  1.861000e-02  3.000000e+00 3.210732e-06 8.000000e-04 8.026593e+00 3.180147e+01 2.280974e+01 6.918514e+01 5.922549e-03 2.881893e-01 1.959053e-02 6.779300e-02 1.135130e+00
2.000000e-01 7.444000e-02  1.861000e-02  3.000000e+00 3.296286e-06 8.000000e-04 8.026593e+00 3.180145e+01 2.280507e+01 6.918152e+01 6.250630e-03 3.041961e-01 2.064846e-02 7.145398e-02 1.196430e+00
2.000000e-01 7.444000e-02  1.861000e-02  3.000000e+00 3.384119e-06 8.000000e-04 8.026593e+00 3.180141e+01 2.279984e+01 6.917862e+01 6.606501e-03 3.207532e-01 2.176353e-02 7.531266e-02 1.261040e+00
2.000000e-01 7.444000e-02  1.861000e-02  3.000000e+00 3.474293e-06 8.000000e-04 8.026593e+00 3.180138e+01 2.279527e+01 6.917606e+01 6.980500e-03 3.391214e-01 2.293881e-02 7.937972e-02 1.329139e+00
2.000000e-01 7.444000e-02  1.861000e-02  3.000000e+00 3.566869e-06 8.000000e-04 8.026593e+00 3.180134e+01 2.278978e+01 6.917293e+01 7.313926e-03 3.569259e-01 2.417756e-02 8.366641e-02 1.400915e+00
2.000000e-01 7.444000e-02  1.861000e-02  3.000000e+00 3.661913e-06 8.000000e-04 8.026593e+00 3.180130e+01 2.278550e+01 6.917000e+01 7.744032e-03 3.749146e-01 2.548320e-02 8.818459e-02 1.476568e+00
2.000000e-01 7.444000e-02  1.861000e-02  3.000000e+00 3.759488e-06 8.000000e-04 8.026593e+00 3.180126e+01 2.277999e+01 6.916666e+01 8.152172e-03 3.952467e-01 2.685935e-02 9.294676e-02 1.556306e+00
2.000000e-01 7.444000e-02  1.861000e-02  3.000000e+00 3.859664e-06 8.000000e-04 8.026593e+00 3.180122e+01 2.277396e+01 6.916287e+01 8.601768e-03 4.172308e-01 2.830982e-02 9.796610e-02 1.640350e+00
2.000000e-01 7.444000e-02  1.861000e-02  3.000000e+00 3.962510e-06 8.000000e-04 8.026593e+00 3.180119e+01 2.276789e+01 6.915969e+01 8.998029e-03 4.391194e-01 2.983861e-02 1.032565e-01 1.728933e+00
2.000000e-01 7.444000e-02  1.861000e-02  3.000000e+00 4.068095e-06 8.000000e-04 8.026593e+00 3.180112e+01 2.276116e+01 6.915499e+01 9.596356e-03 4.641802e-01 3.144997e-02 1.088326e-01 1.822299e+00
2.000000e-01 7.444000e-02  1.861000e-02  3.000000e+00 4.176494e-06 8.000000e-04 8.026593e+00 3.180109e+01 2.275491e+01 6.915148e+01 1.005873e-02 4.871482e-01 3.314834e-02 1.147098e-01 1.920708e+00
2.000000e-01 7.444000e-02  1.861000e-02  3.000000e+00 4.287782e-06 8.000000e-04 8.026593e+00 3.180103e+01 2.274710e+01 6.914635e+01 1.059183e-02 5.146992e-01 3.493843e-02 1.209044e-01 2.024430e+00
2.000000e-01 7.444000e-02  1.861000e-02  3.000000e+00 4.402035e-06 8.000000e-04 8.026593e+00 3.180098e+01 2.273968e+01 6.914087e+01 1.114850e-02 5.417052e-01 3.682518e-02 1.274335e-01 2.133754e+00
2.000000e-01 7.444000e-02  1.861000e-02  3.000000e+00 4.519332e-06 8.000000e-04 8.026593e+00 3.180092e+01 2.273303e+01 6.913750e+01 1.179451e-02 5.689720e-01 3.881383e-02 1.343152e-01 2.248982e+00
2.000000e-01 7.444000e-02  1.861000e-02  3.000000e+00 4.639755e-06 8.000000e-04 8.026593e+00 3.180086e+01 2.272411e+01 6.913054e+01 1.240547e-02 6.007007e-01 4.090986e-02 1.415685e-01 2.370432e+00
2.000000e-01 7.444000e-02  1.861000e-02  3.000000e+00 4.763386e-06 8.000000e-04 8.026593e+00 3.180080e+01 2.271513e+01 6.912576e+01 1.317504e-02 6.327300e-01 4.311909e-02 1.492136e-01 2.498441e+00
2.000000e-01 7.444000e-02  1.861000e-02  3.000000e+00 4.890312e-06 8.000000e-04 8.026593e+00 3.180072e+01 2.270614e+01 6.912083e+01 1.385273e-02 6.677886e-01 4.544762e-02 1.572714e-01 2.633363e+00
2.000000e-01 7.444000e-02  1.861000e-02  3.000000e+00 5.020620e-06 8.000000e-04 8.026593e+00 3.180067e+01 2.269557e+01 6.911348e+01 1.454530e-02 7.037734e-01 4.790190e-02 1.657645e-01 2.775570e+00
2.000000e-01 7.444000e-02  1.861000e-02  3.000000e+00 5.154400e-06 8.000000e-04 8.026593e+00 3.180057e+01 2.268426e+01 6.910710e+01 1.534783e-02 7.434288e-01 5.048871e-02 1.747161e-01 2.925457e+00
2.000000e-01 7.444000e-02  1.861000e-02  3.000000e+00 5.291745e-06 8.000000e-04 8.026593e+00 3.180049e+01 2.267362e+01 6.910105e+01 1.610432e-02 7.838370e-01 5.321522e-02 1.841512e-01 3.083439e+00
2.000000e-01 7.444000e-02  1.861000e-02  3.000000e+00 5.432750e-06 8.000000e-04 8.026593e+00 3.180041e+01 2.266318e+01 6.909398e+01 1.715135e-02 8.206647e-01 5.608896e-02 1.940958e-01 3.249952e+00
2.000000e-01 7.444000e-02  1.861000e-02  3.000000e+00 5.577512e-06 8.000000e-04 8.026593e+00 3.180033e+01 2.265152e+01 6.908851e+01 1.792727e-02 8.702946e-01 5.911790e-02 2.045774e-01 3.425457e+00
2.000000e-01 7.444000e-02  1.861000e-02  3.000000e+00 5.726131e-06 8.000000e-04 8.026593e+00 3.180024e+01 2.263665e+01 6.907705e+01 1.892452e-02 9.180539e-01 6.231040e-02 2.156251e-01 3.610439e+00
2.000000e-01 7.444000e-02  1.861000e-02  3.000000e+00 5.878710e-06 8.000000e-04 8.026593e+00 3.180014e+01 2.262398e+01 6.906944e+01 1.994488e-02 9.650094e-01 6.567531e-02 2.272693e-01 3.805411e+00
2.000000e-01 7.444000e-02  1.861000e-02  3.000000e+00 6.035355e-06 8.000000e-04 8.026593e+00 3.180003e+01 2.260953e+01 6.906024e+01 2.094107e-02 1.022697e+00 6.922192e-02 2.395424e-01 4.010912e+00
2.000000e-01 7.444000e-02  1.861000e-02  3.000000e+00 6.196174e-06 8.000000e-04 8.026593e+00 3.179992e+01 2.259294e+01 6.904971e+01 2.225339e-02 1.077725e+00 7.296007e-02 2.524782e-01 4.227511e+00
2.000000e-01 7.444000e-02  1.861000e-02  3.000000e+00 6.361278e-06 8.000000e-04 8.026593e+00 3.179981e+01 2.257720e+01 6.904069e+01 2.356686e-02 1.137256e+00 7.690008e-02 2.661126e-01 4.455806e+00
2.000000e-01 7.444000e-02  1.861000e-02  3.000000e+00 6.530782e-06 8.000000e-04 8.026593e+00 3.179972e+01 2.256210e+01 6.903310e+01 2.457527e-02 1.195103e+00 8.105286e-02 2.804833e-01 4.696430e+00
2.000000e-01 7.444000e-02  1.861000e-02  3.000000e+00 6.704802e-06 8.000000e-04 8.026593e+00 3.179960e+01 2.254526e+01 6.902390e+01 2.579898e-02 1.260733e+00 8.542990e-02 2.956301e-01 4.950048e+00
2.000000e-01 7.444000e-02  1.861000e-02  3.000000e+00 6.883459e-06 8.000000e-04 8.026593e+00 3.179947e+01 2.252905e+01 6.901340e+01 2.731021e-02 1.329260e+00 9.004332e-02 3.115948e-01 5.217362e+00
2.000000e-01 7.444000e-02  1.861000e-02  3.000000e+00 7.066877e-06 8.000000e-04 8.026593e+00 3.179930e+01 2.250568e+01 6.899774e+01 2.875104e-02 1.399699e+00 9.490586e-02 3.284216e-01 5.499112e+00
2.000000e-01 7.444000e-02  1.861000e-02  3.000000e+00 7.255182e-06 8.000000e-04 8.026593e+00 3.179918e+01 2.248882e+01 6.898670e+01 3.035291e-02 1.474140e+00 1.000310e-01 3.461572e-01 5.796077e+00
2.000000e-01 7.444000e-02  1.861000e-02  3.000000e+00 7.448504e-06 8.000000e-04 8.026593e+00 3.179902e+01 2.246887e+01 6.897391e+01 3.187191e-02 1.548153e+00 1.054329e-01 3.648505e-01 6.109078e+00
2.000000e-01 7.444000e-02  1.861000e-02  3.000000e+00 7.646978e-06 8.000000e-04 8.026593e+00 3.179885e+01 2.244606e+01 6.896147e+01 3.353565e-02 1.637447e+00 1.111265e-01 3.845532e-01 6.438982e+00
2.000000e-01 7.444000e-02  1.861000e-02  3.000000e+00 7.850741e-06 8.000000e-04 8.026593e+00 3.179866e+01 2.242153e+01 6.894769e+01 3.564097e-02 1.721573e+00 1.171276e-01 4.053200e-01 6.786702e+00
2.000000e-01 7.444000e-02  1.861000e-02  3.000000e+00 8.059933e-06 8.000000e-04 8.026593e+00 3.179845e+01 2.239701e+01 6.893791e+01 3.732364e-02 1.820094e+00 1.234528e-01 4.272082e-01 7.153200e+00
2.000000e-01 7.444000e-02  1.861000e-02  3.000000e+00 8.274699e-06 8.000000e-04 8.026593e+00 3.179832e+01 2.236904e+01 6.891481e+01 3.955814e-02 1.915387e+00 1.301195e-01 4.502784e-01 7.539489e+00
2.000000e-01 7.444000e-02  1.861000e-02  3.000000e+00 8.495188e-06 8.000000e-04 8.026593e+00 3.179810e+01 2.233957e+01 6.889857e+01 4.161862e-02 2.031345e+00 1.371463e-01 4.745945e-01 7.946639e+00
2.000000e-01 7.444000e-02  1.861000e-02  3.000000e+00 8.721552e-06 8.000000e-04 8.026593e+00 3.179790e+01 2.231541e+01 6.888054e+01 4.361626e-02 2.137314e+00 1.445525e-01 5.002237e-01 8.375776e+00
2.000000e-01 7.444000e-02  1.861000e-02  3.000000e+00 8.953948e-06 8.000000e-04 8.026593e+00 3.179766e+01 2.228046e+01 6.885890e+01 4.626393e-02 2.239395e+00 1.523586e-01 5.272370e-01 8.828087e+00
2.000000e-01 7.444000e-02  1.861000e-02  3.000000e+00 9.192536e-06 8.000000e-04 8.026593e+00 3.179743e+01 2.225290e+01 6.884856e+01 4.876412e-02 2.361395e+00 1.605864e-01 5.557090e-01 9.304824e+00
2.000000e-01 7.444000e-02  1.861000e-02  3.000000e+00 9.437481e-06 8.000000e-04 8.026593e+00 3.179718e+01 2.222165e+01 6.882850e+01 5.138402e-02 2.481277e+00 1.692584e-01 5.857185e-01 9.807306e+00
2.000000e-01 7.444000e-02  1.861000e-02  3.000000e+00 9.688954e-06 8.000000e-04 8.026593e+00 3.179691e+01 2.217889e+01 6.880212e+01 5.388515e-02 2.625103e+00 1.783987e-01 6.173487e-01 1.033692e+01
2.000000e-01 7.444000e-02  1.861000e-02  3.000000e+00 9.947127e-06 8.000000e-04 8.026593e+00 3.179665e+01 2.214121e+01 6.877447e+01 5.687369e-02 2.765729e+00 1.880327e-01 6.506869e-01 1.089514e+01
2.000000e-01 7.444000e-02  1.861000e-02  3.000000e+00 1.021218e-05 8.000000e-04 8.026593e+00 3.179637e+01 2.209844e+01 6.875933e+01 6.022269e-02 2.918723e+00 1.981869e-01 6.858255e-01 1.148350e+01
2.000000e-01 7.444000e-02  1.861000e-02  3.000000e+00 1.048430e-05 8.000000e-04 8.026593e+00 3.179606e+01 2.206582e+01 6.873435e+01 6.338718e-02 3.070903e+00 2.088894e-01 7.228617e-01 1.210364e+01
2.000000e-01 7.444000e-02  1.861000e-02  3.000000e+00 1.076366e-05 8.000000e-04 8.026593e+00 3.179568e+01 2.202022e+01 6.870681e+01 6.670064e-02 3.242444e+00 2.201700e-01 7.618979e-01 1.275726e+01
2.000000e-01 7.444000e-02  1.861000e-02  3.000000e+00 1.105047e-05 8.000000e-04 8.026593e+00 3.179539e+01 2.197105e+01 6.868651e+01 7.051227e-02 3.419048e+00 2.320596e-01 8.030422e-01 1.344619e+01
2.000000e-01 7.444000e-02  1.861000e-02  3.000000e+00 1.134492e-05 8.000000e-04 8.026593e+00 3.179500e+01 2.192776e+01 6.865406e+01 7.426929e-02 3.601457e+00 2.445914e-01 8.464083e-01 1.417231e+01
2.000000e-01 7.444000e-02  1.861000e-02  3.000000e+00 1.164722e-05 8.000000e-04 8.026593e+00 3.179463e+01 2.186926e+01 6.862727e+01 7.818308e-02 3.787437e+00 2.577999e-01 8.921163e-01 1.493765e+01
2.000000e-01 7.444000e-02  1.861000e-02  3.000000e+00 1.195758e-05 8.000000e-04 8.026593e+00 3.179423e+01 2.181721e+01 6.859080e+01 8.280769e-02 4.012888e+00 2.717217e-01 9.402926e-01 1.574432e+01
2.000000e-01 7.444000e-02  1.861000e-02  3.000000e+00 1.227620e-05 8.000000e-04 8.026593e+00 3.179377e+01 2.175709e+01 6.854944e+01 8.699513e-02 4.224702e+00 2.863953e-01 9.910706e-01 1.659455e+01
2.000000e-01 7.444000e-02  1.861000e-02  3.000000e+00 1.260331e-05 8.000000e-04 8.026593e+00 3.179343e+01 2.171003e+01 6.852408e+01 9.174990e-02 4.430082e+00 3.018613e-01 1.044591e+00 1.749069e+01
2.000000e-01 7.444000e-02  1.861000e-02  3.000000e+00 1.293914e-05 8.000000e-04 8.026593e+00 3.179285e+01 2.163992e+01 6.848829e+01 9.670307e-02 4.685906e+00 3.181625e-01 1.101001e+00 1.843523e+01
2.000000e-01 7.444000e-02  1.861000e-02  3.000000e+00 1.328392e-05 8.000000e-04 8.026593e+00 3.179229e+01 2.158149e+01 6.845413e+01 1.017985e-01 4.938266e+00 3.353440e-01 1.160458e+00 1.943077e+01
2.000000e-01 7.444000e-02  1.861000e-02  3.000000e+00 1.363789e-05 8.000000e-04 8.026593e+00 3.179193e+01 2.150699e+01 6.840542e+01 1.073190e-01 5.221115e+00 3.534534e-01 1.223125e+00 2.048008e+01
2.000000e-01 7.444000e-02  1.861000e-02  3.000000e+00 1.400128e-05 8.000000e-04 8.026593e+00 3.179137e+01 2.142815e+01 6.836731e+01 1.127216e-01 5.473454e+00 3.725407e-01 1.289177e+00 2.158605e+01
2.000000e-01 7.444000e-02  1.861000e-02  3.000000e+00 1.437436e-05 8.000000e-04 8.026593e+00 3.179064e+01 2.136392e+01 6.832871e+01 1.192305e-01 5.792641e+00 3.926587e-01 1.358795e+00 2.275175e+01
2.000000e-01 7.444000e-02  1.861000e-02  3.000000e+00 1.475738e-05 8.000000e-04 8.026593e+00 3.179011e+01 2.128991e+01 6.829502e+01 1.260233e-01 6.106372e+00 4.138632e-01 1.432173e+00 2.398039e+01
2.000000e-01 7.444000e-02  1.861000e-02  3.000000e+00 1.515061e-05 8.000000e-04 8.026593e+00 3.178955e+01 2.119833e+01 6.823204e+01 1.322069e-01 6.395050e+00 4.362128e-01 1.509514e+00 2.527539e+01
