5.000000e-01 9.427000e-02  2.356750e-02  3.000000e+00 2.000000e-06 8.000000e-04 1.009013e+02 3.180202e+01 2.288729e+01 6.923294e+01 8.324539e-05 2.596080e-03 2.669925e-04 1.445878e-03 1.999240e-02
5.000000e-01 9.427000e-02  2.356750e-02  3.000000e+00 2.053292e-06 8.000000e-04 1.009013e+02 3.180202e+01 2.288725e+01 6.923292e+01 8.660441e-05 2.739825e-03 2.814107e-04 1.523958e-03 2.107204e-02
5.000000e-01 9.427000e-02  2.356750e-02  3.000000e+00 2.108005e-06 8.000000e-04 1.009013e+02 3.180202e+01 2.288721e+01 6.923289e+01 9.179975e-05 2.884922e-03 2.966075e-04 1.606256e-03 2.220998e-02
5.000000e-01 9.427000e-02  2.356750e-02  3.000000e+00 2.164175e-06 8.000000e-04 1.009013e+02 3.180202e+01 2.288717e+01 6.923287e+01 9.659942e-05 3.052024e-03 3.126250e-04 1.692997e-03 2.340937e-02
5.000000e-01 9.427000e-02  2.356750e-02  3.000000e+00 2.221842e-06 8.000000e-04 1.009013e+02 3.180202e+01 2.288712e+01 6.923284e+01 1.022250e-04 3.197069e-03 3.295075e-04 1.784423e-03 2.467353e-02
5.000000e-01 9.427000e-02  2.356750e-02  3.000000e+00 2.281045e-06 8.000000e-04 1.009013e+02 3.180202e+01 2.288707e+01 6.923281e+01 1.070102e-04 3.391796e-03 3.473016e-04 1.880786e-03 2.600596e-02
5.000000e-01 9.427000e-02  2.356750e-02  3.000000e+00 2.341826e-06 8.000000e-04 1.009013e+02 3.180202e+01 2.288702e+01 6.923278e+01 1.137820e-04 3.562149e-03 3.660567e-04 1.982353e-03 2.741034e-02
5.000000e-01 9.427000e-02  2.356750e-02  3.000000e+00 2.404227e-06 8.000000e-04 1.009013e+02 3.180202e+01 2.288696e+01 6.923274e+01 1.187793e-04 3.780386e-03 3.858246e-04 2.089404e-03 2.889056e-02
5.000000e-01 9.427000e-02  2.356750e-02  3.000000e+00 2.468290e-06 8.000000e-04 1.009013e+02 3.180202e+01 2.288691e+01 6.923271e+01 1.253867e-04 3.944625e-03 4.066601e-04 2.202237e-03 3.045072e-02
5.000000e-01 9.427000e-02  2.356750e-02  3.000000e+00 2.534061e-06 8.000000e-04 1.009013e+02 3.180202e+01 2.288685e+01 6.923267e+01 1.317351e-04 4.169377e-03 4.286207e-04 2.321163e-03 3.209513e-02
5.000000e-01 9.427000e-02  2.356750e-02  3.000000e+00 2.601584e-06 8.000000e-04 1.009013e+02 3.180202e+01 2.288679e+01 6.923263e+01 1.384451e-04 4.406971e-03 4.517672e-04 2.446511e-03 3.382834e-02
5.000000e-01 9.427000e-02  2.356750e-02  3.000000e+00 2.670906e-06 8.000000e-04 1.009013e+02 3.180202e+01 2.288672e+01 6.923258e+01 1.473556e-04 4.624914e-03 4.761636e-04 2.578628e-03 3.565515e-02
5.000000e-01 9.427000e-02  2.356750e-02  3.000000e+00 2.742075e-06 8.000000e-04 1.009013e+02 3.180202e+01 2.288666e+01 6.923255e+01 1.544580e-04 4.856372e-03 5.018776e-04 2.717880e-03 3.758061e-02
5.000000e-01 9.427000e-02  2.356750e-02  3.000000e+00 2.815141e-06 8.000000e-04 1.009013e+02 3.180202e+01 2.288657e+01 6.923249e+01 1.626408e-04 5.153711e-03 5.289801e-04 2.864652e-03 3.961005e-02
5.000000e-01 9.427000e-02  2.356750e-02  3.000000e+00 2.890154e-06 8.000000e-04 1.009013e+02 3.180201e+01 2.288651e+01 6.923245e+01 1.707112e-04 5.386291e-03 5.575463e-04 3.019350e-03 4.174908e-02
5.000000e-01 9.427000e-02  2.356750e-02  3.000000e+00 2.967165e-06 8.000000e-04 1.009013e+02 3.180201e+01 2.288642e+01 6.923241e+01 1.813889e-04 5.704850e-03 5.876551e-04 3.182402e-03 4.400363e-02
5.000000e-01 9.427000e-02  2.356750e-02  3.000000e+00 3.046229e-06 8.000000e-04 1.009013e+02 3.180201e+01 2.288633e+01 6.923234e+01 1.901608e-04 6.022517e-03 6.193898e-04 3.354259e-03 4.637993e-02
5.000000e-01 9.427000e-02  2.356750e-02  3.000000e+00 3.127399e-06 8.000000e-04 1.009013e+02 3.180201e+01 2.288623e+01 6.923227e+01 2.041262e-04 6.365126e-03 6.528383e-04 3.535397e-03 4.888455e-02
5.000000e-01 9.427000e-02  2.356750e-02  3.000000e+00 3.210732e-06 8.000000e-04 1.009013e+02 3.180201e+01 2.288615e+01 6.923221e+01 2.140444e-04 6.669458e-03 6.880930e-04 3.726316e-03 5.152443e-02
5.000000e-01 9.427000e-02  2.356750e-02  3.000000e+00 3.296286e-06 8.000000e-04 1.009013e+02 3.180201e+01 2.288605e+01 6.923217e+01 2.251029e-04 7.063368e-03 7.252517e-04 3.927546e-03 5.430687e-02
5.000000e-01 9.427000e-02  2.356750e-02  3.000000e+00 3.384119e-06 8.000000e-04 1.009013e+02 3.180201e+01 2.288594e+01 6.923211e+01 2.328826e-04 7.414965e-03 7.644169e-04 4.139642e-03 5.723956e-02
5.000000e-01 9.427000e-02  2.356750e-02  3.000000e+00 3.474293e-06 8.000000e-04 1.009013e+02 3.180201e+01 2.288581e+01 6.923202e+01 2.480844e-04 7.855493e-03 8.056972e-04 4.363193e-03 6.033063e-02
5.000000e-01 9.427000e-02  2.356750e-02  3.000000e+00 3.566869e-06 8.000000e-04 1.009013e+02 3.180201e+01 2.288570e+01 6.923194e+01 2.612964e-04 8.271382e-03 8.492067e-04 4.598815e-03 6.358862e-02
5.000000e-01 9.427000e-02  2.356750e-02  3.000000e+00 3.661913e-06 8.000000e-04 1.009013e+02 3.180200e+01 2.288558e+01 6.923186e+01 2.774745e-04 8.678486e-03 8.950658e-04 4.847162e-03 6.702256e-02
5.000000e-01 9.427000e-02  2.356750e-02  3.000000e+00 3.759488e-06 8.000000e-04 1.009013e+02 3.180200e+01 2.288544e+01 6.923176e+01 2.914789e-04 9.189272e-03 9.434015e-04 5.108920e-03 7.064193e-02
5.000000e-01 9.427000e-02  2.356750e-02  3.000000e+00 3.859664e-06 8.000000e-04 1.009013e+02 3.180200e+01 2.288532e+01 6.923170e+01 3.080300e-04 9.604947e-03 9.943473e-04 5.384813e-03 7.445676e-02
5.000000e-01 9.427000e-02  2.356750e-02  3.000000e+00 3.962510e-06 8.000000e-04 1.009013e+02 3.180200e+01 2.288516e+01 6.923159e+01 3.273930e-04 1.021514e-02 1.048044e-03 5.675606e-03 7.847759e-02
5.000000e-01 9.427000e-02  2.356750e-02  3.000000e+00 4.068095e-06 8.000000e-04 1.009013e+02 3.180200e+01 2.288498e+01 6.923147e+01 3.385882e-04 1.077198e-02 1.104641e-03 5.982101e-03 8.271556e-02
5.000000e-01 9.427000e-02  2.356750e-02  3.000000e+00 4.176494e-06 8.000000e-04 1.009013e+02 3.180200e+01 2.288485e+01 6.923139e+01 3.601060e-04 1.131575e-02 1.164294e-03 6.305149e-03 8.718240e-02
5.000000e-01 9.427000e-02  2.356750e-02  3.000000e+00 4.287782e-06 8.000000e-04 1.009013e+02 3.180199e+01 2.288467e+01 6.923131e+01 3.819935e-04 1.193925e-02 1.227169e-03 6.645641e-03 9.189045e-02
5.000000e-01 9.427000e-02  2.356750e-02  3.000000e+00 4.402035e-06 8.000000e-04 1.009013e+02 3.180199e+01 2.288450e+01 6.923118e+01 3.991908e-04 1.256325e-02 1.293439e-03 7.004521e-03 9.685274e-02
5.000000e-01 9.427000e-02  2.356750e-02  3.000000e+00 4.519332e-06 8.000000e-04 1.009013e+02 3.180199e+01 2.288430e+01 6.923106e+01 4.190298e-04 1.323905e-02 1.363288e-03 7.382782e-03 1.020830e-01
5.000000e-01 9.427000e-02  2.356750e-02  3.000000e+00 4.639755e-06 8.000000e-04 1.009013e+02 3.180199e+01 2.288410e+01 6.923094e+01 4.425617e-04 1.398152e-02 1.436908e-03 7.781469e-03 1.075957e-01
5.000000e-01 9.427000e-02  2.356750e-02  3.000000e+00 4.763386e-06 8.000000e-04 1.009013e+02 3.180199e+01 2.288387e+01 6.923075e+01 4.724267e-04 1.472259e-02 1.514505e-03 8.201686e-03 1.134062e-01
5.000000e-01 9.427000e-02  2.356750e-02  3.000000e+00 4.890312e-06 8.000000e-04 1.009013e+02 3.180198e+01 2.288368e+01 6.923067e+01 4.872752e-04 1.549933e-02 1.596291e-03 8.644596e-03 1.195303e-01
5.000000e-01 9.427000e-02  2.356750e-02  3.000000e+00 5.020620e-06 8.000000e-04 1.009013e+02 3.180198e+01 2.288344e+01 6.923051e+01 5.183249e-04 1.634301e-02 1.682495e-03 9.111424e-03 1.259853e-01
5.000000e-01 9.427000e-02  2.356750e-02  3.000000e+00 5.154400e-06 8.000000e-04 1.009013e+02 3.180198e+01 2.288322e+01 6.923037e+01 5.434642e-04 1.712869e-02 1.773353e-03 9.603462e-03 1.327888e-01
5.000000e-01 9.427000e-02  2.356750e-02  3.000000e+00 5.291745e-06 8.000000e-04 1.009013e+02 3.180198e+01 2.288292e+01 6.923017e+01 5.777344e-04 1.817354e-02 1.869119e-03 1.012207e-02 1.399597e-01
5.000000e-01 9.427000e-02  2.356750e-02  3.000000e+00 5.432750e-06 8.000000e-04 1.009013e+02 3.180197e+01 2.288264e+01 6.923000e+01 6.084839e-04 1.916046e-02 1.970055e-03 1.066869e-02 1.475178e-01
5.000000e-01 9.427000e-02  2.356750e-02  3.000000e+00 5.577512e-06 8.000000e-04 1.009013e+02 3.180197e+01 2.288233e+01 6.922984e+01 6.429943e-04 2.023992e-02 2.076443e-03 1.124482e-02 1.554841e-01
5.000000e-01 9.427000e-02  2.356750e-02  3.000000e+00 5.726131e-06 8.000000e-04 1.009013e+02 3.180197e+01 2.288204e+01 6.922961e+01 6.737862e-04 2.120907e-02 2.188576e-03 1.185207e-02 1.638806e-01
5.000000e-01 9.427000e-02  2.356750e-02  3.000000e+00 5.878710e-06 8.000000e-04 1.009013e+02 3.180196e+01 2.288171e+01 6.922939e+01 7.126983e-04 2.239630e-02 2.306764e-03 1.249211e-02 1.727305e-01
5.000000e-01 9.427000e-02  2.356750e-02  3.000000e+00 6.035355e-06 8.000000e-04 1.009013e+02 3.180196e+01 2.288134e+01 6.922913e+01 7.656550e-04 2.362867e-02 2.431334e-03 1.316671e-02 1.820584e-01
5.000000e-01 9.427000e-02  2.356750e-02  3.000000e+00 6.196174e-06 8.000000e-04 1.009013e+02 3.180195e+01 2.288100e+01 6.922898e+01 7.917588e-04 2.491682e-02 2.562632e-03 1.387774e-02 1.918900e-01
5.000000e-01 9.427000e-02  2.356750e-02  3.000000e+00 6.361278e-06 8.000000e-04 1.009013e+02 3.180195e+01 2.288063e+01 6.922871e+01 8.308812e-04 2.631479e-02 2.701020e-03 1.462717e-02 2.022525e-01
5.000000e-01 9.427000e-02  2.356750e-02  3.000000e+00 6.530782e-06 8.000000e-04 1.009013e+02 3.180195e+01 2.288024e+01 6.922849e+01 8.786323e-04 2.773308e-02 2.846881e-03 1.541707e-02 2.131746e-01
5.000000e-01 9.427000e-02  2.356750e-02  3.000000e+00 6.704802e-06 8.000000e-04 1.009013e+02 3.180194e+01 2.287988e+01 6.922822e+01 9.246353e-04 2.915812e-02 3.000620e-03 1.624963e-02 2.246865e-01
5.000000e-01 9.427000e-02  2.356750e-02  3.000000e+00 6.883459e-06 8.000000e-04 1.009013e+02 3.180194e+01 2.287934e+01 6.922788e+01 9.818857e-04 3.079442e-02 3.162660e-03 1.712715e-02 2.368201e-01
5.000000e-01 9.427000e-02  2.356750e-02  3.000000e+00 7.066877e-06 8.000000e-04 1.009013e+02 3.180194e+01 2.287889e+01 6.922763e+01 1.024665e-03 3.250781e-02 3.333451e-03 1.805205e-02 2.496089e-01
5.000000e-01 9.427000e-02  2.356750e-02  3.000000e+00 7.255182e-06 8.000000e-04 1.009013e+02 3.180193e+01 2.287846e+01 6.922735e+01 1.085943e-03 3.415057e-02 3.513465e-03 1.902691e-02 2.630884e-01
5.000000e-01 9.427000e-02  2.356750e-02  3.000000e+00 7.448504e-06 8.000000e-04 1.009013e+02 3.180192e+01 2.287791e+01 6.922699e+01 1.152269e-03 3.599462e-02 3.703200e-03 2.005440e-02 2.772957e-01
5.000000e-01 9.427000e-02  2.356750e-02  3.000000e+00 7.646978e-06 8.000000e-04 1.009013e+02 3.180191e+01 2.287735e+01 6.922666e+01 1.219351e-03 3.789072e-02 3.903182e-03 2.113739e-02 2.922703e-01
5.000000e-01 9.427000e-02  2.356750e-02  3.000000e+00 7.850741e-06 8.000000e-04 1.009013e+02 3.180191e+01 2.287679e+01 6.922630e+01 1.265335e-03 3.990799e-02 4.113962e-03 2.227885e-02 3.080536e-01
5.000000e-01 9.427000e-02  2.356750e-02  3.000000e+00 8.059933e-06 8.000000e-04 1.009013e+02 3.180190e+01 2.287617e+01 6.922594e+01 1.340982e-03 4.226213e-02 4.336126e-03 2.348196e-02 3.246892e-01
5.000000e-01 9.427000e-02  2.356750e-02  3.000000e+00 8.274699e-06 8.000000e-04 1.009013e+02 3.180190e+01 2.287560e+01 6.922548e+01 1.409639e-03 4.434720e-02 4.570287e-03 2.475004e-02 3.422232e-01
5.000000e-01 9.427000e-02  2.356750e-02  3.000000e+00 8.495188e-06 8.000000e-04 1.009013e+02 3.180189e+01 2.287496e+01 6.922504e+01 1.492680e-03 4.674739e-02 4.817093e-03 2.608660e-02 3.607040e-01
5.000000e-01 9.427000e-02  2.356750e-02  3.000000e+00 8.721552e-06 8.000000e-04 1.009013e+02 3.180188e+01 2.287422e+01 6.922472e+01 1.566002e-03 4.924366e-02 5.077227e-03 2.749534e-02 3.801829e-01
5.000000e-01 9.427000e-02  2.356750e-02  3.000000e+00 8.953948e-06 8.000000e-04 1.009013e+02 3.180187e+01 2.287341e+01 6.922413e+01 1.635454e-03 5.229763e-02 5.351409e-03 2.898015e-02 4.007136e-01
5.000000e-01 9.427000e-02  2.356750e-02  3.000000e+00 9.192536e-06 8.000000e-04 1.009013e+02 3.180186e+01 2.287254e+01 6.922356e+01 1.744614e-03 5.482907e-02 5.640397e-03 3.054515e-02 4.223531e-01
5.000000e-01 9.427000e-02  2.356750e-02  3.000000e+00 9.437481e-06 8.000000e-04 1.009013e+02 3.180185e+01 2.287194e+01 6.922315e+01 1.836477e-03 5.761044e-02 5.944992e-03 3.219466e-02 4.451612e-01
5.000000e-01 9.427000e-02  2.356750e-02  3.000000e+00 9.688954e-06 8.000000e-04 1.009013e+02 3.180185e+01 2.287090e+01 6.922252e+01 1.935586e-03 6.105993e-02 6.266035e-03 3.393324e-02 4.692009e-01
5.000000e-01 9.427000e-02  2.356750e-02  3.000000e+00 9.947127e-06 8.000000e-04 1.009013e+02 3.180184e+01 2.286998e+01 6.922200e+01 2.015457e-03 6.403360e-02 6.604415e-03 3.576572e-02 4.945388e-01
5.000000e-01 9.427000e-02  2.356750e-02  3.000000e+00 1.021218e-05 8.000000e-04 1.009013e+02 3.180182e+01 2.286912e+01 6.922134e+01 2.142843e-03 6.746138e-02 6.961069e-03 3.769715e-02 5.212451e-01
5.000000e-01 9.427000e-02  2.356750e-02  3.000000e+00 1.048430e-05 8.000000e-04 1.009013e+02 3.180181e+01 2.286797e+01 6.922067e+01 2.255302e-03 7.149052e-02 7.336983e-03 3.973288e-02 5.493935e-01
5.000000e-01 9.427000e-02  2.356750e-02  3.000000e+00 1.076366e-05 8.000000e-04 1.009013e+02 3.180181e+01 2.286698e+01 6.922003e+01 2.392926e-03 7.526142e-02 7.733197e-03 4.187855e-02 5.790620e-01
5.000000e-01 9.427000e-02  2.356750e-02  3.000000e+00 1.105047e-05 8.000000e-04 1.009013e+02 3.180179e+01 2.286591e+01 6.921938e+01 2.522118e-03 7.889646e-02 8.150807e-03 4.414009e-02 6.103327e-01
5.000000e-01 9.427000e-02  2.356750e-02  3.000000e+00 1.134492e-05 8.000000e-04 1.009013e+02 3.180178e+01 2.286451e+01 6.921851e+01 2.635696e-03 8.349615e-02 8.590970e-03 4.652375e-02 6.432921e-01
5.000000e-01 9.427000e-02  2.356750e-02  3.000000e+00 1.164722e-05 8.000000e-04 1.009013e+02 3.180177e+01 2.286324e+01 6.921768e+01 2.775146e-03 8.804414e-02 9.054902e-03 4.903614e-02 6.780313e-01
5.000000e-01 9.427000e-02  2.356750e-02  3.000000e+00 1.195758e-05 8.000000e-04 1.009013e+02 3.180176e+01 2.286200e+01 6.921678e+01 2.942471e-03 9.268103e-02 9.543888e-03 5.168421e-02 7.146466e-01
5.000000e-01 9.427000e-02  2.356750e-02  3.000000e+00 1.227620e-05 8.000000e-04 1.009013e+02 3.180173e+01 2.286037e+01 6.921595e+01 3.118774e-03 9.822920e-02 1.005928e-02 5.447527e-02 7.532392e-01
5.000000e-01 9.427000e-02  2.356750e-02  3.000000e+00 1.260331e-05 8.000000e-04 1.009013e+02 3.180171e+01 2.285917e+01 6.921513e+01 3.298503e-03 1.028384e-01 1.060250e-02 5.741706e-02 7.939158e-01
5.000000e-01 9.427000e-02  2.356750e-02  3.000000e+00 1.293914e-05 8.000000e-04 1.009013e+02 3.180170e+01 2.285748e+01 6.921380e+01 3.473490e-03 1.092169e-01 1.117506e-02 6.051772e-02 8.367891e-01
5.000000e-01 9.427000e-02  2.356750e-02  3.000000e+00 1.328392e-05 8.000000e-04 1.009013e+02 3.180168e+01 2.285598e+01 6.921315e+01 3.625604e-03 1.141888e-01 1.177854e-02 6.378582e-02 8.819777e-01
5.000000e-01 9.427000e-02  2.356750e-02  3.000000e+00 1.363789e-05 8.000000e-04 1.009013e+02 3.180166e+01 2.285414e+01 6.921174e+01 3.837218e-03 1.204769e-01 1.241461e-02 6.723040e-02 9.296065e-01
5.000000e-01 9.427000e-02  2.356750e-02  3.000000e+00 1.400128e-05 8.000000e-04 1.009013e+02 3.180164e+01 2.285244e+01 6.921074e+01 4.083187e-03 1.270159e-01 1.308503e-02 7.086099e-02 9.798074e-01
