3.000000e-02 5.223000e-02  1.305750e-02  3.000000e+00 2.000000e-06 8.000000e-04 2.313113e-11 3.177540e+01 1.853390e+01 6.687552e+01 2.820144e-01 1.796277e+01 1.484708e+00 4.863336e+00 9.285029e+01
3.000000e-02 5.223000e-02  1.305750e-02  3.000000e+00 2.053292e-06 8.000000e-04 2.313113e-11 3.177348e+01 1.835659e+01 6.689516e+01 2.978580e-01 1.889287e+01 1.564886e+00 5.125968e+00 9.786442e+01
3.000000e-02 5.223000e-02  1.305750e-02  3.000000e+00 2.108005e-06 8.000000e-04 2.313113e-11 3.177192e+01 1.818487e+01 6.677091e+01 3.116616e-01 1.989118e+01 1.649393e+00 5.402782e+00 1.031493e+02
3.000000e-02 5.223000e-02  1.305750e-02  3.000000e+00 2.164175e-06 8.000000e-04 2.313113e-11 3.177060e+01 1.794337e+01 6.666376e+01 3.297515e-01 2.103537e+01 1.738464e+00 5.694545e+00 1.087196e+02
3.000000e-02 5.223000e-02  1.305750e-02  3.000000e+00 2.221842e-06 8.000000e-04 2.313113e-11 3.176856e+01 1.774838e+01 6.664527e+01 3.458818e-01 2.215318e+01 1.832345e+00 6.002063e+00 1.145907e+02
3.000000e-02 5.223000e-02  1.305750e-02  3.000000e+00 2.281045e-06 8.000000e-04 2.313113e-11 3.176754e+01 1.749352e+01 6.656458e+01 3.650327e-01 2.332956e+01 1.931296e+00 6.326189e+00 1.207789e+02
3.000000e-02 5.223000e-02  1.305750e-02  3.000000e+00 2.341826e-06 8.000000e-04 2.313113e-11 3.176532e+01 1.721822e+01 6.639112e+01 3.841572e-01 2.462747e+01 2.035591e+00 6.667817e+00 1.273012e+02
3.000000e-02 5.223000e-02  1.305750e-02  3.000000e+00 2.404227e-06 8.000000e-04 2.313113e-11 3.176293e+01 1.698648e+01 6.634256e+01 4.076136e-01 2.597656e+01 2.145517e+00 7.027895e+00 1.341758e+02
3.000000e-02 5.223000e-02  1.305750e-02  3.000000e+00 2.468290e-06 8.000000e-04 2.313113e-11 3.176088e+01 1.666646e+01 6.612161e+01 4.278179e-01 2.730621e+01 2.261380e+00 7.407417e+00 1.414216e+02
3.000000e-02 5.223000e-02  1.305750e-02  3.000000e+00 2.534061e-06 8.000000e-04 2.313113e-11 3.175755e+01 1.644712e+01 6.619129e+01 4.545466e-01 2.883402e+01 2.383500e+00 7.807435e+00 1.490587e+02
3.000000e-02 5.223000e-02  1.305750e-02  3.000000e+00 2.601584e-06 8.000000e-04 2.313113e-11 3.175707e+01 1.627518e+01 6.613369e+01 4.764069e-01 3.016284e+01 2.512214e+00 8.229055e+00 1.571082e+02
3.000000e-02 5.223000e-02  1.305750e-02  3.000000e+00 2.670906e-06 8.000000e-04 2.313113e-11 3.175377e+01 1.591493e+01 6.603826e+01 4.979985e-01 3.203449e+01 2.647880e+00 8.673443e+00 1.655924e+02
3.000000e-02 5.223000e-02  1.305750e-02  3.000000e+00 2.742075e-06 8.000000e-04 2.313113e-11 3.175121e+01 1.567241e+01 6.598567e+01 5.307416e-01 3.369938e+01 2.790871e+00 9.141829e+00 1.745348e+02
3.000000e-02 5.223000e-02  1.305750e-02  3.000000e+00 2.815141e-06 8.000000e-04 2.313113e-11 3.174824e+01 1.532310e+01 6.598118e+01 5.626759e-01 3.566342e+01 2.941585e+00 9.635508e+00 1.839601e+02
3.000000e-02 5.223000e-02  1.305750e-02  3.000000e+00 2.890154e-06 8.000000e-04 2.313113e-11 3.174513e+01 1.512145e+01 6.597709e+01 5.862742e-01 3.739881e+01 3.100437e+00 1.015585e+01 1.938944e+02
3.000000e-02 5.223000e-02  1.305750e-02  3.000000e+00 2.967165e-06 8.000000e-04 2.313113e-11 3.174205e+01 1.484911e+01 6.599799e+01 6.195751e-01 3.930917e+01 3.267868e+00 1.070429e+01 2.043651e+02
3.000000e-02 5.223000e-02  1.305750e-02  3.000000e+00 3.046229e-06 8.000000e-04 2.313113e-11 3.173924e+01 1.453692e+01 6.597283e+01 6.537536e-01 4.158965e+01 3.444340e+00 1.128234e+01 2.154013e+02
3.000000e-02 5.223000e-02  1.305750e-02  3.000000e+00 3.127399e-06 8.000000e-04 2.313113e-11 3.173632e+01 1.418817e+01 6.600707e+01 6.874417e-01 4.413244e+01 3.630343e+00 1.189162e+01 2.270335e+02
3.000000e-02 5.223000e-02  1.305750e-02  3.000000e+00 3.210732e-06 8.000000e-04 2.313113e-11 3.173138e+01 1.395313e+01 6.609672e+01 7.285787e-01 4.626923e+01 3.826390e+00 1.253379e+01 2.392938e+02
3.000000e-02 5.223000e-02  1.305750e-02  3.000000e+00 3.296286e-06 8.000000e-04 2.313113e-11 3.172944e+01 1.367798e+01 6.611642e+01 7.613277e-01 4.868352e+01 4.033024e+00 1.321064e+01 2.522162e+02
3.000000e-02 5.223000e-02  1.305750e-02  3.000000e+00 3.384119e-06 8.000000e-04 2.313113e-11 3.172463e+01 1.336937e+01 6.612833e+01 8.080292e-01 5.148469e+01 4.250816e+00 1.392405e+01 2.658365e+02
3.000000e-02 5.223000e-02  1.305750e-02  3.000000e+00 3.474293e-06 8.000000e-04 2.313113e-11 3.171993e+01 1.301496e+01 6.626729e+01 8.521428e-01 5.414931e+01 4.480370e+00 1.467598e+01 2.801922e+02
3.000000e-02 5.223000e-02  1.305750e-02  3.000000e+00 3.566869e-06 8.000000e-04 2.313113e-11 3.171759e+01 1.282008e+01 6.638490e+01 8.985648e-01 5.695450e+01 4.722320e+00 1.546852e+01 2.953233e+02
3.000000e-02 5.223000e-02  1.305750e-02  3.000000e+00 3.661913e-06 8.000000e-04 2.313113e-11 3.171217e+01 1.241982e+01 6.645400e+01 9.421128e-01 6.028647e+01 4.977337e+00 1.630385e+01 3.112714e+02
3.000000e-02 5.223000e-02  1.305750e-02  3.000000e+00 3.759488e-06 8.000000e-04 2.313113e-11 3.170532e+01 1.222506e+01 6.671347e+01 9.962565e-01 6.339593e+01 5.246124e+00 1.718430e+01 3.280808e+02
3.000000e-02 5.223000e-02  1.305750e-02  3.000000e+00 3.859664e-06 8.000000e-04 2.313113e-11 3.170216e+01 1.199219e+01 6.700029e+01 1.045879e+00 6.653407e+01 5.529427e+00 1.811229e+01 3.457979e+02
3.000000e-02 5.223000e-02  1.305750e-02  3.000000e+00 3.962510e-06 8.000000e-04 2.313113e-11 3.169697e+01 1.162579e+01 6.727392e+01 1.100932e+00 7.047945e+01 5.828029e+00 1.909040e+01 3.644718e+02
3.000000e-02 5.223000e-02  1.305750e-02  3.000000e+00 4.068095e-06 8.000000e-04 2.313113e-11 3.168905e+01 1.147359e+01 6.768893e+01 1.169093e+00 7.446133e+01 6.142756e+00 2.012132e+01 3.841541e+02
3.000000e-02 5.223000e-02  1.305750e-02  3.000000e+00 4.176494e-06 8.000000e-04 2.313113e-11 3.168475e+01 1.130714e+01 6.808430e+01 1.224702e+00 7.805542e+01 6.474479e+00 2.120792e+01 4.048993e+02
3.000000e-02 5.223000e-02  1.305750e-02  3.000000e+00 4.287782e-06 8.000000e-04 2.313113e-11 3.168001e+01 1.107970e+01 6.843329e+01 1.296020e+00 8.224177e+01 6.824116e+00 2.235320e+01 4.267648e+02
3.000000e-02 5.223000e-02  1.305750e-02  3.000000e+00 4.402035e-06 8.000000e-04 2.313113e-11 3.167085e+01 1.101571e+01 6.912438e+01 1.367128e+00 8.750202e+01 7.192634e+00 2.356032e+01 4.498111e+02
3.000000e-02 5.223000e-02  1.305750e-02  3.000000e+00 4.519332e-06 8.000000e-04 2.313113e-11 3.166620e+01 1.086240e+01 6.962232e+01 1.428421e+00 9.154402e+01 7.581053e+00 2.483263e+01 4.741020e+02
3.000000e-02 5.223000e-02  1.305750e-02  3.000000e+00 4.639755e-06 8.000000e-04 2.313113e-11 3.165543e+01 1.081501e+01 7.016780e+01 1.527772e+00 9.619831e+01 7.990447e+00 2.617365e+01 4.997046e+02
3.000000e-02 5.223000e-02  1.305750e-02  3.000000e+00 4.763386e-06 8.000000e-04 2.313113e-11 3.164824e+01 1.081833e+01 7.112858e+01 1.600269e+00 1.020210e+02 8.421950e+00 2.758709e+01 5.266898e+02
3.000000e-02 5.223000e-02  1.305750e-02  3.000000e+00 4.890312e-06 8.000000e-04 2.313113e-11 3.164062e+01 1.070187e+01 7.182062e+01 1.679465e+00 1.068588e+02 8.876755e+00 2.907686e+01 5.551322e+02
3.000000e-02 5.223000e-02  1.305750e-02  3.000000e+00 5.020620e-06 8.000000e-04 2.313113e-11 3.163296e+01 1.076550e+01 7.275616e+01 1.772753e+00 1.128919e+02 9.356120e+00 3.064707e+01 5.851106e+02
3.000000e-02 5.223000e-02  1.305750e-02  3.000000e+00 5.154400e-06 8.000000e-04 2.313113e-11 3.162203e+01 1.090788e+01 7.385706e+01 1.876021e+00 1.191414e+02 9.861372e+00 3.230209e+01 6.167080e+02
3.000000e-02 5.223000e-02  1.305750e-02  3.000000e+00 5.291745e-06 8.000000e-04 2.313113e-11 3.161573e+01 1.117746e+01 7.545211e+01 1.960328e+00 1.260933e+02 1.039391e+01 3.404647e+01 6.500116e+02
3.000000e-02 5.223000e-02  1.305750e-02  3.000000e+00 5.432750e-06 8.000000e-04 2.313113e-11 3.160308e+01 1.136368e+01 7.677045e+01 2.085765e+00 1.320939e+02 1.095520e+01 3.588506e+01 6.851138e+02
3.000000e-02 5.223000e-02  1.305750e-02  3.000000e+00 5.577512e-06 8.000000e-04 2.313113e-11 3.159305e+01 1.154690e+01 7.782928e+01 2.170523e+00 1.392783e+02 1.154681e+01 3.782294e+01 7.221115e+02
3.000000e-02 5.223000e-02  1.305750e-02  3.000000e+00 5.726131e-06 8.000000e-04 2.313113e-11 3.158116e+01 1.191074e+01 7.930459e+01 2.291379e+00 1.471227e+02 1.217036e+01 3.986547e+01 7.611072e+02
3.000000e-02 5.223000e-02  1.305750e-02  3.000000e+00 5.878710e-06 8.000000e-04 2.313113e-11 3.157012e+01 1.232987e+01 8.101865e+01 2.448626e+00 1.549743e+02 1.282759e+01 4.201829e+01 8.022087e+02
3.000000e-02 5.223000e-02  1.305750e-02  3.000000e+00 6.035355e-06 8.000000e-04 2.313113e-11 3.155377e+01 1.278610e+01 8.292246e+01 2.558971e+00 1.636943e+02 1.352031e+01 4.428738e+01 8.455298e+02
3.000000e-02 5.223000e-02  1.305750e-02  3.000000e+00 6.196174e-06 8.000000e-04 2.313113e-11 3.154317e+01 1.341273e+01 8.483495e+01 2.699480e+00 1.718778e+02 1.425044e+01 4.667900e+01 8.911904e+02
3.000000e-02 5.223000e-02  1.305750e-02  3.000000e+00 6.361278e-06 8.000000e-04 2.313113e-11 3.152351e+01 1.443472e+01 8.741134e+01 2.858318e+00 1.824597e+02 1.502000e+01 4.919977e+01 9.393167e+02
3.000000e-02 5.223000e-02  1.305750e-02  3.000000e+00 6.530782e-06 8.000000e-04 2.313113e-11 3.151447e+01 1.503960e+01 8.948188e+01 3.001404e+00 1.901153e+02 1.583111e+01 5.185667e+01 9.900420e+02
3.000000e-02 5.223000e-02  1.305750e-02  3.000000e+00 6.704802e-06 8.000000e-04 2.313113e-11 3.149309e+01 1.584398e+01 9.205353e+01 3.175263e+00 2.017513e+02 1.668603e+01 5.465705e+01 1.043507e+03
3.000000e-02 5.223000e-02  1.305750e-02  3.000000e+00 6.883459e-06 8.000000e-04 2.313113e-11 3.148387e+01 1.714064e+01 9.465149e+01 3.334389e+00 2.124249e+02 1.758711e+01 5.760866e+01 1.099858e+03
3.000000e-02 5.223000e-02  1.305750e-02  3.000000e+00 7.066877e-06 8.000000e-04 2.313113e-11 3.146474e+01 1.797732e+01 9.725089e+01 3.504180e+00 2.232387e+02 1.853686e+01 6.071966e+01 1.159253e+03
3.000000e-02 5.223000e-02  1.305750e-02  3.000000e+00 7.255182e-06 8.000000e-04 2.313113e-11 3.144236e+01 1.927570e+01 1.009239e+02 3.707921e+00 2.369065e+02 1.953789e+01 6.399866e+01 1.221856e+03
3.000000e-02 5.223000e-02  1.305750e-02  3.000000e+00 7.448504e-06 8.000000e-04 2.313113e-11 3.143141e+01 2.079853e+01 1.040291e+02 3.940827e+00 2.492015e+02 2.059298e+01 6.745474e+01 1.287839e+03
3.000000e-02 5.223000e-02  1.305750e-02  3.000000e+00 7.646978e-06 8.000000e-04 2.313113e-11 3.141646e+01 2.158151e+01 1.069241e+02 4.093092e+00 2.604468e+02 2.170505e+01 7.109745e+01 1.357385e+03
3.000000e-02 5.223000e-02  1.305750e-02  3.000000e+00 7.850741e-06 8.000000e-04 2.313113e-11 3.138409e+01 2.381644e+01 1.112343e+02 4.325405e+00 2.762952e+02 2.287717e+01 7.493688e+01 1.430687e+03
3.000000e-02 5.223000e-02  1.305750e-02  3.000000e+00 8.059933e-06 8.000000e-04 2.313113e-11 3.136789e+01 2.531987e+01 1.149044e+02 4.536048e+00 2.915690e+02 2.411259e+01 7.898364e+01 1.507947e+03
3.000000e-02 5.223000e-02  1.305750e-02  3.000000e+00 8.274699e-06 8.000000e-04 2.313113e-11 3.134289e+01 2.690167e+01 1.188767e+02 4.797428e+00 3.060987e+02 2.541473e+01 8.324894e+01 1.589380e+03
3.000000e-02 5.223000e-02  1.305750e-02  3.000000e+00 8.495188e-06 8.000000e-04 2.313113e-11 3.132247e+01 2.897438e+01 1.233810e+02 5.039991e+00 3.246888e+02 2.678718e+01 8.774458e+01 1.675210e+03
3.000000e-02 5.223000e-02  1.305750e-02  3.000000e+00 8.721552e-06 8.000000e-04 2.313113e-11 3.128939e+01 3.075068e+01 1.274735e+02 5.341828e+00 3.405552e+02 2.823375e+01 9.248299e+01 1.765675e+03
3.000000e-02 5.223000e-02  1.305750e-02  3.000000e+00 8.953948e-06 8.000000e-04 2.313113e-11 3.127091e+01 3.273588e+01 1.317299e+02 5.662564e+00 3.576203e+02 2.975844e+01 9.747728e+01 1.861026e+03
3.000000e-02 5.223000e-02  1.305750e-02  3.000000e+00 9.192536e-06 8.000000e-04 2.313113e-11 3.124535e+01 3.546952e+01 1.369491e+02 5.966625e+00 3.805620e+02 3.136546e+01 1.027413e+02 1.961525e+03
3.000000e-02 5.223000e-02  1.305750e-02  3.000000e+00 9.437481e-06 8.000000e-04 2.313113e-11 3.120696e+01 3.757365e+01 1.423412e+02 6.290861e+00 3.990278e+02 3.305927e+01 1.082895e+02 2.067452e+03
3.000000e-02 5.223000e-02  1.305750e-02  3.000000e+00 9.688954e-06 8.000000e-04 2.313113e-11 3.117384e+01 3.992505e+01 1.468042e+02 6.585431e+00 4.198723e+02 3.484455e+01 1.141374e+02 2.179100e+03
3.000000e-02 5.223000e-02  1.305750e-02  3.000000e+00 9.947127e-06 8.000000e-04 2.313113e-11 3.114793e+01 4.247011e+01 1.525399e+02 6.908712e+00 4.443153e+02 3.672624e+01 1.203011e+02 2.296776e+03
3.000000e-02 5.223000e-02  1.305750e-02  3.000000e+00 1.021218e-05 8.000000e-04 2.313113e-11 3.110232e+01 4.519537e+01 1.584968e+02 7.368773e+00 4.680034e+02 3.870954e+01 1.267977e+02 2.420807e+03
3.000000e-02 5.223000e-02  1.305750e-02  3.000000e+00 1.048430e-05 8.000000e-04 2.313113e-11 3.107113e+01 4.792889e+01 1.644892e+02 7.737364e+00 4.918937e+02 4.079994e+01 1.336450e+02 2.551536e+03
3.000000e-02 5.223000e-02  1.305750e-02  3.000000e+00 1.076366e-05 8.000000e-04 2.313113e-11 3.103312e+01 5.051442e+01 1.702672e+02 8.077733e+00 5.176523e+02 4.300323e+01 1.408622e+02 2.689325e+03
3.000000e-02 5.223000e-02  1.305750e-02  3.000000e+00 1.105047e-05 8.000000e-04 2.313113e-11 3.099879e+01 5.382135e+01 1.765717e+02 8.630008e+00 5.457163e+02 4.532551e+01 1.484690e+02 2.834555e+03
3.000000e-02 5.223000e-02  1.305750e-02  3.000000e+00 1.134492e-05 8.000000e-04 2.313113e-11 3.094848e+01 5.737964e+01 1.836511e+02 8.982034e+00 5.771995e+02 4.777319e+01 1.564867e+02 2.987628e+03
3.000000e-02 5.223000e-02  1.305750e-02  3.000000e+00 1.164722e-05 8.000000e-04 2.313113e-11 3.090223e+01 6.100417e+01 1.912659e+02 9.513354e+00 6.095149e+02 5.035305e+01 1.649374e+02 3.148966e+03
3.000000e-02 5.223000e-02  1.305750e-02  3.000000e+00 1.195758e-05 8.000000e-04 2.313113e-11 3.087725e+01 6.419477e+01 1.974493e+02 1.001550e+01 6.427767e+02 5.307223e+01 1.738444e+02 3.319018e+03
3.000000e-02 5.223000e-02  1.305750e-02  3.000000e+00 1.227620e-05 8.000000e-04 2.313113e-11 3.079251e+01 6.728294e+01 2.037546e+02 1.067643e+01 6.721934e+02 5.593826e+01 1.832324e+02 3.498252e+03
3.000000e-02 5.223000e-02  1.305750e-02  3.000000e+00 1.260331e-05 8.000000e-04 2.313113e-11 3.075153e+01 7.143818e+01 2.126611e+02 1.119882e+01 7.109255e+02 5.895905e+01 1.931273e+02 3.687166e+03
3.000000e-02 5.223000e-02  1.305750e-02  3.000000e+00 1.293914e-05 8.000000e-04 2.313113e-11 3.069401e+01 7.550970e+01 2.209730e+02 1.177947e+01 7.516416e+02 6.214298e+01 2.035567e+02 3.886282e+03
3.000000e-02 5.223000e-02  1.305750e-02  3.000000e+00 1.328392e-05 8.000000e-04 2.313113e-11 3.062210e+01 7.914085e+01 2.274962e+02 1.247443e+01 7.903714e+02 6.549884e+01 2.145492e+02 4.096150e+03
3.000000e-02 5.223000e-02  1.305750e-02  3.000000e+00 1.363789e-05 8.000000e-04 2.313113e-11 3.058544e+01 8.345203e+01 2.359100e+02 1.309635e+01 8.326248e+02 6.903593e+01 2.261353e+02 4.317351e+03
3.000000e-02 5.223000e-02  1.305750e-02  3.000000e+00 1.400128e-05 8.000000e-04 2.313113e-11 3.050530e+01 8.806432e+01 2.446249e+02 1.375035e+01 8.819988e+02 7.276403e+01 2.383472e+02 4.550498e+03
3.000000e-02 5.223000e-02  1.305750e-02  3.000000e+00 1.437436e-05 8.000000e-04 2.313113e-11 3.044257e+01 9.149339e+01 2.515035e+02 1.450644e+01 9.244069e+02 7.669345e+01 2.512185e+02 4.796236e+03
