8.000000e-01 1.604000e-02  4.010000e-03  3.000000e+00 2.000000e-06 8.000000e-04 4.780172e+06 3.180203e+01 2.288802e+01 6.923341e+01 8.114875e-10 3.197754e-09 7.697043e-10 1.531114e-08 5.873551e-08
8.000000e-01 1.604000e-02  4.010000e-03  3.000000e+00 2.053292e-06 8.000000e-04 4.780172e+06 3.180203e+01 2.288802e+01 6.923341e+01 8.452465e-10 3.375281e-09 8.112701e-10 1.613797e-08 6.190737e-08
8.000000e-01 1.604000e-02  4.010000e-03  3.000000e+00 2.108005e-06 8.000000e-04 4.780172e+06 3.180203e+01 2.288802e+01 6.923341e+01 8.875372e-10 3.544291e-09 8.550805e-10 1.700946e-08 6.525051e-08
8.000000e-01 1.604000e-02  4.010000e-03  3.000000e+00 2.164175e-06 8.000000e-04 4.780172e+06 3.180203e+01 2.288802e+01 6.923341e+01 9.551889e-10 3.740175e-09 9.012569e-10 1.792801e-08 6.877418e-08
8.000000e-01 1.604000e-02  4.010000e-03  3.000000e+00 2.221842e-06 8.000000e-04 4.780172e+06 3.180203e+01 2.288802e+01 6.923341e+01 9.971314e-10 3.962163e-09 9.499268e-10 1.889617e-08 7.248815e-08
8.000000e-01 1.604000e-02  4.010000e-03  3.000000e+00 2.281045e-06 8.000000e-04 4.780172e+06 3.180203e+01 2.288802e+01 6.923341e+01 1.035466e-09 4.142350e-09 1.001225e-09 1.991660e-08 7.640268e-08
8.000000e-01 1.604000e-02  4.010000e-03  3.000000e+00 2.341826e-06 8.000000e-04 4.780172e+06 3.180203e+01 2.288802e+01 6.923341e+01 1.099152e-09 4.391097e-09 1.055294e-09 2.099215e-08 8.052860e-08
8.000000e-01 1.604000e-02  4.010000e-03  3.000000e+00 2.404227e-06 8.000000e-04 4.780172e+06 3.180203e+01 2.288802e+01 6.923341e+01 1.161691e-09 4.616355e-09 1.112282e-09 2.212577e-08 8.487733e-08
8.000000e-01 1.604000e-02  4.010000e-03  3.000000e+00 2.468290e-06 8.000000e-04 4.780172e+06 3.180203e+01 2.288802e+01 6.923341e+01 1.222478e-09 4.860762e-09 1.172348e-09 2.332061e-08 8.946090e-08
8.000000e-01 1.604000e-02  4.010000e-03  3.000000e+00 2.534061e-06 8.000000e-04 4.780172e+06 3.180203e+01 2.288802e+01 6.923341e+01 1.279914e-09 5.140539e-09 1.235657e-09 2.457998e-08 9.429200e-08
8.000000e-01 1.604000e-02  4.010000e-03  3.000000e+00 2.601584e-06 8.000000e-04 4.780172e+06 3.180203e+01 2.288802e+01 6.923341e+01 1.397008e-09 5.426110e-09 1.302385e-09 2.590735e-08 9.938398e-08
8.000000e-01 1.604000e-02  4.010000e-03  3.000000e+00 2.670906e-06 8.000000e-04 4.780172e+06 3.180203e+01 2.288802e+01 6.923341e+01 1.444637e-09 5.695288e-09 1.372717e-09 2.730641e-08 1.047509e-07
8.000000e-01 1.604000e-02  4.010000e-03  3.000000e+00 2.742075e-06 8.000000e-04 4.780172e+06 3.180203e+01 2.288802e+01 6.923341e+01 1.530609e-09 6.026996e-09 1.446847e-09 2.878102e-08 1.104077e-07
8.000000e-01 1.604000e-02  4.010000e-03  3.000000e+00 2.815141e-06 8.000000e-04 4.780172e+06 3.180203e+01 2.288802e+01 6.923341e+01 1.592878e-09 6.352339e-09 1.524980e-09 3.033526e-08 1.163700e-07
8.000000e-01 1.604000e-02  4.010000e-03  3.000000e+00 2.890154e-06 8.000000e-04 4.780172e+06 3.180203e+01 2.288802e+01 6.923341e+01 1.680429e-09 6.669131e-09 1.607333e-09 3.197344e-08 1.226543e-07
8.000000e-01 1.604000e-02  4.010000e-03  3.000000e+00 2.967165e-06 8.000000e-04 4.780172e+06 3.180203e+01 2.288802e+01 6.923341e+01 1.804249e-09 7.032229e-09 1.694132e-09 3.370008e-08 1.292779e-07
8.000000e-01 1.604000e-02  4.010000e-03  3.000000e+00 3.046229e-06 8.000000e-04 4.780172e+06 3.180203e+01 2.288802e+01 6.923341e+01 1.889968e-09 7.419789e-09 1.785619e-09 3.551996e-08 1.362592e-07
8.000000e-01 1.604000e-02  4.010000e-03  3.000000e+00 3.127399e-06 8.000000e-04 4.780172e+06 3.180203e+01 2.288802e+01 6.923341e+01 1.947116e-09 7.816611e-09 1.882047e-09 3.743812e-08 1.436175e-07
8.000000e-01 1.604000e-02  4.010000e-03  3.000000e+00 3.210732e-06 8.000000e-04 4.780172e+06 3.180203e+01 2.288802e+01 6.923341e+01 2.055769e-09 8.297490e-09 1.983682e-09 3.945986e-08 1.513732e-07
8.000000e-01 1.604000e-02  4.010000e-03  3.000000e+00 3.296286e-06 8.000000e-04 4.780172e+06 3.180203e+01 2.288802e+01 6.923341e+01 2.162949e-09 8.661156e-09 2.090805e-09 4.159079e-08 1.595477e-07
8.000000e-01 1.604000e-02  4.010000e-03  3.000000e+00 3.384119e-06 8.000000e-04 4.780172e+06 3.180203e+01 2.288802e+01 6.923341e+01 2.328457e-09 9.161564e-09 2.203714e-09 4.383679e-08 1.681636e-07
8.000000e-01 1.604000e-02  4.010000e-03  3.000000e+00 3.474293e-06 8.000000e-04 4.780172e+06 3.180203e+01 2.288802e+01 6.923341e+01 2.477782e-09 9.685855e-09 2.322719e-09 4.620407e-08 1.772448e-07
8.000000e-01 1.604000e-02  4.010000e-03  3.000000e+00 3.566869e-06 8.000000e-04 4.780172e+06 3.180203e+01 2.288802e+01 6.923341e+01 2.564809e-09 1.016643e-08 2.448151e-09 4.869920e-08 1.868165e-07
8.000000e-01 1.604000e-02  4.010000e-03  3.000000e+00 3.661913e-06 8.000000e-04 4.780172e+06 3.180203e+01 2.288802e+01 6.923341e+01 2.671690e-09 1.073335e-08 2.580357e-09 5.132907e-08 1.969050e-07
8.000000e-01 1.604000e-02  4.010000e-03  3.000000e+00 3.759488e-06 8.000000e-04 4.780172e+06 3.180203e+01 2.288802e+01 6.923341e+01 2.883276e-09 1.132753e-08 2.719703e-09 5.410096e-08 2.075383e-07
8.000000e-01 1.604000e-02  4.010000e-03  3.000000e+00 3.859664e-06 8.000000e-04 4.780172e+06 3.180203e+01 2.288802e+01 6.923341e+01 3.095163e-09 1.191778e-08 2.866573e-09 5.702253e-08 2.187459e-07
8.000000e-01 1.604000e-02  4.010000e-03  3.000000e+00 3.962510e-06 8.000000e-04 4.780172e+06 3.180203e+01 2.288802e+01 6.923341e+01 3.155806e-09 1.259332e-08 3.021374e-09 6.010188e-08 2.305586e-07
8.000000e-01 1.604000e-02  4.010000e-03  3.000000e+00 4.068095e-06 8.000000e-04 4.780172e+06 3.180203e+01 2.288802e+01 6.923341e+01 3.314235e-09 1.323526e-08 3.184536e-09 6.334752e-08 2.430093e-07
8.000000e-01 1.604000e-02  4.010000e-03  3.000000e+00 4.176494e-06 8.000000e-04 4.780172e+06 3.180203e+01 2.288802e+01 6.923341e+01 3.474559e-09 1.391957e-08 3.356508e-09 6.676844e-08 2.561324e-07
8.000000e-01 1.604000e-02  4.010000e-03  3.000000e+00 4.287782e-06 8.000000e-04 4.780172e+06 3.180203e+01 2.288802e+01 6.923341e+01 3.665600e-09 1.463737e-08 3.537767e-09 7.037409e-08 2.699641e-07
8.000000e-01 1.604000e-02  4.010000e-03  3.000000e+00 4.402035e-06 8.000000e-04 4.780172e+06 3.180203e+01 2.288802e+01 6.923341e+01 3.879191e-09 1.547810e-08 3.728815e-09 7.417445e-08 2.845428e-07
8.000000e-01 1.604000e-02  4.010000e-03  3.000000e+00 4.519332e-06 8.000000e-04 4.780172e+06 3.180203e+01 2.288802e+01 6.923341e+01 4.121296e-09 1.636907e-08 3.930179e-09 7.818004e-08 2.999088e-07
8.000000e-01 1.604000e-02  4.010000e-03  3.000000e+00 4.639755e-06 8.000000e-04 4.780172e+06 3.180203e+01 2.288802e+01 6.923341e+01 4.400135e-09 1.725726e-08 4.142418e-09 8.240194e-08 3.161046e-07
8.000000e-01 1.604000e-02  4.010000e-03  3.000000e+00 4.763386e-06 8.000000e-04 4.780172e+06 3.180203e+01 2.288802e+01 6.923341e+01 4.506568e-09 1.811088e-08 4.366118e-09 8.685184e-08 3.331750e-07
8.000000e-01 1.604000e-02  4.010000e-03  3.000000e+00 4.890312e-06 8.000000e-04 4.780172e+06 3.180203e+01 2.288802e+01 6.923341e+01 4.852434e-09 1.907621e-08 4.601899e-09 9.154204e-08 3.511672e-07
8.000000e-01 1.604000e-02  4.010000e-03  3.000000e+00 5.020620e-06 8.000000e-04 4.780172e+06 3.180203e+01 2.288802e+01 6.923341e+01 5.120347e-09 2.012511e-08 4.850412e-09 9.648552e-08 3.701310e-07
8.000000e-01 1.604000e-02  4.010000e-03  3.000000e+00 5.154400e-06 8.000000e-04 4.780172e+06 3.180203e+01 2.288802e+01 6.923341e+01 5.326325e-09 2.133556e-08 5.112345e-09 1.016960e-07 3.901189e-07
8.000000e-01 1.604000e-02  4.010000e-03  3.000000e+00 5.291745e-06 8.000000e-04 4.780172e+06 3.180203e+01 2.288802e+01 6.923341e+01 5.733118e-09 2.225288e-08 5.388424e-09 1.071878e-07 4.111863e-07
8.000000e-01 1.604000e-02  4.010000e-03  3.000000e+00 5.432750e-06 8.000000e-04 4.780172e+06 3.180203e+01 2.288802e+01 6.923341e+01 6.054020e-09 2.356611e-08 5.679411e-09 1.129762e-07 4.333913e-07
8.000000e-01 1.604000e-02  4.010000e-03  3.000000e+00 5.577512e-06 8.000000e-04 4.780172e+06 3.180203e+01 2.288802e+01 6.923341e+01 6.237256e-09 2.472728e-08 5.986112e-09 1.190771e-07 4.567954e-07
8.000000e-01 1.604000e-02  4.010000e-03  3.000000e+00 5.726131e-06 8.000000e-04 4.780172e+06 3.180203e+01 2.288802e+01 6.923341e+01 6.629124e-09 2.627960e-08 6.309376e-09 1.255076e-07 4.814634e-07
8.000000e-01 1.604000e-02  4.010000e-03  3.000000e+00 5.878710e-06 8.000000e-04 4.780172e+06 3.180203e+01 2.288802e+01 6.923341e+01 6.922989e-09 2.760001e-08 6.650097e-09 1.322853e-07 5.074635e-07
8.000000e-01 1.604000e-02  4.010000e-03  3.000000e+00 6.035355e-06 8.000000e-04 4.780172e+06 3.180203e+01 2.288802e+01 6.923341e+01 7.371221e-09 2.904256e-08 7.009218e-09 1.394290e-07 5.348677e-07
8.000000e-01 1.604000e-02  4.010000e-03  3.000000e+00 6.196174e-06 8.000000e-04 4.780172e+06 3.180203e+01 2.288802e+01 6.923341e+01 7.832635e-09 3.082094e-08 7.387732e-09 1.469585e-07 5.637518e-07
8.000000e-01 1.604000e-02  4.010000e-03  3.000000e+00 6.361278e-06 8.000000e-04 4.780172e+06 3.180203e+01 2.288802e+01 6.923341e+01 8.188027e-09 3.227534e-08 7.786686e-09 1.548946e-07 5.941957e-07
8.000000e-01 1.604000e-02  4.010000e-03  3.000000e+00 6.530782e-06 8.000000e-04 4.780172e+06 3.180203e+01 2.288802e+01 6.923341e+01 8.587064e-09 3.428337e-08 8.207185e-09 1.632592e-07 6.262837e-07
8.000000e-01 1.604000e-02  4.010000e-03  3.000000e+00 6.704802e-06 8.000000e-04 4.780172e+06 3.180203e+01 2.288802e+01 6.923341e+01 8.998727e-09 3.584145e-08 8.650392e-09 1.720756e-07 6.601045e-07
8.000000e-01 1.604000e-02  4.010000e-03  3.000000e+00 6.883459e-06 8.000000e-04 4.780172e+06 3.180203e+01 2.288802e+01 6.923341e+01 9.587848e-09 3.787271e-08 9.117533e-09 1.813681e-07 6.957516e-07
8.000000e-01 1.604000e-02  4.010000e-03  3.000000e+00 7.066877e-06 8.000000e-04 4.780172e+06 3.180203e+01 2.288802e+01 6.923341e+01 1.006809e-08 3.992335e-08 9.609901e-09 1.911624e-07 7.333238e-07
8.000000e-01 1.604000e-02  4.010000e-03  3.000000e+00 7.255182e-06 8.000000e-04 4.780172e+06 3.180203e+01 2.288802e+01 6.923341e+01 1.034635e-08 4.208877e-08 1.012886e-08 2.014856e-07 7.729250e-07
8.000000e-01 1.604000e-02  4.010000e-03  3.000000e+00 7.448504e-06 8.000000e-04 4.780172e+06 3.180203e+01 2.288802e+01 6.923341e+01 1.106921e-08 4.430436e-08 1.067584e-08 2.123663e-07 8.146647e-07
8.000000e-01 1.604000e-02  4.010000e-03  3.000000e+00 7.646978e-06 8.000000e-04 4.780172e+06 3.180203e+01 2.288802e+01 6.923341e+01 1.178103e-08 4.693051e-08 1.125236e-08 2.238346e-07 8.586585e-07
8.000000e-01 1.604000e-02  4.010000e-03  3.000000e+00 7.850741e-06 8.000000e-04 4.780172e+06 3.180203e+01 2.288802e+01 6.923341e+01 1.217716e-08 4.936480e-08 1.186001e-08 2.359222e-07 9.050281e-07
8.000000e-01 1.604000e-02  4.010000e-03  3.000000e+00 8.059933e-06 8.000000e-04 4.780172e+06 3.180203e+01 2.288802e+01 6.923341e+01 1.323153e-08 5.200416e-08 1.250048e-08 2.486625e-07 9.539017e-07
8.000000e-01 1.604000e-02  4.010000e-03  3.000000e+00 8.274699e-06 8.000000e-04 4.780172e+06 3.180203e+01 2.288802e+01 6.923341e+01 1.375545e-08 5.479322e-08 1.317554e-08 2.620908e-07 1.005415e-06
8.000000e-01 1.604000e-02  4.010000e-03  3.000000e+00 8.495188e-06 8.000000e-04 4.780172e+06 3.180203e+01 2.288802e+01 6.923341e+01 1.454608e-08 5.753931e-08 1.388705e-08 2.762444e-07 1.059709e-06
8.000000e-01 1.604000e-02  4.010000e-03  3.000000e+00 8.721552e-06 8.000000e-04 4.780172e+06 3.180203e+01 2.288802e+01 6.923341e+01 1.520572e-08 6.078086e-08 1.463698e-08 2.911622e-07 1.116936e-06
8.000000e-01 1.604000e-02  4.010000e-03  3.000000e+00 8.953948e-06 8.000000e-04 4.780172e+06 3.180203e+01 2.288802e+01 6.923341e+01 1.611254e-08 6.420355e-08 1.542741e-08 3.068856e-07 1.177253e-06
8.000000e-01 1.604000e-02  4.010000e-03  3.000000e+00 9.192536e-06 8.000000e-04 4.780172e+06 3.180203e+01 2.288802e+01 6.923341e+01 1.693560e-08 6.766030e-08 1.626052e-08 3.234582e-07 1.240828e-06
8.000000e-01 1.604000e-02  4.010000e-03  3.000000e+00 9.437481e-06 8.000000e-04 4.780172e+06 3.180203e+01 2.288802e+01 6.923341e+01 1.791295e-08 7.125826e-08 1.713863e-08 3.409256e-07 1.307835e-06
8.000000e-01 1.604000e-02  4.010000e-03  3.000000e+00 9.688954e-06 8.000000e-04 4.780172e+06 3.180203e+01 2.288802e+01 6.923341e+01 1.887052e-08 7.498199e-08 1.806416e-08 3.593364e-07 1.378461e-06
8.000000e-01 1.604000e-02  4.010000e-03  3.000000e+00 9.947127e-06 8.000000e-04 4.780172e+06 3.180203e+01 2.288802e+01 6.923341e+01 1.973197e-08 7.932646e-08 1.903966e-08 3.787414e-07 1.452901e-06
8.000000e-01 1.604000e-02  4.010000e-03  3.000000e+00 1.021218e-05 8.000000e-04 4.780172e+06 3.180203e+01 2.288802e+01 6.923341e+01 2.116881e-08 8.343078e-08 2.006785e-08 3.991943e-07 1.531361e-06
8.000000e-01 1.604000e-02  4.010000e-03  3.000000e+00 1.048430e-05 8.000000e-04 4.780172e+06 3.180203e+01 2.288802e+01 6.923341e+01 2.225270e-08 8.768584e-08 2.115156e-08 4.207517e-07 1.614058e-06
8.000000e-01 1.604000e-02  4.010000e-03  3.000000e+00 1.076366e-05 8.000000e-04 4.780172e+06 3.180203e+01 2.288802e+01 6.923341e+01 2.316668e-08 9.235900e-08 2.229379e-08 4.434733e-07 1.701221e-06
8.000000e-01 1.604000e-02  4.010000e-03  3.000000e+00 1.105047e-05 8.000000e-04 4.780172e+06 3.180203e+01 2.288802e+01 6.923341e+01 2.494087e-08 9.754555e-08 2.349771e-08 4.674219e-07 1.793091e-06
8.000000e-01 1.604000e-02  4.010000e-03  3.000000e+00 1.134492e-05 8.000000e-04 4.780172e+06 3.180203e+01 2.288802e+01 6.923341e+01 2.625138e-08 1.024003e-07 2.476664e-08 4.926638e-07 1.889922e-06
8.000000e-01 1.604000e-02  4.010000e-03  3.000000e+00 1.164722e-05 8.000000e-04 4.780172e+06 3.180203e+01 2.288802e+01 6.923341e+01 2.729125e-08 1.088241e-07 2.610409e-08 5.192687e-07 1.991982e-06
8.000000e-01 1.604000e-02  4.010000e-03  3.000000e+00 1.195758e-05 8.000000e-04 4.780172e+06 3.180203e+01 2.288802e+01 6.923341e+01 2.913905e-08 1.144451e-07 2.751378e-08 5.473104e-07 2.099554e-06
8.000000e-01 1.604000e-02  4.010000e-03  3.000000e+00 1.227620e-05 8.000000e-04 4.780172e+06 3.180203e+01 2.288802e+01 6.923341e+01 3.083568e-08 1.206631e-07 2.899958e-08 5.768665e-07 2.212935e-06
8.000000e-01 1.604000e-02  4.010000e-03  3.000000e+00 1.260331e-05 8.000000e-04 4.780172e+06 3.180203e+01 2.288802e+01 6.923341e+01 3.242662e-08 1.268361e-07 3.056563e-08 6.080186e-07 2.332438e-06
8.000000e-01 1.604000e-02  4.010000e-03  3.000000e+00 1.293914e-05 8.000000e-04 4.780172e+06 3.180203e+01 2.288802e+01 6.923341e+01 3.398454e-08 1.339741e-07 3.221624e-08 6.408530e-07 2.458395e-06
8.000000e-01 1.604000e-02  4.010000e-03  3.000000e+00 1.328392e-05 8.000000e-04 4.780172e+06 3.180203e+01 2.288802e+01 6.923341e+01 3.553798e-08 1.411603e-07 3.395599e-08 6.754605e-07 2.591154e-06
8.000000e-01 1.604000e-02  4.010000e-03  3.000000e+00 1.363789e-05 8.000000e-04 4.780172e+06 3.180203e+01 2.288802e+01 6.923341e+01 3.791838e-08 1.489060e-07 3.578970e-08 7.119370e-07 2.731083e-06
8.000000e-01 1.604000e-02  4.010000e-03  3.000000e+00 1.400128e-05 8.000000e-04 4.780172e+06 3.180203e+01 2.288802e+01 6.923341e+01 4.008092e-08 1.569432e-07 3.772242e-08 7.503832e-07 2.878568e-06
