1.250000e+00 1.194000e-01  2.985000e-02  3.000000e+00 2.000000e-06 8.000000e-04 1.222726e+03 3.180203e+01 2.288802e+01 6.923341e+01 1.643340e-06 1.269382e-05 2.545325e-06 3.343581e-05 2.130341e-04
1.250000e+00 1.194000e-01  2.985000e-02  3.000000e+00 2.053292e-06 8.000000e-04 1.222726e+03 3.180203e+01 2.288802e+01 6.923341e+01 1.747839e-06 1.340213e-05 2.682779e-06 3.524142e-05 2.245384e-04
1.250000e+00 1.194000e-01  2.985000e-02  3.000000e+00 2.108005e-06 8.000000e-04 1.222726e+03 3.180203e+01 2.288802e+01 6.923341e+01 1.835054e-06 1.407247e-05 2.827655e-06 3.714454e-05 2.366640e-04
1.250000e+00 1.194000e-01  2.985000e-02  3.000000e+00 2.164175e-06 8.000000e-04 1.222726e+03 3.180203e+01 2.288802e+01 6.923341e+01 1.901553e-06 1.488835e-05 2.980355e-06 3.915043e-05 2.494444e-04
1.250000e+00 1.194000e-01  2.985000e-02  3.000000e+00 2.221842e-06 8.000000e-04 1.222726e+03 3.180203e+01 2.288802e+01 6.923341e+01 2.030469e-06 1.567185e-05 3.141301e-06 4.126465e-05 2.629150e-04
1.250000e+00 1.194000e-01  2.985000e-02  3.000000e+00 2.281045e-06 8.000000e-04 1.222726e+03 3.180203e+01 2.288802e+01 6.923341e+01 2.160118e-06 1.653617e-05 3.310939e-06 4.349303e-05 2.771130e-04
1.250000e+00 1.194000e-01  2.985000e-02  3.000000e+00 2.341826e-06 8.000000e-04 1.222726e+03 3.180203e+01 2.288802e+01 6.923341e+01 2.264933e-06 1.743502e-05 3.489737e-06 4.584176e-05 2.920778e-04
1.250000e+00 1.194000e-01  2.985000e-02  3.000000e+00 2.404227e-06 8.000000e-04 1.222726e+03 3.180203e+01 2.288801e+01 6.923341e+01 2.394959e-06 1.834031e-05 3.678191e-06 4.831732e-05 3.078506e-04
1.250000e+00 1.194000e-01  2.985000e-02  3.000000e+00 2.468290e-06 8.000000e-04 1.222726e+03 3.180203e+01 2.288801e+01 6.923341e+01 2.487016e-06 1.929455e-05 3.876822e-06 5.092657e-05 3.244753e-04
1.250000e+00 1.194000e-01  2.985000e-02  3.000000e+00 2.534061e-06 8.000000e-04 1.222726e+03 3.180203e+01 2.288801e+01 6.923341e+01 2.605730e-06 2.041158e-05 4.086179e-06 5.367672e-05 3.419977e-04
1.250000e+00 1.194000e-01  2.985000e-02  3.000000e+00 2.601584e-06 8.000000e-04 1.222726e+03 3.180203e+01 2.288801e+01 6.923341e+01 2.786954e-06 2.143189e-05 4.306842e-06 5.657539e-05 3.604664e-04
1.250000e+00 1.194000e-01  2.985000e-02  3.000000e+00 2.670906e-06 8.000000e-04 1.222726e+03 3.180203e+01 2.288801e+01 6.923341e+01 2.913674e-06 2.268738e-05 4.539421e-06 5.963059e-05 3.799324e-04
1.250000e+00 1.194000e-01  2.985000e-02  3.000000e+00 2.742075e-06 8.000000e-04 1.222726e+03 3.180203e+01 2.288801e+01 6.923341e+01 3.068646e-06 2.379619e-05 4.784561e-06 6.285078e-05 4.004496e-04
1.250000e+00 1.194000e-01  2.985000e-02  3.000000e+00 2.815141e-06 8.000000e-04 1.222726e+03 3.180203e+01 2.288801e+01 6.923341e+01 3.313069e-06 2.517961e-05 5.042938e-06 6.624486e-05 4.220748e-04
1.250000e+00 1.194000e-01  2.985000e-02  3.000000e+00 2.890154e-06 8.000000e-04 1.222726e+03 3.180203e+01 2.288801e+01 6.923341e+01 3.435648e-06 2.654264e-05 5.315268e-06 6.982224e-05 4.448678e-04
1.250000e+00 1.194000e-01  2.985000e-02  3.000000e+00 2.967165e-06 8.000000e-04 1.222726e+03 3.180203e+01 2.288801e+01 6.923341e+01 3.620175e-06 2.794732e-05 5.602305e-06 7.359280e-05 4.688917e-04
1.250000e+00 1.194000e-01  2.985000e-02  3.000000e+00 3.046229e-06 8.000000e-04 1.222726e+03 3.180203e+01 2.288801e+01 6.923341e+01 3.813450e-06 2.940738e-05 5.904843e-06 7.756698e-05 4.942129e-04
1.250000e+00 1.194000e-01  2.985000e-02  3.000000e+00 3.127399e-06 8.000000e-04 1.222726e+03 3.180203e+01 2.288801e+01 6.923341e+01 4.039940e-06 3.114207e-05 6.223718e-06 8.175578e-05 5.209016e-04
1.250000e+00 1.194000e-01  2.985000e-02  3.000000e+00 3.210732e-06 8.000000e-04 1.222726e+03 3.180203e+01 2.288801e+01 6.923341e+01 4.241383e-06 3.268391e-05 6.559813e-06 8.617078e-05 5.490315e-04
1.250000e+00 1.194000e-01  2.985000e-02  3.000000e+00 3.296286e-06 8.000000e-04 1.222726e+03 3.180203e+01 2.288801e+01 6.923341e+01 4.517370e-06 3.432259e-05 6.914058e-06 9.082420e-05 5.786804e-04
1.250000e+00 1.194000e-01  2.985000e-02  3.000000e+00 3.384119e-06 8.000000e-04 1.222726e+03 3.180203e+01 2.288801e+01 6.923340e+01 4.673951e-06 3.637347e-05 7.287433e-06 9.572892e-05 6.099305e-04
1.250000e+00 1.194000e-01  2.985000e-02  3.000000e+00 3.474293e-06 8.000000e-04 1.222726e+03 3.180203e+01 2.288801e+01 6.923340e+01 4.983773e-06 3.834747e-05 7.680971e-06 1.008985e-04 6.428682e-04
1.250000e+00 1.194000e-01  2.985000e-02  3.000000e+00 3.566869e-06 8.000000e-04 1.222726e+03 3.180203e+01 2.288801e+01 6.923340e+01 5.245516e-06 4.015185e-05 8.095761e-06 1.063473e-04 6.775845e-04
1.250000e+00 1.194000e-01  2.985000e-02  3.000000e+00 3.661913e-06 8.000000e-04 1.222726e+03 3.180203e+01 2.288801e+01 6.923340e+01 5.539624e-06 4.251274e-05 8.532951e-06 1.120903e-04 7.141757e-04
1.250000e+00 1.194000e-01  2.985000e-02  3.000000e+00 3.759488e-06 8.000000e-04 1.222726e+03 3.180203e+01 2.288801e+01 6.923340e+01 5.729967e-06 4.511529e-05 8.993750e-06 1.181434e-04 7.527428e-04
1.250000e+00 1.194000e-01  2.985000e-02  3.000000e+00 3.859664e-06 8.000000e-04 1.222726e+03 3.180203e+01 2.288801e+01 6.923340e+01 6.186791e-06 4.752002e-05 9.479434e-06 1.245234e-04 7.933927e-04
1.250000e+00 1.194000e-01  2.985000e-02  3.000000e+00 3.962510e-06 8.000000e-04 1.222726e+03 3.180203e+01 2.288801e+01 6.923340e+01 6.434892e-06 4.992989e-05 9.991345e-06 1.312480e-04 8.362377e-04
1.250000e+00 1.194000e-01  2.985000e-02  3.000000e+00 4.068095e-06 8.000000e-04 1.222726e+03 3.180203e+01 2.288801e+01 6.923340e+01 6.759629e-06 5.231263e-05 1.053090e-05 1.383356e-04 8.813965e-04
1.250000e+00 1.194000e-01  2.985000e-02  3.000000e+00 4.176494e-06 8.000000e-04 1.222726e+03 3.180203e+01 2.288800e+01 6.923340e+01 7.134086e-06 5.529356e-05 1.109959e-05 1.458061e-04 9.289939e-04
1.250000e+00 1.194000e-01  2.985000e-02  3.000000e+00 4.287782e-06 8.000000e-04 1.222726e+03 3.180203e+01 2.288800e+01 6.923340e+01 7.575116e-06 5.855886e-05 1.169900e-05 1.536800e-04 9.791617e-04
1.250000e+00 1.194000e-01  2.985000e-02  3.000000e+00 4.402035e-06 8.000000e-04 1.222726e+03 3.180203e+01 2.288800e+01 6.923340e+01 7.966174e-06 6.148830e-05 1.233077e-05 1.619790e-04 1.032039e-03
1.250000e+00 1.194000e-01  2.985000e-02  3.000000e+00 4.519332e-06 8.000000e-04 1.222726e+03 3.180203e+01 2.288800e+01 6.923340e+01 8.558358e-06 6.507906e-05 1.299666e-05 1.707263e-04 1.087771e-03
1.250000e+00 1.194000e-01  2.985000e-02  3.000000e+00 4.639755e-06 8.000000e-04 1.222726e+03 3.180203e+01 2.288800e+01 6.923340e+01 8.724702e-06 6.799670e-05 1.369851e-05 1.799459e-04 1.146513e-03
1.250000e+00 1.194000e-01  2.985000e-02  3.000000e+00 4.763386e-06 8.000000e-04 1.222726e+03 3.180203e+01 2.288800e+01 6.923340e+01 9.352315e-06 7.219962e-05 1.443826e-05 1.896634e-04 1.208428e-03
1.250000e+00 1.194000e-01  2.985000e-02  3.000000e+00 4.890312e-06 8.000000e-04 1.222726e+03 3.180203e+01 2.288800e+01 6.923340e+01 9.787058e-06 7.561705e-05 1.521796e-05 1.999056e-04 1.273686e-03
1.250000e+00 1.194000e-01  2.985000e-02  3.000000e+00 5.020620e-06 8.000000e-04 1.222726e+03 3.180203e+01 2.288800e+01 6.923340e+01 1.021936e-05 7.996695e-05 1.603977e-05 2.107010e-04 1.342468e-03
1.250000e+00 1.194000e-01  2.985000e-02  3.000000e+00 5.154400e-06 8.000000e-04 1.222726e+03 3.180203e+01 2.288800e+01 6.923340e+01 1.086666e-05 8.409390e-05 1.690595e-05 2.220793e-04 1.414964e-03
1.250000e+00 1.194000e-01  2.985000e-02  3.000000e+00 5.291745e-06 8.000000e-04 1.222726e+03 3.180203e+01 2.288800e+01 6.923339e+01 1.144215e-05 8.892975e-05 1.781891e-05 2.340721e-04 1.491375e-03
1.250000e+00 1.194000e-01  2.985000e-02  3.000000e+00 5.432750e-06 8.000000e-04 1.222726e+03 3.180203e+01 2.288799e+01 6.923339e+01 1.214449e-05 9.377492e-05 1.878117e-05 2.467126e-04 1.571913e-03
1.250000e+00 1.194000e-01  2.985000e-02  3.000000e+00 5.577512e-06 8.000000e-04 1.222726e+03 3.180203e+01 2.288799e+01 6.923339e+01 1.266786e-05 9.871760e-05 1.979540e-05 2.600356e-04 1.656800e-03
1.250000e+00 1.194000e-01  2.985000e-02  3.000000e+00 5.726131e-06 8.000000e-04 1.222726e+03 3.180203e+01 2.288799e+01 6.923339e+01 1.352608e-05 1.037217e-04 2.086440e-05 2.740782e-04 1.746271e-03
1.250000e+00 1.194000e-01  2.985000e-02  3.000000e+00 5.878710e-06 8.000000e-04 1.222726e+03 3.180203e+01 2.288799e+01 6.923339e+01 1.444478e-05 1.097399e-04 2.199112e-05 2.888790e-04 1.840574e-03
1.250000e+00 1.194000e-01  2.985000e-02  3.000000e+00 6.035355e-06 8.000000e-04 1.222726e+03 3.180203e+01 2.288799e+01 6.923339e+01 1.480852e-05 1.155789e-04 2.317869e-05 3.044791e-04 1.939969e-03
1.250000e+00 1.194000e-01  2.985000e-02  3.000000e+00 6.196174e-06 8.000000e-04 1.222726e+03 3.180203e+01 2.288799e+01 6.923339e+01 1.586605e-05 1.215580e-04 2.443040e-05 3.209217e-04 2.044732e-03
1.250000e+00 1.194000e-01  2.985000e-02  3.000000e+00 6.361278e-06 8.000000e-04 1.222726e+03 3.180203e+01 2.288798e+01 6.923339e+01 1.668043e-05 1.283575e-04 2.574970e-05 3.382522e-04 2.155152e-03
1.250000e+00 1.194000e-01  2.985000e-02  3.000000e+00 6.530782e-06 8.000000e-04 1.222726e+03 3.180203e+01 2.288798e+01 6.923339e+01 1.784797e-05 1.353059e-04 2.714024e-05 3.565186e-04 2.271535e-03
1.250000e+00 1.194000e-01  2.985000e-02  3.000000e+00 6.704802e-06 8.000000e-04 1.222726e+03 3.180203e+01 2.288798e+01 6.923338e+01 1.817148e-05 1.427414e-04 2.860587e-05 3.757715e-04 2.394203e-03
1.250000e+00 1.194000e-01  2.985000e-02  3.000000e+00 6.883459e-06 8.000000e-04 1.222726e+03 3.180203e+01 2.288798e+01 6.923338e+01 1.952621e-05 1.501728e-04 3.015066e-05 3.960640e-04 2.523496e-03
1.250000e+00 1.194000e-01  2.985000e-02  3.000000e+00 7.066877e-06 8.000000e-04 1.222726e+03 3.180203e+01 2.288798e+01 6.923338e+01 2.073491e-05 1.589681e-04 3.177886e-05 4.174524e-04 2.659770e-03
1.250000e+00 1.194000e-01  2.985000e-02  3.000000e+00 7.255182e-06 8.000000e-04 1.222726e+03 3.180203e+01 2.288797e+01 6.923338e+01 2.147236e-05 1.667183e-04 3.349499e-05 4.399958e-04 2.803404e-03
1.250000e+00 1.194000e-01  2.985000e-02  3.000000e+00 7.448504e-06 8.000000e-04 1.222726e+03 3.180203e+01 2.288797e+01 6.923338e+01 2.283506e-05 1.756681e-04 3.530380e-05 4.637565e-04 2.954794e-03
1.250000e+00 1.194000e-01  2.985000e-02  3.000000e+00 7.646978e-06 8.000000e-04 1.222726e+03 3.180203e+01 2.288797e+01 6.923338e+01 2.382423e-05 1.850980e-04 3.721029e-05 4.888005e-04 3.114360e-03
1.250000e+00 1.194000e-01  2.985000e-02  3.000000e+00 7.850741e-06 8.000000e-04 1.222726e+03 3.180203e+01 2.288797e+01 6.923337e+01 2.534943e-05 1.958487e-04 3.921973e-05 5.151968e-04 3.282543e-03
1.250000e+00 1.194000e-01  2.985000e-02  3.000000e+00 8.059933e-06 8.000000e-04 1.222726e+03 3.180203e+01 2.288796e+01 6.923337e+01 2.669102e-05 2.058261e-04 4.133769e-05 5.430186e-04 3.459808e-03
1.250000e+00 1.194000e-01  2.985000e-02  3.000000e+00 8.274699e-06 8.000000e-04 1.222726e+03 3.180203e+01 2.288796e+01 6.923337e+01 2.812109e-05 2.173604e-04 4.357002e-05 5.723429e-04 3.646645e-03
1.250000e+00 1.194000e-01  2.985000e-02  3.000000e+00 8.495188e-06 8.000000e-04 1.222726e+03 3.180203e+01 2.288796e+01 6.923337e+01 2.976456e-05 2.287354e-04 4.592290e-05 6.032507e-04 3.843572e-03
1.250000e+00 1.194000e-01  2.985000e-02  3.000000e+00 8.721552e-06 8.000000e-04 1.222726e+03 3.180203e+01 2.288795e+01 6.923337e+01 3.151914e-05 2.407226e-04 4.840284e-05 6.358277e-04 4.051134e-03
1.250000e+00 1.194000e-01  2.985000e-02  3.000000e+00 8.953948e-06 8.000000e-04 1.222726e+03 3.180203e+01 2.288795e+01 6.923336e+01 3.283528e-05 2.544597e-04 5.101671e-05 6.701638e-04 4.269905e-03
1.250000e+00 1.194000e-01  2.985000e-02  3.000000e+00 9.192536e-06 8.000000e-04 1.222726e+03 3.180203e+01 2.288795e+01 6.923336e+01 3.458547e-05 2.672824e-04 5.377173e-05 7.063542e-04 4.500490e-03
1.250000e+00 1.194000e-01  2.985000e-02  3.000000e+00 9.437481e-06 8.000000e-04 1.222726e+03 3.180203e+01 2.288794e+01 6.923336e+01 3.655437e-05 2.819565e-04 5.667552e-05 7.444990e-04 4.743526e-03
1.250000e+00 1.194000e-01  2.985000e-02  3.000000e+00 9.688954e-06 8.000000e-04 1.222726e+03 3.180203e+01 2.288794e+01 6.923335e+01 3.814772e-05 2.971007e-04 5.973613e-05 7.847037e-04 4.999688e-03
1.250000e+00 1.194000e-01  2.985000e-02  3.000000e+00 9.947127e-06 8.000000e-04 1.222726e+03 3.180203e+01 2.288793e+01 6.923335e+01 4.085167e-05 3.139122e-04 6.296202e-05 8.270795e-04 5.269683e-03
1.250000e+00 1.194000e-01  2.985000e-02  3.000000e+00 1.021218e-05 8.000000e-04 1.222726e+03 3.180203e+01 2.288793e+01 6.923335e+01 4.300580e-05 3.302291e-04 6.636212e-05 8.717437e-04 5.554258e-03
1.250000e+00 1.194000e-01  2.985000e-02  3.000000e+00 1.048430e-05 8.000000e-04 1.222726e+03 3.180203e+01 2.288792e+01 6.923334e+01 4.556609e-05 3.500923e-04 6.994582e-05 9.188199e-04 5.854200e-03
1.250000e+00 1.194000e-01  2.985000e-02  3.000000e+00 1.076366e-05 8.000000e-04 1.222726e+03 3.180203e+01 2.288792e+01 6.923334e+01 4.754092e-05 3.681690e-04 7.372306e-05 9.684382e-04 6.170341e-03
1.250000e+00 1.194000e-01  2.985000e-02  3.000000e+00 1.105047e-05 8.000000e-04 1.222726e+03 3.180203e+01 2.288791e+01 6.923334e+01 4.981726e-05 3.859081e-04 7.770428e-05 1.020736e-03 6.503553e-03
1.250000e+00 1.194000e-01  2.985000e-02  3.000000e+00 1.134492e-05 8.000000e-04 1.222726e+03 3.180203e+01 2.288791e+01 6.923333e+01 5.344315e-05 4.079170e-04 8.190049e-05 1.075858e-03 6.854760e-03
1.250000e+00 1.194000e-01  2.985000e-02  3.000000e+00 1.164722e-05 8.000000e-04 1.222726e+03 3.180203e+01 2.288790e+01 6.923333e+01 5.594027e-05 4.304531e-04 8.632330e-05 1.133957e-03 7.224933e-03
1.250000e+00 1.194000e-01  2.985000e-02  3.000000e+00 1.195758e-05 8.000000e-04 1.222726e+03 3.180203e+01 2.288789e+01 6.923333e+01 5.941542e-05 4.534791e-04 9.098496e-05 1.195193e-03 7.615096e-03
1.250000e+00 1.194000e-01  2.985000e-02  3.000000e+00 1.227620e-05 8.000000e-04 1.222726e+03 3.180203e+01 2.288788e+01 6.923332e+01 6.121196e-05 4.803285e-04 9.589836e-05 1.259737e-03 8.026329e-03
1.250000e+00 1.194000e-01  2.985000e-02  3.000000e+00 1.260331e-05 8.000000e-04 1.222726e+03 3.180202e+01 2.288788e+01 6.923332e+01 6.560895e-05 5.044326e-04 1.010771e-04 1.327765e-03 8.459769e-03
1.250000e+00 1.194000e-01  2.985000e-02  3.000000e+00 1.293914e-05 8.000000e-04 1.222726e+03 3.180202e+01 2.288787e+01 6.923331e+01 6.858775e-05 5.321600e-04 1.065355e-04 1.399468e-03 8.916616e-03
