3.000000e-02 1.266000e-02  3.165000e-03  3.000000e+00 2.000000e-06 8.000000e-04 2.867091e+01 3.177452e+01 2.133387e+01 6.829094e+01 2.903612e-01 5.930185e+00 1.418417e+00 6.981908e+00 8.978818e+01
3.000000e-02 1.266000e-02  3.165000e-03  3.000000e+00 2.053292e-06 8.000000e-04 2.867091e+01 3.177325e+01 2.125461e+01 6.824706e+01 3.009125e-01 6.241258e+00 1.495014e+00 7.358947e+00 9.463695e+01
3.000000e-02 1.266000e-02  3.165000e-03  3.000000e+00 2.108005e-06 8.000000e-04 2.867091e+01 3.177105e+01 2.115172e+01 6.818478e+01 3.231758e-01 6.623085e+00 1.575749e+00 7.756347e+00 9.974756e+01
3.000000e-02 1.266000e-02  3.165000e-03  3.000000e+00 2.164175e-06 8.000000e-04 2.867091e+01 3.177039e+01 2.109148e+01 6.814461e+01 3.377371e-01 6.943518e+00 1.660843e+00 8.175208e+00 1.051342e+02
3.000000e-02 1.266000e-02  3.165000e-03  3.000000e+00 2.221842e-06 8.000000e-04 2.867091e+01 3.176808e+01 2.100136e+01 6.810026e+01 3.581734e-01 7.305291e+00 1.750532e+00 8.616688e+00 1.108116e+02
3.000000e-02 1.266000e-02  3.165000e-03  3.000000e+00 2.281045e-06 8.000000e-04 2.867091e+01 3.176603e+01 2.091332e+01 6.806951e+01 3.765279e-01 7.681079e+00 1.845065e+00 9.082009e+00 1.167957e+02
3.000000e-02 1.266000e-02  3.165000e-03  3.000000e+00 2.341826e-06 8.000000e-04 2.867091e+01 3.176392e+01 2.078161e+01 6.796772e+01 4.014546e-01 8.108286e+00 1.944703e+00 9.572458e+00 1.231030e+02
3.000000e-02 1.266000e-02  3.165000e-03  3.000000e+00 2.404227e-06 8.000000e-04 2.867091e+01 3.176256e+01 2.066282e+01 6.792324e+01 4.172141e-01 8.570754e+00 2.049721e+00 1.008939e+01 1.297508e+02
3.000000e-02 1.266000e-02  3.165000e-03  3.000000e+00 2.468290e-06 8.000000e-04 2.867091e+01 3.176049e+01 2.058737e+01 6.787456e+01 4.362019e-01 9.026028e+00 2.160411e+00 1.063424e+01 1.367577e+02
3.000000e-02 1.266000e-02  3.165000e-03  3.000000e+00 2.534061e-06 8.000000e-04 2.867091e+01 3.175817e+01 2.047279e+01 6.783559e+01 4.671907e-01 9.464976e+00 2.277078e+00 1.120852e+01 1.441429e+02
3.000000e-02 1.266000e-02  3.165000e-03  3.000000e+00 2.601584e-06 8.000000e-04 2.867091e+01 3.175654e+01 2.035457e+01 6.774531e+01 4.938152e-01 1.000163e+01 2.400045e+00 1.181380e+01 1.519269e+02
3.000000e-02 1.266000e-02  3.165000e-03  3.000000e+00 2.670906e-06 8.000000e-04 2.867091e+01 3.175374e+01 2.024181e+01 6.770175e+01 5.182234e-01 1.051198e+01 2.529653e+00 1.245178e+01 1.601313e+02
3.000000e-02 1.266000e-02  3.165000e-03  3.000000e+00 2.742075e-06 8.000000e-04 2.867091e+01 3.174925e+01 2.005722e+01 6.761160e+01 5.507096e-01 1.116087e+01 2.666261e+00 1.312420e+01 1.687788e+02
3.000000e-02 1.266000e-02  3.165000e-03  3.000000e+00 2.815141e-06 8.000000e-04 2.867091e+01 3.174449e+01 1.993604e+01 6.751755e+01 5.772473e-01 1.178837e+01 2.810245e+00 1.383294e+01 1.778933e+02
3.000000e-02 1.266000e-02  3.165000e-03  3.000000e+00 2.890154e-06 8.000000e-04 2.867091e+01 3.174461e+01 1.981315e+01 6.743874e+01 6.078827e-01 1.239739e+01 2.962004e+00 1.457995e+01 1.874999e+02
3.000000e-02 1.266000e-02  3.165000e-03  3.000000e+00 2.967165e-06 8.000000e-04 2.867091e+01 3.174047e+01 1.962045e+01 6.736565e+01 6.474245e-01 1.310291e+01 3.121960e+00 1.536730e+01 1.976253e+02
3.000000e-02 1.266000e-02  3.165000e-03  3.000000e+00 3.046229e-06 8.000000e-04 2.867091e+01 3.173713e+01 1.948803e+01 6.729090e+01 6.816972e-01 1.374432e+01 3.290553e+00 1.619717e+01 2.082976e+02
3.000000e-02 1.266000e-02  3.165000e-03  3.000000e+00 3.127399e-06 8.000000e-04 2.867091e+01 3.173418e+01 1.932804e+01 6.723394e+01 7.087847e-01 1.453413e+01 3.468250e+00 1.707185e+01 2.195461e+02
3.000000e-02 1.266000e-02  3.165000e-03  3.000000e+00 3.210732e-06 8.000000e-04 2.867091e+01 3.173156e+01 1.919094e+01 6.720161e+01 7.406671e-01 1.527780e+01 3.655544e+00 1.799377e+01 2.314021e+02
3.000000e-02 1.266000e-02  3.165000e-03  3.000000e+00 3.296286e-06 8.000000e-04 2.867091e+01 3.172959e+01 1.899168e+01 6.712834e+01 7.834538e-01 1.609192e+01 3.852951e+00 1.896548e+01 2.438983e+02
3.000000e-02 1.266000e-02  3.165000e-03  3.000000e+00 3.384119e-06 8.000000e-04 2.867091e+01 3.172392e+01 1.879334e+01 6.697001e+01 8.342270e-01 1.696695e+01 4.061020e+00 1.998966e+01 2.570694e+02
3.000000e-02 1.266000e-02  3.165000e-03  3.000000e+00 3.474293e-06 8.000000e-04 2.867091e+01 3.172009e+01 1.864910e+01 6.693970e+01 8.590140e-01 1.785636e+01 4.280324e+00 2.106915e+01 2.709518e+02
3.000000e-02 1.266000e-02  3.165000e-03  3.000000e+00 3.566869e-06 8.000000e-04 2.867091e+01 3.171384e+01 1.843788e+01 6.682779e+01 9.288643e-01 1.881183e+01 4.511471e+00 2.220693e+01 2.855838e+02
3.000000e-02 1.266000e-02  3.165000e-03  3.000000e+00 3.661913e-06 8.000000e-04 2.867091e+01 3.171133e+01 1.820153e+01 6.682694e+01 9.703171e-01 1.992671e+01 4.755101e+00 2.340615e+01 3.010060e+02
3.000000e-02 1.266000e-02  3.165000e-03  3.000000e+00 3.759488e-06 8.000000e-04 2.867091e+01 3.170348e+01 1.799897e+01 6.671314e+01 1.052510e+00 2.096930e+01 5.011888e+00 2.467014e+01 3.172610e+02
3.000000e-02 1.266000e-02  3.165000e-03  3.000000e+00 3.859664e-06 8.000000e-04 2.867091e+01 3.170358e+01 1.781806e+01 6.663963e+01 1.070941e+00 2.207107e+01 5.282541e+00 2.600238e+01 3.343938e+02
3.000000e-02 1.266000e-02  3.165000e-03  3.000000e+00 3.962510e-06 8.000000e-04 2.867091e+01 3.169462e+01 1.755372e+01 6.660672e+01 1.150284e+00 2.324476e+01 5.567811e+00 2.740657e+01 3.524519e+02
3.000000e-02 1.266000e-02  3.165000e-03  3.000000e+00 4.068095e-06 8.000000e-04 2.867091e+01 3.168796e+01 1.730732e+01 6.642563e+01 1.195790e+00 2.460828e+01 5.868485e+00 2.888659e+01 3.714851e+02
3.000000e-02 1.266000e-02  3.165000e-03  3.000000e+00 4.176494e-06 8.000000e-04 2.867091e+01 3.168294e+01 1.705925e+01 6.638878e+01 1.258039e+00 2.592344e+01 6.185397e+00 3.044653e+01 3.915461e+02
3.000000e-02 1.266000e-02  3.165000e-03  3.000000e+00 4.287782e-06 8.000000e-04 2.867091e+01 3.166975e+01 1.684343e+01 6.636654e+01 1.345824e+00 2.730811e+01 6.519423e+00 3.209072e+01 4.126905e+02
3.000000e-02 1.266000e-02  3.165000e-03  3.000000e+00 4.402035e-06 8.000000e-04 2.867091e+01 3.167247e+01 1.662205e+01 6.627775e+01 1.401394e+00 2.857333e+01 6.871487e+00 3.382369e+01 4.349768e+02
3.000000e-02 1.266000e-02  3.165000e-03  3.000000e+00 4.519332e-06 8.000000e-04 2.867091e+01 3.166196e+01 1.630688e+01 6.612465e+01 1.476692e+00 3.022199e+01 7.242563e+00 3.565025e+01 4.584665e+02
3.000000e-02 1.266000e-02  3.165000e-03  3.000000e+00 4.639755e-06 8.000000e-04 2.867091e+01 3.165393e+01 1.610084e+01 6.614571e+01 1.552816e+00 3.165809e+01 7.633678e+00 3.757544e+01 4.832248e+02
3.000000e-02 1.266000e-02  3.165000e-03  3.000000e+00 4.763386e-06 8.000000e-04 2.867091e+01 3.164827e+01 1.576176e+01 6.606163e+01 1.638358e+00 3.372110e+01 8.045914e+00 3.960461e+01 5.093200e+02
3.000000e-02 1.266000e-02  3.165000e-03  3.000000e+00 4.890312e-06 8.000000e-04 2.867091e+01 3.163784e+01 1.552237e+01 6.609038e+01 1.736965e+00 3.551895e+01 8.480412e+00 4.174335e+01 5.368245e+02
3.000000e-02 1.266000e-02  3.165000e-03  3.000000e+00 5.020620e-06 8.000000e-04 2.867091e+01 3.162747e+01 1.531199e+01 6.608135e+01 1.822574e+00 3.740059e+01 8.938374e+00 4.399758e+01 5.658142e+02
3.000000e-02 1.266000e-02  3.165000e-03  3.000000e+00 5.154400e-06 8.000000e-04 2.867091e+01 3.161640e+01 1.489485e+01 6.599705e+01 1.932832e+00 3.956631e+01 9.421067e+00 4.637355e+01 5.963695e+02
3.000000e-02 1.266000e-02  3.165000e-03  3.000000e+00 5.291745e-06 8.000000e-04 2.867091e+01 3.161163e+01 1.474436e+01 6.605111e+01 2.029784e+00 4.135594e+01 9.929827e+00 4.887783e+01 6.285748e+02
3.000000e-02 1.266000e-02  3.165000e-03  3.000000e+00 5.432750e-06 8.000000e-04 2.867091e+01 3.159888e+01 1.440032e+01 6.608262e+01 2.125230e+00 4.386746e+01 1.046606e+01 5.151735e+01 6.625193e+02
3.000000e-02 1.266000e-02  3.165000e-03  3.000000e+00 5.577512e-06 8.000000e-04 2.867091e+01 3.158457e+01 1.414033e+01 6.607825e+01 2.257453e+00 4.603976e+01 1.103125e+01 5.429940e+01 6.982969e+02
3.000000e-02 1.266000e-02  3.165000e-03  3.000000e+00 5.726131e-06 8.000000e-04 2.867091e+01 3.157250e+01 1.381288e+01 6.616022e+01 2.397020e+00 4.891460e+01 1.162696e+01 5.723170e+01 7.360066e+02
3.000000e-02 1.266000e-02  3.165000e-03  3.000000e+00 5.878710e-06 8.000000e-04 2.867091e+01 3.157191e+01 1.353303e+01 6.628267e+01 2.503255e+00 5.135303e+01 1.225485e+01 6.032234e+01 7.757526e+02
3.000000e-02 1.266000e-02  3.165000e-03  3.000000e+00 6.035355e-06 8.000000e-04 2.867091e+01 3.155506e+01 1.325803e+01 6.650624e+01 2.644033e+00 5.424711e+01 1.291664e+01 6.357989e+01 8.176450e+02
3.000000e-02 1.266000e-02  3.165000e-03  3.000000e+00 6.196174e-06 8.000000e-04 2.867091e+01 3.153741e+01 1.303671e+01 6.644901e+01 2.775837e+00 5.720483e+01 1.361417e+01 6.701335e+01 8.617998e+02
3.000000e-02 1.266000e-02  3.165000e-03  3.000000e+00 6.361278e-06 8.000000e-04 2.867091e+01 3.152019e+01 1.271074e+01 6.663399e+01 2.918020e+00 5.973242e+01 1.434936e+01 7.063222e+01 9.083389e+02
3.000000e-02 1.266000e-02  3.165000e-03  3.000000e+00 6.530782e-06 8.000000e-04 2.867091e+01 3.150636e+01 1.257532e+01 6.697907e+01 3.107838e+00 6.305470e+01 1.512426e+01 7.444653e+01 9.573913e+02
3.000000e-02 1.266000e-02  3.165000e-03  3.000000e+00 6.704802e-06 8.000000e-04 2.867091e+01 3.149289e+01 1.230267e+01 6.707453e+01 3.236672e+00 6.655488e+01 1.594101e+01 7.846681e+01 1.009093e+03
3.000000e-02 1.266000e-02  3.165000e-03  3.000000e+00 6.883459e-06 8.000000e-04 2.867091e+01 3.147844e+01 1.206792e+01 6.748678e+01 3.442623e+00 7.011317e+01 1.680186e+01 8.270420e+01 1.063586e+03
3.000000e-02 1.266000e-02  3.165000e-03  3.000000e+00 7.066877e-06 8.000000e-04 2.867091e+01 3.145392e+01 1.181175e+01 6.754650e+01 3.594973e+00 7.444681e+01 1.770920e+01 8.717042e+01 1.121022e+03
3.000000e-02 1.266000e-02  3.165000e-03  3.000000e+00 7.255182e-06 8.000000e-04 2.867091e+01 3.142426e+01 1.169663e+01 6.827108e+01 3.867567e+00 7.821483e+01 1.866553e+01 9.187782e+01 1.181560e+03
3.000000e-02 1.266000e-02  3.165000e-03  3.000000e+00 7.448504e-06 8.000000e-04 2.867091e+01 3.143669e+01 1.156367e+01 6.861787e+01 3.983590e+00 8.205313e+01 1.967352e+01 9.683944e+01 1.245367e+03
3.000000e-02 1.266000e-02  3.165000e-03  3.000000e+00 7.646978e-06 8.000000e-04 2.867091e+01 3.139589e+01 1.139494e+01 6.913221e+01 4.185780e+00 8.650773e+01 2.073593e+01 1.020690e+02 1.312620e+03
3.000000e-02 1.266000e-02  3.165000e-03  3.000000e+00 7.850741e-06 8.000000e-04 2.867091e+01 3.139515e+01 1.138632e+01 6.972609e+01 4.442584e+00 9.091616e+01 2.185572e+01 1.075810e+02 1.383504e+03
3.000000e-02 1.266000e-02  3.165000e-03  3.000000e+00 8.059933e-06 8.000000e-04 2.867091e+01 3.134695e+01 1.113974e+01 6.997382e+01 4.746384e+00 9.620162e+01 2.303598e+01 1.133906e+02 1.458216e+03
3.000000e-02 1.266000e-02  3.165000e-03  3.000000e+00 8.274699e-06 8.000000e-04 2.867091e+01 3.133863e+01 1.115486e+01 7.091335e+01 4.909408e+00 1.014880e+02 2.427998e+01 1.195139e+02 1.536964e+03
3.000000e-02 1.266000e-02  3.165000e-03  3.000000e+00 8.495188e-06 8.000000e-04 2.867091e+01 3.129466e+01 1.124012e+01 7.164254e+01 5.294951e+00 1.067993e+02 2.559115e+01 1.259680e+02 1.619963e+03
3.000000e-02 1.266000e-02  3.165000e-03  3.000000e+00 8.721552e-06 8.000000e-04 2.867091e+01 3.128467e+01 1.133666e+01 7.283072e+01 5.513150e+00 1.131968e+02 2.697313e+01 1.327705e+02 1.707445e+03
3.000000e-02 1.266000e-02  3.165000e-03  3.000000e+00 8.953948e-06 8.000000e-04 2.867091e+01 3.123188e+01 1.130659e+01 7.338878e+01 5.872221e+00 1.192383e+02 2.842974e+01 1.399404e+02 1.799651e+03
3.000000e-02 1.266000e-02  3.165000e-03  3.000000e+00 9.192536e-06 8.000000e-04 2.867091e+01 3.123553e+01 1.140092e+01 7.433038e+01 6.192041e+00 1.248103e+02 2.996501e+01 1.474975e+02 1.896836e+03
3.000000e-02 1.266000e-02  3.165000e-03  3.000000e+00 9.437481e-06 8.000000e-04 2.867091e+01 3.118496e+01 1.153078e+01 7.514238e+01 6.464614e+00 1.317187e+02 3.158319e+01 1.554627e+02 1.999270e+03
3.000000e-02 1.266000e-02  3.165000e-03  3.000000e+00 9.688954e-06 8.000000e-04 2.867091e+01 3.118186e+01 1.196186e+01 7.671990e+01 6.825190e+00 1.392611e+02 3.328876e+01 1.638581e+02 2.107235e+03
3.000000e-02 1.266000e-02  3.165000e-03  3.000000e+00 9.947127e-06 8.000000e-04 2.867091e+01 3.114515e+01 1.226771e+01 7.814238e+01 7.080036e+00 1.469961e+02 3.508643e+01 1.727068e+02 2.221030e+03
3.000000e-02 1.266000e-02  3.165000e-03  3.000000e+00 1.021218e-05 8.000000e-04 2.867091e+01 3.109395e+01 1.256783e+01 7.914261e+01 7.592374e+00 1.545032e+02 3.698118e+01 1.820334e+02 2.340971e+03
3.000000e-02 1.266000e-02  3.165000e-03  3.000000e+00 1.048430e-05 8.000000e-04 2.867091e+01 3.107359e+01 1.287757e+01 8.038982e+01 8.085555e+00 1.624594e+02 3.897825e+01 1.918636e+02 2.467389e+03
3.000000e-02 1.266000e-02  3.165000e-03  3.000000e+00 1.076366e-05 8.000000e-04 2.867091e+01 3.100267e+01 1.341308e+01 8.219970e+01 8.452174e+00 1.718670e+02 4.108316e+01 2.022247e+02 2.600634e+03
3.000000e-02 1.266000e-02  3.165000e-03  3.000000e+00 1.105047e-05 8.000000e-04 2.867091e+01 3.096719e+01 1.371514e+01 8.310639e+01 8.719490e+00 1.802635e+02 4.330175e+01 2.131453e+02 2.741074e+03
3.000000e-02 1.266000e-02  3.165000e-03  3.000000e+00 1.134492e-05 8.000000e-04 2.867091e+01 3.091529e+01 1.456315e+01 8.565599e+01 9.418014e+00 1.915328e+02 4.564014e+01 2.246556e+02 2.889098e+03
3.000000e-02 1.266000e-02  3.165000e-03  3.000000e+00 1.164722e-05 8.000000e-04 2.867091e+01 3.085547e+01 1.496622e+01 8.684969e+01 1.009754e+01 2.009684e+02 4.810482e+01 2.367875e+02 3.045116e+03
3.000000e-02 1.266000e-02  3.165000e-03  3.000000e+00 1.195758e-05 8.000000e-04 2.867091e+01 3.082771e+01 1.596025e+01 8.956303e+01 1.030159e+01 2.119363e+02 5.070259e+01 2.495746e+02 3.209560e+03
3.000000e-02 1.266000e-02  3.165000e-03  3.000000e+00 1.227620e-05 8.000000e-04 2.867091e+01 3.077331e+01 1.669004e+01 9.156973e+01 1.098941e+01 2.230406e+02 5.344064e+01 2.630522e+02 3.382883e+03
3.000000e-02 1.266000e-02  3.165000e-03  3.000000e+00 1.260331e-05 8.000000e-04 2.867091e+01 3.072484e+01 1.737715e+01 9.311541e+01 1.157199e+01 2.357500e+02 5.632656e+01 2.772576e+02 3.565567e+03
3.000000e-02 1.266000e-02  3.165000e-03  3.000000e+00 1.293914e-05 8.000000e-04 2.867091e+01 3.068597e+01 1.861035e+01 9.598267e+01 1.204626e+01 2.477639e+02 5.936833e+01 2.922302e+02 3.758116e+03
3.000000e-02 1.266000e-02  3.165000e-03  3.000000e+00 1.328392e-05 8.000000e-04 2.867091e+01 3.063040e+01 1.934093e+01 9.798214e+01 1.290628e+01 2.615416e+02 6.257435e+01 3.080113e+02 3.961063e+03
3.000000e-02 1.266000e-02  3.165000e-03  3.000000e+00 1.363789e-05 8.000000e-04 2.867091e+01 3.049270e+01 2.042463e+01 1.002913e+02 1.361713e+01 2.743422e+02 6.595351e+01 3.246446e+02 4.174969e+03
3.000000e-02 1.266000e-02  3.165000e-03  3.000000e+00 1.400128e-05 8.000000e-04 2.867091e+01 3.044327e+01 2.149657e+01 1.029055e+02 1.413709e+01 2.913082e+02 6.951516e+01 3.421762e+02 4.400427e+03
