1.000000e-01 2.424000e-01  6.060000e-02  3.000000e+00 2.000000e-06 8.000000e-04 1.881144e-12 3.180140e+01 2.282889e+01 6.920741e+01 6.019582e-03 2.651863e-01 3.989780e-02 1.305370e-01 2.292814e+00
1.000000e-01 2.424000e-01  6.060000e-02  3.000000e+00 2.053292e-06 8.000000e-04 1.881144e-12 3.180136e+01 2.282584e+01 6.920653e+01 6.438439e-03 2.785523e-01 4.205238e-02 1.375863e-01 2.416632e+00
1.000000e-01 2.424000e-01  6.060000e-02  3.000000e+00 2.108005e-06 8.000000e-04 1.881144e-12 3.180134e+01 2.282176e+01 6.920355e+01 6.726605e-03 2.948420e-01 4.432330e-02 1.450163e-01 2.547135e+00
1.000000e-01 2.424000e-01  6.060000e-02  3.000000e+00 2.164175e-06 8.000000e-04 1.881144e-12 3.180130e+01 2.281938e+01 6.920280e+01 7.078499e-03 3.097026e-01 4.671686e-02 1.528475e-01 2.684687e+00
1.000000e-01 2.424000e-01  6.060000e-02  3.000000e+00 2.221842e-06 8.000000e-04 1.881144e-12 3.180125e+01 2.281429e+01 6.920035e+01 7.456969e-03 3.271526e-01 4.923968e-02 1.611016e-01 2.829666e+00
1.000000e-01 2.424000e-01  6.060000e-02  3.000000e+00 2.281045e-06 8.000000e-04 1.881144e-12 3.180122e+01 2.281200e+01 6.919857e+01 7.930289e-03 3.415680e-01 5.189874e-02 1.698015e-01 2.982474e+00
1.000000e-01 2.424000e-01  6.060000e-02  3.000000e+00 2.341826e-06 8.000000e-04 1.881144e-12 3.180116e+01 2.280631e+01 6.919711e+01 8.379700e-03 3.646517e-01 5.470139e-02 1.789712e-01 3.143535e+00
1.000000e-01 2.424000e-01  6.060000e-02  3.000000e+00 2.404227e-06 8.000000e-04 1.881144e-12 3.180112e+01 2.280240e+01 6.919569e+01 8.780606e-03 3.821845e-01 5.765539e-02 1.886360e-01 3.313293e+00
1.000000e-01 2.424000e-01  6.060000e-02  3.000000e+00 2.468290e-06 8.000000e-04 1.881144e-12 3.180109e+01 2.279794e+01 6.919305e+01 9.180224e-03 4.046392e-01 6.076892e-02 1.988228e-01 3.492219e+00
1.000000e-01 2.424000e-01  6.060000e-02  3.000000e+00 2.534061e-06 8.000000e-04 1.881144e-12 3.180103e+01 2.279228e+01 6.919057e+01 9.801302e-03 4.276133e-01 6.405058e-02 2.095597e-01 3.680806e+00
1.000000e-01 2.424000e-01  6.060000e-02  3.000000e+00 2.601584e-06 8.000000e-04 1.881144e-12 3.180099e+01 2.278906e+01 6.919045e+01 1.028138e-02 4.503184e-01 6.750946e-02 2.208764e-01 3.879578e+00
1.000000e-01 2.424000e-01  6.060000e-02  3.000000e+00 2.670906e-06 8.000000e-04 1.881144e-12 3.180093e+01 2.278367e+01 6.918735e+01 1.069681e-02 4.691521e-01 7.115512e-02 2.328042e-01 4.089085e+00
1.000000e-01 2.424000e-01  6.060000e-02  3.000000e+00 2.742075e-06 8.000000e-04 1.881144e-12 3.180086e+01 2.277780e+01 6.918434e+01 1.139941e-02 4.970330e-01 7.499767e-02 2.453762e-01 4.309905e+00
1.000000e-01 2.424000e-01  6.060000e-02  3.000000e+00 2.815141e-06 8.000000e-04 1.881144e-12 3.180078e+01 2.277157e+01 6.918159e+01 1.193939e-02 5.232678e-01 7.904771e-02 2.586271e-01 4.542650e+00
1.000000e-01 2.424000e-01  6.060000e-02  3.000000e+00 2.890154e-06 8.000000e-04 1.881144e-12 3.180070e+01 2.276388e+01 6.917738e+01 1.263050e-02 5.553186e-01 8.331647e-02 2.725935e-01 4.787963e+00
1.000000e-01 2.424000e-01  6.060000e-02  3.000000e+00 2.967165e-06 8.000000e-04 1.881144e-12 3.180065e+01 2.275779e+01 6.917551e+01 1.339038e-02 5.836755e-01 8.781575e-02 2.873142e-01 5.046524e+00
1.000000e-01 2.424000e-01  6.060000e-02  3.000000e+00 3.046229e-06 8.000000e-04 1.881144e-12 3.180058e+01 2.275115e+01 6.917400e+01 1.403888e-02 6.164429e-01 9.255801e-02 3.028298e-01 5.319048e+00
1.000000e-01 2.424000e-01  6.060000e-02  3.000000e+00 3.127399e-06 8.000000e-04 1.881144e-12 3.180050e+01 2.274147e+01 6.916752e+01 1.485370e-02 6.495504e-01 9.755635e-02 3.191834e-01 5.606289e+00
1.000000e-01 2.424000e-01  6.060000e-02  3.000000e+00 3.210732e-06 8.000000e-04 1.881144e-12 3.180043e+01 2.273724e+01 6.916772e+01 1.565764e-02 6.775139e-01 1.028246e-01 3.364200e-01 5.909042e+00
1.000000e-01 2.424000e-01  6.060000e-02  3.000000e+00 3.296286e-06 8.000000e-04 1.881144e-12 3.180033e+01 2.272698e+01 6.916355e+01 1.658789e-02 7.216784e-01 1.083774e-01 3.545874e-01 6.228143e+00
1.000000e-01 2.424000e-01  6.060000e-02  3.000000e+00 3.384119e-06 8.000000e-04 1.881144e-12 3.180024e+01 2.271765e+01 6.915746e+01 1.751295e-02 7.605678e-01 1.142300e-01 3.737360e-01 6.564478e+00
1.000000e-01 2.424000e-01  6.060000e-02  3.000000e+00 3.474293e-06 8.000000e-04 1.881144e-12 3.180019e+01 2.270850e+01 6.915426e+01 1.825254e-02 8.028553e-01 1.203987e-01 3.939186e-01 6.918975e+00
1.000000e-01 2.424000e-01  6.060000e-02  3.000000e+00 3.566869e-06 8.000000e-04 1.881144e-12 3.180001e+01 2.270041e+01 6.914987e+01 1.949957e-02 8.420644e-01 1.269005e-01 4.151911e-01 7.292615e+00
1.000000e-01 2.424000e-01  6.060000e-02  3.000000e+00 3.661913e-06 8.000000e-04 1.881144e-12 3.179987e+01 2.269284e+01 6.914955e+01 2.046633e-02 8.879439e-01 1.337534e-01 4.376124e-01 7.686433e+00
1.000000e-01 2.424000e-01  6.060000e-02  3.000000e+00 3.759488e-06 8.000000e-04 1.881144e-12 3.179984e+01 2.268009e+01 6.914240e+01 2.151543e-02 9.347428e-01 1.409764e-01 4.612445e-01 8.101518e+00
1.000000e-01 2.424000e-01  6.060000e-02  3.000000e+00 3.859664e-06 8.000000e-04 1.881144e-12 3.179969e+01 2.266812e+01 6.913433e+01 2.265259e-02 9.821535e-01 1.485895e-01 4.861527e-01 8.539019e+00
1.000000e-01 2.424000e-01  6.060000e-02  3.000000e+00 3.962510e-06 8.000000e-04 1.881144e-12 3.179960e+01 2.265997e+01 6.913312e+01 2.392030e-02 1.037442e+00 1.566137e-01 5.124061e-01 9.000146e+00
1.000000e-01 2.424000e-01  6.060000e-02  3.000000e+00 4.068095e-06 8.000000e-04 1.881144e-12 3.179943e+01 2.264916e+01 6.912827e+01 2.524426e-02 1.089427e+00 1.650712e-01 5.400772e-01 9.486175e+00
1.000000e-01 2.424000e-01  6.060000e-02  3.000000e+00 4.176494e-06 8.000000e-04 1.881144e-12 3.179934e+01 2.262898e+01 6.911757e+01 2.619280e-02 1.164375e+00 1.739854e-01 5.692426e-01 9.998450e+00
1.000000e-01 2.424000e-01  6.060000e-02  3.000000e+00 4.287782e-06 8.000000e-04 1.881144e-12 3.179916e+01 2.261653e+01 6.911549e+01 2.791350e-02 1.224556e+00 1.833810e-01 5.999831e-01 1.053839e+01
1.000000e-01 2.424000e-01  6.060000e-02  3.000000e+00 4.402035e-06 8.000000e-04 1.881144e-12 3.179898e+01 2.260522e+01 6.911030e+01 2.944170e-02 1.278530e+00 1.932840e-01 6.323835e-01 1.110749e+01
1.000000e-01 2.424000e-01  6.060000e-02  3.000000e+00 4.519332e-06 8.000000e-04 1.881144e-12 3.179885e+01 2.258955e+01 6.910404e+01 3.073405e-02 1.350089e+00 2.037218e-01 6.665337e-01 1.170732e+01
1.000000e-01 2.424000e-01  6.060000e-02  3.000000e+00 4.639755e-06 8.000000e-04 1.881144e-12 3.179866e+01 2.257013e+01 6.909635e+01 3.243753e-02 1.433321e+00 2.147232e-01 7.025281e-01 1.233954e+01
1.000000e-01 2.424000e-01  6.060000e-02  3.000000e+00 4.763386e-06 8.000000e-04 1.881144e-12 3.179840e+01 2.255432e+01 6.908847e+01 3.485533e-02 1.506437e+00 2.263188e-01 7.404662e-01 1.300590e+01
1.000000e-01 2.424000e-01  6.060000e-02  3.000000e+00 4.890312e-06 8.000000e-04 1.881144e-12 3.179823e+01 2.253522e+01 6.907878e+01 3.689087e-02 1.593464e+00 2.385405e-01 7.804531e-01 1.370825e+01
1.000000e-01 2.424000e-01  6.060000e-02  3.000000e+00 5.020620e-06 8.000000e-04 1.881144e-12 3.179816e+01 2.251491e+01 6.907028e+01 3.802484e-02 1.672444e+00 2.514222e-01 8.225994e-01 1.444853e+01
1.000000e-01 2.424000e-01  6.060000e-02  3.000000e+00 5.154400e-06 8.000000e-04 1.881144e-12 3.179788e+01 2.249737e+01 6.906592e+01 3.986483e-02 1.761956e+00 2.649996e-01 8.670216e-01 1.522878e+01
1.000000e-01 2.424000e-01  6.060000e-02  3.000000e+00 5.291745e-06 8.000000e-04 1.881144e-12 3.179759e+01 2.247905e+01 6.905660e+01 4.285048e-02 1.854341e+00 2.793102e-01 9.138428e-01 1.605117e+01
1.000000e-01 2.424000e-01  6.060000e-02  3.000000e+00 5.432750e-06 8.000000e-04 1.881144e-12 3.179742e+01 2.245887e+01 6.905179e+01 4.457469e-02 1.948641e+00 2.943936e-01 9.631924e-01 1.691797e+01
1.000000e-01 2.424000e-01  6.060000e-02  3.000000e+00 5.577512e-06 8.000000e-04 1.881144e-12 3.179715e+01 2.242853e+01 6.903727e+01 4.752108e-02 2.061135e+00 3.102916e-01 1.015207e+00 1.783158e+01
1.000000e-01 2.424000e-01  6.060000e-02  3.000000e+00 5.726131e-06 8.000000e-04 1.881144e-12 3.179677e+01 2.241200e+01 6.902746e+01 5.009677e-02 2.169708e+00 3.270480e-01 1.070031e+00 1.879453e+01
1.000000e-01 2.424000e-01  6.060000e-02  3.000000e+00 5.878710e-06 8.000000e-04 1.881144e-12 3.179652e+01 2.238578e+01 6.902206e+01 5.251412e-02 2.291033e+00 3.447094e-01 1.127815e+00 1.980948e+01
1.000000e-01 2.424000e-01  6.060000e-02  3.000000e+00 6.035355e-06 8.000000e-04 1.881144e-12 3.179639e+01 2.234890e+01 6.899848e+01 5.513282e-02 2.436728e+00 3.633245e-01 1.188719e+00 2.087923e+01
1.000000e-01 2.424000e-01  6.060000e-02  3.000000e+00 6.196174e-06 8.000000e-04 1.881144e-12 3.179593e+01 2.233278e+01 6.898701e+01 5.873734e-02 2.536283e+00 3.829448e-01 1.252913e+00 2.200676e+01
1.000000e-01 2.424000e-01  6.060000e-02  3.000000e+00 6.361278e-06 8.000000e-04 1.881144e-12 3.179568e+01 2.229851e+01 6.897645e+01 6.173849e-02 2.696315e+00 4.036247e-01 1.320573e+00 2.319518e+01
1.000000e-01 2.424000e-01  6.060000e-02  3.000000e+00 6.530782e-06 8.000000e-04 1.881144e-12 3.179525e+01 2.226777e+01 6.896667e+01 6.502272e-02 2.806919e+00 4.254214e-01 1.391887e+00 2.444777e+01
1.000000e-01 2.424000e-01  6.060000e-02  3.000000e+00 6.704802e-06 8.000000e-04 1.881144e-12 3.179490e+01 2.223015e+01 6.894465e+01 6.800110e-02 2.994863e+00 4.483951e-01 1.467052e+00 2.576801e+01
1.000000e-01 2.424000e-01  6.060000e-02  3.000000e+00 6.883459e-06 8.000000e-04 1.881144e-12 3.179465e+01 2.220446e+01 6.893986e+01 7.232672e-02 3.120610e+00 4.726095e-01 1.546276e+00 2.715954e+01
1.000000e-01 2.424000e-01  6.060000e-02  3.000000e+00 7.066877e-06 8.000000e-04 1.881144e-12 3.179431e+01 2.217768e+01 6.894189e+01 7.529041e-02 3.261954e+00 4.981315e-01 1.629779e+00 2.862622e+01
1.000000e-01 2.424000e-01  6.060000e-02  3.000000e+00 7.255182e-06 8.000000e-04 1.881144e-12 3.179390e+01 2.211764e+01 6.890312e+01 7.922669e-02 3.500682e+00 5.250318e-01 1.717791e+00 3.017210e+01
1.000000e-01 2.424000e-01  6.060000e-02  3.000000e+00 7.448504e-06 8.000000e-04 1.881144e-12 3.179334e+01 2.209196e+01 6.889965e+01 8.386513e-02 3.680207e+00 5.533847e-01 1.810555e+00 3.180146e+01
1.000000e-01 2.424000e-01  6.060000e-02  3.000000e+00 7.646978e-06 8.000000e-04 1.881144e-12 3.179276e+01 2.204677e+01 6.888426e+01 8.924632e-02 3.888000e+00 5.832688e-01 1.908330e+00 3.351881e+01
1.000000e-01 2.424000e-01  6.060000e-02  3.000000e+00 7.850741e-06 8.000000e-04 1.881144e-12 3.179228e+01 2.198619e+01 6.885057e+01 9.345417e-02 4.100734e+00 6.147666e-01 2.011384e+00 3.532891e+01
1.000000e-01 2.424000e-01  6.060000e-02  3.000000e+00 8.059933e-06 8.000000e-04 1.881144e-12 3.179186e+01 2.196335e+01 6.885303e+01 9.881707e-02 4.287608e+00 6.479654e-01 2.120003e+00 3.723675e+01
1.000000e-01 2.424000e-01  6.060000e-02  3.000000e+00 8.274699e-06 8.000000e-04 1.881144e-12 3.179125e+01 2.189944e+01 6.882921e+01 1.042446e-01 4.544813e+00 6.829571e-01 2.234488e+00 3.924762e+01
1.000000e-01 2.424000e-01  6.060000e-02  3.000000e+00 8.495188e-06 8.000000e-04 1.881144e-12 3.179052e+01 2.186558e+01 6.881410e+01 1.105942e-01 4.761829e+00 7.198383e-01 2.355156e+00 4.136708e+01
1.000000e-01 2.424000e-01  6.060000e-02  3.000000e+00 8.721552e-06 8.000000e-04 1.881144e-12 3.179009e+01 2.178190e+01 6.876251e+01 1.145590e-01 5.088237e+00 7.587113e-01 2.482340e+00 4.360100e+01
1.000000e-01 2.424000e-01  6.060000e-02  3.000000e+00 8.953948e-06 8.000000e-04 1.881144e-12 3.178950e+01 2.175719e+01 6.876146e+01 1.213074e-01 5.259826e+00 7.996834e-01 2.616392e+00 4.595555e+01
1.000000e-01 2.424000e-01  6.060000e-02  3.000000e+00 9.192536e-06 8.000000e-04 1.881144e-12 3.178893e+01 2.167696e+01 6.874438e+01 1.280609e-01 5.616370e+00 8.428682e-01 2.757683e+00 4.843726e+01
1.000000e-01 2.424000e-01  6.060000e-02  3.000000e+00 9.437481e-06 8.000000e-04 1.881144e-12 3.178789e+01 2.162512e+01 6.872071e+01 1.372642e-01 5.870120e+00 8.883850e-01 2.906604e+00 5.105298e+01
1.000000e-01 2.424000e-01  6.060000e-02  3.000000e+00 9.688954e-06 8.000000e-04 1.881144e-12 3.178745e+01 2.155821e+01 6.868802e+01 1.418390e-01 6.224854e+00 9.363598e-01 3.063567e+00 5.380996e+01
1.000000e-01 2.424000e-01  6.060000e-02  3.000000e+00 9.947127e-06 8.000000e-04 1.881144e-12 3.178654e+01 2.147672e+01 6.864539e+01 1.508523e-01 6.602776e+00 9.869254e-01 3.229007e+00 5.671583e+01
1.000000e-01 2.424000e-01  6.060000e-02  3.000000e+00 1.021218e-05 8.000000e-04 1.881144e-12 3.178583e+01 2.140565e+01 6.864173e+01 1.588219e-01 6.897496e+00 1.040222e+00 3.403381e+00 5.977861e+01
1.000000e-01 2.424000e-01  6.060000e-02  3.000000e+00 1.048430e-05 8.000000e-04 1.881144e-12 3.178506e+01 2.134003e+01 6.859770e+01 1.649704e-01 7.242054e+00 1.096396e+00 3.587171e+00 6.300679e+01
1.000000e-01 2.424000e-01  6.060000e-02  3.000000e+00 1.076366e-05 8.000000e-04 1.881144e-12 3.178360e+01 2.126239e+01 6.856546e+01 1.754066e-01 7.674342e+00 1.155604e+00 3.780887e+00 6.640931e+01
1.000000e-01 2.424000e-01  6.060000e-02  3.000000e+00 1.105047e-05 8.000000e-04 1.881144e-12 3.178307e+01 2.116703e+01 6.854887e+01 1.815401e-01 8.089906e+00 1.218009e+00 3.985064e+00 6.999556e+01
1.000000e-01 2.424000e-01  6.060000e-02  3.000000e+00 1.134492e-05 8.000000e-04 1.881144e-12 3.178160e+01 2.107192e+01 6.850277e+01 1.958820e-01 8.568973e+00 1.283785e+00 4.200266e+00 7.377549e+01
1.000000e-01 2.424000e-01  6.060000e-02  3.000000e+00 1.164722e-05 8.000000e-04 1.881144e-12 3.178081e+01 2.101370e+01 6.848581e+01 2.063827e-01 8.968307e+00 1.353112e+00 4.427090e+00 7.775953e+01
1.000000e-01 2.424000e-01  6.060000e-02  3.000000e+00 1.195758e-05 8.000000e-04 1.881144e-12 3.177963e+01 2.089934e+01 6.846425e+01 2.164087e-01 9.512805e+00 1.426183e+00 4.666164e+00 8.195873e+01
1.000000e-01 2.424000e-01  6.060000e-02  3.000000e+00 1.227620e-05 8.000000e-04 1.881144e-12 3.177825e+01 2.080711e+01 6.843060e+01 2.287098e-01 9.979636e+00 1.503200e+00 4.918147e+00 8.638469e+01
1.000000e-01 2.424000e-01  6.060000e-02  3.000000e+00 1.260331e-05 8.000000e-04 1.881144e-12 3.177745e+01 2.072885e+01 6.838066e+01 2.372449e-01 1.045389e+01 1.584377e+00 5.183738e+00 9.104966e+01
1.000000e-01 2.424000e-01  6.060000e-02  3.000000e+00 1.293914e-05 8.000000e-04 1.881144e-12 3.177567e+01 2.058353e+01 6.831922e+01 2.539108e-01 1.111705e+01 1.669937e+00 5.463672e+00 9.596655e+01
1.000000e-01 2.424000e-01  6.060000e-02  3.000000e+00 1.328392e-05 8.000000e-04 1.881144e-12 3.177419e+01 2.047654e+01 6.832080e+01 2.674435e-01 1.160732e+01 1.760117e+00 5.758723e+00 1.011490e+02
1.000000e-01 2.424000e-01  6.060000e-02  3.000000e+00 1.363789e-05 8.000000e-04 1.881144e-12 3.177272e+01 2.034082e+01 6.827811e+01 2.796870e-01 1.232120e+01 1.855167e+00 6.069708e+00 1.066112e+02
1.000000e-01 2.424000e-01  6.060000e-02  3.000000e+00 1.400128e-05 8.000000e-04 1.881144e-12 3.177134e+01 2.026039e+01 6.829686e+01 2.950510e-01 1.295470e+01 1.955351e+00 6.397486e+00 1.123685e+02
1.000000e-01 2.424000e-01  6.060000e-02  3.000000e+00 1.437436e-05 8.000000e-04 1.881144e-12 3.176921e+01 2.007653e+01 6.818286e+01 3.141713e-01 1.366005e+01 2.060944e+00 6.742965e+00 1.184367e+02
