1.000000e-01 3.257000e-02  8.142500e-03  3.000000e+00 2.000000e-06 8.000000e-04 3.184556e+01 3.180076e+01 2.274012e+01 6.913932e+01 1.295322e-02 5.320065e-01 6.423675e-02 2.893129e-01 4.274854e+00
1.000000e-01 3.257000e-02  8.142500e-03  3.000000e+00 2.053292e-06 8.000000e-04 3.184556e+01 3.180079e+01 2.273339e+01 6.913630e+01 1.345573e-02 5.602408e-01 6.770568e-02 3.049365e-01 4.505706e+00
1.000000e-01 3.257000e-02  8.142500e-03  3.000000e+00 2.108005e-06 8.000000e-04 3.184556e+01 3.180064e+01 2.272360e+01 6.912946e+01 1.432004e-02 5.938067e-01 7.136194e-02 3.214037e-01 4.749024e+00
1.000000e-01 3.257000e-02  8.142500e-03  3.000000e+00 2.164175e-06 8.000000e-04 3.184556e+01 3.180056e+01 2.271705e+01 6.912626e+01 1.518194e-02 6.209236e-01 7.521565e-02 3.387603e-01 5.005483e+00
1.000000e-01 3.257000e-02  8.142500e-03  3.000000e+00 2.221842e-06 8.000000e-04 3.184556e+01 3.180052e+01 2.270640e+01 6.912013e+01 1.618869e-02 6.578852e-01 7.927747e-02 3.570541e-01 5.275790e+00
1.000000e-01 3.257000e-02  8.142500e-03  3.000000e+00 2.281045e-06 8.000000e-04 3.184556e+01 3.180045e+01 2.269733e+01 6.911501e+01 1.691043e-02 6.922930e-01 8.355864e-02 3.763359e-01 5.560695e+00
1.000000e-01 3.257000e-02  8.142500e-03  3.000000e+00 2.341826e-06 8.000000e-04 3.184556e+01 3.180033e+01 2.268768e+01 6.910761e+01 1.762808e-02 7.272124e-01 8.807100e-02 3.966589e-01 5.860985e+00
1.000000e-01 3.257000e-02  8.142500e-03  3.000000e+00 2.404227e-06 8.000000e-04 3.184556e+01 3.180025e+01 2.267602e+01 6.909973e+01 1.857595e-02 7.664617e-01 9.282704e-02 4.180794e-01 6.177492e+00
1.000000e-01 3.257000e-02  8.142500e-03  3.000000e+00 2.468290e-06 8.000000e-04 3.184556e+01 3.180013e+01 2.266257e+01 6.908968e+01 1.992296e-02 8.155556e-01 9.783991e-02 4.406566e-01 6.511091e+00
1.000000e-01 3.257000e-02  8.142500e-03  3.000000e+00 2.534061e-06 8.000000e-04 3.184556e+01 3.180006e+01 2.265172e+01 6.908567e+01 2.066601e-02 8.520762e-01 1.031235e-01 4.644531e-01 6.862705e+00
1.000000e-01 3.257000e-02  8.142500e-03  3.000000e+00 2.601584e-06 8.000000e-04 3.184556e+01 3.179985e+01 2.263910e+01 6.907515e+01 2.203137e-02 9.010932e-01 1.086924e-01 4.895346e-01 7.233307e+00
1.000000e-01 3.257000e-02  8.142500e-03  3.000000e+00 2.670906e-06 8.000000e-04 3.184556e+01 3.179982e+01 2.262563e+01 6.906815e+01 2.288374e-02 9.439316e-01 1.145620e-01 5.159706e-01 7.623922e+00
1.000000e-01 3.257000e-02  8.142500e-03  3.000000e+00 2.742075e-06 8.000000e-04 3.184556e+01 3.179976e+01 2.261238e+01 6.905950e+01 2.407913e-02 1.000449e+00 1.207487e-01 5.438342e-01 8.035632e+00
1.000000e-01 3.257000e-02  8.142500e-03  3.000000e+00 2.815141e-06 8.000000e-04 3.184556e+01 3.179959e+01 2.259646e+01 6.905068e+01 2.556060e-02 1.054843e+00 1.272694e-01 5.732025e-01 8.469574e+00
1.000000e-01 3.257000e-02  8.142500e-03  3.000000e+00 2.890154e-06 8.000000e-04 3.184556e+01 3.179946e+01 2.258121e+01 6.904183e+01 2.687491e-02 1.107491e+00 1.341422e-01 6.041568e-01 8.926951e+00
1.000000e-01 3.257000e-02  8.142500e-03  3.000000e+00 2.967165e-06 8.000000e-04 3.184556e+01 3.179923e+01 2.256506e+01 6.903075e+01 2.841703e-02 1.171822e+00 1.413862e-01 6.367827e-01 9.409027e+00
1.000000e-01 3.257000e-02  8.142500e-03  3.000000e+00 3.046229e-06 8.000000e-04 3.184556e+01 3.179920e+01 2.254682e+01 6.901642e+01 2.992726e-02 1.238247e+00 1.490214e-01 6.711704e-01 9.917136e+00
1.000000e-01 3.257000e-02  8.142500e-03  3.000000e+00 3.127399e-06 8.000000e-04 3.184556e+01 3.179900e+01 2.253194e+01 6.901194e+01 3.139483e-02 1.298340e+00 1.570689e-01 7.074152e-01 1.045268e+01
1.000000e-01 3.257000e-02  8.142500e-03  3.000000e+00 3.210732e-06 8.000000e-04 3.184556e+01 3.179884e+01 2.251328e+01 6.900041e+01 3.336776e-02 1.369476e+00 1.655510e-01 7.456172e-01 1.101715e+01
1.000000e-01 3.257000e-02  8.142500e-03  3.000000e+00 3.296286e-06 8.000000e-04 3.184556e+01 3.179868e+01 2.249355e+01 6.898468e+01 3.496840e-02 1.444195e+00 1.744911e-01 7.858823e-01 1.161211e+01
1.000000e-01 3.257000e-02  8.142500e-03  3.000000e+00 3.384119e-06 8.000000e-04 3.184556e+01 3.179843e+01 2.246929e+01 6.897392e+01 3.678447e-02 1.522711e+00 1.839140e-01 8.283217e-01 1.223919e+01
1.000000e-01 3.257000e-02  8.142500e-03  3.000000e+00 3.474293e-06 8.000000e-04 3.184556e+01 3.179829e+01 2.244517e+01 6.895698e+01 3.918299e-02 1.610252e+00 1.938458e-01 8.730530e-01 1.290013e+01
1.000000e-01 3.257000e-02  8.142500e-03  3.000000e+00 3.566869e-06 8.000000e-04 3.184556e+01 3.179810e+01 2.242381e+01 6.894556e+01 4.130331e-02 1.683358e+00 2.043139e-01 9.201999e-01 1.359677e+01
1.000000e-01 3.257000e-02  8.142500e-03  3.000000e+00 3.661913e-06 8.000000e-04 3.184556e+01 3.179774e+01 2.239859e+01 6.893121e+01 4.396390e-02 1.786019e+00 2.153473e-01 9.698928e-01 1.433102e+01
1.000000e-01 3.257000e-02  8.142500e-03  3.000000e+00 3.759488e-06 8.000000e-04 3.184556e+01 3.179768e+01 2.237486e+01 6.891406e+01 4.561193e-02 1.885819e+00 2.269766e-01 1.022269e+00 1.510493e+01
1.000000e-01 3.257000e-02  8.142500e-03  3.000000e+00 3.859664e-06 8.000000e-04 3.184556e+01 3.179744e+01 2.234956e+01 6.890146e+01 4.778072e-02 1.967174e+00 2.392338e-01 1.077474e+00 1.592063e+01
1.000000e-01 3.257000e-02  8.142500e-03  3.000000e+00 3.962510e-06 8.000000e-04 3.184556e+01 3.179717e+01 2.231356e+01 6.887829e+01 5.041331e-02 2.092417e+00 2.521530e-01 1.135660e+00 1.678038e+01
1.000000e-01 3.257000e-02  8.142500e-03  3.000000e+00 4.068095e-06 8.000000e-04 3.184556e+01 3.179691e+01 2.228412e+01 6.885834e+01 5.308562e-02 2.203287e+00 2.657699e-01 1.196989e+00 1.768656e+01
1.000000e-01 3.257000e-02  8.142500e-03  3.000000e+00 4.176494e-06 8.000000e-04 3.184556e+01 3.179681e+01 2.225852e+01 6.884376e+01 5.608786e-02 2.313163e+00 2.801221e-01 1.261629e+00 1.864168e+01
1.000000e-01 3.257000e-02  8.142500e-03  3.000000e+00 4.287782e-06 8.000000e-04 3.184556e+01 3.179624e+01 2.221378e+01 6.881599e+01 5.937560e-02 2.456145e+00 2.952493e-01 1.329760e+00 1.964837e+01
1.000000e-01 3.257000e-02  8.142500e-03  3.000000e+00 4.402035e-06 8.000000e-04 3.184556e+01 3.179616e+01 2.218850e+01 6.879889e+01 6.086967e-02 2.579019e+00 3.111934e-01 1.401570e+00 2.070943e+01
1.000000e-01 3.257000e-02  8.142500e-03  3.000000e+00 4.519332e-06 8.000000e-04 3.184556e+01 3.179567e+01 2.213913e+01 6.877107e+01 6.569960e-02 2.732234e+00 3.279986e-01 1.477258e+00 2.182779e+01
1.000000e-01 3.257000e-02  8.142500e-03  3.000000e+00 4.639755e-06 8.000000e-04 3.184556e+01 3.179549e+01 2.211472e+01 6.875666e+01 6.931365e-02 2.857263e+00 3.457113e-01 1.557033e+00 2.300654e+01
1.000000e-01 3.257000e-02  8.142500e-03  3.000000e+00 4.763386e-06 8.000000e-04 3.184556e+01 3.179515e+01 2.206117e+01 6.872380e+01 7.205076e-02 3.024471e+00 3.643805e-01 1.641116e+00 2.424894e+01
1.000000e-01 3.257000e-02  8.142500e-03  3.000000e+00 4.890312e-06 8.000000e-04 3.184556e+01 3.179420e+01 2.202059e+01 6.869882e+01 7.910156e-02 3.199678e+00 3.840579e-01 1.729740e+00 2.555844e+01
1.000000e-01 3.257000e-02  8.142500e-03  3.000000e+00 5.020620e-06 8.000000e-04 3.184556e+01 3.179434e+01 2.197749e+01 6.867341e+01 8.341062e-02 3.359211e+00 4.047979e-01 1.823150e+00 2.693866e+01
1.000000e-01 3.257000e-02  8.142500e-03  3.000000e+00 5.154400e-06 8.000000e-04 3.184556e+01 3.179405e+01 2.193113e+01 6.864379e+01 8.488758e-02 3.523847e+00 4.266579e-01 1.921605e+00 2.839341e+01
1.000000e-01 3.257000e-02  8.142500e-03  3.000000e+00 5.291745e-06 8.000000e-04 3.184556e+01 3.179345e+01 2.188176e+01 6.861555e+01 9.019997e-02 3.707216e+00 4.496984e-01 2.025376e+00 2.992672e+01
1.000000e-01 3.257000e-02  8.142500e-03  3.000000e+00 5.432750e-06 8.000000e-04 3.184556e+01 3.179283e+01 2.183078e+01 6.858011e+01 9.504406e-02 3.913688e+00 4.739832e-01 2.134751e+00 3.154283e+01
1.000000e-01 3.257000e-02  8.142500e-03  3.000000e+00 5.577512e-06 8.000000e-04 3.184556e+01 3.179243e+01 2.177329e+01 6.855294e+01 9.945050e-02 4.133640e+00 4.995794e-01 2.250032e+00 3.324622e+01
1.000000e-01 3.257000e-02  8.142500e-03  3.000000e+00 5.726131e-06 8.000000e-04 3.184556e+01 3.179172e+01 2.171937e+01 6.852067e+01 1.052788e-01 4.331597e+00 5.265578e-01 2.371539e+00 3.504159e+01
1.000000e-01 3.257000e-02  8.142500e-03  3.000000e+00 5.878710e-06 8.000000e-04 3.184556e+01 3.179186e+01 2.165263e+01 6.847167e+01 1.099639e-01 4.600218e+00 5.549932e-01 2.499608e+00 3.693392e+01
1.000000e-01 3.257000e-02  8.142500e-03  3.000000e+00 6.035355e-06 8.000000e-04 3.184556e+01 3.179051e+01 2.159636e+01 6.844413e+01 1.181335e-01 4.814106e+00 5.849641e-01 2.634592e+00 3.892843e+01
1.000000e-01 3.257000e-02  8.142500e-03  3.000000e+00 6.196174e-06 8.000000e-04 3.184556e+01 3.179030e+01 2.152377e+01 6.840602e+01 1.224879e-01 5.102908e+00 6.165535e-01 2.776867e+00 4.103066e+01
1.000000e-01 3.257000e-02  8.142500e-03  3.000000e+00 6.361278e-06 8.000000e-04 3.184556e+01 3.178933e+01 2.145256e+01 6.836006e+01 1.319645e-01 5.387560e+00 6.498488e-01 2.926824e+00 4.324641e+01
1.000000e-01 3.257000e-02  8.142500e-03  3.000000e+00 6.530782e-06 8.000000e-04 3.184556e+01 3.178865e+01 2.137465e+01 6.832198e+01 1.376945e-01 5.659701e+00 6.849421e-01 3.084879e+00 4.558181e+01
1.000000e-01 3.257000e-02  8.142500e-03  3.000000e+00 6.704802e-06 8.000000e-04 3.184556e+01 3.178831e+01 2.129790e+01 6.827415e+01 1.459471e-01 5.981184e+00 7.219306e-01 3.251470e+00 4.804334e+01
1.000000e-01 3.257000e-02  8.142500e-03  3.000000e+00 6.883459e-06 8.000000e-04 3.184556e+01 3.178756e+01 2.121238e+01 6.822650e+01 1.500878e-01 6.296076e+00 7.609165e-01 3.427056e+00 5.063779e+01
1.000000e-01 3.257000e-02  8.142500e-03  3.000000e+00 7.066877e-06 8.000000e-04 3.184556e+01 3.178654e+01 2.113875e+01 6.818686e+01 1.616058e-01 6.623323e+00 8.020078e-01 3.612125e+00 5.337235e+01
1.000000e-01 3.257000e-02  8.142500e-03  3.000000e+00 7.255182e-06 8.000000e-04 3.184556e+01 3.178553e+01 2.104722e+01 6.813544e+01 1.703795e-01 7.011599e+00 8.453181e-01 3.807189e+00 5.625458e+01
1.000000e-01 3.257000e-02  8.142500e-03  3.000000e+00 7.448504e-06 8.000000e-04 3.184556e+01 3.178499e+01 2.095480e+01 6.809883e+01 1.760972e-01 7.361218e+00 8.909672e-01 4.012786e+00 5.929245e+01
1.000000e-01 3.257000e-02  8.142500e-03  3.000000e+00 7.646978e-06 8.000000e-04 3.184556e+01 3.178418e+01 2.083722e+01 6.802647e+01 1.879026e-01 7.758754e+00 9.390815e-01 4.229485e+00 6.249438e+01
1.000000e-01 3.257000e-02  8.142500e-03  3.000000e+00 7.850741e-06 8.000000e-04 3.184556e+01 3.178314e+01 2.075397e+01 6.797849e+01 1.977749e-01 8.169322e+00 9.897940e-01 4.457887e+00 6.586922e+01
1.000000e-01 3.257000e-02  8.142500e-03  3.000000e+00 8.059933e-06 8.000000e-04 3.184556e+01 3.178203e+01 2.062937e+01 6.790162e+01 2.104901e-01 8.604295e+00 1.043245e+00 4.698623e+00 6.942631e+01
1.000000e-01 3.257000e-02  8.142500e-03  3.000000e+00 8.274699e-06 8.000000e-04 3.184556e+01 3.178010e+01 2.052774e+01 6.783823e+01 2.192028e-01 9.089274e+00 1.099583e+00 4.952360e+00 7.317550e+01
1.000000e-01 3.257000e-02  8.142500e-03  3.000000e+00 8.495188e-06 8.000000e-04 3.184556e+01 3.177941e+01 2.039661e+01 6.779400e+01 2.345436e-01 9.625412e+00 1.158963e+00 5.219799e+00 7.712714e+01
1.000000e-01 3.257000e-02  8.142500e-03  3.000000e+00 8.721552e-06 8.000000e-04 3.184556e+01 3.177876e+01 2.027378e+01 6.772148e+01 2.446842e-01 1.014215e+01 1.221550e+00 5.501680e+00 8.129219e+01
1.000000e-01 3.257000e-02  8.142500e-03  3.000000e+00 8.953948e-06 8.000000e-04 3.184556e+01 3.177711e+01 2.014075e+01 6.764297e+01 2.587289e-01 1.072381e+01 1.287516e+00 5.798783e+00 8.568215e+01
1.000000e-01 3.257000e-02  8.142500e-03  3.000000e+00 9.192536e-06 8.000000e-04 3.184556e+01 3.177567e+01 2.001735e+01 6.761240e+01 2.695004e-01 1.122014e+01 1.357045e+00 6.111931e+00 9.030919e+01
1.000000e-01 3.257000e-02  8.142500e-03  3.000000e+00 9.437481e-06 8.000000e-04 3.184556e+01 3.177524e+01 1.985275e+01 6.750876e+01 2.894743e-01 1.185889e+01 1.430328e+00 6.441990e+00 9.518609e+01
1.000000e-01 3.257000e-02  8.142500e-03  3.000000e+00 9.688954e-06 8.000000e-04 3.184556e+01 3.177292e+01 1.970451e+01 6.743213e+01 3.039134e-01 1.254617e+01 1.507569e+00 6.789872e+00 1.003264e+02
1.000000e-01 3.257000e-02  8.142500e-03  3.000000e+00 9.947127e-06 8.000000e-04 3.184556e+01 3.177127e+01 1.959161e+01 6.739896e+01 3.159958e-01 1.311544e+01 1.588982e+00 7.156541e+00 1.057442e+02
1.000000e-01 3.257000e-02  8.142500e-03  3.000000e+00 1.021218e-05 8.000000e-04 3.184556e+01 3.176908e+01 1.941674e+01 6.726830e+01 3.361290e-01 1.386219e+01 1.674790e+00 7.543010e+00 1.114546e+02
1.000000e-01 3.257000e-02  8.142500e-03  3.000000e+00 1.048430e-05 8.000000e-04 3.184556e+01 3.176885e+01 1.924850e+01 6.723205e+01 3.506744e-01 1.464005e+01 1.765233e+00 7.950350e+00 1.174735e+02
1.000000e-01 3.257000e-02  8.142500e-03  3.000000e+00 1.076366e-05 8.000000e-04 3.184556e+01 3.176594e+01 1.906830e+01 6.715458e+01 3.742733e-01 1.539557e+01 1.860560e+00 8.379688e+00 1.238173e+02
1.000000e-01 3.257000e-02  8.142500e-03  3.000000e+00 1.105047e-05 8.000000e-04 3.184556e+01 3.176398e+01 1.888884e+01 6.704271e+01 3.937695e-01 1.621204e+01 1.961034e+00 8.832210e+00 1.305037e+02
1.000000e-01 3.257000e-02  8.142500e-03  3.000000e+00 1.134492e-05 8.000000e-04 3.184556e+01 3.176156e+01 1.869236e+01 6.696773e+01 4.184418e-01 1.712474e+01 2.066935e+00 9.309170e+00 1.375512e+02
1.000000e-01 3.257000e-02  8.142500e-03  3.000000e+00 1.164722e-05 8.000000e-04 3.184556e+01 3.175981e+01 1.850654e+01 6.692627e+01 4.400318e-01 1.814912e+01 2.178554e+00 9.811887e+00 1.449793e+02
1.000000e-01 3.257000e-02  8.142500e-03  3.000000e+00 1.195758e-05 8.000000e-04 3.184556e+01 3.175779e+01 1.827852e+01 6.680083e+01 4.596639e-01 1.904706e+01 2.296201e+00 1.034175e+01 1.528085e+02
1.000000e-01 3.257000e-02  8.142500e-03  3.000000e+00 1.227620e-05 8.000000e-04 3.184556e+01 3.175288e+01 1.811303e+01 6.676032e+01 4.906209e-01 2.000958e+01 2.420201e+00 1.090023e+01 1.610605e+02
1.000000e-01 3.257000e-02  8.142500e-03  3.000000e+00 1.260331e-05 8.000000e-04 3.184556e+01 3.175347e+01 1.786472e+01 6.665833e+01 5.140429e-01 2.117168e+01 2.550897e+00 1.148887e+01 1.697582e+02
1.000000e-01 3.257000e-02  8.142500e-03  3.000000e+00 1.293914e-05 8.000000e-04 3.184556e+01 3.175402e+01 1.762672e+01 6.659174e+01 5.303943e-01 2.235001e+01 2.688652e+00 1.210929e+01 1.789255e+02
1.000000e-01 3.257000e-02  8.142500e-03  3.000000e+00 1.328392e-05 8.000000e-04 3.184556e+01 3.175033e+01 1.737103e+01 6.645124e+01 5.638147e-01 2.349849e+01 2.833845e+00 1.276322e+01 1.885879e+02
