2.000000e-01 1.701000e-01  4.252500e-02  3.000000e+00 2.000000e-06 8.000000e-04 9.247345e-02 3.180189e+01 2.287186e+01 6.922440e+01 1.496576e-03 6.350527e-02 6.789644e-03 2.222401e-02 4.154433e-01
2.000000e-01 1.701000e-01  4.252500e-02  3.000000e+00 2.053292e-06 8.000000e-04 9.247345e-02 3.180188e+01 2.287094e+01 6.922395e+01 1.567608e-03 6.724788e-02 7.156301e-03 2.342416e-02 4.378782e-01
2.000000e-01 1.701000e-01  4.252500e-02  3.000000e+00 2.108005e-06 8.000000e-04 9.247345e-02 3.180187e+01 2.287002e+01 6.922344e+01 1.670946e-03 7.074302e-02 7.542757e-03 2.468912e-02 4.615246e-01
2.000000e-01 1.701000e-01  4.252500e-02  3.000000e+00 2.164175e-06 8.000000e-04 9.247345e-02 3.180186e+01 2.286893e+01 6.922262e+01 1.747626e-03 7.427460e-02 7.950084e-03 2.602239e-02 4.864480e-01
2.000000e-01 1.701000e-01  4.252500e-02  3.000000e+00 2.221842e-06 8.000000e-04 9.247345e-02 3.180185e+01 2.286791e+01 6.922228e+01 1.865994e-03 7.895822e-02 8.379407e-03 2.742766e-02 5.127173e-01
2.000000e-01 1.701000e-01  4.252500e-02  3.000000e+00 2.281045e-06 8.000000e-04 9.247345e-02 3.180184e+01 2.286681e+01 6.922140e+01 1.959311e-03 8.293445e-02 8.831914e-03 2.890881e-02 5.404052e-01
2.000000e-01 1.701000e-01  4.252500e-02  3.000000e+00 2.341826e-06 8.000000e-04 9.247345e-02 3.180183e+01 2.286540e+01 6.922071e+01 2.060725e-03 8.782261e-02 9.308858e-03 3.046996e-02 5.695884e-01
2.000000e-01 1.701000e-01  4.252500e-02  3.000000e+00 2.404227e-06 8.000000e-04 9.247345e-02 3.180182e+01 2.286464e+01 6.922052e+01 2.176497e-03 9.206526e-02 9.811557e-03 3.211541e-02 6.003475e-01
2.000000e-01 1.701000e-01  4.252500e-02  3.000000e+00 2.468290e-06 8.000000e-04 9.247345e-02 3.180181e+01 2.286332e+01 6.921991e+01 2.278794e-03 9.711426e-02 1.034140e-02 3.384971e-02 6.327676e-01
2.000000e-01 1.701000e-01  4.252500e-02  3.000000e+00 2.534061e-06 8.000000e-04 9.247345e-02 3.180180e+01 2.286195e+01 6.921905e+01 2.399914e-03 1.026217e-01 1.089986e-02 3.567767e-02 6.669385e-01
2.000000e-01 1.701000e-01  4.252500e-02  3.000000e+00 2.601584e-06 8.000000e-04 9.247345e-02 3.180178e+01 2.286079e+01 6.921798e+01 2.538469e-03 1.067943e-01 1.148848e-02 3.760435e-02 7.029548e-01
2.000000e-01 1.701000e-01  4.252500e-02  3.000000e+00 2.670906e-06 8.000000e-04 9.247345e-02 3.180177e+01 2.285898e+01 6.921715e+01 2.663180e-03 1.136647e-01 1.210889e-02 3.963507e-02 7.409159e-01
2.000000e-01 1.701000e-01  4.252500e-02  3.000000e+00 2.742075e-06 8.000000e-04 9.247345e-02 3.180176e+01 2.285712e+01 6.921617e+01 2.802385e-03 1.200839e-01 1.276279e-02 4.177546e-02 7.809271e-01
2.000000e-01 1.701000e-01  4.252500e-02  3.000000e+00 2.815141e-06 8.000000e-04 9.247345e-02 3.180174e+01 2.285571e+01 6.921554e+01 2.980764e-03 1.267203e-01 1.345201e-02 4.403143e-02 8.230990e-01
2.000000e-01 1.701000e-01  4.252500e-02  3.000000e+00 2.890154e-06 8.000000e-04 9.247345e-02 3.180173e+01 2.285397e+01 6.921454e+01 3.123230e-03 1.337109e-01 1.417845e-02 4.640923e-02 8.675482e-01
2.000000e-01 1.701000e-01  4.252500e-02  3.000000e+00 2.967165e-06 8.000000e-04 9.247345e-02 3.180171e+01 2.285215e+01 6.921379e+01 3.292071e-03 1.409010e-01 1.494412e-02 4.891543e-02 9.143978e-01
2.000000e-01 1.701000e-01  4.252500e-02  3.000000e+00 3.046229e-06 8.000000e-04 9.247345e-02 3.180169e+01 2.285025e+01 6.921220e+01 3.479638e-03 1.478629e-01 1.575114e-02 5.155698e-02 9.637774e-01
2.000000e-01 1.701000e-01  4.252500e-02  3.000000e+00 3.127399e-06 8.000000e-04 9.247345e-02 3.180167e+01 2.284829e+01 6.921115e+01 3.662105e-03 1.555562e-01 1.660174e-02 5.434118e-02 1.015824e+00
2.000000e-01 1.701000e-01  4.252500e-02  3.000000e+00 3.210732e-06 8.000000e-04 9.247345e-02 3.180166e+01 2.284655e+01 6.921073e+01 3.890575e-03 1.639292e-01 1.749827e-02 5.727573e-02 1.070680e+00
2.000000e-01 1.701000e-01  4.252500e-02  3.000000e+00 3.296286e-06 8.000000e-04 9.247345e-02 3.180163e+01 2.284375e+01 6.920880e+01 4.046091e-03 1.733078e-01 1.844322e-02 6.036875e-02 1.128500e+00
2.000000e-01 1.701000e-01  4.252500e-02  3.000000e+00 3.384119e-06 8.000000e-04 9.247345e-02 3.180162e+01 2.284163e+01 6.920798e+01 4.270677e-03 1.823762e-01 1.943919e-02 6.362880e-02 1.189441e+00
2.000000e-01 1.701000e-01  4.252500e-02  3.000000e+00 3.474293e-06 8.000000e-04 9.247345e-02 3.180159e+01 2.283894e+01 6.920622e+01 4.542274e-03 1.921561e-01 2.048896e-02 6.706490e-02 1.253674e+00
2.000000e-01 1.701000e-01  4.252500e-02  3.000000e+00 3.566869e-06 8.000000e-04 9.247345e-02 3.180156e+01 2.283578e+01 6.920442e+01 4.754188e-03 2.033190e-01 2.159541e-02 7.068656e-02 1.321375e+00
2.000000e-01 1.701000e-01  4.252500e-02  3.000000e+00 3.661913e-06 8.000000e-04 9.247345e-02 3.180154e+01 2.283343e+01 6.920291e+01 5.040634e-03 2.143650e-01 2.276161e-02 7.450380e-02 1.392732e+00
2.000000e-01 1.701000e-01  4.252500e-02  3.000000e+00 3.759488e-06 8.000000e-04 9.247345e-02 3.180151e+01 2.283082e+01 6.920130e+01 5.308416e-03 2.240900e-01 2.399079e-02 7.852718e-02 1.467943e+00
2.000000e-01 1.701000e-01  4.252500e-02  3.000000e+00 3.859664e-06 8.000000e-04 9.247345e-02 3.180149e+01 2.282743e+01 6.920011e+01 5.541521e-03 2.379891e-01 2.528635e-02 8.276782e-02 1.547216e+00
2.000000e-01 1.701000e-01  4.252500e-02  3.000000e+00 3.962510e-06 8.000000e-04 9.247345e-02 3.180145e+01 2.282461e+01 6.919820e+01 5.866638e-03 2.494436e-01 2.665187e-02 8.723748e-02 1.630769e+00
2.000000e-01 1.701000e-01  4.252500e-02  3.000000e+00 4.068095e-06 8.000000e-04 9.247345e-02 3.180143e+01 2.282099e+01 6.919557e+01 6.181817e-03 2.641045e-01 2.809113e-02 9.194850e-02 1.718834e+00
2.000000e-01 1.701000e-01  4.252500e-02  3.000000e+00 4.176494e-06 8.000000e-04 9.247345e-02 3.180139e+01 2.281814e+01 6.919500e+01 6.550060e-03 2.770015e-01 2.960812e-02 9.691394e-02 1.811655e+00
2.000000e-01 1.701000e-01  4.252500e-02  3.000000e+00 4.287782e-06 8.000000e-04 9.247345e-02 3.180138e+01 2.281321e+01 6.919184e+01 6.837394e-03 2.929333e-01 3.120702e-02 1.021475e-01 1.909489e+00
2.000000e-01 1.701000e-01  4.252500e-02  3.000000e+00 4.402035e-06 8.000000e-04 9.247345e-02 3.180132e+01 2.280977e+01 6.919006e+01 7.248918e-03 3.086115e-01 3.289227e-02 1.076637e-01 2.012605e+00
2.000000e-01 1.701000e-01  4.252500e-02  3.000000e+00 4.519332e-06 8.000000e-04 9.247345e-02 3.180128e+01 2.280457e+01 6.918651e+01 7.613624e-03 3.262025e-01 3.466853e-02 1.134778e-01 2.121291e+00
2.000000e-01 1.701000e-01  4.252500e-02  3.000000e+00 4.639755e-06 8.000000e-04 9.247345e-02 3.180125e+01 2.280037e+01 6.918550e+01 8.060245e-03 3.434974e-01 3.654071e-02 1.196059e-01 2.235845e+00
2.000000e-01 1.701000e-01  4.252500e-02  3.000000e+00 4.763386e-06 8.000000e-04 9.247345e-02 3.180120e+01 2.279539e+01 6.918198e+01 8.518285e-03 3.615006e-01 3.851400e-02 1.260649e-01 2.356586e+00
2.000000e-01 1.701000e-01  4.252500e-02  3.000000e+00 4.890312e-06 8.000000e-04 9.247345e-02 3.180117e+01 2.279018e+01 6.918010e+01 8.900107e-03 3.836338e-01 4.059384e-02 1.328727e-01 2.483847e+00
2.000000e-01 1.701000e-01  4.252500e-02  3.000000e+00 5.020620e-06 8.000000e-04 9.247345e-02 3.180113e+01 2.278578e+01 6.917634e+01 9.337658e-03 4.021647e-01 4.278600e-02 1.400481e-01 2.617981e+00
2.000000e-01 1.701000e-01  4.252500e-02  3.000000e+00 5.154400e-06 8.000000e-04 9.247345e-02 3.180105e+01 2.278098e+01 6.917345e+01 9.986527e-03 4.213799e-01 4.509655e-02 1.476110e-01 2.759358e+00
2.000000e-01 1.701000e-01  4.252500e-02  3.000000e+00 5.291745e-06 8.000000e-04 9.247345e-02 3.180102e+01 2.277439e+01 6.916948e+01 1.038067e-02 4.454511e-01 4.753186e-02 1.555823e-01 2.908369e+00
2.000000e-01 1.701000e-01  4.252500e-02  3.000000e+00 5.432750e-06 8.000000e-04 9.247345e-02 3.180095e+01 2.276866e+01 6.916752e+01 1.106369e-02 4.682937e-01 5.009869e-02 1.639841e-01 3.065428e+00
2.000000e-01 1.701000e-01  4.252500e-02  3.000000e+00 5.577512e-06 8.000000e-04 9.247345e-02 3.180092e+01 2.276261e+01 6.916444e+01 1.156876e-02 4.933259e-01 5.280414e-02 1.728397e-01 3.230968e+00
2.000000e-01 1.701000e-01  4.252500e-02  3.000000e+00 5.726131e-06 8.000000e-04 9.247345e-02 3.180082e+01 2.275571e+01 6.915932e+01 1.234301e-02 5.215296e-01 5.565569e-02 1.821734e-01 3.405448e+00
2.000000e-01 1.701000e-01  4.252500e-02  3.000000e+00 5.878710e-06 8.000000e-04 9.247345e-02 3.180077e+01 2.274735e+01 6.915527e+01 1.294180e-02 5.523150e-01 5.866122e-02 1.920112e-01 3.589350e+00
2.000000e-01 1.701000e-01  4.252500e-02  3.000000e+00 6.035355e-06 8.000000e-04 9.247345e-02 3.180072e+01 2.274004e+01 6.915213e+01 1.373788e-02 5.832522e-01 6.182906e-02 2.023802e-01 3.783183e+00
2.000000e-01 1.701000e-01  4.252500e-02  3.000000e+00 6.196174e-06 8.000000e-04 9.247345e-02 3.180063e+01 2.273222e+01 6.914709e+01 1.440139e-02 6.126647e-01 6.516797e-02 2.133092e-01 3.987484e+00
2.000000e-01 1.701000e-01  4.252500e-02  3.000000e+00 6.361278e-06 8.000000e-04 9.247345e-02 3.180054e+01 2.272328e+01 6.914267e+01 1.518071e-02 6.462922e-01 6.868720e-02 2.248284e-01 4.202817e+00
2.000000e-01 1.701000e-01  4.252500e-02  3.000000e+00 6.530782e-06 8.000000e-04 9.247345e-02 3.180046e+01 2.271603e+01 6.913779e+01 1.601152e-02 6.767797e-01 7.239646e-02 2.369697e-01 4.429779e+00
2.000000e-01 1.701000e-01  4.252500e-02  3.000000e+00 6.704802e-06 8.000000e-04 9.247345e-02 3.180040e+01 2.270522e+01 6.913088e+01 1.686901e-02 7.182553e-01 7.630604e-02 2.497666e-01 4.668998e+00
2.000000e-01 1.701000e-01  4.252500e-02  3.000000e+00 6.883459e-06 8.000000e-04 9.247345e-02 3.180030e+01 2.269547e+01 6.912694e+01 1.779815e-02 7.569313e-01 8.042674e-02 2.632546e-01 4.921134e+00
2.000000e-01 1.701000e-01  4.252500e-02  3.000000e+00 7.066877e-06 8.000000e-04 9.247345e-02 3.180021e+01 2.268426e+01 6.912175e+01 1.863089e-02 7.981066e-01 8.476997e-02 2.774709e-01 5.186887e+00
2.000000e-01 1.701000e-01  4.252500e-02  3.000000e+00 7.255182e-06 8.000000e-04 9.247345e-02 3.180012e+01 2.267441e+01 6.911356e+01 1.974745e-02 8.405663e-01 8.934775e-02 2.924550e-01 5.466991e+00
2.000000e-01 1.701000e-01  4.252500e-02  3.000000e+00 7.448504e-06 8.000000e-04 9.247345e-02 3.180003e+01 2.266281e+01 6.910887e+01 2.066613e-02 8.874813e-01 9.417273e-02 3.082482e-01 5.762221e+00
2.000000e-01 1.701000e-01  4.252500e-02  3.000000e+00 7.646978e-06 8.000000e-04 9.247345e-02 3.179992e+01 2.265293e+01 6.910558e+01 2.172960e-02 9.293379e-01 9.925828e-02 3.248944e-01 6.073394e+00
2.000000e-01 1.701000e-01  4.252500e-02  3.000000e+00 7.850741e-06 8.000000e-04 9.247345e-02 3.179979e+01 2.263685e+01 6.909630e+01 2.307375e-02 9.858256e-01 1.046185e-01 3.424394e-01 6.401371e+00
2.000000e-01 1.701000e-01  4.252500e-02  3.000000e+00 8.059933e-06 8.000000e-04 9.247345e-02 3.179965e+01 2.262745e+01 6.909094e+01 2.450912e-02 1.032528e+00 1.102681e-01 3.609319e-01 6.747060e+00
2.000000e-01 1.701000e-01  4.252500e-02  3.000000e+00 8.274699e-06 8.000000e-04 9.247345e-02 3.179956e+01 2.260947e+01 6.908067e+01 2.561706e-02 1.095848e+00 1.162228e-01 3.804231e-01 7.111417e+00
2.000000e-01 1.701000e-01  4.252500e-02  3.000000e+00 8.495188e-06 8.000000e-04 9.247345e-02 3.179938e+01 2.259853e+01 6.907501e+01 2.715488e-02 1.147366e+00 1.224991e-01 4.009668e-01 7.495450e+00
2.000000e-01 1.701000e-01  4.252500e-02  3.000000e+00 8.721552e-06 8.000000e-04 9.247345e-02 3.179926e+01 2.258248e+01 6.906711e+01 2.845029e-02 1.207374e+00 1.291144e-01 4.226200e-01 7.900222e+00
2.000000e-01 1.701000e-01  4.252500e-02  3.000000e+00 8.953948e-06 8.000000e-04 9.247345e-02 3.179914e+01 2.255988e+01 6.905066e+01 2.994808e-02 1.285338e+00 1.360868e-01 4.454424e-01 8.326852e+00
2.000000e-01 1.701000e-01  4.252500e-02  3.000000e+00 9.192536e-06 8.000000e-04 9.247345e-02 3.179887e+01 2.254798e+01 6.904467e+01 3.180953e-02 1.350321e+00 1.434358e-01 4.694973e-01 8.776521e+00
2.000000e-01 1.701000e-01  4.252500e-02  3.000000e+00 9.437481e-06 8.000000e-04 9.247345e-02 3.179880e+01 2.252831e+01 6.903383e+01 3.329247e-02 1.421985e+00 1.511817e-01 4.948513e-01 9.250474e+00
2.000000e-01 1.701000e-01  4.252500e-02  3.000000e+00 9.688954e-06 8.000000e-04 9.247345e-02 3.179859e+01 2.250848e+01 6.902159e+01 3.530122e-02 1.491475e+00 1.593459e-01 5.215744e-01 9.750020e+00
2.000000e-01 1.701000e-01  4.252500e-02  3.000000e+00 9.947127e-06 8.000000e-04 9.247345e-02 3.179842e+01 2.248980e+01 6.901520e+01 3.674758e-02 1.570922e+00 1.679509e-01 5.497406e-01 1.027654e+01
2.000000e-01 1.701000e-01  4.252500e-02  3.000000e+00 1.021218e-05 8.000000e-04 9.247345e-02 3.179828e+01 2.246716e+01 6.900449e+01 3.870209e-02 1.666880e+00 1.770206e-01 5.794279e-01 1.083150e+01
2.000000e-01 1.701000e-01  4.252500e-02  3.000000e+00 1.048430e-05 8.000000e-04 9.247345e-02 3.179801e+01 2.245136e+01 6.899386e+01 4.136889e-02 1.742960e+00 1.865802e-01 6.107183e-01 1.141643e+01
2.000000e-01 1.701000e-01  4.252500e-02  3.000000e+00 1.076366e-05 8.000000e-04 9.247345e-02 3.179781e+01 2.242634e+01 6.897896e+01 4.342191e-02 1.842108e+00 1.966559e-01 6.436985e-01 1.203294e+01
2.000000e-01 1.701000e-01  4.252500e-02  3.000000e+00 1.105047e-05 8.000000e-04 9.247345e-02 3.179754e+01 2.239618e+01 6.896733e+01 4.593654e-02 1.945892e+00 2.072758e-01 6.784597e-01 1.268275e+01
2.000000e-01 1.701000e-01  4.252500e-02  3.000000e+00 1.134492e-05 8.000000e-04 9.247345e-02 3.179733e+01 2.237335e+01 6.895343e+01 4.820547e-02 2.052081e+00 2.184692e-01 7.150981e-01 1.336765e+01
2.000000e-01 1.701000e-01  4.252500e-02  3.000000e+00 1.164722e-05 8.000000e-04 9.247345e-02 3.179705e+01 2.234832e+01 6.893919e+01 5.103793e-02 2.151079e+00 2.302670e-01 7.537151e-01 1.408953e+01
2.000000e-01 1.701000e-01  4.252500e-02  3.000000e+00 1.195758e-05 8.000000e-04 9.247345e-02 3.179676e+01 2.230911e+01 6.892108e+01 5.389103e-02 2.288421e+00 2.427020e-01 7.944174e-01 1.485040e+01
2.000000e-01 1.701000e-01  4.252500e-02  3.000000e+00 1.227620e-05 8.000000e-04 9.247345e-02 3.179652e+01 2.227550e+01 6.889815e+01 5.654196e-02 2.419783e+00 2.558084e-01 8.373178e-01 1.565235e+01
2.000000e-01 1.701000e-01  4.252500e-02  3.000000e+00 1.260331e-05 8.000000e-04 9.247345e-02 3.179627e+01 2.225675e+01 6.888737e+01 5.958438e-02 2.523112e+00 2.696227e-01 8.825349e-01 1.649761e+01
2.000000e-01 1.701000e-01  4.252500e-02  3.000000e+00 1.293914e-05 8.000000e-04 9.247345e-02 3.179592e+01 2.222263e+01 6.887882e+01 6.231322e-02 2.667313e+00 2.841829e-01 9.301938e-01 1.738852e+01
2.000000e-01 1.701000e-01  4.252500e-02  3.000000e+00 1.328392e-05 8.000000e-04 9.247345e-02 3.179570e+01 2.218572e+01 6.884586e+01 6.576529e-02 2.812148e+00 2.995295e-01 9.804264e-01 1.832754e+01
2.000000e-01 1.701000e-01  4.252500e-02  3.000000e+00 1.363789e-05 8.000000e-04 9.247345e-02 3.179519e+01 2.215292e+01 6.884019e+01 6.987627e-02 2.952689e+00 3.157048e-01 1.033372e+00 1.931727e+01
