1.250000e+00 1.805000e-02  4.512500e-03  3.000000e+00 2.000000e-06 8.000000e-04 1.573412e+07 3.180203e+01 2.288802e+01 6.923341e+01 4.613283e-11 2.059848e-10 4.358670e-11 8.934371e-10 3.434320e-09
1.250000e+00 1.805000e-02  4.512500e-03  3.000000e+00 2.053292e-06 8.000000e-04 1.573412e+07 3.180203e+01 2.288802e+01 6.923341e+01 4.850832e-11 2.180490e-10 4.594048e-11 9.416848e-10 3.619781e-09
1.250000e+00 1.805000e-02  4.512500e-03  3.000000e+00 2.108005e-06 8.000000e-04 1.573412e+07 3.180203e+01 2.288802e+01 6.923341e+01 5.154843e-11 2.301697e-10 4.842137e-11 9.925380e-10 3.815258e-09
1.250000e+00 1.805000e-02  4.512500e-03  3.000000e+00 2.164175e-06 8.000000e-04 1.573412e+07 3.180203e+01 2.288802e+01 6.923341e+01 5.435745e-11 2.427298e-10 5.103624e-11 1.046137e-09 4.021290e-09
1.250000e+00 1.805000e-02  4.512500e-03  3.000000e+00 2.221842e-06 8.000000e-04 1.573412e+07 3.180203e+01 2.288802e+01 6.923341e+01 5.706904e-11 2.553370e-10 5.379231e-11 1.102631e-09 4.238449e-09
1.250000e+00 1.805000e-02  4.512500e-03  3.000000e+00 2.281045e-06 8.000000e-04 1.573412e+07 3.180203e+01 2.288802e+01 6.923341e+01 6.093463e-11 2.680418e-10 5.669722e-11 1.162176e-09 4.467336e-09
1.250000e+00 1.805000e-02  4.512500e-03  3.000000e+00 2.341826e-06 8.000000e-04 1.573412e+07 3.180203e+01 2.288802e+01 6.923341e+01 6.314085e-11 2.838552e-10 5.975900e-11 1.224936e-09 4.708582e-09
1.250000e+00 1.805000e-02  4.512500e-03  3.000000e+00 2.404227e-06 8.000000e-04 1.573412e+07 3.180203e+01 2.288802e+01 6.923341e+01 6.638615e-11 2.990329e-10 6.298613e-11 1.291085e-09 4.962856e-09
1.250000e+00 1.805000e-02  4.512500e-03  3.000000e+00 2.468290e-06 8.000000e-04 1.573412e+07 3.180203e+01 2.288802e+01 6.923341e+01 6.985807e-11 3.147174e-10 6.638752e-11 1.360807e-09 5.230862e-09
1.250000e+00 1.805000e-02  4.512500e-03  3.000000e+00 2.534061e-06 8.000000e-04 1.573412e+07 3.180203e+01 2.288802e+01 6.923341e+01 7.376501e-11 3.327772e-10 6.997260e-11 1.434294e-09 5.513341e-09
1.250000e+00 1.805000e-02  4.512500e-03  3.000000e+00 2.601584e-06 8.000000e-04 1.573412e+07 3.180203e+01 2.288802e+01 6.923341e+01 7.879717e-11 3.497360e-10 7.375128e-11 1.511749e-09 5.811074e-09
1.250000e+00 1.805000e-02  4.512500e-03  3.000000e+00 2.670906e-06 8.000000e-04 1.573412e+07 3.180203e+01 2.288802e+01 6.923341e+01 8.251588e-11 3.672494e-10 7.773402e-11 1.593387e-09 6.124885e-09
1.250000e+00 1.805000e-02  4.512500e-03  3.000000e+00 2.742075e-06 8.000000e-04 1.573412e+07 3.180203e+01 2.288802e+01 6.923341e+01 8.702212e-11 3.882767e-10 8.193184e-11 1.679433e-09 6.455643e-09
1.250000e+00 1.805000e-02  4.512500e-03  3.000000e+00 2.815141e-06 8.000000e-04 1.573412e+07 3.180203e+01 2.288802e+01 6.923341e+01 9.213156e-11 4.095877e-10 8.635635e-11 1.770127e-09 6.804263e-09
1.250000e+00 1.805000e-02  4.512500e-03  3.000000e+00 2.890154e-06 8.000000e-04 1.573412e+07 3.180203e+01 2.288802e+01 6.923341e+01 9.571766e-11 4.322954e-10 9.101979e-11 1.865717e-09 7.171709e-09
1.250000e+00 1.805000e-02  4.512500e-03  3.000000e+00 2.967165e-06 8.000000e-04 1.573412e+07 3.180203e+01 2.288802e+01 6.923341e+01 1.027489e-10 4.529867e-10 9.593507e-11 1.966471e-09 7.558998e-09
1.250000e+00 1.805000e-02  4.512500e-03  3.000000e+00 3.046229e-06 8.000000e-04 1.573412e+07 3.180203e+01 2.288802e+01 6.923341e+01 1.059321e-10 4.811632e-10 1.011158e-10 2.072664e-09 7.967201e-09
1.250000e+00 1.805000e-02  4.512500e-03  3.000000e+00 3.127399e-06 8.000000e-04 1.573412e+07 3.180203e+01 2.288802e+01 6.923341e+01 1.118669e-10 5.047002e-10 1.065763e-10 2.184593e-09 8.397448e-09
1.250000e+00 1.805000e-02  4.512500e-03  3.000000e+00 3.210732e-06 8.000000e-04 1.573412e+07 3.180203e+01 2.288802e+01 6.923341e+01 1.179860e-10 5.328155e-10 1.123316e-10 2.302566e-09 8.850930e-09
1.250000e+00 1.805000e-02  4.512500e-03  3.000000e+00 3.296286e-06 8.000000e-04 1.573412e+07 3.180203e+01 2.288802e+01 6.923341e+01 1.286986e-10 5.609156e-10 1.183978e-10 2.426910e-09 9.328900e-09
1.250000e+00 1.805000e-02  4.512500e-03  3.000000e+00 3.384119e-06 8.000000e-04 1.573412e+07 3.180203e+01 2.288802e+01 6.923341e+01 1.304980e-10 5.904589e-10 1.247916e-10 2.557969e-09 9.832683e-09
1.250000e+00 1.805000e-02  4.512500e-03  3.000000e+00 3.474293e-06 8.000000e-04 1.573412e+07 3.180203e+01 2.288802e+01 6.923341e+01 1.364160e-10 6.229503e-10 1.315306e-10 2.696105e-09 1.036367e-08
1.250000e+00 1.805000e-02  4.512500e-03  3.000000e+00 3.566869e-06 8.000000e-04 1.573412e+07 3.180203e+01 2.288802e+01 6.923341e+01 1.486722e-10 6.561602e-10 1.386335e-10 2.841701e-09 1.092333e-08
1.250000e+00 1.805000e-02  4.512500e-03  3.000000e+00 3.661913e-06 8.000000e-04 1.573412e+07 3.180203e+01 2.288802e+01 6.923341e+01 1.549934e-10 6.939589e-10 1.461201e-10 2.995159e-09 1.151322e-08
1.250000e+00 1.805000e-02  4.512500e-03  3.000000e+00 3.759488e-06 8.000000e-04 1.573412e+07 3.180203e+01 2.288802e+01 6.923341e+01 1.626071e-10 7.298496e-10 1.540109e-10 3.156905e-09 1.213496e-08
1.250000e+00 1.805000e-02  4.512500e-03  3.000000e+00 3.859664e-06 8.000000e-04 1.573412e+07 3.180203e+01 2.288802e+01 6.923341e+01 1.721509e-10 7.727713e-10 1.623278e-10 3.327385e-09 1.279027e-08
1.250000e+00 1.805000e-02  4.512500e-03  3.000000e+00 3.962510e-06 8.000000e-04 1.573412e+07 3.180203e+01 2.288802e+01 6.923341e+01 1.834236e-10 8.108774e-10 1.710939e-10 3.507072e-09 1.348098e-08
1.250000e+00 1.805000e-02  4.512500e-03  3.000000e+00 4.068095e-06 8.000000e-04 1.573412e+07 3.180203e+01 2.288802e+01 6.923341e+01 1.954626e-10 8.514914e-10 1.803334e-10 3.696462e-09 1.420898e-08
1.250000e+00 1.805000e-02  4.512500e-03  3.000000e+00 4.176494e-06 8.000000e-04 1.573412e+07 3.180203e+01 2.288802e+01 6.923341e+01 2.027641e-10 9.008371e-10 1.900718e-10 3.896079e-09 1.497630e-08
1.250000e+00 1.805000e-02  4.512500e-03  3.000000e+00 4.287782e-06 8.000000e-04 1.573412e+07 3.180203e+01 2.288802e+01 6.923341e+01 2.102884e-10 9.490621e-10 2.003361e-10 4.106476e-09 1.578505e-08
1.250000e+00 1.805000e-02  4.512500e-03  3.000000e+00 4.402035e-06 8.000000e-04 1.573412e+07 3.180203e+01 2.288802e+01 6.923341e+01 2.270881e-10 1.000982e-09 2.111547e-10 4.328236e-09 1.663748e-08
1.250000e+00 1.805000e-02  4.512500e-03  3.000000e+00 4.519332e-06 8.000000e-04 1.573412e+07 3.180203e+01 2.288802e+01 6.923341e+01 2.431482e-10 1.052197e-09 2.225576e-10 4.561970e-09 1.753595e-08
1.250000e+00 1.805000e-02  4.512500e-03  3.000000e+00 4.639755e-06 8.000000e-04 1.573412e+07 3.180203e+01 2.288802e+01 6.923341e+01 2.476185e-10 1.117841e-09 2.345762e-10 4.808327e-09 1.848293e-08
1.250000e+00 1.805000e-02  4.512500e-03  3.000000e+00 4.763386e-06 8.000000e-04 1.573412e+07 3.180203e+01 2.288802e+01 6.923341e+01 2.638067e-10 1.174803e-09 2.472439e-10 5.067988e-09 1.948105e-08
1.250000e+00 1.805000e-02  4.512500e-03  3.000000e+00 4.890312e-06 8.000000e-04 1.573412e+07 3.180203e+01 2.288802e+01 6.923341e+01 2.810166e-10 1.236266e-09 2.605956e-10 5.341671e-09 2.053307e-08
1.250000e+00 1.805000e-02  4.512500e-03  3.000000e+00 5.020620e-06 8.000000e-04 1.573412e+07 3.180203e+01 2.288802e+01 6.923341e+01 2.946322e-10 1.297011e-09 2.746684e-10 5.630134e-09 2.164190e-08
1.250000e+00 1.805000e-02  4.512500e-03  3.000000e+00 5.154400e-06 8.000000e-04 1.573412e+07 3.180203e+01 2.288802e+01 6.923341e+01 3.074356e-10 1.369821e-09 2.895011e-10 5.934174e-09 2.281062e-08
1.250000e+00 1.805000e-02  4.512500e-03  3.000000e+00 5.291745e-06 8.000000e-04 1.573412e+07 3.180203e+01 2.288802e+01 6.923341e+01 3.253661e-10 1.444269e-09 3.051348e-10 6.254633e-09 2.404244e-08
1.250000e+00 1.805000e-02  4.512500e-03  3.000000e+00 5.432750e-06 8.000000e-04 1.573412e+07 3.180203e+01 2.288802e+01 6.923341e+01 3.339521e-10 1.524701e-09 3.216128e-10 6.592398e-09 2.534079e-08
1.250000e+00 1.805000e-02  4.512500e-03  3.000000e+00 5.577512e-06 8.000000e-04 1.573412e+07 3.180203e+01 2.288802e+01 6.923341e+01 3.583677e-10 1.607720e-09 3.389807e-10 6.948402e-09 2.670925e-08
1.250000e+00 1.805000e-02  4.512500e-03  3.000000e+00 5.726131e-06 8.000000e-04 1.573412e+07 3.180203e+01 2.288802e+01 6.923341e+01 3.888465e-10 1.692381e-09 3.572864e-10 7.323632e-09 2.815161e-08
1.250000e+00 1.805000e-02  4.512500e-03  3.000000e+00 5.878710e-06 8.000000e-04 1.573412e+07 3.180203e+01 2.288802e+01 6.923341e+01 4.011590e-10 1.783088e-09 3.765807e-10 7.719125e-09 2.967187e-08
1.250000e+00 1.805000e-02  4.512500e-03  3.000000e+00 6.035355e-06 8.000000e-04 1.573412e+07 3.180203e+01 2.288802e+01 6.923341e+01 4.291914e-10 1.888049e-09 3.969169e-10 8.135976e-09 3.127421e-08
1.250000e+00 1.805000e-02  4.512500e-03  3.000000e+00 6.196174e-06 8.000000e-04 1.573412e+07 3.180203e+01 2.288802e+01 6.923341e+01 4.486840e-10 1.986852e-09 4.183513e-10 8.575337e-09 3.296309e-08
1.250000e+00 1.805000e-02  4.512500e-03  3.000000e+00 6.361278e-06 8.000000e-04 1.573412e+07 3.180203e+01 2.288802e+01 6.923341e+01 4.719044e-10 2.090101e-09 4.409433e-10 9.038425e-09 3.474318e-08
1.250000e+00 1.805000e-02  4.512500e-03  3.000000e+00 6.530782e-06 8.000000e-04 1.573412e+07 3.180203e+01 2.288802e+01 6.923341e+01 4.928384e-10 2.205268e-09 4.647552e-10 9.526521e-09 3.661939e-08
1.250000e+00 1.805000e-02  4.512500e-03  3.000000e+00 6.704802e-06 8.000000e-04 1.573412e+07 3.180203e+01 2.288802e+01 6.923341e+01 5.187023e-10 2.326327e-09 4.898531e-10 1.004098e-08 3.859692e-08
1.250000e+00 1.805000e-02  4.512500e-03  3.000000e+00 6.883459e-06 8.000000e-04 1.573412e+07 3.180203e+01 2.288802e+01 6.923341e+01 5.502531e-10 2.452571e-09 5.163063e-10 1.058321e-08 4.068124e-08
1.250000e+00 1.805000e-02  4.512500e-03  3.000000e+00 7.066877e-06 8.000000e-04 1.573412e+07 3.180203e+01 2.288802e+01 6.923341e+01 5.814464e-10 2.598405e-09 5.441880e-10 1.115473e-08 4.287813e-08
1.250000e+00 1.805000e-02  4.512500e-03  3.000000e+00 7.255182e-06 8.000000e-04 1.573412e+07 3.180203e+01 2.288802e+01 6.923341e+01 6.033939e-10 2.709148e-09 5.735754e-10 1.175711e-08 4.519364e-08
1.250000e+00 1.805000e-02  4.512500e-03  3.000000e+00 7.448504e-06 8.000000e-04 1.573412e+07 3.180203e+01 2.288802e+01 6.923341e+01 6.340204e-10 2.865654e-09 6.045498e-10 1.239202e-08 4.763420e-08
1.250000e+00 1.805000e-02  4.512500e-03  3.000000e+00 7.646978e-06 8.000000e-04 1.573412e+07 3.180203e+01 2.288802e+01 6.923341e+01 6.727301e-10 3.030051e-09 6.371969e-10 1.306122e-08 5.020656e-08
1.250000e+00 1.805000e-02  4.512500e-03  3.000000e+00 7.850741e-06 8.000000e-04 1.573412e+07 3.180203e+01 2.288802e+01 6.923341e+01 7.244733e-10 3.177230e-09 6.716070e-10 1.376656e-08 5.291783e-08
1.250000e+00 1.805000e-02  4.512500e-03  3.000000e+00 8.059933e-06 8.000000e-04 1.573412e+07 3.180203e+01 2.288802e+01 6.923341e+01 7.587477e-10 3.369849e-09 7.078754e-10 1.450998e-08 5.577552e-08
1.250000e+00 1.805000e-02  4.512500e-03  3.000000e+00 8.274699e-06 8.000000e-04 1.573412e+07 3.180203e+01 2.288802e+01 6.923341e+01 7.965091e-10 3.527090e-09 7.461023e-10 1.529355e-08 5.878752e-08
1.250000e+00 1.805000e-02  4.512500e-03  3.000000e+00 8.495188e-06 8.000000e-04 1.573412e+07 3.180203e+01 2.288802e+01 6.923341e+01 8.484015e-10 3.721809e-09 7.863935e-10 1.611944e-08 6.196219e-08
1.250000e+00 1.805000e-02  4.512500e-03  3.000000e+00 8.721552e-06 8.000000e-04 1.573412e+07 3.180203e+01 2.288802e+01 6.923341e+01 8.832349e-10 3.927290e-09 8.288606e-10 1.698993e-08 6.530829e-08
1.250000e+00 1.805000e-02  4.512500e-03  3.000000e+00 8.953948e-06 8.000000e-04 1.573412e+07 3.180203e+01 2.288802e+01 6.923341e+01 9.351319e-10 4.153056e-09 8.736210e-10 1.790742e-08 6.883509e-08
1.250000e+00 1.805000e-02  4.512500e-03  3.000000e+00 9.192536e-06 8.000000e-04 1.573412e+07 3.180203e+01 2.288802e+01 6.923341e+01 9.400763e-10 4.388887e-09 9.207985e-10 1.887447e-08 7.255234e-08
1.250000e+00 1.805000e-02  4.512500e-03  3.000000e+00 9.437481e-06 8.000000e-04 1.573412e+07 3.180203e+01 2.288802e+01 6.923341e+01 1.024384e-09 4.587092e-09 9.705238e-10 1.989373e-08 7.647033e-08
1.250000e+00 1.805000e-02  4.512500e-03  3.000000e+00 9.688954e-06 8.000000e-04 1.573412e+07 3.180203e+01 2.288802e+01 6.923341e+01 1.086451e-09 4.857479e-09 1.022934e-09 2.096804e-08 8.059991e-08
1.250000e+00 1.805000e-02  4.512500e-03  3.000000e+00 9.947127e-06 8.000000e-04 1.573412e+07 3.180203e+01 2.288802e+01 6.923341e+01 1.161233e-09 5.118260e-09 1.078175e-09 2.210036e-08 8.495249e-08
1.250000e+00 1.805000e-02  4.512500e-03  3.000000e+00 1.021218e-05 8.000000e-04 1.573412e+07 3.180203e+01 2.288802e+01 6.923341e+01 1.216565e-09 5.398221e-09 1.136399e-09 2.329383e-08 8.954012e-08
1.250000e+00 1.805000e-02  4.512500e-03  3.000000e+00 1.048430e-05 8.000000e-04 1.573412e+07 3.180203e+01 2.288802e+01 6.923341e+01 1.273805e-09 5.680014e-09 1.197767e-09 2.455175e-08 9.437549e-08
1.250000e+00 1.805000e-02  4.512500e-03  3.000000e+00 1.076366e-05 8.000000e-04 1.573412e+07 3.180203e+01 2.288802e+01 6.923341e+01 1.357153e-09 5.984391e-09 1.262449e-09 2.587760e-08 9.947199e-08
1.250000e+00 1.805000e-02  4.512500e-03  3.000000e+00 1.105047e-05 8.000000e-04 1.573412e+07 3.180203e+01 2.288802e+01 6.923341e+01 1.414062e-09 6.293027e-09 1.330625e-09 2.727505e-08 1.048437e-07
1.250000e+00 1.805000e-02  4.512500e-03  3.000000e+00 1.134492e-05 8.000000e-04 1.573412e+07 3.180203e+01 2.288802e+01 6.923341e+01 1.520135e-09 6.649294e-09 1.402481e-09 2.874797e-08 1.105055e-07
1.250000e+00 1.805000e-02  4.512500e-03  3.000000e+00 1.164722e-05 8.000000e-04 1.573412e+07 3.180203e+01 2.288802e+01 6.923341e+01 1.566017e-09 6.988441e-09 1.478219e-09 3.030043e-08 1.164731e-07
1.250000e+00 1.805000e-02  4.512500e-03  3.000000e+00 1.195758e-05 8.000000e-04 1.573412e+07 3.180203e+01 2.288802e+01 6.923341e+01 1.650574e-09 7.373957e-09 1.558046e-09 3.193672e-08 1.227629e-07
1.250000e+00 1.805000e-02  4.512500e-03  3.000000e+00 1.227620e-05 8.000000e-04 1.573412e+07 3.180203e+01 2.288802e+01 6.923341e+01 1.726468e-09 7.820394e-09 1.642184e-09 3.366138e-08 1.293924e-07
1.250000e+00 1.805000e-02  4.512500e-03  3.000000e+00 1.260331e-05 8.000000e-04 1.573412e+07 3.180203e+01 2.288802e+01 6.923341e+01 1.867566e-09 8.200120e-09 1.730866e-09 3.547917e-08 1.363798e-07
1.250000e+00 1.805000e-02  4.512500e-03  3.000000e+00 1.293914e-05 8.000000e-04 1.573412e+07 3.180203e+01 2.288802e+01 6.923341e+01 1.918530e-09 8.665307e-09 1.824336e-09 3.739512e-08 1.437447e-07
