6.000000e-02 1.000000e+00  2.500000e-01  3.000000e+00 2.000000e-06 8.000000e-04 8.667535e-15 3.180203e+01 2.288802e+01 6.923342e+01 1.201138e-05 4.619544e-05 5.109771e-05 1.667057e-04 4.571568e-04
6.000000e-02 1.000000e+00  2.500000e-01  3.000000e+00 2.053292e-06 8.000000e-04 8.667535e-15 3.180203e+01 2.288802e+01 6.923342e+01 1.266871e-05 4.902794e-05 5.385711e-05 1.757082e-04 4.818444e-04
6.000000e-02 1.000000e+00  2.500000e-01  3.000000e+00 2.108005e-06 8.000000e-04 8.667535e-15 3.180203e+01 2.288802e+01 6.923342e+01 1.333811e-05 5.146917e-05 5.676551e-05 1.851968e-04 5.078651e-04
6.000000e-02 1.000000e+00  2.500000e-01  3.000000e+00 2.164175e-06 8.000000e-04 8.667535e-15 3.180203e+01 2.288802e+01 6.923342e+01 1.409031e-05 5.399942e-05 5.983098e-05 1.951979e-04 5.352910e-04
6.000000e-02 1.000000e+00  2.500000e-01  3.000000e+00 2.221842e-06 8.000000e-04 8.667535e-15 3.180203e+01 2.288802e+01 6.923342e+01 1.476762e-05 5.705801e-05 6.306199e-05 2.057390e-04 5.641979e-04
6.000000e-02 1.000000e+00  2.500000e-01  3.000000e+00 2.281045e-06 8.000000e-04 8.667535e-15 3.180203e+01 2.288802e+01 6.923342e+01 1.556034e-05 6.015544e-05 6.646749e-05 2.168494e-04 5.946659e-04
6.000000e-02 1.000000e+00  2.500000e-01  3.000000e+00 2.341826e-06 8.000000e-04 8.667535e-15 3.180203e+01 2.288802e+01 6.923342e+01 1.636956e-05 6.342836e-05 7.005688e-05 2.285598e-04 6.267792e-04
6.000000e-02 1.000000e+00  2.500000e-01  3.000000e+00 2.404227e-06 8.000000e-04 8.667535e-15 3.180203e+01 2.288802e+01 6.923342e+01 1.731394e-05 6.713869e-05 7.384012e-05 2.409026e-04 6.606268e-04
6.000000e-02 1.000000e+00  2.500000e-01  3.000000e+00 2.468290e-06 8.000000e-04 8.667535e-15 3.180203e+01 2.288802e+01 6.923342e+01 1.831853e-05 7.048361e-05 7.782766e-05 2.539118e-04 6.963021e-04
6.000000e-02 1.000000e+00  2.500000e-01  3.000000e+00 2.534061e-06 8.000000e-04 8.667535e-15 3.180203e+01 2.288802e+01 6.923342e+01 1.929194e-05 7.448848e-05 8.203053e-05 2.676237e-04 7.339041e-04
6.000000e-02 1.000000e+00  2.500000e-01  3.000000e+00 2.601584e-06 8.000000e-04 8.667535e-15 3.180203e+01 2.288802e+01 6.923342e+01 2.034052e-05 7.852965e-05 8.646037e-05 2.820760e-04 7.735366e-04
6.000000e-02 1.000000e+00  2.500000e-01  3.000000e+00 2.670906e-06 8.000000e-04 8.667535e-15 3.180203e+01 2.288802e+01 6.923342e+01 2.134166e-05 8.257236e-05 9.112943e-05 2.973087e-04 8.153093e-04
6.000000e-02 1.000000e+00  2.500000e-01  3.000000e+00 2.742075e-06 8.000000e-04 8.667535e-15 3.180203e+01 2.288802e+01 6.923342e+01 2.263619e-05 8.710020e-05 9.605063e-05 3.133641e-04 8.593379e-04
6.000000e-02 1.000000e+00  2.500000e-01  3.000000e+00 2.815141e-06 8.000000e-04 8.667535e-15 3.180203e+01 2.288802e+01 6.923342e+01 2.367246e-05 9.158347e-05 1.012376e-04 3.302865e-04 9.057441e-04
6.000000e-02 1.000000e+00  2.500000e-01  3.000000e+00 2.890154e-06 8.000000e-04 8.667535e-15 3.180203e+01 2.288802e+01 6.923342e+01 2.513305e-05 9.689165e-05 1.067046e-04 3.481227e-04 9.546564e-04
6.000000e-02 1.000000e+00  2.500000e-01  3.000000e+00 2.967165e-06 8.000000e-04 8.667535e-15 3.180203e+01 2.288802e+01 6.923342e+01 2.633266e-05 1.021341e-04 1.124669e-04 3.669221e-04 1.006210e-03
6.000000e-02 1.000000e+00  2.500000e-01  3.000000e+00 3.046229e-06 8.000000e-04 8.667535e-15 3.180203e+01 2.288802e+01 6.923342e+01 2.785386e-05 1.074991e-04 1.185404e-04 3.867368e-04 1.060548e-03
6.000000e-02 1.000000e+00  2.500000e-01  3.000000e+00 3.127399e-06 8.000000e-04 8.667535e-15 3.180203e+01 2.288801e+01 6.923342e+01 2.925144e-05 1.134086e-04 1.249419e-04 4.076215e-04 1.117820e-03
6.000000e-02 1.000000e+00  2.500000e-01  3.000000e+00 3.210732e-06 8.000000e-04 8.667535e-15 3.180203e+01 2.288801e+01 6.923342e+01 3.103911e-05 1.186651e-04 1.316890e-04 4.296340e-04 1.178185e-03
6.000000e-02 1.000000e+00  2.500000e-01  3.000000e+00 3.296286e-06 8.000000e-04 8.667535e-15 3.180203e+01 2.288801e+01 6.923342e+01 3.279526e-05 1.257132e-04 1.388005e-04 4.528352e-04 1.241809e-03
6.000000e-02 1.000000e+00  2.500000e-01  3.000000e+00 3.384119e-06 8.000000e-04 8.667535e-15 3.180203e+01 2.288801e+01 6.923343e+01 3.424975e-05 1.328107e-04 1.462961e-04 4.772893e-04 1.308870e-03
6.000000e-02 1.000000e+00  2.500000e-01  3.000000e+00 3.474293e-06 8.000000e-04 8.667535e-15 3.180203e+01 2.288801e+01 6.923343e+01 3.624899e-05 1.394754e-04 1.541964e-04 5.030641e-04 1.379552e-03
6.000000e-02 1.000000e+00  2.500000e-01  3.000000e+00 3.566869e-06 8.000000e-04 8.667535e-15 3.180203e+01 2.288801e+01 6.923343e+01 3.825916e-05 1.477060e-04 1.625234e-04 5.302307e-04 1.454051e-03
6.000000e-02 1.000000e+00  2.500000e-01  3.000000e+00 3.661913e-06 8.000000e-04 8.667535e-15 3.180203e+01 2.288801e+01 6.923343e+01 4.025595e-05 1.550656e-04 1.713000e-04 5.588644e-04 1.532573e-03
6.000000e-02 1.000000e+00  2.500000e-01  3.000000e+00 3.759488e-06 8.000000e-04 8.667535e-15 3.180203e+01 2.288801e+01 6.923343e+01 4.236889e-05 1.636595e-04 1.805506e-04 5.890443e-04 1.615335e-03
6.000000e-02 1.000000e+00  2.500000e-01  3.000000e+00 3.859664e-06 8.000000e-04 8.667535e-15 3.180203e+01 2.288801e+01 6.923343e+01 4.468149e-05 1.727770e-04 1.903008e-04 6.208541e-04 1.702567e-03
6.000000e-02 1.000000e+00  2.500000e-01  3.000000e+00 3.962510e-06 8.000000e-04 8.667535e-15 3.180203e+01 2.288801e+01 6.923343e+01 4.715576e-05 1.819244e-04 2.005774e-04 6.543816e-04 1.794510e-03
6.000000e-02 1.000000e+00  2.500000e-01  3.000000e+00 4.068095e-06 8.000000e-04 8.667535e-15 3.180203e+01 2.288801e+01 6.923343e+01 4.958298e-05 1.922126e-04 2.114091e-04 6.897198e-04 1.891418e-03
6.000000e-02 1.000000e+00  2.500000e-01  3.000000e+00 4.176494e-06 8.000000e-04 8.667535e-15 3.180203e+01 2.288801e+01 6.923343e+01 5.234869e-05 2.014787e-04 2.228257e-04 7.269662e-04 1.993558e-03
6.000000e-02 1.000000e+00  2.500000e-01  3.000000e+00 4.287782e-06 8.000000e-04 8.667535e-15 3.180203e+01 2.288801e+01 6.923343e+01 5.524075e-05 2.132089e-04 2.348588e-04 7.662241e-04 2.101215e-03
6.000000e-02 1.000000e+00  2.500000e-01  3.000000e+00 4.402035e-06 8.000000e-04 8.667535e-15 3.180203e+01 2.288801e+01 6.923343e+01 5.780796e-05 2.244489e-04 2.475417e-04 8.076019e-04 2.214686e-03
6.000000e-02 1.000000e+00  2.500000e-01  3.000000e+00 4.519332e-06 8.000000e-04 8.667535e-15 3.180203e+01 2.288801e+01 6.923344e+01 6.105343e-05 2.376253e-04 2.609095e-04 8.512143e-04 2.334284e-03
6.000000e-02 1.000000e+00  2.500000e-01  3.000000e+00 4.639755e-06 8.000000e-04 8.667535e-15 3.180203e+01 2.288801e+01 6.923344e+01 6.479364e-05 2.489453e-04 2.749992e-04 8.971819e-04 2.460341e-03
6.000000e-02 1.000000e+00  2.500000e-01  3.000000e+00 4.763386e-06 8.000000e-04 8.667535e-15 3.180203e+01 2.288801e+01 6.923344e+01 6.785981e-05 2.631907e-04 2.898498e-04 9.456317e-04 2.593205e-03
6.000000e-02 1.000000e+00  2.500000e-01  3.000000e+00 4.890312e-06 8.000000e-04 8.667535e-15 3.180203e+01 2.288801e+01 6.923344e+01 7.165334e-05 2.768197e-04 3.055024e-04 9.966980e-04 2.733244e-03
6.000000e-02 1.000000e+00  2.500000e-01  3.000000e+00 5.020620e-06 8.000000e-04 8.667535e-15 3.180203e+01 2.288801e+01 6.923344e+01 7.549905e-05 2.917766e-04 3.220002e-04 1.050522e-03 2.880845e-03
6.000000e-02 1.000000e+00  2.500000e-01  3.000000e+00 5.154400e-06 8.000000e-04 8.667535e-15 3.180203e+01 2.288801e+01 6.923344e+01 8.007704e-05 3.061850e-04 3.393890e-04 1.107253e-03 3.036418e-03
6.000000e-02 1.000000e+00  2.500000e-01  3.000000e+00 5.291745e-06 8.000000e-04 8.667535e-15 3.180203e+01 2.288801e+01 6.923345e+01 8.412648e-05 3.245861e-04 3.577168e-04 1.167047e-03 3.200391e-03
6.000000e-02 1.000000e+00  2.500000e-01  3.000000e+00 5.432750e-06 8.000000e-04 8.667535e-15 3.180203e+01 2.288800e+01 6.923345e+01 8.816231e-05 3.417166e-04 3.770343e-04 1.230070e-03 3.373220e-03
6.000000e-02 1.000000e+00  2.500000e-01  3.000000e+00 5.577512e-06 8.000000e-04 8.667535e-15 3.180203e+01 2.288800e+01 6.923345e+01 9.311456e-05 3.602021e-04 3.973950e-04 1.296497e-03 3.555381e-03
6.000000e-02 1.000000e+00  2.500000e-01  3.000000e+00 5.726131e-06 8.000000e-04 8.667535e-15 3.180203e+01 2.288800e+01 6.923345e+01 9.827124e-05 3.800420e-04 4.188553e-04 1.366511e-03 3.747380e-03
6.000000e-02 1.000000e+00  2.500000e-01  3.000000e+00 5.878710e-06 8.000000e-04 8.667535e-15 3.180203e+01 2.288800e+01 6.923345e+01 1.034960e-04 4.018787e-04 4.414744e-04 1.440305e-03 3.949747e-03
6.000000e-02 1.000000e+00  2.500000e-01  3.000000e+00 6.035355e-06 8.000000e-04 8.667535e-15 3.180203e+01 2.288800e+01 6.923346e+01 1.091602e-04 4.223778e-04 4.653150e-04 1.518085e-03 4.163043e-03
6.000000e-02 1.000000e+00  2.500000e-01  3.000000e+00 6.196174e-06 8.000000e-04 8.667535e-15 3.180203e+01 2.288800e+01 6.923346e+01 1.147577e-04 4.451275e-04 4.904431e-04 1.600065e-03 4.387857e-03
6.000000e-02 1.000000e+00  2.500000e-01  3.000000e+00 6.361278e-06 8.000000e-04 8.667535e-15 3.180203e+01 2.288800e+01 6.923346e+01 1.214450e-04 4.686417e-04 5.169282e-04 1.686472e-03 4.624811e-03
6.000000e-02 1.000000e+00  2.500000e-01  3.000000e+00 6.530782e-06 8.000000e-04 8.667535e-15 3.180203e+01 2.288800e+01 6.923346e+01 1.286027e-04 4.945106e-04 5.448435e-04 1.777546e-03 4.874562e-03
6.000000e-02 1.000000e+00  2.500000e-01  3.000000e+00 6.704802e-06 8.000000e-04 8.667535e-15 3.180203e+01 2.288800e+01 6.923347e+01 1.340802e-04 5.197608e-04 5.742663e-04 1.873537e-03 5.137799e-03
6.000000e-02 1.000000e+00  2.500000e-01  3.000000e+00 6.883459e-06 8.000000e-04 8.667535e-15 3.180203e+01 2.288800e+01 6.923347e+01 1.415430e-04 5.478637e-04 6.052780e-04 1.974713e-03 5.415252e-03
6.000000e-02 1.000000e+00  2.500000e-01  3.000000e+00 7.066877e-06 8.000000e-04 8.667535e-15 3.180203e+01 2.288800e+01 6.923347e+01 1.494779e-04 5.804826e-04 6.379644e-04 2.081352e-03 5.707688e-03
6.000000e-02 1.000000e+00  2.500000e-01  3.000000e+00 7.255182e-06 8.000000e-04 8.667535e-15 3.180203e+01 2.288799e+01 6.923348e+01 1.577837e-04 6.108480e-04 6.724160e-04 2.193750e-03 6.015917e-03
6.000000e-02 1.000000e+00  2.500000e-01  3.000000e+00 7.448504e-06 8.000000e-04 8.667535e-15 3.180203e+01 2.288799e+01 6.923348e+01 1.671616e-04 6.420119e-04 7.087280e-04 2.312217e-03 6.340790e-03
6.000000e-02 1.000000e+00  2.500000e-01  3.000000e+00 7.646978e-06 8.000000e-04 8.667535e-15 3.180203e+01 2.288799e+01 6.923348e+01 1.749496e-04 6.775458e-04 7.470010e-04 2.437082e-03 6.683207e-03
6.000000e-02 1.000000e+00  2.500000e-01  3.000000e+00 7.850741e-06 8.000000e-04 8.667535e-15 3.180203e+01 2.288799e+01 6.923349e+01 1.840422e-04 7.133415e-04 7.873407e-04 2.568690e-03 7.044116e-03
6.000000e-02 1.000000e+00  2.500000e-01  3.000000e+00 8.059933e-06 8.000000e-04 8.667535e-15 3.180203e+01 2.288799e+01 6.923349e+01 1.950608e-04 7.522126e-04 8.298590e-04 2.707406e-03 7.424515e-03
6.000000e-02 1.000000e+00  2.500000e-01  3.000000e+00 8.274699e-06 8.000000e-04 8.667535e-15 3.180203e+01 2.288799e+01 6.923349e+01 2.047281e-04 7.933575e-04 8.746733e-04 2.853612e-03 7.825455e-03
6.000000e-02 1.000000e+00  2.500000e-01  3.000000e+00 8.495188e-06 8.000000e-04 8.667535e-15 3.180203e+01 2.288798e+01 6.923350e+01 2.156443e-04 8.349997e-04 9.219076e-04 3.007713e-03 8.248048e-03
6.000000e-02 1.000000e+00  2.500000e-01  3.000000e+00 8.721552e-06 8.000000e-04 8.667535e-15 3.180203e+01 2.288798e+01 6.923350e+01 2.277202e-04 8.809964e-04 9.716928e-04 3.170137e-03 8.693462e-03
6.000000e-02 1.000000e+00  2.500000e-01  3.000000e+00 8.953948e-06 8.000000e-04 8.667535e-15 3.180203e+01 2.288798e+01 6.923351e+01 2.390010e-04 9.294701e-04 1.024166e-03 3.341331e-03 9.162929e-03
6.000000e-02 1.000000e+00  2.500000e-01  3.000000e+00 9.192536e-06 8.000000e-04 8.667535e-15 3.180203e+01 2.288798e+01 6.923351e+01 2.542663e-04 9.793489e-04 1.079474e-03 3.521771e-03 9.657748e-03
6.000000e-02 1.000000e+00  2.500000e-01  3.000000e+00 9.437481e-06 8.000000e-04 8.667535e-15 3.180203e+01 2.288798e+01 6.923352e+01 2.666279e-04 1.026940e-03 1.137768e-03 3.711955e-03 1.017929e-02
6.000000e-02 1.000000e+00  2.500000e-01  3.000000e+00 9.688954e-06 8.000000e-04 8.667535e-15 3.180203e+01 2.288797e+01 6.923353e+01 2.800932e-04 1.086859e-03 1.199210e-03 3.912409e-03 1.072899e-02
6.000000e-02 1.000000e+00  2.500000e-01  3.000000e+00 9.947127e-06 8.000000e-04 8.667535e-15 3.180203e+01 2.288797e+01 6.923353e+01 2.978611e-04 1.144572e-03 1.263970e-03 4.123688e-03 1.130838e-02
6.000000e-02 1.000000e+00  2.500000e-01  3.000000e+00 1.021218e-05 8.000000e-04 8.667535e-15 3.180203e+01 2.288796e+01 6.923354e+01 3.138186e-04 1.214568e-03 1.332227e-03 4.346377e-03 1.191906e-02
6.000000e-02 1.000000e+00  2.500000e-01  3.000000e+00 1.048430e-05 8.000000e-04 8.667535e-15 3.180204e+01 2.288796e+01 6.923355e+01 3.310392e-04 1.271481e-03 1.404171e-03 4.581091e-03 1.256272e-02
6.000000e-02 1.000000e+00  2.500000e-01  3.000000e+00 1.076366e-05 8.000000e-04 8.667535e-15 3.180204e+01 2.288796e+01 6.923355e+01 3.485548e-04 1.341150e-03 1.479999e-03 4.828481e-03 1.324114e-02
6.000000e-02 1.000000e+00  2.500000e-01  3.000000e+00 1.105047e-05 8.000000e-04 8.667535e-15 3.180204e+01 2.288796e+01 6.923356e+01 3.660232e-04 1.415850e-03 1.559923e-03 5.089230e-03 1.395619e-02
6.000000e-02 1.000000e+00  2.500000e-01  3.000000e+00 1.134492e-05 8.000000e-04 8.667535e-15 3.180204e+01 2.288795e+01 6.923357e+01 3.861431e-04 1.488778e-03 1.644162e-03 5.364060e-03 1.470985e-02
6.000000e-02 1.000000e+00  2.500000e-01  3.000000e+00 1.164722e-05 8.000000e-04 8.667535e-15 3.180204e+01 2.288795e+01 6.923358e+01 4.072738e-04 1.568958e-03 1.732951e-03 5.653732e-03 1.550422e-02
6.000000e-02 1.000000e+00  2.500000e-01  3.000000e+00 1.195758e-05 8.000000e-04 8.667535e-15 3.180204e+01 2.288794e+01 6.923358e+01 4.264064e-04 1.657064e-03 1.826534e-03 5.959046e-03 1.634148e-02
6.000000e-02 1.000000e+00  2.500000e-01  3.000000e+00 1.227620e-05 8.000000e-04 8.667535e-15 3.180204e+01 2.288794e+01 6.923359e+01 4.539254e-04 1.747503e-03 1.925171e-03 6.280848e-03 1.722396e-02
6.000000e-02 1.000000e+00  2.500000e-01  3.000000e+00 1.260331e-05 8.000000e-04 8.667535e-15 3.180204e+01 2.288794e+01 6.923361e+01 4.771814e-04 1.842243e-03 2.029135e-03 6.620029e-03 1.815410e-02
6.000000e-02 1.000000e+00  2.500000e-01  3.000000e+00 1.293914e-05 8.000000e-04 8.667535e-15 3.180204e+01 2.288793e+01 6.923362e+01 4.997459e-04 1.938573e-03 2.138713e-03 6.977526e-03 1.913446e-02
6.000000e-02 1.000000e+00  2.500000e-01  3.000000e+00 1.328392e-05 8.000000e-04 8.667535e-15 3.180204e+01 2.288793e+01 6.923363e+01 5.304694e-04 2.042124e-03 2.254208e-03 7.354328e-03 2.016776e-02
6.000000e-02 1.000000e+00  2.500000e-01  3.000000e+00 1.363789e-05 8.000000e-04 8.667535e-15 3.180204e+01 2.288793e+01 6.923364e+01 5.594971e-04 2.157091e-03 2.375940e-03 7.751479e-03 2.125687e-02
6.000000e-02 1.000000e+00  2.500000e-01  3.000000e+00 1.400128e-05 8.000000e-04 8.667535e-15 3.180204e+01 2.288791e+01 6.923365e+01 5.860419e-04 2.276216e-03 2.504247e-03 8.170077e-03 2.240479e-02
6.000000e-02 1.000000e+00  2.500000e-01  3.000000e+00 1.437436e-05 8.000000e-04 8.667535e-15 3.180204e+01 2.288792e+01 6.923366e+01 6.218472e-04 2.394985e-03 2.639482e-03 8.611280e-03 2.361470e-02
6.000000e-02 1.000000e+00  2.500000e-01  3.000000e+00 1.475738e-05 8.000000e-04 8.667535e-15 3.180204e+01 2.288791e+01 6.923367e+01 6.504825e-04 2.528793e-03 2.782020e-03 9.076309e-03 2.488995e-02
