5.000000e-01 1.194000e-01  2.985000e-02  3.000000e+00 2.000000e-06 8.000000e-04 3.064111e+01 3.180202e+01 2.288691e+01 6.923273e+01 9.814186e-05 4.051708e-03 2.989758e-04 1.135290e-03 1.828761e-02
5.000000e-01 1.194000e-01  2.985000e-02  3.000000e+00 2.053292e-06 8.000000e-04 3.064111e+01 3.180202e+01 2.288686e+01 6.923269e+01 1.033250e-04 4.263155e-03 3.151212e-04 1.196598e-03 1.927518e-02
5.000000e-01 1.194000e-01  2.985000e-02  3.000000e+00 2.108005e-06 8.000000e-04 3.064111e+01 3.180202e+01 2.288678e+01 6.923265e+01 1.090059e-04 4.489513e-03 3.321385e-04 1.261217e-03 2.031608e-02
5.000000e-01 1.194000e-01  2.985000e-02  3.000000e+00 2.164175e-06 8.000000e-04 3.064111e+01 3.180202e+01 2.288670e+01 6.923260e+01 1.149735e-04 4.759995e-03 3.500747e-04 1.329326e-03 2.141320e-02
5.000000e-01 1.194000e-01  2.985000e-02  3.000000e+00 2.221842e-06 8.000000e-04 3.064111e+01 3.180202e+01 2.288664e+01 6.923256e+01 1.207805e-04 4.987494e-03 3.689796e-04 1.401112e-03 2.256956e-02
5.000000e-01 1.194000e-01  2.985000e-02  3.000000e+00 2.281045e-06 8.000000e-04 3.064111e+01 3.180202e+01 2.288658e+01 6.923252e+01 1.278335e-04 5.255356e-03 3.889053e-04 1.476776e-03 2.378837e-02
5.000000e-01 1.194000e-01  2.985000e-02  3.000000e+00 2.341826e-06 8.000000e-04 3.064111e+01 3.180202e+01 2.288649e+01 6.923248e+01 1.349548e-04 5.544467e-03 4.099071e-04 1.556525e-03 2.507300e-02
5.000000e-01 1.194000e-01  2.985000e-02  3.000000e+00 2.404227e-06 8.000000e-04 3.064111e+01 3.180202e+01 2.288641e+01 6.923243e+01 1.410874e-04 5.852410e-03 4.320431e-04 1.640581e-03 2.642700e-02
5.000000e-01 1.194000e-01  2.985000e-02  3.000000e+00 2.468290e-06 8.000000e-04 3.064111e+01 3.180202e+01 2.288632e+01 6.923238e+01 1.496010e-04 6.176949e-03 4.553744e-04 1.729176e-03 2.785412e-02
5.000000e-01 1.194000e-01  2.985000e-02  3.000000e+00 2.534061e-06 8.000000e-04 3.064111e+01 3.180202e+01 2.288622e+01 6.923230e+01 1.570328e-04 6.526650e-03 4.799657e-04 1.822556e-03 2.935830e-02
5.000000e-01 1.194000e-01  2.985000e-02  3.000000e+00 2.601584e-06 8.000000e-04 3.064111e+01 3.180202e+01 2.288614e+01 6.923225e+01 1.666745e-04 6.846684e-03 5.058849e-04 1.920978e-03 3.094372e-02
5.000000e-01 1.194000e-01  2.985000e-02  3.000000e+00 2.670906e-06 8.000000e-04 3.064111e+01 3.180201e+01 2.288603e+01 6.923219e+01 1.758816e-04 7.203614e-03 5.332039e-04 2.024715e-03 3.261475e-02
5.000000e-01 1.194000e-01  2.985000e-02  3.000000e+00 2.742075e-06 8.000000e-04 3.064111e+01 3.180201e+01 2.288591e+01 6.923209e+01 1.862208e-04 7.639662e-03 5.619981e-04 2.134054e-03 3.437602e-02
5.000000e-01 1.194000e-01  2.985000e-02  3.000000e+00 2.815141e-06 8.000000e-04 3.064111e+01 3.180201e+01 2.288579e+01 6.923202e+01 1.941914e-04 8.068747e-03 5.923473e-04 2.249298e-03 3.623241e-02
5.000000e-01 1.194000e-01  2.985000e-02  3.000000e+00 2.890154e-06 8.000000e-04 3.064111e+01 3.180201e+01 2.288569e+01 6.923197e+01 2.046760e-04 8.493031e-03 6.243354e-04 2.370765e-03 3.818904e-02
5.000000e-01 1.194000e-01  2.985000e-02  3.000000e+00 2.967165e-06 8.000000e-04 3.064111e+01 3.180201e+01 2.288556e+01 6.923189e+01 2.157680e-04 8.946435e-03 6.580510e-04 2.498792e-03 4.025134e-02
5.000000e-01 1.194000e-01  2.985000e-02  3.000000e+00 3.046229e-06 8.000000e-04 3.064111e+01 3.180201e+01 2.288542e+01 6.923182e+01 2.279289e-04 9.400020e-03 6.935873e-04 2.633733e-03 4.242500e-02
5.000000e-01 1.194000e-01  2.985000e-02  3.000000e+00 3.127399e-06 8.000000e-04 3.064111e+01 3.180201e+01 2.288526e+01 6.923171e+01 2.417089e-04 9.900734e-03 7.310426e-04 2.775960e-03 4.471605e-02
5.000000e-01 1.194000e-01  2.985000e-02  3.000000e+00 3.210732e-06 8.000000e-04 3.064111e+01 3.180201e+01 2.288516e+01 6.923167e+01 2.525429e-04 1.041771e-02 7.705206e-04 2.925869e-03 4.713082e-02
5.000000e-01 1.194000e-01  2.985000e-02  3.000000e+00 3.296286e-06 8.000000e-04 3.064111e+01 3.180201e+01 2.288498e+01 6.923153e+01 2.652215e-04 1.103638e-02 8.121305e-04 3.083872e-03 4.967600e-02
5.000000e-01 1.194000e-01  2.985000e-02  3.000000e+00 3.384119e-06 8.000000e-04 3.064111e+01 3.180200e+01 2.288485e+01 6.923147e+01 2.825661e-04 1.156830e-02 8.559874e-04 3.250409e-03 5.235862e-02
5.000000e-01 1.194000e-01  2.985000e-02  3.000000e+00 3.474293e-06 8.000000e-04 3.064111e+01 3.180200e+01 2.288467e+01 6.923135e+01 2.987850e-04 1.219551e-02 9.022127e-04 3.425938e-03 5.518610e-02
5.000000e-01 1.194000e-01  2.985000e-02  3.000000e+00 3.566869e-06 8.000000e-04 3.064111e+01 3.180200e+01 2.288446e+01 6.923122e+01 3.135160e-04 1.290289e-02 9.509342e-04 3.610947e-03 5.816628e-02
5.000000e-01 1.194000e-01  2.985000e-02  3.000000e+00 3.661913e-06 8.000000e-04 3.064111e+01 3.180200e+01 2.288427e+01 6.923112e+01 3.274844e-04 1.354851e-02 1.002287e-03 3.805946e-03 6.130739e-02
5.000000e-01 1.194000e-01  2.985000e-02  3.000000e+00 3.759488e-06 8.000000e-04 3.064111e+01 3.180200e+01 2.288408e+01 6.923098e+01 3.450685e-04 1.423422e-02 1.056413e-03 4.011476e-03 6.461813e-02
5.000000e-01 1.194000e-01  2.985000e-02  3.000000e+00 3.859664e-06 8.000000e-04 3.064111e+01 3.180200e+01 2.288387e+01 6.923088e+01 3.651185e-04 1.506614e-02 1.113461e-03 4.228105e-03 6.810766e-02
5.000000e-01 1.194000e-01  2.985000e-02  3.000000e+00 3.962510e-06 8.000000e-04 3.064111e+01 3.180199e+01 2.288365e+01 6.923073e+01 3.862782e-04 1.588855e-02 1.173591e-03 4.456433e-03 7.178563e-02
5.000000e-01 1.194000e-01  2.985000e-02  3.000000e+00 4.068095e-06 8.000000e-04 3.064111e+01 3.180199e+01 2.288341e+01 6.923056e+01 4.046030e-04 1.672677e-02 1.236968e-03 4.697090e-03 7.566222e-02
5.000000e-01 1.194000e-01  2.985000e-02  3.000000e+00 4.176494e-06 8.000000e-04 3.064111e+01 3.180199e+01 2.288315e+01 6.923041e+01 4.287950e-04 1.772702e-02 1.303767e-03 4.950744e-03 7.974816e-02
5.000000e-01 1.194000e-01  2.985000e-02  3.000000e+00 4.287782e-06 8.000000e-04 3.064111e+01 3.180199e+01 2.288292e+01 6.923027e+01 4.515551e-04 1.855728e-02 1.374173e-03 5.218096e-03 8.405474e-02
5.000000e-01 1.194000e-01  2.985000e-02  3.000000e+00 4.402035e-06 8.000000e-04 3.064111e+01 3.180199e+01 2.288261e+01 6.923009e+01 4.784291e-04 1.965737e-02 1.448382e-03 5.499885e-03 8.859389e-02
5.000000e-01 1.194000e-01  2.985000e-02  3.000000e+00 4.519332e-06 8.000000e-04 3.064111e+01 3.180198e+01 2.288229e+01 6.922988e+01 5.002122e-04 2.064260e-02 1.526598e-03 5.796891e-03 9.337817e-02
5.000000e-01 1.194000e-01  2.985000e-02  3.000000e+00 4.639755e-06 8.000000e-04 3.064111e+01 3.180198e+01 2.288197e+01 6.922966e+01 5.284164e-04 2.184189e-02 1.609037e-03 6.109937e-03 9.842080e-02
5.000000e-01 1.194000e-01  2.985000e-02  3.000000e+00 4.763386e-06 8.000000e-04 3.064111e+01 3.180198e+01 2.288170e+01 6.922950e+01 5.553521e-04 2.296623e-02 1.695929e-03 6.439888e-03 1.037358e-01
5.000000e-01 1.194000e-01  2.985000e-02  3.000000e+00 4.890312e-06 8.000000e-04 3.064111e+01 3.180198e+01 2.288135e+01 6.922926e+01 5.854328e-04 2.419929e-02 1.787513e-03 6.787656e-03 1.093377e-01
5.000000e-01 1.194000e-01  2.985000e-02  3.000000e+00 5.020620e-06 8.000000e-04 3.064111e+01 3.180197e+01 2.288097e+01 6.922903e+01 6.216221e-04 2.551168e-02 1.884043e-03 7.154206e-03 1.152422e-01
5.000000e-01 1.194000e-01  2.985000e-02  3.000000e+00 5.154400e-06 8.000000e-04 3.064111e+01 3.180197e+01 2.288058e+01 6.922881e+01 6.553630e-04 2.699353e-02 1.985786e-03 7.540549e-03 1.214656e-01
5.000000e-01 1.194000e-01  2.985000e-02  3.000000e+00 5.291745e-06 8.000000e-04 3.064111e+01 3.180197e+01 2.288023e+01 6.922862e+01 6.909065e-04 2.837554e-02 2.093023e-03 7.947756e-03 1.280250e-01
5.000000e-01 1.194000e-01  2.985000e-02  3.000000e+00 5.432750e-06 8.000000e-04 3.064111e+01 3.180196e+01 2.287984e+01 6.922841e+01 7.214993e-04 2.982114e-02 2.206051e-03 8.376953e-03 1.349386e-01
5.000000e-01 1.194000e-01  2.985000e-02  3.000000e+00 5.577512e-06 8.000000e-04 3.064111e+01 3.180196e+01 2.287934e+01 6.922806e+01 7.651731e-04 3.143562e-02 2.325183e-03 8.829328e-03 1.422256e-01
5.000000e-01 1.194000e-01  2.985000e-02  3.000000e+00 5.726131e-06 8.000000e-04 3.064111e+01 3.180196e+01 2.287889e+01 6.922774e+01 8.032368e-04 3.313850e-02 2.450748e-03 9.306132e-03 1.499061e-01
5.000000e-01 1.194000e-01  2.985000e-02  3.000000e+00 5.878710e-06 8.000000e-04 3.064111e+01 3.180195e+01 2.287837e+01 6.922747e+01 8.508723e-04 3.493071e-02 2.583094e-03 9.808685e-03 1.580014e-01
5.000000e-01 1.194000e-01  2.985000e-02  3.000000e+00 6.035355e-06 8.000000e-04 3.064111e+01 3.180195e+01 2.287798e+01 6.922720e+01 8.921223e-04 3.662906e-02 2.722587e-03 1.033838e-02 1.665339e-01
5.000000e-01 1.194000e-01  2.985000e-02  3.000000e+00 6.196174e-06 8.000000e-04 3.064111e+01 3.180194e+01 2.287737e+01 6.922690e+01 9.417267e-04 3.885415e-02 2.869613e-03 1.089667e-02 1.755271e-01
5.000000e-01 1.194000e-01  2.985000e-02  3.000000e+00 6.361278e-06 8.000000e-04 3.064111e+01 3.180194e+01 2.287667e+01 6.922645e+01 9.912950e-04 4.106949e-02 3.024579e-03 1.148512e-02 1.850059e-01
5.000000e-01 1.194000e-01  2.985000e-02  3.000000e+00 6.530782e-06 8.000000e-04 3.064111e+01 3.180193e+01 2.287612e+01 6.922606e+01 1.043331e-03 4.311461e-02 3.187913e-03 1.210534e-02 1.949967e-01
5.000000e-01 1.194000e-01  2.985000e-02  3.000000e+00 6.704802e-06 8.000000e-04 3.064111e+01 3.180193e+01 2.287546e+01 6.922564e+01 1.098539e-03 4.525143e-02 3.360067e-03 1.275906e-02 2.055270e-01
5.000000e-01 1.194000e-01  2.985000e-02  3.000000e+00 6.883459e-06 8.000000e-04 3.064111e+01 3.180192e+01 2.287478e+01 6.922526e+01 1.164170e-03 4.812192e-02 3.541519e-03 1.344808e-02 2.166259e-01
5.000000e-01 1.194000e-01  2.985000e-02  3.000000e+00 7.066877e-06 8.000000e-04 3.064111e+01 3.180192e+01 2.287415e+01 6.922494e+01 1.223429e-03 5.043820e-02 3.732769e-03 1.417430e-02 2.283242e-01
5.000000e-01 1.194000e-01  2.985000e-02  3.000000e+00 7.255182e-06 8.000000e-04 3.064111e+01 3.180191e+01 2.287331e+01 6.922437e+01 1.289979e-03 5.327405e-02 3.934347e-03 1.493975e-02 2.406542e-01
5.000000e-01 1.194000e-01  2.985000e-02  3.000000e+00 7.448504e-06 8.000000e-04 3.064111e+01 3.180190e+01 2.287253e+01 6.922380e+01 1.361040e-03 5.609396e-02 4.146811e-03 1.574653e-02 2.536501e-01
5.000000e-01 1.194000e-01  2.985000e-02  3.000000e+00 7.646978e-06 8.000000e-04 3.064111e+01 3.180190e+01 2.287170e+01 6.922338e+01 1.430750e-03 5.912992e-02 4.370748e-03 1.659688e-02 2.673478e-01
5.000000e-01 1.194000e-01  2.985000e-02  3.000000e+00 7.850741e-06 8.000000e-04 3.064111e+01 3.180189e+01 2.287083e+01 6.922278e+01 1.513796e-03 6.257860e-02 4.606779e-03 1.749315e-02 2.817852e-01
5.000000e-01 1.194000e-01  2.985000e-02  3.000000e+00 8.059933e-06 8.000000e-04 3.064111e+01 3.180188e+01 2.286980e+01 6.922225e+01 1.595364e-03 6.590792e-02 4.855556e-03 1.843782e-02 2.970022e-01
5.000000e-01 1.194000e-01  2.985000e-02  3.000000e+00 8.274699e-06 8.000000e-04 3.064111e+01 3.180187e+01 2.286896e+01 6.922184e+01 1.677925e-03 6.914835e-02 5.117767e-03 1.943350e-02 3.130411e-01
5.000000e-01 1.194000e-01  2.985000e-02  3.000000e+00 8.495188e-06 8.000000e-04 3.064111e+01 3.180186e+01 2.286788e+01 6.922101e+01 1.764479e-03 7.287003e-02 5.394138e-03 2.048296e-02 3.299460e-01
5.000000e-01 1.194000e-01  2.985000e-02  3.000000e+00 8.721552e-06 8.000000e-04 3.064111e+01 3.180185e+01 2.286680e+01 6.922036e+01 1.865427e-03 7.692867e-02 5.685434e-03 2.158909e-02 3.477638e-01
5.000000e-01 1.194000e-01  2.985000e-02  3.000000e+00 8.953948e-06 8.000000e-04 3.064111e+01 3.180184e+01 2.286567e+01 6.921965e+01 1.966032e-03 8.141009e-02 5.992461e-03 2.275495e-02 3.665439e-01
5.000000e-01 1.194000e-01  2.985000e-02  3.000000e+00 9.192536e-06 8.000000e-04 3.064111e+01 3.180184e+01 2.286450e+01 6.921905e+01 2.069540e-03 8.574641e-02 6.316067e-03 2.398377e-02 3.863381e-01
5.000000e-01 1.194000e-01  2.985000e-02  3.000000e+00 9.437481e-06 8.000000e-04 3.064111e+01 3.180182e+01 2.286317e+01 6.921823e+01 2.193722e-03 9.018303e-02 6.657150e-03 2.527894e-02 4.072013e-01
5.000000e-01 1.194000e-01  2.985000e-02  3.000000e+00 9.688954e-06 8.000000e-04 3.064111e+01 3.180181e+01 2.286163e+01 6.921723e+01 2.302670e-03 9.492217e-02 7.016651e-03 2.664407e-02 4.291911e-01
5.000000e-01 1.194000e-01  2.985000e-02  3.000000e+00 9.947127e-06 8.000000e-04 3.064111e+01 3.180180e+01 2.286044e+01 6.921655e+01 2.423428e-03 1.001236e-01 7.395567e-03 2.808291e-02 4.523684e-01
5.000000e-01 1.194000e-01  2.985000e-02  3.000000e+00 1.021218e-05 8.000000e-04 3.064111e+01 3.180179e+01 2.285881e+01 6.921534e+01 2.556632e-03 1.056016e-01 7.794944e-03 2.959945e-02 4.767973e-01
5.000000e-01 1.194000e-01  2.985000e-02  3.000000e+00 1.048430e-05 8.000000e-04 3.064111e+01 3.180178e+01 2.285729e+01 6.921447e+01 2.705872e-03 1.111648e-01 8.215889e-03 3.119789e-02 5.025455e-01
5.000000e-01 1.194000e-01  2.985000e-02  3.000000e+00 1.076366e-05 8.000000e-04 3.064111e+01 3.180176e+01 2.285562e+01 6.921330e+01 2.842426e-03 1.172731e-01 8.659566e-03 3.288265e-02 5.296841e-01
5.000000e-01 1.194000e-01  2.985000e-02  3.000000e+00 1.105047e-05 8.000000e-04 3.064111e+01 3.180175e+01 2.285400e+01 6.921242e+01 3.004532e-03 1.236806e-01 9.127203e-03 3.465838e-02 5.582883e-01
5.000000e-01 1.194000e-01  2.985000e-02  3.000000e+00 1.134492e-05 8.000000e-04 3.064111e+01 3.180173e+01 2.285200e+01 6.921138e+01 3.147199e-03 1.304290e-01 9.620093e-03 3.653002e-02 5.884371e-01
5.000000e-01 1.194000e-01  2.985000e-02  3.000000e+00 1.164722e-05 8.000000e-04 3.064111e+01 3.180171e+01 2.285007e+01 6.921010e+01 3.333944e-03 1.379363e-01 1.013960e-02 3.850272e-02 6.202141e-01
5.000000e-01 1.194000e-01  2.985000e-02  3.000000e+00 1.195758e-05 8.000000e-04 3.064111e+01 3.180170e+01 2.284831e+01 6.920870e+01 3.543840e-03 1.446629e-01 1.068716e-02 4.058196e-02 6.537071e-01
5.000000e-01 1.194000e-01  2.985000e-02  3.000000e+00 1.227620e-05 8.000000e-04 3.064111e+01 3.180168e+01 2.284576e+01 6.920706e+01 3.708775e-03 1.529312e-01 1.126429e-02 4.277348e-02 6.890088e-01
5.000000e-01 1.194000e-01  2.985000e-02  3.000000e+00 1.260331e-05 8.000000e-04 3.064111e+01 3.180166e+01 2.284378e+01 6.920606e+01 3.901209e-03 1.599650e-01 1.187259e-02 4.508334e-02 7.262168e-01
5.000000e-01 1.194000e-01  2.985000e-02  3.000000e+00 1.293914e-05 8.000000e-04 3.064111e+01 3.180164e+01 2.284100e+01 6.920422e+01 4.104898e-03 1.704327e-01 1.251374e-02 4.751795e-02 7.654342e-01
5.000000e-01 1.194000e-01  2.985000e-02  3.000000e+00 1.328392e-05 8.000000e-04 3.064111e+01 3.180162e+01 2.283850e+01 6.920311e+01 4.337108e-03 1.789519e-01 1.318951e-02 5.008403e-02 8.067694e-01
5.000000e-01 1.194000e-01  2.985000e-02  3.000000e+00 1.363789e-05 8.000000e-04 3.064111e+01 3.180160e+01 2.283611e+01 6.920149e+01 4.551462e-03 1.882014e-01 1.390177e-02 5.278868e-02 8.503368e-01
5.000000e-01 1.194000e-01  2.985000e-02  3.000000e+00 1.400128e-05 8.000000e-04 3.064111e+01 3.180158e+01 2.283337e+01 6.919996e+01 4.812410e-03 1.982014e-01 1.465250e-02 5.563939e-02 8.962570e-01
5.000000e-01 1.194000e-01  2.985000e-02  3.000000e+00 1.437436e-05 8.000000e-04 3.064111e+01 3.180155e+01 2.283041e+01 6.919771e+01 5.091102e-03 2.094797e-01 1.544377e-02 5.864405e-02 9.446569e-01
