8.000000e-01 4.375000e-01  1.093750e-01  3.000000e+00 2.000000e-06 8.000000e-04 2.706187e-01 3.180203e+01 2.288801e+01 6.923341e+01 2.465797e-06 5.711875e-05 2.223545e-05 7.250479e-05 1.129858e-03
8.000000e-01 4.375000e-01  1.093750e-01  3.000000e+00 2.053292e-06 8.000000e-04 2.706187e-01 3.180203e+01 2.288801e+01 6.923341e+01 2.583008e-06 6.030312e-05 2.343622e-05 7.642022e-05 1.190873e-03
8.000000e-01 4.375000e-01  1.093750e-01  3.000000e+00 2.108005e-06 8.000000e-04 2.706187e-01 3.180203e+01 2.288801e+01 6.923341e+01 2.749942e-06 6.393436e-05 2.470183e-05 8.054709e-05 1.255182e-03
8.000000e-01 4.375000e-01  1.093750e-01  3.000000e+00 2.164175e-06 8.000000e-04 2.706187e-01 3.180203e+01 2.288801e+01 6.923341e+01 2.950102e-06 6.670950e-05 2.603578e-05 8.489682e-05 1.322965e-03
8.000000e-01 4.375000e-01  1.093750e-01  3.000000e+00 2.221842e-06 8.000000e-04 2.706187e-01 3.180203e+01 2.288801e+01 6.923341e+01 3.020879e-06 7.067693e-05 2.744177e-05 8.948144e-05 1.394408e-03
8.000000e-01 4.375000e-01  1.093750e-01  3.000000e+00 2.281045e-06 8.000000e-04 2.706187e-01 3.180203e+01 2.288801e+01 6.923341e+01 3.234880e-06 7.472929e-05 2.892369e-05 9.431364e-05 1.469710e-03
8.000000e-01 4.375000e-01  1.093750e-01  3.000000e+00 2.341826e-06 8.000000e-04 2.706187e-01 3.180203e+01 2.288801e+01 6.923341e+01 3.384946e-06 7.756451e-05 3.048564e-05 9.940680e-05 1.549077e-03
8.000000e-01 4.375000e-01  1.093750e-01  3.000000e+00 2.404227e-06 8.000000e-04 2.706187e-01 3.180203e+01 2.288800e+01 6.923341e+01 3.594484e-06 8.147363e-05 3.213193e-05 1.047750e-04 1.632731e-03
8.000000e-01 4.375000e-01  1.093750e-01  3.000000e+00 2.468290e-06 8.000000e-04 2.706187e-01 3.180203e+01 2.288800e+01 6.923341e+01 3.750005e-06 8.651889e-05 3.386713e-05 1.104331e-04 1.720902e-03
8.000000e-01 4.375000e-01  1.093750e-01  3.000000e+00 2.534061e-06 8.000000e-04 2.706187e-01 3.180203e+01 2.288800e+01 6.923341e+01 4.000697e-06 9.162636e-05 3.569604e-05 1.163967e-04 1.813835e-03
8.000000e-01 4.375000e-01  1.093750e-01  3.000000e+00 2.601584e-06 8.000000e-04 2.706187e-01 3.180203e+01 2.288800e+01 6.923341e+01 4.179662e-06 9.648670e-05 3.762370e-05 1.226824e-04 1.911786e-03
8.000000e-01 4.375000e-01  1.093750e-01  3.000000e+00 2.670906e-06 8.000000e-04 2.706187e-01 3.180203e+01 2.288800e+01 6.923341e+01 4.446477e-06 1.024819e-04 3.965547e-05 1.293076e-04 2.015027e-03
8.000000e-01 4.375000e-01  1.093750e-01  3.000000e+00 2.742075e-06 8.000000e-04 2.706187e-01 3.180203e+01 2.288800e+01 6.923341e+01 4.651236e-06 1.079902e-04 4.179696e-05 1.362905e-04 2.123843e-03
8.000000e-01 4.375000e-01  1.093750e-01  3.000000e+00 2.815141e-06 8.000000e-04 2.706187e-01 3.180203e+01 2.288800e+01 6.923341e+01 4.891992e-06 1.126904e-04 4.405409e-05 1.436505e-04 2.238536e-03
8.000000e-01 4.375000e-01  1.093750e-01  3.000000e+00 2.890154e-06 8.000000e-04 2.706187e-01 3.180203e+01 2.288800e+01 6.923341e+01 5.148188e-06 1.201170e-04 4.643311e-05 1.514079e-04 2.359422e-03
8.000000e-01 4.375000e-01  1.093750e-01  3.000000e+00 2.967165e-06 8.000000e-04 2.706187e-01 3.180203e+01 2.288800e+01 6.923341e+01 5.495723e-06 1.269029e-04 4.894061e-05 1.595843e-04 2.486836e-03
8.000000e-01 4.375000e-01  1.093750e-01  3.000000e+00 3.046229e-06 8.000000e-04 2.706187e-01 3.180203e+01 2.288800e+01 6.923341e+01 5.751555e-06 1.322446e-04 5.158352e-05 1.682022e-04 2.621131e-03
8.000000e-01 4.375000e-01  1.093750e-01  3.000000e+00 3.127399e-06 8.000000e-04 2.706187e-01 3.180203e+01 2.288799e+01 6.923341e+01 6.151808e-06 1.406243e-04 5.436914e-05 1.772855e-04 2.762678e-03
8.000000e-01 4.375000e-01  1.093750e-01  3.000000e+00 3.210732e-06 8.000000e-04 2.706187e-01 3.180203e+01 2.288799e+01 6.923340e+01 6.433617e-06 1.462565e-04 5.730520e-05 1.868594e-04 2.911869e-03
8.000000e-01 4.375000e-01  1.093750e-01  3.000000e+00 3.296286e-06 8.000000e-04 2.706187e-01 3.180203e+01 2.288799e+01 6.923341e+01 6.720200e-06 1.536418e-04 6.039982e-05 1.969502e-04 3.069117e-03
8.000000e-01 4.375000e-01  1.093750e-01  3.000000e+00 3.384119e-06 8.000000e-04 2.706187e-01 3.180203e+01 2.288799e+01 6.923340e+01 7.105824e-06 1.642300e-04 6.366155e-05 2.075860e-04 3.234856e-03
8.000000e-01 4.375000e-01  1.093750e-01  3.000000e+00 3.474293e-06 8.000000e-04 2.706187e-01 3.180203e+01 2.288799e+01 6.923340e+01 7.571496e-06 1.736884e-04 6.709942e-05 2.187961e-04 3.409546e-03
8.000000e-01 4.375000e-01  1.093750e-01  3.000000e+00 3.566869e-06 8.000000e-04 2.706187e-01 3.180203e+01 2.288799e+01 6.923340e+01 7.910497e-06 1.820121e-04 7.072294e-05 2.306116e-04 3.593669e-03
8.000000e-01 4.375000e-01  1.093750e-01  3.000000e+00 3.661913e-06 8.000000e-04 2.706187e-01 3.180203e+01 2.288798e+01 6.923340e+01 8.292350e-06 1.935595e-04 7.454214e-05 2.430651e-04 3.787736e-03
8.000000e-01 4.375000e-01  1.093750e-01  3.000000e+00 3.759488e-06 8.000000e-04 2.706187e-01 3.180203e+01 2.288798e+01 6.923340e+01 8.755351e-06 2.028541e-04 7.856759e-05 2.561912e-04 3.992282e-03
8.000000e-01 4.375000e-01  1.093750e-01  3.000000e+00 3.859664e-06 8.000000e-04 2.706187e-01 3.180203e+01 2.288798e+01 6.923340e+01 9.247636e-06 2.119342e-04 8.281042e-05 2.700261e-04 4.207875e-03
8.000000e-01 4.375000e-01  1.093750e-01  3.000000e+00 3.962510e-06 8.000000e-04 2.706187e-01 3.180203e+01 2.288798e+01 6.923340e+01 9.654893e-06 2.264375e-04 8.728238e-05 2.846082e-04 4.435110e-03
8.000000e-01 4.375000e-01  1.093750e-01  3.000000e+00 4.068095e-06 8.000000e-04 2.706187e-01 3.180203e+01 2.288797e+01 6.923340e+01 1.023273e-05 2.385273e-04 9.199583e-05 2.999777e-04 4.674616e-03
8.000000e-01 4.375000e-01  1.093750e-01  3.000000e+00 4.176494e-06 8.000000e-04 2.706187e-01 3.180203e+01 2.288797e+01 6.923340e+01 1.085021e-05 2.490506e-04 9.696382e-05 3.161772e-04 4.927056e-03
8.000000e-01 4.375000e-01  1.093750e-01  3.000000e+00 4.287782e-06 8.000000e-04 2.706187e-01 3.180203e+01 2.288797e+01 6.923340e+01 1.153041e-05 2.628873e-04 1.022001e-04 3.332514e-04 5.193128e-03
8.000000e-01 4.375000e-01  1.093750e-01  3.000000e+00 4.402035e-06 8.000000e-04 2.706187e-01 3.180203e+01 2.288797e+01 6.923340e+01 1.203071e-05 2.762587e-04 1.077191e-04 3.512478e-04 5.473569e-03
8.000000e-01 4.375000e-01  1.093750e-01  3.000000e+00 4.519332e-06 8.000000e-04 2.706187e-01 3.180203e+01 2.288796e+01 6.923340e+01 1.261377e-05 2.935791e-04 1.135362e-04 3.702160e-04 5.769155e-03
8.000000e-01 4.375000e-01  1.093750e-01  3.000000e+00 4.639755e-06 8.000000e-04 2.706187e-01 3.180203e+01 2.288796e+01 6.923340e+01 1.353295e-05 3.095155e-04 1.196674e-04 3.902085e-04 6.080702e-03
8.000000e-01 4.375000e-01  1.093750e-01  3.000000e+00 4.763386e-06 8.000000e-04 2.706187e-01 3.180203e+01 2.288796e+01 6.923340e+01 1.404149e-05 3.260184e-04 1.261297e-04 4.112807e-04 6.409074e-03
8.000000e-01 4.375000e-01  1.093750e-01  3.000000e+00 4.890312e-06 8.000000e-04 2.706187e-01 3.180203e+01 2.288796e+01 6.923340e+01 1.475593e-05 3.423878e-04 1.329410e-04 4.334908e-04 6.755179e-03
8.000000e-01 4.375000e-01  1.093750e-01  3.000000e+00 5.020620e-06 8.000000e-04 2.706187e-01 3.180203e+01 2.288795e+01 6.923339e+01 1.567385e-05 3.624677e-04 1.401202e-04 4.569003e-04 7.119974e-03
8.000000e-01 4.375000e-01  1.093750e-01  3.000000e+00 5.154400e-06 8.000000e-04 2.706187e-01 3.180203e+01 2.288795e+01 6.923339e+01 1.644008e-05 3.796578e-04 1.476870e-04 4.815739e-04 7.504469e-03
8.000000e-01 4.375000e-01  1.093750e-01  3.000000e+00 5.291745e-06 8.000000e-04 2.706187e-01 3.180203e+01 2.288795e+01 6.923339e+01 1.749209e-05 3.990213e-04 1.556624e-04 5.075801e-04 7.909728e-03
8.000000e-01 4.375000e-01  1.093750e-01  3.000000e+00 5.432750e-06 8.000000e-04 2.706187e-01 3.180203e+01 2.288794e+01 6.923339e+01 1.854442e-05 4.179229e-04 1.640685e-04 5.349906e-04 8.336872e-03
8.000000e-01 4.375000e-01  1.093750e-01  3.000000e+00 5.577512e-06 8.000000e-04 2.706187e-01 3.180203e+01 2.288794e+01 6.923339e+01 1.947712e-05 4.400639e-04 1.729286e-04 5.638813e-04 8.787082e-03
8.000000e-01 4.375000e-01  1.093750e-01  3.000000e+00 5.726131e-06 8.000000e-04 2.706187e-01 3.180203e+01 2.288793e+01 6.923339e+01 2.003164e-05 4.669930e-04 1.822672e-04 5.943322e-04 9.261605e-03
8.000000e-01 4.375000e-01  1.093750e-01  3.000000e+00 5.878710e-06 8.000000e-04 2.706187e-01 3.180203e+01 2.288793e+01 6.923339e+01 2.143679e-05 4.897954e-04 1.921100e-04 6.264275e-04 9.761753e-03
8.000000e-01 4.375000e-01  1.093750e-01  3.000000e+00 6.035355e-06 8.000000e-04 2.706187e-01 3.180203e+01 2.288792e+01 6.923339e+01 2.275497e-05 5.171756e-04 2.024844e-04 6.602560e-04 1.028891e-02
8.000000e-01 4.375000e-01  1.093750e-01  3.000000e+00 6.196174e-06 8.000000e-04 2.706187e-01 3.180203e+01 2.288792e+01 6.923338e+01 2.356307e-05 5.481692e-04 2.134190e-04 6.959114e-04 1.084454e-02
8.000000e-01 4.375000e-01  1.093750e-01  3.000000e+00 6.361278e-06 8.000000e-04 2.706187e-01 3.180203e+01 2.288791e+01 6.923338e+01 2.543038e-05 5.799328e-04 2.249442e-04 7.334922e-04 1.143017e-02
8.000000e-01 4.375000e-01  1.093750e-01  3.000000e+00 6.530782e-06 8.000000e-04 2.706187e-01 3.180203e+01 2.288790e+01 6.923338e+01 2.646130e-05 6.100910e-04 2.370917e-04 7.731025e-04 1.204742e-02
8.000000e-01 4.375000e-01  1.093750e-01  3.000000e+00 6.704802e-06 8.000000e-04 2.706187e-01 3.180203e+01 2.288790e+01 6.923338e+01 2.797999e-05 6.433520e-04 2.498952e-04 8.148518e-04 1.269801e-02
8.000000e-01 4.375000e-01  1.093750e-01  3.000000e+00 6.883459e-06 8.000000e-04 2.706187e-01 3.180203e+01 2.288789e+01 6.923338e+01 2.927514e-05 6.747507e-04 2.633901e-04 8.588557e-04 1.338373e-02
8.000000e-01 4.375000e-01  1.093750e-01  3.000000e+00 7.066877e-06 8.000000e-04 2.706187e-01 3.180203e+01 2.288789e+01 6.923337e+01 3.098365e-05 7.135801e-04 2.776137e-04 9.052358e-04 1.410648e-02
8.000000e-01 4.375000e-01  1.093750e-01  3.000000e+00 7.255182e-06 8.000000e-04 2.706187e-01 3.180203e+01 2.288788e+01 6.923337e+01 3.259380e-05 7.566592e-04 2.926055e-04 9.541207e-04 1.486827e-02
8.000000e-01 4.375000e-01  1.093750e-01  3.000000e+00 7.448504e-06 8.000000e-04 2.706187e-01 3.180203e+01 2.288787e+01 6.923338e+01 3.402788e-05 7.891305e-04 3.084069e-04 1.005645e-03 1.567119e-02
8.000000e-01 4.375000e-01  1.093750e-01  3.000000e+00 7.646978e-06 8.000000e-04 2.706187e-01 3.180203e+01 2.288786e+01 6.923337e+01 3.611763e-05 8.338685e-04 3.250616e-04 1.059953e-03 1.651747e-02
8.000000e-01 4.375000e-01  1.093750e-01  3.000000e+00 7.850741e-06 8.000000e-04 2.706187e-01 3.180203e+01 2.288785e+01 6.923337e+01 3.836662e-05 8.813005e-04 3.426157e-04 1.117192e-03 1.740945e-02
8.000000e-01 4.375000e-01  1.093750e-01  3.000000e+00 8.059933e-06 8.000000e-04 2.706187e-01 3.180203e+01 2.288785e+01 6.923337e+01 4.031820e-05 9.278429e-04 3.611177e-04 1.177523e-03 1.834960e-02
8.000000e-01 4.375000e-01  1.093750e-01  3.000000e+00 8.274699e-06 8.000000e-04 2.706187e-01 3.180203e+01 2.288784e+01 6.923336e+01 4.255883e-05 9.808264e-04 3.806189e-04 1.241112e-03 1.934052e-02
8.000000e-01 4.375000e-01  1.093750e-01  3.000000e+00 8.495188e-06 8.000000e-04 2.706187e-01 3.180203e+01 2.288783e+01 6.923336e+01 4.491012e-05 1.030919e-03 4.011732e-04 1.308135e-03 2.038495e-02
8.000000e-01 4.375000e-01  1.093750e-01  3.000000e+00 8.721552e-06 8.000000e-04 2.706187e-01 3.180203e+01 2.288781e+01 6.923336e+01 4.772919e-05 1.090757e-03 4.228375e-04 1.378778e-03 2.148579e-02
8.000000e-01 4.375000e-01  1.093750e-01  3.000000e+00 8.953948e-06 8.000000e-04 2.706187e-01 3.180203e+01 2.288781e+01 6.923335e+01 4.978963e-05 1.146869e-03 4.456717e-04 1.453235e-03 2.264607e-02
8.000000e-01 4.375000e-01  1.093750e-01  3.000000e+00 9.192536e-06 8.000000e-04 2.706187e-01 3.180203e+01 2.288779e+01 6.923335e+01 5.262188e-05 1.213212e-03 4.697390e-04 1.531713e-03 2.386901e-02
8.000000e-01 4.375000e-01  1.093750e-01  3.000000e+00 9.437481e-06 8.000000e-04 2.706187e-01 3.180203e+01 2.288778e+01 6.923335e+01 5.526389e-05 1.274161e-03 4.951060e-04 1.614429e-03 2.515799e-02
8.000000e-01 4.375000e-01  1.093750e-01  3.000000e+00 9.688954e-06 8.000000e-04 2.706187e-01 3.180202e+01 2.288777e+01 6.923334e+01 5.821190e-05 1.339591e-03 5.218428e-04 1.701612e-03 2.651658e-02
8.000000e-01 4.375000e-01  1.093750e-01  3.000000e+00 9.947127e-06 8.000000e-04 2.706187e-01 3.180202e+01 2.288776e+01 6.923334e+01 6.075571e-05 1.410277e-03 5.500235e-04 1.793503e-03 2.794854e-02
8.000000e-01 4.375000e-01  1.093750e-01  3.000000e+00 1.021218e-05 8.000000e-04 2.706187e-01 3.180202e+01 2.288774e+01 6.923334e+01 6.427728e-05 1.490379e-03 5.797261e-04 1.890356e-03 2.945782e-02
8.000000e-01 4.375000e-01  1.093750e-01  3.000000e+00 1.048430e-05 8.000000e-04 2.706187e-01 3.180202e+01 2.288772e+01 6.923333e+01 6.846971e-05 1.569916e-03 6.110326e-04 1.992440e-03 3.104861e-02
8.000000e-01 4.375000e-01  1.093750e-01  3.000000e+00 1.076366e-05 8.000000e-04 2.706187e-01 3.180202e+01 2.288771e+01 6.923333e+01 7.114082e-05 1.669417e-03 6.440298e-04 2.100036e-03 3.272531e-02
8.000000e-01 4.375000e-01  1.093750e-01  3.000000e+00 1.105047e-05 8.000000e-04 2.706187e-01 3.180202e+01 2.288769e+01 6.923333e+01 7.543618e-05 1.756859e-03 6.788089e-04 2.213443e-03 3.449255e-02
8.000000e-01 4.375000e-01  1.093750e-01  3.000000e+00 1.134492e-05 8.000000e-04 2.706187e-01 3.180202e+01 2.288767e+01 6.923332e+01 7.914040e-05 1.841545e-03 7.154662e-04 2.332974e-03 3.635523e-02
8.000000e-01 4.375000e-01  1.093750e-01  3.000000e+00 1.164722e-05 8.000000e-04 2.706187e-01 3.180202e+01 2.288766e+01 6.923332e+01 8.397490e-05 1.920432e-03 7.541030e-04 2.458960e-03 3.831850e-02
8.000000e-01 4.375000e-01  1.093750e-01  3.000000e+00 1.195758e-05 8.000000e-04 2.706187e-01 3.180202e+01 2.288764e+01 6.923331e+01 8.802146e-05 2.019002e-03 7.948263e-04 2.591749e-03 4.038778e-02
8.000000e-01 4.375000e-01  1.093750e-01  3.000000e+00 1.227620e-05 8.000000e-04 2.706187e-01 3.180202e+01 2.288761e+01 6.923330e+01 9.337507e-05 2.152315e-03 8.377487e-04 2.731710e-03 4.256882e-02
8.000000e-01 4.375000e-01  1.093750e-01  3.000000e+00 1.260331e-05 8.000000e-04 2.706187e-01 3.180202e+01 2.288759e+01 6.923331e+01 9.859005e-05 2.276022e-03 8.829891e-04 2.879229e-03 4.486763e-02
8.000000e-01 4.375000e-01  1.093750e-01  3.000000e+00 1.293914e-05 8.000000e-04 2.706187e-01 3.180202e+01 2.288757e+01 6.923330e+01 1.045218e-04 2.393710e-03 9.306726e-04 3.034713e-03 4.729059e-02
8.000000e-01 4.375000e-01  1.093750e-01  3.000000e+00 1.328392e-05 8.000000e-04 2.706187e-01 3.180202e+01 2.288755e+01 6.923329e+01 1.086287e-04 2.507196e-03 9.809310e-04 3.198595e-03 4.984439e-02
8.000000e-01 4.375000e-01  1.093750e-01  3.000000e+00 1.363789e-05 8.000000e-04 2.706187e-01 3.180202e+01 2.288752e+01 6.923328e+01 1.150466e-04 2.650554e-03 1.033904e-03 3.371327e-03 5.253610e-02
8.000000e-01 4.375000e-01  1.093750e-01  3.000000e+00 1.400128e-05 8.000000e-04 2.706187e-01 3.180202e+01 2.288750e+01 6.923327e+01 1.222525e-04 2.774432e-03 1.089737e-03 3.553386e-03 5.537317e-02
