3.000000e-02 5.541000e-01  1.385250e-01  3.000000e+00 2.000000e-06 8.000000e-04 1.273605e-14 3.180188e+01 2.288414e+01 6.923533e+01 1.816910e-03 3.839300e-02 7.379415e-03 2.427378e-02 2.237811e-01
3.000000e-02 5.541000e-01  1.385250e-01  3.000000e+00 2.053292e-06 8.000000e-04 1.273605e-14 3.180188e+01 2.288398e+01 6.923541e+01 1.896919e-03 4.061835e-02 7.777920e-03 2.558462e-02 2.358658e-01
3.000000e-02 5.541000e-01  1.385250e-01  3.000000e+00 2.108005e-06 8.000000e-04 1.273605e-14 3.180187e+01 2.288364e+01 6.923540e+01 1.997834e-03 4.273386e-02 8.197946e-03 2.696624e-02 2.486031e-01
3.000000e-02 5.541000e-01  1.385250e-01  3.000000e+00 2.164175e-06 8.000000e-04 1.273605e-14 3.180186e+01 2.288345e+01 6.923555e+01 2.117326e-03 4.490482e-02 8.640654e-03 2.842248e-02 2.620283e-01
3.000000e-02 5.541000e-01  1.385250e-01  3.000000e+00 2.221842e-06 8.000000e-04 1.273605e-14 3.180184e+01 2.288322e+01 6.923570e+01 2.234753e-03 4.756066e-02 9.107269e-03 2.995736e-02 2.761784e-01
3.000000e-02 5.541000e-01  1.385250e-01  3.000000e+00 2.281045e-06 8.000000e-04 1.273605e-14 3.180184e+01 2.288300e+01 6.923583e+01 2.328119e-03 4.985291e-02 9.599083e-03 3.157513e-02 2.910927e-01
3.000000e-02 5.541000e-01  1.385250e-01  3.000000e+00 2.341826e-06 8.000000e-04 1.273605e-14 3.180182e+01 2.288283e+01 6.923608e+01 2.482457e-03 5.263823e-02 1.011746e-02 3.328026e-02 3.068124e-01
3.000000e-02 5.541000e-01  1.385250e-01  3.000000e+00 2.404227e-06 8.000000e-04 1.273605e-14 3.180182e+01 2.288238e+01 6.923604e+01 2.606622e-03 5.553168e-02 1.066382e-02 3.507747e-02 3.233810e-01
3.000000e-02 5.541000e-01  1.385250e-01  3.000000e+00 2.468290e-06 8.000000e-04 1.273605e-14 3.180181e+01 2.288207e+01 6.923620e+01 2.759288e-03 5.851117e-02 1.123969e-02 3.697174e-02 3.408443e-01
3.000000e-02 5.541000e-01  1.385250e-01  3.000000e+00 2.534061e-06 8.000000e-04 1.273605e-14 3.180179e+01 2.288186e+01 6.923646e+01 2.911536e-03 6.167011e-02 1.184666e-02 3.896829e-02 3.592506e-01
3.000000e-02 5.541000e-01  1.385250e-01  3.000000e+00 2.601584e-06 8.000000e-04 1.273605e-14 3.180178e+01 2.288145e+01 6.923658e+01 3.059889e-03 6.509790e-02 1.248641e-02 4.107267e-02 3.786510e-01
3.000000e-02 5.541000e-01  1.385250e-01  3.000000e+00 2.670906e-06 8.000000e-04 1.273605e-14 3.180176e+01 2.288127e+01 6.923691e+01 3.215255e-03 6.856549e-02 1.316070e-02 4.329069e-02 3.990990e-01
3.000000e-02 5.541000e-01  1.385250e-01  3.000000e+00 2.742075e-06 8.000000e-04 1.273605e-14 3.180175e+01 2.288085e+01 6.923702e+01 3.401277e-03 7.193439e-02 1.387141e-02 4.562849e-02 4.206513e-01
3.000000e-02 5.541000e-01  1.385250e-01  3.000000e+00 2.815141e-06 8.000000e-04 1.273605e-14 3.180174e+01 2.288039e+01 6.923714e+01 3.560505e-03 7.624299e-02 1.462050e-02 4.809253e-02 4.433675e-01
3.000000e-02 5.541000e-01  1.385250e-01  3.000000e+00 2.890154e-06 8.000000e-04 1.273605e-14 3.180172e+01 2.287997e+01 6.923724e+01 3.775851e-03 8.046834e-02 1.541004e-02 5.068964e-02 4.673103e-01
3.000000e-02 5.541000e-01  1.385250e-01  3.000000e+00 2.967165e-06 8.000000e-04 1.273605e-14 3.180171e+01 2.287952e+01 6.923740e+01 3.989955e-03 8.436195e-02 1.624222e-02 5.342700e-02 4.925462e-01
3.000000e-02 5.541000e-01  1.385250e-01  3.000000e+00 3.046229e-06 8.000000e-04 1.273605e-14 3.180168e+01 2.287921e+01 6.923785e+01 4.216049e-03 8.922838e-02 1.711934e-02 5.631218e-02 5.191448e-01
3.000000e-02 5.541000e-01  1.385250e-01  3.000000e+00 3.127399e-06 8.000000e-04 1.273605e-14 3.180166e+01 2.287838e+01 6.923778e+01 4.447052e-03 9.419949e-02 1.804382e-02 5.935317e-02 5.471798e-01
3.000000e-02 5.541000e-01  1.385250e-01  3.000000e+00 3.210732e-06 8.000000e-04 1.273605e-14 3.180165e+01 2.287810e+01 6.923812e+01 4.676376e-03 9.879920e-02 1.901823e-02 6.255838e-02 5.767288e-01
3.000000e-02 5.541000e-01  1.385250e-01  3.000000e+00 3.296286e-06 8.000000e-04 1.273605e-14 3.180163e+01 2.287762e+01 6.923850e+01 4.906973e-03 1.042194e-01 2.004526e-02 6.593667e-02 6.078735e-01
3.000000e-02 5.541000e-01  1.385250e-01  3.000000e+00 3.384119e-06 8.000000e-04 1.273605e-14 3.180160e+01 2.287701e+01 6.923876e+01 5.166740e-03 1.097798e-01 2.112775e-02 6.949741e-02 6.407000e-01
3.000000e-02 5.541000e-01  1.385250e-01  3.000000e+00 3.474293e-06 8.000000e-04 1.273605e-14 3.180158e+01 2.287609e+01 6.923899e+01 5.475790e-03 1.164186e-01 2.226869e-02 7.325043e-02 6.752993e-01
3.000000e-02 5.541000e-01  1.385250e-01  3.000000e+00 3.566869e-06 8.000000e-04 1.273605e-14 3.180156e+01 2.287581e+01 6.923932e+01 5.733492e-03 1.220240e-01 2.347126e-02 7.720612e-02 7.117671e-01
3.000000e-02 5.541000e-01  1.385250e-01  3.000000e+00 3.661913e-06 8.000000e-04 1.273605e-14 3.180153e+01 2.287508e+01 6.923963e+01 6.062170e-03 1.289750e-01 2.473876e-02 8.137543e-02 7.502041e-01
3.000000e-02 5.541000e-01  1.385250e-01  3.000000e+00 3.759488e-06 8.000000e-04 1.273605e-14 3.180151e+01 2.287450e+01 6.924023e+01 6.391276e-03 1.354490e-01 2.607471e-02 8.576989e-02 7.907169e-01
3.000000e-02 5.541000e-01  1.385250e-01  3.000000e+00 3.859664e-06 8.000000e-04 1.273605e-14 3.180148e+01 2.287344e+01 6.924024e+01 6.731704e-03 1.433912e-01 2.748280e-02 9.040166e-02 8.334174e-01
3.000000e-02 5.541000e-01  1.385250e-01  3.000000e+00 3.962510e-06 8.000000e-04 1.273605e-14 3.180143e+01 2.287311e+01 6.924100e+01 7.047553e-03 1.509370e-01 2.896694e-02 9.528356e-02 8.784239e-01
3.000000e-02 5.541000e-01  1.385250e-01  3.000000e+00 4.068095e-06 8.000000e-04 1.273605e-14 3.180141e+01 2.287225e+01 6.924122e+01 7.457238e-03 1.584180e-01 3.053122e-02 1.004291e-01 9.258608e-01
3.000000e-02 5.541000e-01  1.385250e-01  3.000000e+00 4.176494e-06 8.000000e-04 1.273605e-14 3.180138e+01 2.287148e+01 6.924177e+01 7.936946e-03 1.673742e-01 3.217998e-02 1.058525e-01 9.758594e-01
3.000000e-02 5.541000e-01  1.385250e-01  3.000000e+00 4.287782e-06 8.000000e-04 1.273605e-14 3.180133e+01 2.287062e+01 6.924166e+01 8.322564e-03 1.752378e-01 3.391777e-02 1.115688e-01 1.028558e+00
3.000000e-02 5.541000e-01  1.385250e-01  3.000000e+00 4.402035e-06 8.000000e-04 1.273605e-14 3.180132e+01 2.286902e+01 6.924260e+01 8.749403e-03 1.867561e-01 3.574941e-02 1.175937e-01 1.084103e+00
3.000000e-02 5.541000e-01  1.385250e-01  3.000000e+00 4.519332e-06 8.000000e-04 1.273605e-14 3.180126e+01 2.286816e+01 6.924289e+01 9.301841e-03 1.962675e-01 3.767996e-02 1.239441e-01 1.142647e+00
3.000000e-02 5.541000e-01  1.385250e-01  3.000000e+00 4.639755e-06 8.000000e-04 1.273605e-14 3.180123e+01 2.286748e+01 6.924343e+01 9.777889e-03 2.066823e-01 3.971476e-02 1.306373e-01 1.204352e+00
3.000000e-02 5.541000e-01  1.385250e-01  3.000000e+00 4.763386e-06 8.000000e-04 1.273605e-14 3.180119e+01 2.286634e+01 6.924427e+01 1.020988e-02 2.176231e-01 4.185945e-02 1.376921e-01 1.269390e+00
3.000000e-02 5.541000e-01  1.385250e-01  3.000000e+00 4.890312e-06 8.000000e-04 1.273605e-14 3.180115e+01 2.286569e+01 6.924519e+01 1.078934e-02 2.278269e-01 4.411996e-02 1.451278e-01 1.337940e+00
3.000000e-02 5.541000e-01  1.385250e-01  3.000000e+00 5.020620e-06 8.000000e-04 1.273605e-14 3.180108e+01 2.286395e+01 6.924495e+01 1.132048e-02 2.402761e-01 4.650254e-02 1.529650e-01 1.410192e+00
3.000000e-02 5.541000e-01  1.385250e-01  3.000000e+00 5.154400e-06 8.000000e-04 1.273605e-14 3.180103e+01 2.286283e+01 6.924599e+01 1.204931e-02 2.550595e-01 4.901378e-02 1.612255e-01 1.486345e+00
3.000000e-02 5.541000e-01  1.385250e-01  3.000000e+00 5.291745e-06 8.000000e-04 1.273605e-14 3.180097e+01 2.286125e+01 6.924687e+01 1.274601e-02 2.688481e-01 5.166064e-02 1.699320e-01 1.566612e+00
3.000000e-02 5.541000e-01  1.385250e-01  3.000000e+00 5.432750e-06 8.000000e-04 1.273605e-14 3.180092e+01 2.286004e+01 6.924723e+01 1.332089e-02 2.826505e-01 5.445043e-02 1.791087e-01 1.651212e+00
3.000000e-02 5.541000e-01  1.385250e-01  3.000000e+00 5.577512e-06 8.000000e-04 1.273605e-14 3.180087e+01 2.285841e+01 6.924838e+01 1.405486e-02 2.988387e-01 5.739088e-02 1.887810e-01 1.740381e+00
3.000000e-02 5.541000e-01  1.385250e-01  3.000000e+00 5.726131e-06 8.000000e-04 1.273605e-14 3.180081e+01 2.285658e+01 6.924931e+01 1.480292e-02 3.141402e-01 6.049012e-02 1.989756e-01 1.834366e+00
3.000000e-02 5.541000e-01  1.385250e-01  3.000000e+00 5.878710e-06 8.000000e-04 1.273605e-14 3.180074e+01 2.285546e+01 6.924939e+01 1.572552e-02 3.309844e-01 6.375673e-02 2.097208e-01 1.933426e+00
3.000000e-02 5.541000e-01  1.385250e-01  3.000000e+00 6.035355e-06 8.000000e-04 1.273605e-14 3.180065e+01 2.285375e+01 6.925108e+01 1.657762e-02 3.489869e-01 6.719974e-02 2.210462e-01 2.037836e+00
3.000000e-02 5.541000e-01  1.385250e-01  3.000000e+00 6.196174e-06 8.000000e-04 1.273605e-14 3.180064e+01 2.285080e+01 6.925105e+01 1.734022e-02 3.687209e-01 7.082868e-02 2.329832e-01 2.147883e+00
3.000000e-02 5.541000e-01  1.385250e-01  3.000000e+00 6.361278e-06 8.000000e-04 1.273605e-14 3.180052e+01 2.284906e+01 6.925190e+01 1.830664e-02 3.886698e-01 7.465359e-02 2.455648e-01 2.263874e+00
3.000000e-02 5.541000e-01  1.385250e-01  3.000000e+00 6.530782e-06 8.000000e-04 1.273605e-14 3.180043e+01 2.284738e+01 6.925324e+01 1.924872e-02 4.088033e-01 7.868506e-02 2.588259e-01 2.386129e+00
3.000000e-02 5.541000e-01  1.385250e-01  3.000000e+00 6.704802e-06 8.000000e-04 1.273605e-14 3.180036e+01 2.284425e+01 6.925469e+01 2.032720e-02 4.338903e-01 8.293423e-02 2.728031e-01 2.514985e+00
3.000000e-02 5.541000e-01  1.385250e-01  3.000000e+00 6.883459e-06 8.000000e-04 1.273605e-14 3.180030e+01 2.284382e+01 6.925649e+01 2.132687e-02 4.529726e-01 8.741287e-02 2.875351e-01 2.650800e+00
3.000000e-02 5.541000e-01  1.385250e-01  3.000000e+00 7.066877e-06 8.000000e-04 1.273605e-14 3.180019e+01 2.283988e+01 6.925655e+01 2.256499e-02 4.803502e-01 9.213337e-02 3.030626e-01 2.793949e+00
3.000000e-02 5.541000e-01  1.385250e-01  3.000000e+00 7.255182e-06 8.000000e-04 1.273605e-14 3.180001e+01 2.283767e+01 6.925855e+01 2.384037e-02 5.075359e-01 9.710879e-02 3.194287e-01 2.944829e+00
3.000000e-02 5.541000e-01  1.385250e-01  3.000000e+00 7.448504e-06 8.000000e-04 1.273605e-14 3.179993e+01 2.283429e+01 6.925965e+01 2.514490e-02 5.333304e-01 1.023529e-01 3.366786e-01 3.103857e+00
3.000000e-02 5.541000e-01  1.385250e-01  3.000000e+00 7.646978e-06 8.000000e-04 1.273605e-14 3.179988e+01 2.283213e+01 6.926134e+01 2.638244e-02 5.606075e-01 1.078802e-01 3.548600e-01 3.271472e+00
3.000000e-02 5.541000e-01  1.385250e-01  3.000000e+00 7.850741e-06 8.000000e-04 1.273605e-14 3.179972e+01 2.282993e+01 6.926327e+01 2.780967e-02 5.892120e-01 1.137060e-01 3.740233e-01 3.448139e+00
3.000000e-02 5.541000e-01  1.385250e-01  3.000000e+00 8.059933e-06 8.000000e-04 1.273605e-14 3.179951e+01 2.282514e+01 6.926435e+01 2.931239e-02 6.243108e-01 1.198463e-01 3.942214e-01 3.634347e+00
3.000000e-02 5.541000e-01  1.385250e-01  3.000000e+00 8.274699e-06 8.000000e-04 1.273605e-14 3.179946e+01 2.282146e+01 6.926437e+01 3.087786e-02 6.576912e-01 1.263183e-01 4.155103e-01 3.830610e+00
3.000000e-02 5.541000e-01  1.385250e-01  3.000000e+00 8.495188e-06 8.000000e-04 1.273605e-14 3.179938e+01 2.281888e+01 6.926863e+01 3.266115e-02 6.924028e-01 1.331398e-01 4.379488e-01 4.037471e+00
3.000000e-02 5.541000e-01  1.385250e-01  3.000000e+00 8.721552e-06 8.000000e-04 1.273605e-14 3.179927e+01 2.281448e+01 6.927071e+01 3.429227e-02 7.323997e-01 1.403297e-01 4.615990e-01 4.255504e+00
3.000000e-02 5.541000e-01  1.385250e-01  3.000000e+00 8.953948e-06 8.000000e-04 1.273605e-14 3.179905e+01 2.281165e+01 6.927148e+01 3.625366e-02 7.678234e-01 1.479078e-01 4.865264e-01 4.485311e+00
3.000000e-02 5.541000e-01  1.385250e-01  3.000000e+00 9.192536e-06 8.000000e-04 1.273605e-14 3.179885e+01 2.280881e+01 6.927528e+01 3.807781e-02 8.122504e-01 1.558951e-01 5.128000e-01 4.727529e+00
3.000000e-02 5.541000e-01  1.385250e-01  3.000000e+00 9.437481e-06 8.000000e-04 1.273605e-14 3.179864e+01 2.280235e+01 6.927555e+01 4.030932e-02 8.556628e-01 1.643138e-01 5.404924e-01 4.982826e+00
3.000000e-02 5.541000e-01  1.385250e-01  3.000000e+00 9.688954e-06 8.000000e-04 1.273605e-14 3.179855e+01 2.279747e+01 6.927961e+01 4.243516e-02 9.011483e-01 1.731872e-01 5.696802e-01 5.251910e+00
3.000000e-02 5.541000e-01  1.385250e-01  3.000000e+00 9.947127e-06 8.000000e-04 1.273605e-14 3.179832e+01 2.279550e+01 6.928284e+01 4.498903e-02 9.493511e-01 1.825397e-01 6.004442e-01 5.535525e+00
3.000000e-02 5.541000e-01  1.385250e-01  3.000000e+00 1.021218e-05 8.000000e-04 1.273605e-14 3.179830e+01 2.278925e+01 6.928428e+01 4.714701e-02 9.978763e-01 1.923972e-01 6.328696e-01 5.834457e+00
3.000000e-02 5.541000e-01  1.385250e-01  3.000000e+00 1.048430e-05 8.000000e-04 1.273605e-14 3.179803e+01 2.278265e+01 6.928515e+01 4.939365e-02 1.056259e+00 2.027871e-01 6.670460e-01 6.149531e+00
3.000000e-02 5.541000e-01  1.385250e-01  3.000000e+00 1.076366e-05 8.000000e-04 1.273605e-14 3.179776e+01 2.277718e+01 6.928990e+01 5.258432e-02 1.112855e+00 2.137381e-01 7.030681e-01 6.481620e+00
3.000000e-02 5.541000e-01  1.385250e-01  3.000000e+00 1.105047e-05 8.000000e-04 1.273605e-14 3.179754e+01 2.277129e+01 6.929248e+01 5.525111e-02 1.169187e+00 2.252805e-01 7.410354e-01 6.831642e+00
3.000000e-02 5.541000e-01  1.385250e-01  3.000000e+00 1.134492e-05 8.000000e-04 1.273605e-14 3.179727e+01 2.276651e+01 6.929735e+01 5.802030e-02 1.235593e+00 2.374461e-01 7.810530e-01 7.200566e+00
3.000000e-02 5.541000e-01  1.385250e-01  3.000000e+00 1.164722e-05 8.000000e-04 1.273605e-14 3.179697e+01 2.275979e+01 6.930026e+01 6.150232e-02 1.302136e+00 2.502688e-01 8.232317e-01 7.589414e+00
3.000000e-02 5.541000e-01  1.385250e-01  3.000000e+00 1.195758e-05 8.000000e-04 1.273605e-14 3.179673e+01 2.275194e+01 6.930227e+01 6.437639e-02 1.375565e+00 2.637839e-01 8.676881e-01 7.999260e+00
3.000000e-02 5.541000e-01  1.385250e-01  3.000000e+00 1.227620e-05 8.000000e-04 1.273605e-14 3.179643e+01 2.274604e+01 6.930819e+01 6.811719e-02 1.443145e+00 2.780288e-01 9.145452e-01 8.431238e+00
3.000000e-02 5.541000e-01  1.385250e-01  3.000000e+00 1.260331e-05 8.000000e-04 1.273605e-14 3.179635e+01 2.273613e+01 6.930986e+01 7.140620e-02 1.520204e+00 2.930430e-01 9.639328e-01 8.886544e+00
3.000000e-02 5.541000e-01  1.385250e-01  3.000000e+00 1.293914e-05 8.000000e-04 1.273605e-14 3.179580e+01 2.273058e+01 6.931574e+01 7.529033e-02 1.611287e+00 3.088680e-01 1.015987e+00 9.366438e+00
3.000000e-02 5.541000e-01  1.385250e-01  3.000000e+00 1.328392e-05 8.000000e-04 1.273605e-14 3.179557e+01 2.272138e+01 6.931948e+01 7.953986e-02 1.694282e+00 3.255476e-01 1.070853e+00 9.872248e+00
3.000000e-02 5.541000e-01  1.385250e-01  3.000000e+00 1.363789e-05 8.000000e-04 1.273605e-14 3.179502e+01 2.271244e+01 6.932577e+01 8.417755e-02 1.786182e+00 3.431279e-01 1.128682e+00 1.040537e+01
3.000000e-02 5.541000e-01  1.385250e-01  3.000000e+00 1.400128e-05 8.000000e-04 1.273605e-14 3.179475e+01 2.270359e+01 6.933037e+01 8.869980e-02 1.889177e+00 3.616576e-01 1.189633e+00 1.096729e+01
3.000000e-02 5.541000e-01  1.385250e-01  3.000000e+00 1.437436e-05 8.000000e-04 1.273605e-14 3.179425e+01 2.269657e+01 6.933881e+01 9.340374e-02 1.985231e+00 3.811880e-01 1.253876e+00 1.155954e+01
3.000000e-02 5.541000e-01  1.385250e-01  3.000000e+00 1.475738e-05 8.000000e-04 1.273605e-14 3.179399e+01 2.268319e+01 6.934488e+01 9.864457e-02 2.086861e+00 4.017730e-01 1.321588e+00 1.218379e+01
3.000000e-02 5.541000e-01  1.385250e-01  3.000000e+00 1.515061e-05 8.000000e-04 1.273605e-14 3.179333e+01 2.267251e+01 6.934602e+01 1.037953e-01 2.205251e+00 4.234697e-01 1.392957e+00 1.284174e+01
