6.000000e-02 7.444000e-02  1.861000e-02  3.000000e+00 2.000000e-06 8.000000e-04 1.724327e-02 3.179661e+01 2.200746e+01 6.871112e+01 5.747909e-02 3.357327e+00 2.707126e-01 8.956248e-01 1.706053e+01
6.000000e-02 7.444000e-02  1.861000e-02  3.000000e+00 2.053292e-06 8.000000e-04 1.724327e-02 3.179622e+01 2.195466e+01 6.868072e+01 6.037392e-02 3.553561e+00 2.853317e-01 9.439906e-01 1.798183e+01
6.000000e-02 7.444000e-02  1.861000e-02  3.000000e+00 2.108005e-06 8.000000e-04 1.724327e-02 3.179594e+01 2.191782e+01 6.867345e+01 6.348310e-02 3.710862e+00 3.007402e-01 9.949683e-01 1.895290e+01
6.000000e-02 7.444000e-02  1.861000e-02  3.000000e+00 2.164175e-06 8.000000e-04 1.724327e-02 3.179561e+01 2.187398e+01 6.863849e+01 6.720954e-02 3.918266e+00 3.169809e-01 1.048699e+00 1.997640e+01
6.000000e-02 7.444000e-02  1.861000e-02  3.000000e+00 2.221842e-06 8.000000e-04 1.724327e-02 3.179528e+01 2.179670e+01 6.859632e+01 7.079888e-02 4.165764e+00 3.340986e-01 1.105331e+00 2.105517e+01
6.000000e-02 7.444000e-02  1.861000e-02  3.000000e+00 2.281045e-06 8.000000e-04 1.724327e-02 3.179493e+01 2.175351e+01 6.857596e+01 7.426389e-02 4.382286e+00 3.521407e-01 1.165021e+00 2.219219e+01
6.000000e-02 7.444000e-02  1.861000e-02  3.000000e+00 2.341826e-06 8.000000e-04 1.724327e-02 3.179451e+01 2.168482e+01 6.852625e+01 7.841087e-02 4.600835e+00 3.711571e-01 1.227935e+00 2.339062e+01
6.000000e-02 7.444000e-02  1.861000e-02  3.000000e+00 2.404227e-06 8.000000e-04 1.724327e-02 3.179421e+01 2.162598e+01 6.849864e+01 8.213295e-02 4.870118e+00 3.912004e-01 1.294247e+00 2.465377e+01
6.000000e-02 7.444000e-02  1.861000e-02  3.000000e+00 2.468290e-06 8.000000e-04 1.724327e-02 3.179365e+01 2.156135e+01 6.846590e+01 8.713274e-02 5.123482e+00 4.123262e-01 1.364139e+00 2.598513e+01
6.000000e-02 7.444000e-02  1.861000e-02  3.000000e+00 2.534061e-06 8.000000e-04 1.724327e-02 3.179323e+01 2.149434e+01 6.842804e+01 9.114061e-02 5.403020e+00 4.345927e-01 1.437806e+00 2.738839e+01
6.000000e-02 7.444000e-02  1.861000e-02  3.000000e+00 2.601584e-06 8.000000e-04 1.724327e-02 3.179282e+01 2.141151e+01 6.838889e+01 9.654317e-02 5.711938e+00 4.580617e-01 1.515450e+00 2.886743e+01
6.000000e-02 7.444000e-02  1.861000e-02  3.000000e+00 2.670906e-06 8.000000e-04 1.724327e-02 3.179225e+01 2.134177e+01 6.835285e+01 1.017043e-01 5.969355e+00 4.827981e-01 1.597288e+00 3.042633e+01
6.000000e-02 7.444000e-02  1.861000e-02  3.000000e+00 2.742075e-06 8.000000e-04 1.724327e-02 3.179173e+01 2.125275e+01 6.829088e+01 1.073403e-01 6.288246e+00 5.088704e-01 1.683546e+00 3.206943e+01
6.000000e-02 7.444000e-02  1.861000e-02  3.000000e+00 2.815141e-06 8.000000e-04 1.724327e-02 3.179135e+01 2.119130e+01 6.826528e+01 1.125505e-01 6.655775e+00 5.363505e-01 1.774461e+00 3.380125e+01
6.000000e-02 7.444000e-02  1.861000e-02  3.000000e+00 2.890154e-06 8.000000e-04 1.724327e-02 3.179045e+01 2.109926e+01 6.821155e+01 1.198554e-01 7.023262e+00 5.653147e-01 1.870286e+00 3.562660e+01
6.000000e-02 7.444000e-02  1.861000e-02  3.000000e+00 2.967165e-06 8.000000e-04 1.724327e-02 3.178989e+01 2.099943e+01 6.816399e+01 1.265981e-01 7.361951e+00 5.958430e-01 1.971286e+00 3.755051e+01
6.000000e-02 7.444000e-02  1.861000e-02  3.000000e+00 3.046229e-06 8.000000e-04 1.724327e-02 3.178936e+01 2.092049e+01 6.812603e+01 1.322209e-01 7.761662e+00 6.280199e-01 2.077740e+00 3.957833e+01
6.000000e-02 7.444000e-02  1.861000e-02  3.000000e+00 3.127399e-06 8.000000e-04 1.724327e-02 3.178877e+01 2.080036e+01 6.807110e+01 1.400212e-01 8.223025e+00 6.619344e-01 2.189942e+00 4.171565e+01
6.000000e-02 7.444000e-02  1.861000e-02  3.000000e+00 3.210732e-06 8.000000e-04 1.724327e-02 3.178794e+01 2.068207e+01 6.800361e+01 1.474354e-01 8.656700e+00 6.976804e-01 2.308204e+00 4.396839e+01
6.000000e-02 7.444000e-02  1.861000e-02  3.000000e+00 3.296286e-06 8.000000e-04 1.724327e-02 3.178708e+01 2.056957e+01 6.791393e+01 1.554378e-01 9.113332e+00 7.353568e-01 2.432853e+00 4.634279e+01
6.000000e-02 7.444000e-02  1.861000e-02  3.000000e+00 3.384119e-06 8.000000e-04 1.724327e-02 3.178639e+01 2.048920e+01 6.789295e+01 1.619656e-01 9.575720e+00 7.750677e-01 2.564232e+00 4.884540e+01
6.000000e-02 7.444000e-02  1.861000e-02  3.000000e+00 3.474293e-06 8.000000e-04 1.724327e-02 3.178541e+01 2.032379e+01 6.777701e+01 1.728568e-01 1.017335e+01 8.169232e-01 2.702707e+00 5.148317e+01
6.000000e-02 7.444000e-02  1.861000e-02  3.000000e+00 3.566869e-06 8.000000e-04 1.724327e-02 3.178450e+01 2.021735e+01 6.774251e+01 1.826245e-01 1.074051e+01 8.610389e-01 2.848659e+00 5.426338e+01
6.000000e-02 7.444000e-02  1.861000e-02  3.000000e+00 3.661913e-06 8.000000e-04 1.724327e-02 3.178361e+01 2.011367e+01 6.770235e+01 1.917990e-01 1.119826e+01 9.075370e-01 3.002493e+00 5.719373e+01
6.000000e-02 7.444000e-02  1.861000e-02  3.000000e+00 3.759488e-06 8.000000e-04 1.724327e-02 3.178280e+01 1.992006e+01 6.761024e+01 2.023993e-01 1.190644e+01 9.565461e-01 3.164635e+00 6.028232e+01
6.000000e-02 7.444000e-02  1.861000e-02  3.000000e+00 3.859664e-06 8.000000e-04 1.724327e-02 3.178157e+01 1.981278e+01 6.757388e+01 2.116941e-01 1.252935e+01 1.008202e+00 3.335533e+00 6.353770e+01
6.000000e-02 7.444000e-02  1.861000e-02  3.000000e+00 3.962510e-06 8.000000e-04 1.724327e-02 3.178063e+01 1.966373e+01 6.749765e+01 2.250283e-01 1.318406e+01 1.062647e+00 3.515659e+00 6.696889e+01
6.000000e-02 7.444000e-02  1.861000e-02  3.000000e+00 4.068095e-06 8.000000e-04 1.724327e-02 3.177932e+01 1.950570e+01 6.741358e+01 2.363847e-01 1.388227e+01 1.120032e+00 3.705513e+00 7.058536e+01
6.000000e-02 7.444000e-02  1.861000e-02  3.000000e+00 4.176494e-06 8.000000e-04 1.724327e-02 3.177803e+01 1.932406e+01 6.733154e+01 2.482864e-01 1.465736e+01 1.180517e+00 3.905619e+00 7.439713e+01
6.000000e-02 7.444000e-02  1.861000e-02  3.000000e+00 4.287782e-06 8.000000e-04 1.724327e-02 3.177714e+01 1.913953e+01 6.722460e+01 2.590133e-01 1.551055e+01 1.244267e+00 4.116531e+00 7.841475e+01
6.000000e-02 7.444000e-02  1.861000e-02  3.000000e+00 4.402035e-06 8.000000e-04 1.724327e-02 3.177566e+01 1.895350e+01 6.716191e+01 2.777169e-01 1.635401e+01 1.311461e+00 4.338834e+00 8.264933e+01
6.000000e-02 7.444000e-02  1.861000e-02  3.000000e+00 4.519332e-06 8.000000e-04 1.724327e-02 3.177413e+01 1.883949e+01 6.715770e+01 2.909321e-01 1.714085e+01 1.382283e+00 4.573141e+00 8.711258e+01
6.000000e-02 7.444000e-02  1.861000e-02  3.000000e+00 4.639755e-06 8.000000e-04 1.724327e-02 3.177244e+01 1.863620e+01 6.703955e+01 3.084988e-01 1.803531e+01 1.456929e+00 4.820101e+00 9.181686e+01
6.000000e-02 7.444000e-02  1.861000e-02  3.000000e+00 4.763386e-06 8.000000e-04 1.724327e-02 3.177126e+01 1.836794e+01 6.696744e+01 3.241289e-01 1.913147e+01 1.535607e+00 5.080397e+00 9.677519e+01
6.000000e-02 7.444000e-02  1.861000e-02  3.000000e+00 4.890312e-06 8.000000e-04 1.724327e-02 3.176882e+01 1.823379e+01 6.691614e+01 3.415506e-01 2.002303e+01 1.618533e+00 5.354751e+00 1.020013e+02
6.000000e-02 7.444000e-02  1.861000e-02  3.000000e+00 5.020620e-06 8.000000e-04 1.724327e-02 3.176757e+01 1.797225e+01 6.678460e+01 3.612868e-01 2.119958e+01 1.705937e+00 5.643920e+00 1.075096e+02
6.000000e-02 7.444000e-02  1.861000e-02  3.000000e+00 5.154400e-06 8.000000e-04 1.724327e-02 3.176537e+01 1.776150e+01 6.667584e+01 3.819084e-01 2.239963e+01 1.798062e+00 5.948704e+00 1.133153e+02
6.000000e-02 7.444000e-02  1.861000e-02  3.000000e+00 5.291745e-06 8.000000e-04 1.724327e-02 3.176352e+01 1.750571e+01 6.664143e+01 4.041683e-01 2.352716e+01 1.895162e+00 6.269948e+00 1.194346e+02
6.000000e-02 7.444000e-02  1.861000e-02  3.000000e+00 5.432750e-06 8.000000e-04 1.724327e-02 3.176207e+01 1.731259e+01 6.656695e+01 4.200104e-01 2.480436e+01 1.997505e+00 6.608540e+00 1.258844e+02
6.000000e-02 7.444000e-02  1.861000e-02  3.000000e+00 5.577512e-06 8.000000e-04 1.724327e-02 3.175989e+01 1.706066e+01 6.650797e+01 4.438771e-01 2.605002e+01 2.105374e+00 6.965416e+00 1.326824e+02
6.000000e-02 7.444000e-02  1.861000e-02  3.000000e+00 5.726131e-06 8.000000e-04 1.724327e-02 3.175759e+01 1.679370e+01 6.641050e+01 4.660763e-01 2.754857e+01 2.219070e+00 7.341565e+00 1.398476e+02
6.000000e-02 7.444000e-02  1.861000e-02  3.000000e+00 5.878710e-06 8.000000e-04 1.724327e-02 3.175480e+01 1.653559e+01 6.635027e+01 4.950945e-01 2.906326e+01 2.338904e+00 7.738026e+00 1.473997e+02
6.000000e-02 7.444000e-02  1.861000e-02  3.000000e+00 6.035355e-06 8.000000e-04 1.724327e-02 3.175222e+01 1.627439e+01 6.631593e+01 5.243059e-01 3.056459e+01 2.465211e+00 8.155898e+00 1.553596e+02
6.000000e-02 7.444000e-02  1.861000e-02  3.000000e+00 6.196174e-06 8.000000e-04 1.724327e-02 3.174875e+01 1.597964e+01 6.624821e+01 5.517950e-01 3.208960e+01 2.598338e+00 8.596335e+00 1.637494e+02
6.000000e-02 7.444000e-02  1.861000e-02  3.000000e+00 6.361278e-06 8.000000e-04 1.724327e-02 3.174649e+01 1.585805e+01 6.627896e+01 5.775455e-01 3.391094e+01 2.738654e+00 9.060557e+00 1.725922e+02
6.000000e-02 7.444000e-02  1.861000e-02  3.000000e+00 6.530782e-06 8.000000e-04 1.724327e-02 3.174384e+01 1.546368e+01 6.611388e+01 6.077513e-01 3.591849e+01 2.886548e+00 9.549848e+00 1.819126e+02
6.000000e-02 7.444000e-02  1.861000e-02  3.000000e+00 6.704802e-06 8.000000e-04 1.724327e-02 3.174110e+01 1.512489e+01 6.606293e+01 6.418825e-01 3.784044e+01 3.042428e+00 1.006556e+01 1.917363e+02
6.000000e-02 7.444000e-02  1.861000e-02  3.000000e+00 6.883459e-06 8.000000e-04 1.724327e-02 3.173706e+01 1.486163e+01 6.612347e+01 6.839520e-01 3.980856e+01 3.206726e+00 1.060913e+01 2.020905e+02
6.000000e-02 7.444000e-02  1.861000e-02  3.000000e+00 7.066877e-06 8.000000e-04 1.724327e-02 3.173434e+01 1.457164e+01 6.605880e+01 7.121557e-01 4.196423e+01 3.379897e+00 1.118204e+01 2.130039e+02
6.000000e-02 7.444000e-02  1.861000e-02  3.000000e+00 7.255182e-06 8.000000e-04 1.724327e-02 3.172923e+01 1.427739e+01 6.619269e+01 7.557686e-01 4.443664e+01 3.562419e+00 1.178590e+01 2.245066e+02
6.000000e-02 7.444000e-02  1.861000e-02  3.000000e+00 7.448504e-06 8.000000e-04 1.724327e-02 3.172535e+01 1.393814e+01 6.607051e+01 7.949112e-01 4.640246e+01 3.754798e+00 1.242236e+01 2.366304e+02
6.000000e-02 7.444000e-02  1.861000e-02  3.000000e+00 7.646978e-06 8.000000e-04 1.724327e-02 3.172201e+01 1.362694e+01 6.616890e+01 8.343332e-01 4.930616e+01 3.957566e+00 1.309320e+01 2.494090e+02
6.000000e-02 7.444000e-02  1.861000e-02  3.000000e+00 7.850741e-06 8.000000e-04 1.724327e-02 3.171662e+01 1.335804e+01 6.636319e+01 8.832158e-01 5.207309e+01 4.171283e+00 1.380026e+01 2.628777e+02
6.000000e-02 7.444000e-02  1.861000e-02  3.000000e+00 8.059933e-06 8.000000e-04 1.724327e-02 3.171322e+01 1.304235e+01 6.644255e+01 9.294636e-01 5.439760e+01 4.396542e+00 1.454551e+01 2.770737e+02
6.000000e-02 7.444000e-02  1.861000e-02  3.000000e+00 8.274699e-06 8.000000e-04 1.724327e-02 3.170799e+01 1.271537e+01 6.653469e+01 9.788790e-01 5.766701e+01 4.633966e+00 1.533100e+01 2.920363e+02
6.000000e-02 7.444000e-02  1.861000e-02  3.000000e+00 8.495188e-06 8.000000e-04 1.724327e-02 3.170305e+01 1.255330e+01 6.673437e+01 1.033759e+00 6.043263e+01 4.884210e+00 1.615891e+01 3.078069e+02
6.000000e-02 7.444000e-02  1.861000e-02  3.000000e+00 8.721552e-06 8.000000e-04 1.724327e-02 3.169721e+01 1.223539e+01 6.695257e+01 1.088549e+00 6.423211e+01 5.147969e+00 1.703153e+01 3.244292e+02
6.000000e-02 7.444000e-02  1.861000e-02  3.000000e+00 8.953948e-06 8.000000e-04 1.724327e-02 3.169218e+01 1.201755e+01 6.717251e+01 1.140613e+00 6.716972e+01 5.425971e+00 1.795127e+01 3.419492e+02
6.000000e-02 7.444000e-02  1.861000e-02  3.000000e+00 9.192536e-06 8.000000e-04 1.724327e-02 3.168515e+01 1.185053e+01 6.748194e+01 1.209455e+00 7.081623e+01 5.718986e+00 1.892068e+01 3.604152e+02
6.000000e-02 7.444000e-02  1.861000e-02  3.000000e+00 9.437481e-06 8.000000e-04 1.724327e-02 3.168130e+01 1.153370e+01 6.780342e+01 1.268992e+00 7.477654e+01 6.027825e+00 1.994244e+01 3.798785e+02
6.000000e-02 7.444000e-02  1.861000e-02  3.000000e+00 9.688954e-06 8.000000e-04 1.724327e-02 3.167533e+01 1.131281e+01 6.815643e+01 1.334678e+00 7.863023e+01 6.353341e+00 2.101938e+01 4.003928e+02
6.000000e-02 7.444000e-02  1.861000e-02  3.000000e+00 9.947127e-06 8.000000e-04 1.724327e-02 3.166629e+01 1.114713e+01 6.887637e+01 1.415814e+00 8.337991e+01 6.696436e+00 2.215447e+01 4.220149e+02
6.000000e-02 7.444000e-02  1.861000e-02  3.000000e+00 1.021218e-05 8.000000e-04 1.724327e-02 3.165927e+01 1.118263e+01 6.940346e+01 1.487394e+00 8.740112e+01 7.058059e+00 2.335087e+01 4.448047e+02
6.000000e-02 7.444000e-02  1.861000e-02  3.000000e+00 1.048430e-05 8.000000e-04 1.724327e-02 3.165373e+01 1.092358e+01 7.001359e+01 1.561580e+00 9.248602e+01 7.439211e+00 2.461187e+01 4.688252e+02
6.000000e-02 7.444000e-02  1.861000e-02  3.000000e+00 1.076366e-05 8.000000e-04 1.724327e-02 3.164163e+01 1.090045e+01 7.060897e+01 1.658476e+00 9.736495e+01 7.840945e+00 2.594097e+01 4.941428e+02
6.000000e-02 7.444000e-02  1.861000e-02  3.000000e+00 1.105047e-05 8.000000e-04 1.724327e-02 3.163257e+01 1.085541e+01 7.146567e+01 1.760498e+00 1.030820e+02 8.264375e+00 2.734184e+01 5.208277e+02
6.000000e-02 7.444000e-02  1.861000e-02  3.000000e+00 1.134492e-05 8.000000e-04 1.724327e-02 3.162830e+01 1.080044e+01 7.218197e+01 1.833967e+00 1.075456e+02 8.710670e+00 2.881836e+01 5.489536e+02
6.000000e-02 7.444000e-02  1.861000e-02  3.000000e+00 1.164722e-05 8.000000e-04 1.724327e-02 3.162074e+01 1.084221e+01 7.308124e+01 1.934715e+00 1.141262e+02 9.181066e+00 3.037462e+01 5.785983e+02
6.000000e-02 7.444000e-02  1.861000e-02  3.000000e+00 1.195758e-05 8.000000e-04 1.724327e-02 3.161128e+01 1.101139e+01 7.426142e+01 2.034099e+00 1.204743e+02 9.676865e+00 3.201492e+01 6.098440e+02
6.000000e-02 7.444000e-02  1.861000e-02  3.000000e+00 1.227620e-05 8.000000e-04 1.724327e-02 3.159541e+01 1.122654e+01 7.549077e+01 2.159541e+00 1.260850e+02 1.019944e+01 3.374380e+01 6.427769e+02
6.000000e-02 7.444000e-02  1.861000e-02  3.000000e+00 1.260331e-05 8.000000e-04 1.724327e-02 3.158281e+01 1.137619e+01 7.678688e+01 2.273979e+00 1.331588e+02 1.075023e+01 3.556604e+01 6.774884e+02
6.000000e-02 7.444000e-02  1.861000e-02  3.000000e+00 1.293914e-05 8.000000e-04 1.724327e-02 3.157147e+01 1.165525e+01 7.842886e+01 2.420923e+00 1.409682e+02 1.133077e+01 3.748669e+01 7.140743e+02
6.000000e-02 7.444000e-02  1.861000e-02  3.000000e+00 1.328392e-05 8.000000e-04 1.724327e-02 3.155892e+01 1.200202e+01 7.969388e+01 2.541204e+00 1.473501e+02 1.194266e+01 3.951106e+01 7.526360e+02
6.000000e-02 7.444000e-02  1.861000e-02  3.000000e+00 1.363789e-05 8.000000e-04 1.724327e-02 3.154869e+01 1.259053e+01 8.142885e+01 2.649367e+00 1.568370e+02 1.258759e+01 4.164475e+01 7.932801e+02
6.000000e-02 7.444000e-02  1.861000e-02  3.000000e+00 1.400128e-05 8.000000e-04 1.724327e-02 3.153286e+01 1.314544e+01 8.315700e+01 2.814664e+00 1.636464e+02 1.326735e+01 4.389366e+01 8.361190e+02
