1.250000e+00 2.424000e-01  6.060000e-02  3.000000e+00 2.000000e-06 8.000000e-04 3.499975e+01 3.180203e+01 2.288800e+01 6.923340e+01 1.944678e-06 6.201871e-05 8.349659e-06 3.008943e-05 4.672456e-04
1.250000e+00 2.424000e-01  6.060000e-02  3.000000e+00 2.053292e-06 8.000000e-04 3.499975e+01 3.180203e+01 2.288800e+01 6.923340e+01 2.015760e-06 6.564820e-05 8.800559e-06 3.171433e-05 4.924779e-04
1.250000e+00 2.424000e-01  6.060000e-02  3.000000e+00 2.108005e-06 8.000000e-04 3.499975e+01 3.180203e+01 2.288800e+01 6.923340e+01 2.141064e-06 6.907652e-05 9.275810e-06 3.342698e-05 5.190729e-04
1.250000e+00 2.424000e-01  6.060000e-02  3.000000e+00 2.164175e-06 8.000000e-04 3.499975e+01 3.180203e+01 2.288800e+01 6.923340e+01 2.282704e-06 7.306619e-05 9.776725e-06 3.523211e-05 5.471040e-04
1.250000e+00 2.424000e-01  6.060000e-02  3.000000e+00 2.221842e-06 8.000000e-04 3.499975e+01 3.180203e+01 2.288800e+01 6.923340e+01 2.351734e-06 7.690071e-05 1.030469e-05 3.713473e-05 5.766489e-04
1.250000e+00 2.424000e-01  6.060000e-02  3.000000e+00 2.281045e-06 8.000000e-04 3.499975e+01 3.180203e+01 2.288800e+01 6.923340e+01 2.523332e-06 8.054238e-05 1.086117e-05 3.914009e-05 6.077893e-04
1.250000e+00 2.424000e-01  6.060000e-02  3.000000e+00 2.341826e-06 8.000000e-04 3.499975e+01 3.180203e+01 2.288800e+01 6.923340e+01 2.645929e-06 8.526228e-05 1.144770e-05 4.125375e-05 6.406113e-04
1.250000e+00 2.424000e-01  6.060000e-02  3.000000e+00 2.404227e-06 8.000000e-04 3.499975e+01 3.180203e+01 2.288800e+01 6.923340e+01 2.757772e-06 8.983218e-05 1.206590e-05 4.348154e-05 6.752058e-04
1.250000e+00 2.424000e-01  6.060000e-02  3.000000e+00 2.468290e-06 8.000000e-04 3.499975e+01 3.180203e+01 2.288800e+01 6.923340e+01 2.930172e-06 9.464320e-05 1.271748e-05 4.582965e-05 7.116684e-04
1.250000e+00 2.424000e-01  6.060000e-02  3.000000e+00 2.534061e-06 8.000000e-04 3.499975e+01 3.180203e+01 2.288800e+01 6.923340e+01 3.117111e-06 9.963138e-05 1.340426e-05 4.830455e-05 7.501002e-04
1.250000e+00 2.424000e-01  6.060000e-02  3.000000e+00 2.601584e-06 8.000000e-04 3.499975e+01 3.180203e+01 2.288799e+01 6.923340e+01 3.261227e-06 1.052993e-04 1.412812e-05 5.091311e-05 7.906073e-04
1.250000e+00 2.424000e-01  6.060000e-02  3.000000e+00 2.670906e-06 8.000000e-04 3.499975e+01 3.180203e+01 2.288799e+01 6.923340e+01 3.469197e-06 1.105341e-04 1.489107e-05 5.366254e-05 8.333019e-04
1.250000e+00 2.424000e-01  6.060000e-02  3.000000e+00 2.742075e-06 8.000000e-04 3.499975e+01 3.180203e+01 2.288799e+01 6.923340e+01 3.646304e-06 1.171147e-04 1.569522e-05 5.656044e-05 8.783022e-04
1.250000e+00 2.424000e-01  6.060000e-02  3.000000e+00 2.815141e-06 8.000000e-04 3.499975e+01 3.180203e+01 2.288799e+01 6.923340e+01 3.808180e-06 1.237835e-04 1.654280e-05 5.961483e-05 9.257325e-04
1.250000e+00 2.424000e-01  6.060000e-02  3.000000e+00 2.890154e-06 8.000000e-04 3.499975e+01 3.180203e+01 2.288799e+01 6.923339e+01 3.970493e-06 1.291531e-04 1.743615e-05 6.283417e-05 9.757242e-04
1.250000e+00 2.424000e-01  6.060000e-02  3.000000e+00 2.967165e-06 8.000000e-04 3.499975e+01 3.180203e+01 2.288799e+01 6.923339e+01 4.237932e-06 1.367515e-04 1.837774e-05 6.622736e-05 1.028416e-03
1.250000e+00 2.424000e-01  6.060000e-02  3.000000e+00 3.046229e-06 8.000000e-04 3.499975e+01 3.180203e+01 2.288798e+01 6.923339e+01 4.517855e-06 1.442742e-04 1.937018e-05 6.980379e-05 1.083952e-03
1.250000e+00 2.424000e-01  6.060000e-02  3.000000e+00 3.127399e-06 8.000000e-04 3.499975e+01 3.180203e+01 2.288798e+01 6.923339e+01 4.735297e-06 1.515869e-04 2.041622e-05 7.357336e-05 1.142488e-03
1.250000e+00 2.424000e-01  6.060000e-02  3.000000e+00 3.210732e-06 8.000000e-04 3.499975e+01 3.180203e+01 2.288798e+01 6.923339e+01 5.013869e-06 1.610697e-04 2.151874e-05 7.754649e-05 1.204185e-03
1.250000e+00 2.424000e-01  6.060000e-02  3.000000e+00 3.296286e-06 8.000000e-04 3.499975e+01 3.180203e+01 2.288798e+01 6.923339e+01 5.226986e-06 1.689519e-04 2.268080e-05 8.173418e-05 1.269214e-03
1.250000e+00 2.424000e-01  6.060000e-02  3.000000e+00 3.384119e-06 8.000000e-04 3.499975e+01 3.180203e+01 2.288798e+01 6.923339e+01 5.505920e-06 1.768284e-04 2.390562e-05 8.614802e-05 1.337755e-03
1.250000e+00 2.424000e-01  6.060000e-02  3.000000e+00 3.474293e-06 8.000000e-04 3.499975e+01 3.180203e+01 2.288797e+01 6.923339e+01 5.883713e-06 1.876915e-04 2.519658e-05 9.080021e-05 1.409996e-03
1.250000e+00 2.424000e-01  6.060000e-02  3.000000e+00 3.566869e-06 8.000000e-04 3.499975e+01 3.180203e+01 2.288797e+01 6.923339e+01 6.085275e-06 1.963257e-04 2.655725e-05 9.570363e-05 1.486140e-03
1.250000e+00 2.424000e-01  6.060000e-02  3.000000e+00 3.661913e-06 8.000000e-04 3.499975e+01 3.180203e+01 2.288797e+01 6.923338e+01 6.510575e-06 2.075522e-04 2.799140e-05 1.008718e-04 1.566395e-03
1.250000e+00 2.424000e-01  6.060000e-02  3.000000e+00 3.759488e-06 8.000000e-04 3.499975e+01 3.180203e+01 2.288797e+01 6.923338e+01 6.738728e-06 2.193344e-04 2.950300e-05 1.063192e-04 1.650983e-03
1.250000e+00 2.424000e-01  6.060000e-02  3.000000e+00 3.859664e-06 8.000000e-04 3.499975e+01 3.180203e+01 2.288796e+01 6.923338e+01 7.217781e-06 2.327369e-04 3.109623e-05 1.120606e-04 1.740140e-03
1.250000e+00 2.424000e-01  6.060000e-02  3.000000e+00 3.962510e-06 8.000000e-04 3.499975e+01 3.180203e+01 2.288796e+01 6.923338e+01 7.615633e-06 2.429224e-04 3.277550e-05 1.181122e-04 1.834112e-03
1.250000e+00 2.424000e-01  6.060000e-02  3.000000e+00 4.068095e-06 8.000000e-04 3.499975e+01 3.180203e+01 2.288796e+01 6.923338e+01 8.032665e-06 2.572153e-04 3.454546e-05 1.244905e-04 1.933158e-03
1.250000e+00 2.424000e-01  6.060000e-02  3.000000e+00 4.176494e-06 8.000000e-04 3.499975e+01 3.180203e+01 2.288795e+01 6.923338e+01 8.391684e-06 2.713852e-04 3.641099e-05 1.312133e-04 2.037553e-03
1.250000e+00 2.424000e-01  6.060000e-02  3.000000e+00 4.287782e-06 8.000000e-04 3.499975e+01 3.180203e+01 2.288795e+01 6.923337e+01 8.903369e-06 2.865532e-04 3.837727e-05 1.382991e-04 2.147586e-03
1.250000e+00 2.424000e-01  6.060000e-02  3.000000e+00 4.402035e-06 8.000000e-04 3.499975e+01 3.180203e+01 2.288795e+01 6.923337e+01 9.324694e-06 3.004209e-04 4.044973e-05 1.457676e-04 2.263560e-03
1.250000e+00 2.424000e-01  6.060000e-02  3.000000e+00 4.519332e-06 8.000000e-04 3.499975e+01 3.180203e+01 2.288794e+01 6.923337e+01 9.865338e-06 3.174723e-04 4.263411e-05 1.536394e-04 2.385798e-03
1.250000e+00 2.424000e-01  6.060000e-02  3.000000e+00 4.639755e-06 8.000000e-04 3.499975e+01 3.180203e+01 2.288794e+01 6.923337e+01 1.040284e-05 3.313258e-04 4.493645e-05 1.619362e-04 2.514637e-03
1.250000e+00 2.424000e-01  6.060000e-02  3.000000e+00 4.763386e-06 8.000000e-04 3.499975e+01 3.180203e+01 2.288793e+01 6.923337e+01 1.096567e-05 3.521813e-04 4.736312e-05 1.706812e-04 2.650433e-03
1.250000e+00 2.424000e-01  6.060000e-02  3.000000e+00 4.890312e-06 8.000000e-04 3.499975e+01 3.180203e+01 2.288793e+01 6.923336e+01 1.150358e-05 3.699763e-04 4.992084e-05 1.798983e-04 2.793562e-03
1.250000e+00 2.424000e-01  6.060000e-02  3.000000e+00 5.020620e-06 8.000000e-04 3.499975e+01 3.180203e+01 2.288792e+01 6.923336e+01 1.227937e-05 3.898126e-04 5.261668e-05 1.896133e-04 2.944421e-03
1.250000e+00 2.424000e-01  6.060000e-02  3.000000e+00 5.154400e-06 8.000000e-04 3.499975e+01 3.180203e+01 2.288792e+01 6.923336e+01 1.271101e-05 4.141492e-04 5.545810e-05 1.998528e-04 3.103427e-03
1.250000e+00 2.424000e-01  6.060000e-02  3.000000e+00 5.291745e-06 8.000000e-04 3.499975e+01 3.180203e+01 2.288791e+01 6.923335e+01 1.350830e-05 4.333151e-04 5.845297e-05 2.106453e-04 3.271019e-03
1.250000e+00 2.424000e-01  6.060000e-02  3.000000e+00 5.432750e-06 8.000000e-04 3.499975e+01 3.180203e+01 2.288791e+01 6.923335e+01 1.427839e-05 4.600147e-04 6.160956e-05 2.220207e-04 3.447661e-03
1.250000e+00 2.424000e-01  6.060000e-02  3.000000e+00 5.577512e-06 8.000000e-04 3.499975e+01 3.180203e+01 2.288790e+01 6.923335e+01 1.514058e-05 4.812085e-04 6.493662e-05 2.340103e-04 3.633843e-03
1.250000e+00 2.424000e-01  6.060000e-02  3.000000e+00 5.726131e-06 8.000000e-04 3.499975e+01 3.180203e+01 2.288789e+01 6.923335e+01 1.587637e-05 5.105360e-04 6.844335e-05 2.466474e-04 3.830079e-03
1.250000e+00 2.424000e-01  6.060000e-02  3.000000e+00 5.878710e-06 8.000000e-04 3.499975e+01 3.180203e+01 2.288789e+01 6.923334e+01 1.672507e-05 5.343498e-04 7.213945e-05 2.599669e-04 4.036912e-03
1.250000e+00 2.424000e-01  6.060000e-02  3.000000e+00 6.035355e-06 8.000000e-04 3.499975e+01 3.180203e+01 2.288788e+01 6.923334e+01 1.749152e-05 5.640454e-04 7.603514e-05 2.740057e-04 4.254915e-03
1.250000e+00 2.424000e-01  6.060000e-02  3.000000e+00 6.196174e-06 8.000000e-04 3.499975e+01 3.180203e+01 2.288787e+01 6.923333e+01 1.846317e-05 5.953893e-04 8.014122e-05 2.888027e-04 4.484690e-03
1.250000e+00 2.424000e-01  6.060000e-02  3.000000e+00 6.361278e-06 8.000000e-04 3.499975e+01 3.180203e+01 2.288786e+01 6.923333e+01 1.974462e-05 6.337669e-04 8.446903e-05 3.043987e-04 4.726874e-03
1.250000e+00 2.424000e-01  6.060000e-02  3.000000e+00 6.530782e-06 8.000000e-04 3.499975e+01 3.180203e+01 2.288786e+01 6.923332e+01 2.053679e-05 6.607865e-04 8.903055e-05 3.208369e-04 4.982136e-03
1.250000e+00 2.424000e-01  6.060000e-02  3.000000e+00 6.704802e-06 8.000000e-04 3.499975e+01 3.180203e+01 2.288785e+01 6.923332e+01 2.153819e-05 6.964873e-04 9.383841e-05 3.381629e-04 5.251182e-03
1.250000e+00 2.424000e-01  6.060000e-02  3.000000e+00 6.883459e-06 8.000000e-04 3.499975e+01 3.180203e+01 2.288784e+01 6.923332e+01 2.273094e-05 7.309733e-04 9.890590e-05 3.564244e-04 5.534758e-03
1.250000e+00 2.424000e-01  6.060000e-02  3.000000e+00 7.066877e-06 8.000000e-04 3.499975e+01 3.180203e+01 2.288783e+01 6.923331e+01 2.387354e-05 7.731118e-04 1.042470e-04 3.756722e-04 5.833648e-03
1.250000e+00 2.424000e-01  6.060000e-02  3.000000e+00 7.255182e-06 8.000000e-04 3.499975e+01 3.180203e+01 2.288782e+01 6.923330e+01 2.553411e-05 8.158918e-04 1.098766e-04 3.959594e-04 6.148679e-03
1.250000e+00 2.424000e-01  6.060000e-02  3.000000e+00 7.448504e-06 8.000000e-04 3.499975e+01 3.180203e+01 2.288781e+01 6.923330e+01 2.672227e-05 8.622903e-04 1.158102e-04 4.173421e-04 6.480722e-03
1.250000e+00 2.424000e-01  6.060000e-02  3.000000e+00 7.646978e-06 8.000000e-04 3.499975e+01 3.180203e+01 2.288779e+01 6.923329e+01 2.823285e-05 9.146741e-04 1.220642e-04 4.398795e-04 6.830695e-03
1.250000e+00 2.424000e-01  6.060000e-02  3.000000e+00 7.850741e-06 8.000000e-04 3.499975e+01 3.180203e+01 2.288778e+01 6.923329e+01 2.967938e-05 9.624419e-04 1.286560e-04 4.636340e-04 7.199569e-03
1.250000e+00 2.424000e-01  6.060000e-02  3.000000e+00 8.059933e-06 8.000000e-04 3.499975e+01 3.180203e+01 2.288777e+01 6.923328e+01 3.116425e-05 1.007016e-03 1.356037e-04 4.886713e-04 7.588362e-03
1.250000e+00 2.424000e-01  6.060000e-02  3.000000e+00 8.274699e-06 8.000000e-04 3.499975e+01 3.180203e+01 2.288776e+01 6.923327e+01 3.303019e-05 1.061896e-03 1.429266e-04 5.150607e-04 7.998151e-03
1.250000e+00 2.424000e-01  6.060000e-02  3.000000e+00 8.495188e-06 8.000000e-04 3.499975e+01 3.180203e+01 2.288774e+01 6.923326e+01 3.469179e-05 1.118707e-03 1.506450e-04 5.428752e-04 8.430070e-03
1.250000e+00 2.424000e-01  6.060000e-02  3.000000e+00 8.721552e-06 8.000000e-04 3.499975e+01 3.180203e+01 2.288773e+01 6.923325e+01 3.712492e-05 1.175436e-03 1.587802e-04 5.721917e-04 8.885313e-03
1.250000e+00 2.424000e-01  6.060000e-02  3.000000e+00 8.953948e-06 8.000000e-04 3.499975e+01 3.180203e+01 2.288771e+01 6.923325e+01 3.910095e-05 1.246253e-03 1.673547e-04 6.030914e-04 9.365141e-03
1.250000e+00 2.424000e-01  6.060000e-02  3.000000e+00 9.192536e-06 8.000000e-04 3.499975e+01 3.180203e+01 2.288770e+01 6.923324e+01 4.098722e-05 1.303012e-03 1.763922e-04 6.356597e-04 9.870880e-03
1.250000e+00 2.424000e-01  6.060000e-02  3.000000e+00 9.437481e-06 8.000000e-04 3.499975e+01 3.180203e+01 2.288768e+01 6.923323e+01 4.256865e-05 1.382620e-03 1.859178e-04 6.699868e-04 1.040393e-02
1.250000e+00 2.424000e-01  6.060000e-02  3.000000e+00 9.688954e-06 8.000000e-04 3.499975e+01 3.180203e+01 2.288766e+01 6.923322e+01 4.500405e-05 1.448011e-03 1.959578e-04 7.061676e-04 1.096577e-02
1.250000e+00 2.424000e-01  6.060000e-02  3.000000e+00 9.947127e-06 8.000000e-04 3.499975e+01 3.180203e+01 2.288764e+01 6.923321e+01 4.769056e-05 1.533810e-03 2.065399e-04 7.443023e-04 1.155794e-02
1.250000e+00 2.424000e-01  6.060000e-02  3.000000e+00 1.021218e-05 8.000000e-04 3.499975e+01 3.180203e+01 2.288762e+01 6.923320e+01 5.052615e-05 1.622580e-03 2.176936e-04 7.844964e-04 1.218210e-02
1.250000e+00 2.424000e-01  6.060000e-02  3.000000e+00 1.048430e-05 8.000000e-04 3.499975e+01 3.180203e+01 2.288760e+01 6.923319e+01 5.346944e-05 1.703790e-03 2.294495e-04 8.268610e-04 1.283996e-02
1.250000e+00 2.424000e-01  6.060000e-02  3.000000e+00 1.076366e-05 8.000000e-04 3.499975e+01 3.180203e+01 2.288758e+01 6.923318e+01 5.576483e-05 1.790060e-03 2.418403e-04 8.715134e-04 1.353335e-02
1.250000e+00 2.424000e-01  6.060000e-02  3.000000e+00 1.105047e-05 8.000000e-04 3.499975e+01 3.180203e+01 2.288755e+01 6.923316e+01 5.848201e-05 1.895790e-03 2.549003e-04 9.185771e-04 1.426418e-02
1.250000e+00 2.424000e-01  6.060000e-02  3.000000e+00 1.134492e-05 8.000000e-04 3.499975e+01 3.180202e+01 2.288753e+01 6.923314e+01 6.215498e-05 1.992789e-03 2.686655e-04 9.681824e-04 1.503448e-02
1.250000e+00 2.424000e-01  6.060000e-02  3.000000e+00 1.164722e-05 8.000000e-04 3.499975e+01 3.180202e+01 2.288750e+01 6.923314e+01 6.548398e-05 2.103207e-03 2.831740e-04 1.020466e-03 1.584638e-02
1.250000e+00 2.424000e-01  6.060000e-02  3.000000e+00 1.195758e-05 8.000000e-04 3.499975e+01 3.180202e+01 2.288747e+01 6.923312e+01 6.855617e-05 2.220790e-03 2.984661e-04 1.075574e-03 1.670212e-02
1.250000e+00 2.424000e-01  6.060000e-02  3.000000e+00 1.227620e-05 8.000000e-04 3.499975e+01 3.180202e+01 2.288744e+01 6.923311e+01 7.219543e-05 2.352819e-03 3.145840e-04 1.133658e-03 1.760407e-02
1.250000e+00 2.424000e-01  6.060000e-02  3.000000e+00 1.260331e-05 8.000000e-04 3.499975e+01 3.180202e+01 2.288741e+01 6.923309e+01 7.670888e-05 2.460903e-03 3.315722e-04 1.194878e-03 1.855473e-02
1.250000e+00 2.424000e-01  6.060000e-02  3.000000e+00 1.293914e-05 8.000000e-04 3.499975e+01 3.180202e+01 2.288737e+01 6.923307e+01 8.081827e-05 2.613698e-03 3.494779e-04 1.259404e-03 1.955673e-02
