5.000000e-01 3.888000e-01  9.720000e-02  3.000000e+00 2.000000e-06 8.000000e-04 6.261266e-02 3.180203e+01 2.288795e+01 6.923339e+01 1.541114e-05 3.954577e-04 1.375587e-04 4.484890e-04 7.231663e-03
5.000000e-01 3.888000e-01  9.720000e-02  3.000000e+00 2.053292e-06 8.000000e-04 6.261266e-02 3.180203e+01 2.288794e+01 6.923339e+01 1.638680e-05 4.204062e-04 1.449872e-04 4.727085e-04 7.622189e-03
5.000000e-01 3.888000e-01  9.720000e-02  3.000000e+00 2.108005e-06 8.000000e-04 6.261266e-02 3.180203e+01 2.288794e+01 6.923339e+01 1.733579e-05 4.487371e-04 1.528168e-04 4.982358e-04 8.033805e-03
5.000000e-01 3.888000e-01  9.720000e-02  3.000000e+00 2.164175e-06 8.000000e-04 6.261266e-02 3.180203e+01 2.288794e+01 6.923339e+01 1.800531e-05 4.622590e-04 1.610693e-04 5.251417e-04 8.467649e-03
5.000000e-01 3.888000e-01  9.720000e-02  3.000000e+00 2.221842e-06 8.000000e-04 6.261266e-02 3.180203e+01 2.288793e+01 6.923339e+01 1.914489e-05 4.889083e-04 1.697674e-04 5.535006e-04 8.924922e-03
5.000000e-01 3.888000e-01  9.720000e-02  3.000000e+00 2.281045e-06 8.000000e-04 6.261266e-02 3.180203e+01 2.288792e+01 6.923339e+01 1.996924e-05 5.208006e-04 1.789352e-04 5.833909e-04 9.406888e-03
5.000000e-01 3.888000e-01  9.720000e-02  3.000000e+00 2.341826e-06 8.000000e-04 6.261266e-02 3.180203e+01 2.288792e+01 6.923339e+01 2.106696e-05 5.497152e-04 1.885981e-04 6.148953e-04 9.914882e-03
5.000000e-01 3.888000e-01  9.720000e-02  3.000000e+00 2.404227e-06 8.000000e-04 6.261266e-02 3.180203e+01 2.288792e+01 6.923339e+01 2.272778e-05 5.786835e-04 1.987829e-04 6.481011e-04 1.045031e-02
5.000000e-01 3.888000e-01  9.720000e-02  3.000000e+00 2.468290e-06 8.000000e-04 6.261266e-02 3.180203e+01 2.288791e+01 6.923339e+01 2.371156e-05 6.045779e-04 2.095176e-04 6.831001e-04 1.101465e-02
5.000000e-01 3.888000e-01  9.720000e-02  3.000000e+00 2.534061e-06 8.000000e-04 6.261266e-02 3.180203e+01 2.288790e+01 6.923338e+01 2.470672e-05 6.446088e-04 2.208320e-04 7.199891e-04 1.160947e-02
5.000000e-01 3.888000e-01  9.720000e-02  3.000000e+00 2.601584e-06 8.000000e-04 6.261266e-02 3.180203e+01 2.288790e+01 6.923338e+01 2.602962e-05 6.787525e-04 2.327575e-04 7.588701e-04 1.223640e-02
5.000000e-01 3.888000e-01  9.720000e-02  3.000000e+00 2.670906e-06 8.000000e-04 6.261266e-02 3.180203e+01 2.288789e+01 6.923338e+01 2.772658e-05 7.107292e-04 2.453269e-04 7.998509e-04 1.289720e-02
5.000000e-01 3.888000e-01  9.720000e-02  3.000000e+00 2.742075e-06 8.000000e-04 6.261266e-02 3.180203e+01 2.288788e+01 6.923338e+01 2.865093e-05 7.496581e-04 2.585751e-04 8.430447e-04 1.359368e-02
5.000000e-01 3.888000e-01  9.720000e-02  3.000000e+00 2.815141e-06 8.000000e-04 6.261266e-02 3.180203e+01 2.288788e+01 6.923338e+01 3.033020e-05 7.838993e-04 2.725388e-04 8.885710e-04 1.432777e-02
5.000000e-01 3.888000e-01  9.720000e-02  3.000000e+00 2.890154e-06 8.000000e-04 6.261266e-02 3.180203e+01 2.288787e+01 6.923337e+01 3.264068e-05 8.329323e-04 2.872565e-04 9.365559e-04 1.510150e-02
5.000000e-01 3.888000e-01  9.720000e-02  3.000000e+00 2.967165e-06 8.000000e-04 6.261266e-02 3.180203e+01 2.288786e+01 6.923337e+01 3.393529e-05 8.788949e-04 3.027690e-04 9.871321e-04 1.591701e-02
5.000000e-01 3.888000e-01  9.720000e-02  3.000000e+00 3.046229e-06 8.000000e-04 6.261266e-02 3.180203e+01 2.288785e+01 6.923337e+01 3.588244e-05 9.180458e-04 3.191193e-04 1.040440e-03 1.677657e-02
5.000000e-01 3.888000e-01  9.720000e-02  3.000000e+00 3.127399e-06 8.000000e-04 6.261266e-02 3.180203e+01 2.288784e+01 6.923337e+01 3.814127e-05 9.741212e-04 3.363524e-04 1.096626e-03 1.768254e-02
5.000000e-01 3.888000e-01  9.720000e-02  3.000000e+00 3.210732e-06 8.000000e-04 6.261266e-02 3.180203e+01 2.288783e+01 6.923337e+01 4.009005e-05 1.025832e-03 3.545163e-04 1.155846e-03 1.863744e-02
5.000000e-01 3.888000e-01  9.720000e-02  3.000000e+00 3.296286e-06 8.000000e-04 6.261266e-02 3.180203e+01 2.288782e+01 6.923337e+01 4.129979e-05 1.079280e-03 3.736610e-04 1.218264e-03 1.964391e-02
5.000000e-01 3.888000e-01  9.720000e-02  3.000000e+00 3.384119e-06 8.000000e-04 6.261266e-02 3.180203e+01 2.288781e+01 6.923336e+01 4.375353e-05 1.135072e-03 3.938395e-04 1.284053e-03 2.070472e-02
5.000000e-01 3.888000e-01  9.720000e-02  3.000000e+00 3.474293e-06 8.000000e-04 6.261266e-02 3.180203e+01 2.288780e+01 6.923336e+01 4.674944e-05 1.203710e-03 4.151078e-04 1.353395e-03 2.182283e-02
5.000000e-01 3.888000e-01  9.720000e-02  3.000000e+00 3.566869e-06 8.000000e-04 6.261266e-02 3.180203e+01 2.288779e+01 6.923336e+01 4.887882e-05 1.255384e-03 4.375245e-04 1.426482e-03 2.300131e-02
5.000000e-01 3.888000e-01  9.720000e-02  3.000000e+00 3.661913e-06 8.000000e-04 6.261266e-02 3.180203e+01 2.288777e+01 6.923335e+01 5.232621e-05 1.344415e-03 4.611519e-04 1.503515e-03 2.424343e-02
5.000000e-01 3.888000e-01  9.720000e-02  3.000000e+00 3.759488e-06 8.000000e-04 6.261266e-02 3.180202e+01 2.288776e+01 6.923334e+01 5.446781e-05 1.405925e-03 4.860551e-04 1.584708e-03 2.555263e-02
5.000000e-01 3.888000e-01  9.720000e-02  3.000000e+00 3.859664e-06 8.000000e-04 6.261266e-02 3.180202e+01 2.288774e+01 6.923334e+01 5.768092e-05 1.488886e-03 5.123032e-04 1.670286e-03 2.693254e-02
5.000000e-01 3.888000e-01  9.720000e-02  3.000000e+00 3.962510e-06 8.000000e-04 6.261266e-02 3.180202e+01 2.288773e+01 6.923334e+01 6.115373e-05 1.565526e-03 5.399688e-04 1.760486e-03 2.838695e-02
5.000000e-01 3.888000e-01  9.720000e-02  3.000000e+00 4.068095e-06 8.000000e-04 6.261266e-02 3.180202e+01 2.288772e+01 6.923334e+01 6.279257e-05 1.627671e-03 5.691284e-04 1.855556e-03 2.991992e-02
5.000000e-01 3.888000e-01  9.720000e-02  3.000000e+00 4.176494e-06 8.000000e-04 6.261266e-02 3.180202e+01 2.288770e+01 6.923334e+01 6.746032e-05 1.732022e-03 5.998626e-04 1.955760e-03 3.153566e-02
5.000000e-01 3.888000e-01  9.720000e-02  3.000000e+00 4.287782e-06 8.000000e-04 6.261266e-02 3.180202e+01 2.288768e+01 6.923332e+01 7.071155e-05 1.829606e-03 6.322566e-04 2.061376e-03 3.323866e-02
5.000000e-01 3.888000e-01  9.720000e-02  3.000000e+00 4.402035e-06 8.000000e-04 6.261266e-02 3.180202e+01 2.288767e+01 6.923333e+01 7.542778e-05 1.920729e-03 6.663999e-04 2.172695e-03 3.503362e-02
5.000000e-01 3.888000e-01  9.720000e-02  3.000000e+00 4.519332e-06 8.000000e-04 6.261266e-02 3.180202e+01 2.288764e+01 6.923331e+01 7.841649e-05 2.059582e-03 7.023870e-04 2.290025e-03 3.692552e-02
5.000000e-01 3.888000e-01  9.720000e-02  3.000000e+00 4.639755e-06 8.000000e-04 6.261266e-02 3.180202e+01 2.288762e+01 6.923331e+01 8.280911e-05 2.149409e-03 7.403175e-04 2.413692e-03 3.891958e-02
5.000000e-01 3.888000e-01  9.720000e-02  3.000000e+00 4.763386e-06 8.000000e-04 6.261266e-02 3.180202e+01 2.288761e+01 6.923331e+01 8.802315e-05 2.255221e-03 7.802964e-04 2.544037e-03 4.102133e-02
5.000000e-01 3.888000e-01  9.720000e-02  3.000000e+00 4.890312e-06 8.000000e-04 6.261266e-02 3.180202e+01 2.288758e+01 6.923330e+01 9.416797e-05 2.376721e-03 8.224342e-04 2.681421e-03 4.323658e-02
5.000000e-01 3.888000e-01  9.720000e-02  3.000000e+00 5.020620e-06 8.000000e-04 6.261266e-02 3.180202e+01 2.288757e+01 6.923330e+01 9.768863e-05 2.469593e-03 8.668476e-04 2.826224e-03 4.557145e-02
5.000000e-01 3.888000e-01  9.720000e-02  3.000000e+00 5.154400e-06 8.000000e-04 6.261266e-02 3.180202e+01 2.288753e+01 6.923330e+01 1.012052e-04 2.659016e-03 9.136593e-04 2.978846e-03 4.803242e-02
5.000000e-01 3.888000e-01  9.720000e-02  3.000000e+00 5.291745e-06 8.000000e-04 6.261266e-02 3.180202e+01 2.288751e+01 6.923329e+01 1.073023e-04 2.779859e-03 9.629990e-04 3.139711e-03 5.062628e-02
5.000000e-01 3.888000e-01  9.720000e-02  3.000000e+00 5.432750e-06 8.000000e-04 6.261266e-02 3.180202e+01 2.288748e+01 6.923329e+01 1.131895e-04 2.945253e-03 1.015003e-03 3.309263e-03 5.336021e-02
5.000000e-01 3.888000e-01  9.720000e-02  3.000000e+00 5.577512e-06 8.000000e-04 6.261266e-02 3.180202e+01 2.288746e+01 6.923328e+01 1.201697e-04 3.087917e-03 1.069816e-03 3.487970e-03 5.624179e-02
5.000000e-01 3.888000e-01  9.720000e-02  3.000000e+00 5.726131e-06 8.000000e-04 6.261266e-02 3.180202e+01 2.288742e+01 6.923326e+01 1.277046e-04 3.271732e-03 1.127588e-03 3.676329e-03 5.927898e-02
5.000000e-01 3.888000e-01  9.720000e-02  3.000000e+00 5.878710e-06 8.000000e-04 6.261266e-02 3.180202e+01 2.288739e+01 6.923327e+01 1.311775e-04 3.404282e-03 1.188481e-03 3.874859e-03 6.248018e-02
5.000000e-01 3.888000e-01  9.720000e-02  3.000000e+00 6.035355e-06 8.000000e-04 6.261266e-02 3.180202e+01 2.288736e+01 6.923325e+01 1.401071e-04 3.633939e-03 1.252661e-03 4.084110e-03 6.585425e-02
5.000000e-01 3.888000e-01  9.720000e-02  3.000000e+00 6.196174e-06 8.000000e-04 6.261266e-02 3.180201e+01 2.288733e+01 6.923323e+01 1.462698e-04 3.808200e-03 1.320308e-03 4.304662e-03 6.941053e-02
5.000000e-01 3.888000e-01  9.720000e-02  3.000000e+00 6.361278e-06 8.000000e-04 6.261266e-02 3.180201e+01 2.288728e+01 6.923325e+01 1.577959e-04 4.047519e-03 1.391608e-03 4.537124e-03 7.315886e-02
5.000000e-01 3.888000e-01  9.720000e-02  3.000000e+00 6.530782e-06 8.000000e-04 6.261266e-02 3.180201e+01 2.288724e+01 6.923322e+01 1.646384e-04 4.226146e-03 1.466758e-03 4.782139e-03 7.710961e-02
5.000000e-01 3.888000e-01  9.720000e-02  3.000000e+00 6.704802e-06 8.000000e-04 6.261266e-02 3.180201e+01 2.288721e+01 6.923320e+01 1.745120e-04 4.477283e-03 1.545966e-03 5.040385e-03 8.127371e-02
5.000000e-01 3.888000e-01  9.720000e-02  3.000000e+00 6.883459e-06 8.000000e-04 6.261266e-02 3.180201e+01 2.288715e+01 6.923320e+01 1.825533e-04 4.760082e-03 1.629452e-03 5.312578e-03 8.566267e-02
5.000000e-01 3.888000e-01  9.720000e-02  3.000000e+00 7.066877e-06 8.000000e-04 6.261266e-02 3.180201e+01 2.288711e+01 6.923320e+01 1.943370e-04 4.954741e-03 1.717446e-03 5.599469e-03 9.028866e-02
5.000000e-01 3.888000e-01  9.720000e-02  3.000000e+00 7.255182e-06 8.000000e-04 6.261266e-02 3.180201e+01 2.288705e+01 6.923316e+01 2.056528e-04 5.221706e-03 1.810192e-03 5.901853e-03 9.516445e-02
5.000000e-01 3.888000e-01  9.720000e-02  3.000000e+00 7.448504e-06 8.000000e-04 6.261266e-02 3.180201e+01 2.288703e+01 6.923318e+01 2.116210e-04 5.527091e-03 1.907946e-03 6.220567e-03 1.003036e-01
5.000000e-01 3.888000e-01  9.720000e-02  3.000000e+00 7.646978e-06 8.000000e-04 6.261266e-02 3.180201e+01 2.288693e+01 6.923313e+01 2.293493e-04 5.847964e-03 2.010980e-03 6.556492e-03 1.057202e-01
5.000000e-01 3.888000e-01  9.720000e-02  3.000000e+00 7.850741e-06 8.000000e-04 6.261266e-02 3.180200e+01 2.288691e+01 6.923314e+01 2.358909e-04 6.115375e-03 2.119578e-03 6.910558e-03 1.114293e-01
5.000000e-01 3.888000e-01  9.720000e-02  3.000000e+00 8.059933e-06 8.000000e-04 6.261266e-02 3.180200e+01 2.288685e+01 6.923313e+01 2.500766e-04 6.433130e-03 2.234040e-03 7.283744e-03 1.174468e-01
5.000000e-01 3.888000e-01  9.720000e-02  3.000000e+00 8.274699e-06 8.000000e-04 6.261266e-02 3.180200e+01 2.288678e+01 6.923314e+01 2.638281e-04 6.833454e-03 2.354683e-03 7.677083e-03 1.237891e-01
5.000000e-01 3.888000e-01  9.720000e-02  3.000000e+00 8.495188e-06 8.000000e-04 6.261266e-02 3.180200e+01 2.288670e+01 6.923309e+01 2.794341e-04 7.212059e-03 2.481841e-03 8.091663e-03 1.304740e-01
5.000000e-01 3.888000e-01  9.720000e-02  3.000000e+00 8.721552e-06 8.000000e-04 6.261266e-02 3.180200e+01 2.288663e+01 6.923306e+01 2.932067e-04 7.508166e-03 2.615866e-03 8.528632e-03 1.375199e-01
5.000000e-01 3.888000e-01  9.720000e-02  3.000000e+00 8.953948e-06 8.000000e-04 6.261266e-02 3.180200e+01 2.288657e+01 6.923306e+01 3.092710e-04 7.908295e-03 2.757129e-03 8.989198e-03 1.449463e-01
5.000000e-01 3.888000e-01  9.720000e-02  3.000000e+00 9.192536e-06 8.000000e-04 6.261266e-02 3.180200e+01 2.288649e+01 6.923307e+01 3.222497e-04 8.422076e-03 2.906021e-03 9.474635e-03 1.527738e-01
5.000000e-01 3.888000e-01  9.720000e-02  3.000000e+00 9.437481e-06 8.000000e-04 6.261266e-02 3.180199e+01 2.288641e+01 6.923305e+01 3.446875e-04 8.828419e-03 3.062952e-03 9.986287e-03 1.610239e-01
5.000000e-01 3.888000e-01  9.720000e-02  3.000000e+00 9.688954e-06 8.000000e-04 6.261266e-02 3.180199e+01 2.288631e+01 6.923299e+01 3.644042e-04 9.341779e-03 3.228359e-03 1.052557e-02 1.697196e-01
5.000000e-01 3.888000e-01  9.720000e-02  3.000000e+00 9.947127e-06 8.000000e-04 6.261266e-02 3.180199e+01 2.288622e+01 6.923299e+01 3.783411e-04 9.859494e-03 3.402698e-03 1.109397e-02 1.788848e-01
5.000000e-01 3.888000e-01  9.720000e-02  3.000000e+00 1.021218e-05 8.000000e-04 6.261266e-02 3.180199e+01 2.288611e+01 6.923297e+01 3.999138e-04 1.042264e-02 3.586451e-03 1.169308e-02 1.885450e-01
5.000000e-01 3.888000e-01  9.720000e-02  3.000000e+00 1.048430e-05 8.000000e-04 6.261266e-02 3.180198e+01 2.288600e+01 6.923294e+01 4.200825e-04 1.104094e-02 3.780128e-03 1.232453e-02 1.987269e-01
5.000000e-01 3.888000e-01  9.720000e-02  3.000000e+00 1.076366e-05 8.000000e-04 6.261266e-02 3.180198e+01 2.288587e+01 6.923287e+01 4.499307e-04 1.159092e-02 3.984264e-03 1.299008e-02 2.094586e-01
5.000000e-01 3.888000e-01  9.720000e-02  3.000000e+00 1.105047e-05 8.000000e-04 6.261266e-02 3.180198e+01 2.288577e+01 6.923288e+01 4.722018e-04 1.221872e-02 4.199423e-03 1.369158e-02 2.207699e-01
5.000000e-01 3.888000e-01  9.720000e-02  3.000000e+00 1.134492e-05 8.000000e-04 6.261266e-02 3.180197e+01 2.288565e+01 6.923283e+01 4.970325e-04 1.278071e-02 4.426202e-03 1.443095e-02 2.326919e-01
5.000000e-01 3.888000e-01  9.720000e-02  3.000000e+00 1.164722e-05 8.000000e-04 6.261266e-02 3.180197e+01 2.288558e+01 6.923284e+01 5.212778e-04 1.343259e-02 4.665227e-03 1.521026e-02 2.452578e-01
5.000000e-01 3.888000e-01  9.720000e-02  3.000000e+00 1.195758e-05 8.000000e-04 6.261266e-02 3.180197e+01 2.288540e+01 6.923273e+01 5.592920e-04 1.415620e-02 4.917160e-03 1.603165e-02 2.585023e-01
5.000000e-01 3.888000e-01  9.720000e-02  3.000000e+00 1.227620e-05 8.000000e-04 6.261266e-02 3.180197e+01 2.288529e+01 6.923276e+01 5.777493e-04 1.495800e-02 5.182698e-03 1.689739e-02 2.724621e-01
5.000000e-01 3.888000e-01  9.720000e-02  3.000000e+00 1.260331e-05 8.000000e-04 6.261266e-02 3.180196e+01 2.288512e+01 6.923277e+01 6.052649e-04 1.575483e-02 5.462575e-03 1.780989e-02 2.871756e-01
5.000000e-01 3.888000e-01  9.720000e-02  3.000000e+00 1.293914e-05 8.000000e-04 6.261266e-02 3.180196e+01 2.288492e+01 6.923265e+01 6.396920e-04 1.665916e-02 5.757567e-03 1.877167e-02 3.026838e-01
5.000000e-01 3.888000e-01  9.720000e-02  3.000000e+00 1.328392e-05 8.000000e-04 6.261266e-02 3.180195e+01 2.288483e+01 6.923270e+01 6.794499e-04 1.763396e-02 6.068489e-03 1.978538e-02 3.190294e-01
5.000000e-01 3.888000e-01  9.720000e-02  3.000000e+00 1.363789e-05 8.000000e-04 6.261266e-02 3.180195e+01 2.288458e+01 6.923263e+01 7.183274e-04 1.868292e-02 6.396201e-03 2.085384e-02 3.362577e-01
5.000000e-01 3.888000e-01  9.720000e-02  3.000000e+00 1.400128e-05 8.000000e-04 6.261266e-02 3.180195e+01 2.288445e+01 6.923253e+01 7.619335e-04 1.932864e-02 6.741611e-03 2.197999e-02 3.544164e-01
5.000000e-01 3.888000e-01  9.720000e-02  3.000000e+00 1.437436e-05 8.000000e-04 6.261266e-02 3.180194e+01 2.288425e+01 6.923251e+01 8.008186e-04 2.052701e-02 7.105674e-03 2.316696e-02 3.735557e-01
