1.250000e+00 3.070000e-01  7.675000e-02  3.000000e+00 2.000000e-06 8.000000e-04 1.063677e+01 3.180203e+01 2.288801e+01 6.923341e+01 1.298952e-06 3.635677e-05 7.413903e-06 2.423702e-05 3.955237e-04
1.250000e+00 3.070000e-01  7.675000e-02  3.000000e+00 2.053292e-06 8.000000e-04 1.063677e+01 3.180203e+01 2.288801e+01 6.923341e+01 1.366364e-06 3.774023e-05 7.814271e-06 2.554587e-05 4.168829e-04
1.250000e+00 3.070000e-01  7.675000e-02  3.000000e+00 2.108005e-06 8.000000e-04 1.063677e+01 3.180203e+01 2.288801e+01 6.923341e+01 1.456097e-06 4.048405e-05 8.236260e-06 2.692541e-05 4.393956e-04
1.250000e+00 3.070000e-01  7.675000e-02  3.000000e+00 2.164175e-06 8.000000e-04 1.063677e+01 3.180203e+01 2.288801e+01 6.923341e+01 1.538756e-06 4.230767e-05 8.681037e-06 2.837944e-05 4.631239e-04
1.250000e+00 3.070000e-01  7.675000e-02  3.000000e+00 2.221842e-06 8.000000e-04 1.063677e+01 3.180203e+01 2.288801e+01 6.923341e+01 1.603718e-06 4.507281e-05 9.149833e-06 2.991200e-05 4.881337e-04
1.250000e+00 3.070000e-01  7.675000e-02  3.000000e+00 2.281045e-06 8.000000e-04 1.063677e+01 3.180203e+01 2.288801e+01 6.923341e+01 1.703686e-06 4.730668e-05 9.643945e-06 3.152731e-05 5.144941e-04
1.250000e+00 3.070000e-01  7.675000e-02  3.000000e+00 2.341826e-06 8.000000e-04 1.063677e+01 3.180203e+01 2.288801e+01 6.923341e+01 1.798008e-06 4.964954e-05 1.016474e-05 3.322986e-05 5.422779e-04
1.250000e+00 3.070000e-01  7.675000e-02  3.000000e+00 2.404227e-06 8.000000e-04 1.063677e+01 3.180203e+01 2.288801e+01 6.923341e+01 1.883959e-06 5.259009e-05 1.071366e-05 3.502435e-05 5.715622e-04
1.250000e+00 3.070000e-01  7.675000e-02  3.000000e+00 2.468290e-06 8.000000e-04 1.063677e+01 3.180203e+01 2.288801e+01 6.923341e+01 1.977007e-06 5.532975e-05 1.129222e-05 3.691575e-05 6.024279e-04
1.250000e+00 3.070000e-01  7.675000e-02  3.000000e+00 2.534061e-06 8.000000e-04 1.063677e+01 3.180203e+01 2.288801e+01 6.923341e+01 2.083639e-06 5.833642e-05 1.190203e-05 3.890928e-05 6.349604e-04
1.250000e+00 3.070000e-01  7.675000e-02  3.000000e+00 2.601584e-06 8.000000e-04 1.063677e+01 3.180203e+01 2.288801e+01 6.923341e+01 2.197279e-06 6.149666e-05 1.254477e-05 4.101047e-05 6.692497e-04
1.250000e+00 3.070000e-01  7.675000e-02  3.000000e+00 2.670906e-06 8.000000e-04 1.063677e+01 3.180203e+01 2.288801e+01 6.923340e+01 2.313937e-06 6.492429e-05 1.322221e-05 4.322513e-05 7.053907e-04
1.250000e+00 3.070000e-01  7.675000e-02  3.000000e+00 2.742075e-06 8.000000e-04 1.063677e+01 3.180203e+01 2.288800e+01 6.923340e+01 2.452700e-06 6.828453e-05 1.393624e-05 4.555939e-05 7.434834e-04
1.250000e+00 3.070000e-01  7.675000e-02  3.000000e+00 2.815141e-06 8.000000e-04 1.063677e+01 3.180203e+01 2.288800e+01 6.923340e+01 2.594921e-06 7.243858e-05 1.468883e-05 4.801970e-05 7.836333e-04
1.250000e+00 3.070000e-01  7.675000e-02  3.000000e+00 2.890154e-06 8.000000e-04 1.063677e+01 3.180203e+01 2.288800e+01 6.923340e+01 2.727490e-06 7.619634e-05 1.548206e-05 5.061288e-05 8.259513e-04
1.250000e+00 3.070000e-01  7.675000e-02  3.000000e+00 2.967165e-06 8.000000e-04 1.063677e+01 3.180203e+01 2.288800e+01 6.923340e+01 2.873402e-06 7.974786e-05 1.631813e-05 5.334609e-05 8.705546e-04
1.250000e+00 3.070000e-01  7.675000e-02  3.000000e+00 3.046229e-06 8.000000e-04 1.063677e+01 3.180203e+01 2.288800e+01 6.923340e+01 3.039438e-06 8.463289e-05 1.719935e-05 5.622690e-05 9.175665e-04
1.250000e+00 3.070000e-01  7.675000e-02  3.000000e+00 3.127399e-06 8.000000e-04 1.063677e+01 3.180203e+01 2.288800e+01 6.923340e+01 3.162314e-06 8.934963e-05 1.812815e-05 5.926328e-05 9.671172e-04
1.250000e+00 3.070000e-01  7.675000e-02  3.000000e+00 3.210732e-06 8.000000e-04 1.063677e+01 3.180203e+01 2.288800e+01 6.923340e+01 3.347935e-06 9.358894e-05 1.910711e-05 6.246364e-05 1.019344e-03
1.250000e+00 3.070000e-01  7.675000e-02  3.000000e+00 3.296286e-06 8.000000e-04 1.063677e+01 3.180203e+01 2.288800e+01 6.923340e+01 3.541504e-06 9.780679e-05 2.013894e-05 6.583682e-05 1.074391e-03
1.250000e+00 3.070000e-01  7.675000e-02  3.000000e+00 3.384119e-06 8.000000e-04 1.063677e+01 3.180203e+01 2.288800e+01 6.923340e+01 3.769514e-06 1.033712e-04 2.122649e-05 6.939216e-05 1.132410e-03
1.250000e+00 3.070000e-01  7.675000e-02  3.000000e+00 3.474293e-06 8.000000e-04 1.063677e+01 3.180203e+01 2.288800e+01 6.923340e+01 3.972058e-06 1.096049e-04 2.237277e-05 7.313950e-05 1.193563e-03
1.250000e+00 3.070000e-01  7.675000e-02  3.000000e+00 3.566869e-06 8.000000e-04 1.063677e+01 3.180203e+01 2.288799e+01 6.923340e+01 4.118139e-06 1.145975e-04 2.358095e-05 7.708920e-05 1.258018e-03
1.250000e+00 3.070000e-01  7.675000e-02  3.000000e+00 3.661913e-06 8.000000e-04 1.063677e+01 3.180203e+01 2.288799e+01 6.923340e+01 4.374896e-06 1.212368e-04 2.485438e-05 8.125219e-05 1.325954e-03
1.250000e+00 3.070000e-01  7.675000e-02  3.000000e+00 3.759488e-06 8.000000e-04 1.063677e+01 3.180203e+01 2.288799e+01 6.923340e+01 4.583087e-06 1.283611e-04 2.619657e-05 8.564000e-05 1.397559e-03
1.250000e+00 3.070000e-01  7.675000e-02  3.000000e+00 3.859664e-06 8.000000e-04 1.063677e+01 3.180203e+01 2.288799e+01 6.923340e+01 4.879395e-06 1.359986e-04 2.761125e-05 9.026476e-05 1.473030e-03
1.250000e+00 3.070000e-01  7.675000e-02  3.000000e+00 3.962510e-06 8.000000e-04 1.063677e+01 3.180203e+01 2.288799e+01 6.923340e+01 5.102201e-06 1.430411e-04 2.910232e-05 9.513926e-05 1.552577e-03
1.250000e+00 3.070000e-01  7.675000e-02  3.000000e+00 4.068095e-06 8.000000e-04 1.063677e+01 3.180203e+01 2.288799e+01 6.923340e+01 5.341880e-06 1.490435e-04 3.067391e-05 1.002770e-04 1.636420e-03
1.250000e+00 3.070000e-01  7.675000e-02  3.000000e+00 4.176494e-06 8.000000e-04 1.063677e+01 3.180203e+01 2.288798e+01 6.923339e+01 5.686886e-06 1.574636e-04 3.233037e-05 1.056922e-04 1.724790e-03
1.250000e+00 3.070000e-01  7.675000e-02  3.000000e+00 4.287782e-06 8.000000e-04 1.063677e+01 3.180203e+01 2.288798e+01 6.923339e+01 5.936200e-06 1.673362e-04 3.407629e-05 1.113998e-04 1.817933e-03
1.250000e+00 3.070000e-01  7.675000e-02  3.000000e+00 4.402035e-06 8.000000e-04 1.063677e+01 3.180203e+01 2.288798e+01 6.923339e+01 6.355516e-06 1.762757e-04 3.591648e-05 1.174157e-04 1.916106e-03
1.250000e+00 3.070000e-01  7.675000e-02  3.000000e+00 4.519332e-06 8.000000e-04 1.063677e+01 3.180203e+01 2.288798e+01 6.923339e+01 6.715279e-06 1.852678e-04 3.785606e-05 1.237564e-04 2.019580e-03
1.250000e+00 3.070000e-01  7.675000e-02  3.000000e+00 4.639755e-06 8.000000e-04 1.063677e+01 3.180203e+01 2.288798e+01 6.923339e+01 7.005663e-06 1.948085e-04 3.990037e-05 1.304395e-04 2.128642e-03
1.250000e+00 3.070000e-01  7.675000e-02  3.000000e+00 4.763386e-06 8.000000e-04 1.063677e+01 3.180203e+01 2.288797e+01 6.923339e+01 7.429334e-06 2.069872e-04 4.205508e-05 1.374835e-04 2.243593e-03
1.250000e+00 3.070000e-01  7.675000e-02  3.000000e+00 4.890312e-06 8.000000e-04 1.063677e+01 3.180203e+01 2.288797e+01 6.923339e+01 7.804966e-06 2.175209e-04 4.432616e-05 1.449080e-04 2.364752e-03
1.250000e+00 3.070000e-01  7.675000e-02  3.000000e+00 5.020620e-06 8.000000e-04 1.063677e+01 3.180203e+01 2.288797e+01 6.923339e+01 8.261258e-06 2.297171e-04 4.671987e-05 1.527333e-04 2.492455e-03
1.250000e+00 3.070000e-01  7.675000e-02  3.000000e+00 5.154400e-06 8.000000e-04 1.063677e+01 3.180203e+01 2.288796e+01 6.923339e+01 8.620341e-06 2.401553e-04 4.924285e-05 1.609813e-04 2.627053e-03
1.250000e+00 3.070000e-01  7.675000e-02  3.000000e+00 5.291745e-06 8.000000e-04 1.063677e+01 3.180203e+01 2.288796e+01 6.923338e+01 9.036702e-06 2.560699e-04 5.190208e-05 1.696747e-04 2.768920e-03
1.250000e+00 3.070000e-01  7.675000e-02  3.000000e+00 5.432750e-06 8.000000e-04 1.063677e+01 3.180203e+01 2.288796e+01 6.923338e+01 9.585883e-06 2.676998e-04 5.470491e-05 1.788375e-04 2.918448e-03
1.250000e+00 3.070000e-01  7.675000e-02  3.000000e+00 5.577512e-06 8.000000e-04 1.063677e+01 3.180203e+01 2.288796e+01 6.923338e+01 1.013615e-05 2.802644e-04 5.765910e-05 1.884951e-04 3.076051e-03
1.250000e+00 3.070000e-01  7.675000e-02  3.000000e+00 5.726131e-06 8.000000e-04 1.063677e+01 3.180203e+01 2.288795e+01 6.923338e+01 1.073116e-05 2.977858e-04 6.077283e-05 1.986743e-04 3.242165e-03
1.250000e+00 3.070000e-01  7.675000e-02  3.000000e+00 5.878710e-06 8.000000e-04 1.063677e+01 3.180203e+01 2.288795e+01 6.923338e+01 1.140244e-05 3.116481e-04 6.405470e-05 2.094032e-04 3.417249e-03
1.250000e+00 3.070000e-01  7.675000e-02  3.000000e+00 6.035355e-06 8.000000e-04 1.063677e+01 3.180203e+01 2.288794e+01 6.923338e+01 1.185292e-05 3.290186e-04 6.751380e-05 2.207114e-04 3.601788e-03
1.250000e+00 3.070000e-01  7.675000e-02  3.000000e+00 6.196174e-06 8.000000e-04 1.063677e+01 3.180203e+01 2.288794e+01 6.923337e+01 1.250094e-05 3.498687e-04 7.115970e-05 2.326303e-04 3.796293e-03
1.250000e+00 3.070000e-01  7.675000e-02  3.000000e+00 6.361278e-06 8.000000e-04 1.063677e+01 3.180203e+01 2.288794e+01 6.923337e+01 1.305420e-05 3.677731e-04 7.500249e-05 2.451929e-04 4.001302e-03
1.250000e+00 3.070000e-01  7.675000e-02  3.000000e+00 6.530782e-06 8.000000e-04 1.063677e+01 3.180203e+01 2.288793e+01 6.923337e+01 1.395199e-05 3.867520e-04 7.905280e-05 2.584339e-04 4.217381e-03
1.250000e+00 3.070000e-01  7.675000e-02  3.000000e+00 6.704802e-06 8.000000e-04 1.063677e+01 3.180203e+01 2.288793e+01 6.923337e+01 1.467208e-05 4.069402e-04 8.332184e-05 2.723899e-04 4.445130e-03
1.250000e+00 3.070000e-01  7.675000e-02  3.000000e+00 6.883459e-06 8.000000e-04 1.063677e+01 3.180203e+01 2.288792e+01 6.923337e+01 1.531899e-05 4.320193e-04 8.782141e-05 2.870996e-04 4.685177e-03
1.250000e+00 3.070000e-01  7.675000e-02  3.000000e+00 7.066877e-06 8.000000e-04 1.063677e+01 3.180203e+01 2.288792e+01 6.923336e+01 1.615369e-05 4.531451e-04 9.256397e-05 3.026037e-04 4.938188e-03
1.250000e+00 3.070000e-01  7.675000e-02  3.000000e+00 7.255182e-06 8.000000e-04 1.063677e+01 3.180203e+01 2.288791e+01 6.923336e+01 1.719813e-05 4.796631e-04 9.756263e-05 3.189449e-04 5.204861e-03
1.250000e+00 3.070000e-01  7.675000e-02  3.000000e+00 7.448504e-06 8.000000e-04 1.063677e+01 3.180203e+01 2.288791e+01 6.923336e+01 1.803749e-05 5.026195e-04 1.028312e-04 3.361687e-04 5.485936e-03
1.250000e+00 3.070000e-01  7.675000e-02  3.000000e+00 7.646978e-06 8.000000e-04 1.063677e+01 3.180203e+01 2.288790e+01 6.923336e+01 1.906821e-05 5.310845e-04 1.083844e-04 3.543226e-04 5.782189e-03
1.250000e+00 3.070000e-01  7.675000e-02  3.000000e+00 7.850741e-06 8.000000e-04 1.063677e+01 3.180203e+01 2.288789e+01 6.923335e+01 2.001860e-05 5.585376e-04 1.142374e-04 3.734568e-04 6.094440e-03
1.250000e+00 3.070000e-01  7.675000e-02  3.000000e+00 8.059933e-06 8.000000e-04 1.063677e+01 3.180203e+01 2.288789e+01 6.923335e+01 2.072542e-05 5.880658e-04 1.204065e-04 3.936244e-04 6.423554e-03
1.250000e+00 3.070000e-01  7.675000e-02  3.000000e+00 8.274699e-06 8.000000e-04 1.063677e+01 3.180203e+01 2.288788e+01 6.923334e+01 2.263596e-05 6.228732e-04 1.269087e-04 4.148810e-04 6.770441e-03
1.250000e+00 3.070000e-01  7.675000e-02  3.000000e+00 8.495188e-06 8.000000e-04 1.063677e+01 3.180203e+01 2.288787e+01 6.923334e+01 2.364086e-05 6.560036e-04 1.337620e-04 4.372855e-04 7.136060e-03
1.250000e+00 3.070000e-01  7.675000e-02  3.000000e+00 8.721552e-06 8.000000e-04 1.063677e+01 3.180203e+01 2.288786e+01 6.923334e+01 2.475754e-05 6.939449e-04 1.409855e-04 4.609000e-04 7.521424e-03
1.250000e+00 3.070000e-01  7.675000e-02  3.000000e+00 8.953948e-06 8.000000e-04 1.063677e+01 3.180203e+01 2.288785e+01 6.923333e+01 2.611005e-05 7.257990e-04 1.485990e-04 4.857896e-04 7.927598e-03
1.250000e+00 3.070000e-01  7.675000e-02  3.000000e+00 9.192536e-06 8.000000e-04 1.063677e+01 3.180203e+01 2.288784e+01 6.923333e+01 2.754592e-05 7.638400e-04 1.566237e-04 5.120234e-04 8.355707e-03
1.250000e+00 3.070000e-01  7.675000e-02  3.000000e+00 9.437481e-06 8.000000e-04 1.063677e+01 3.180203e+01 2.288784e+01 6.923333e+01 2.874224e-05 8.085750e-04 1.650818e-04 5.396738e-04 8.806935e-03
1.250000e+00 3.070000e-01  7.675000e-02  3.000000e+00 9.688954e-06 8.000000e-04 1.063677e+01 3.180203e+01 2.288782e+01 6.923332e+01 3.095599e-05 8.551721e-04 1.739966e-04 5.688175e-04 9.282529e-03
1.250000e+00 3.070000e-01  7.675000e-02  3.000000e+00 9.947127e-06 8.000000e-04 1.063677e+01 3.180203e+01 2.288781e+01 6.923331e+01 3.222071e-05 9.024326e-04 1.833928e-04 5.995349e-04 9.783807e-03
1.250000e+00 3.070000e-01  7.675000e-02  3.000000e+00 1.021218e-05 8.000000e-04 1.063677e+01 3.180203e+01 2.288780e+01 6.923331e+01 3.387014e-05 9.507794e-04 1.932964e-04 6.319112e-04 1.031216e-02
1.250000e+00 3.070000e-01  7.675000e-02  3.000000e+00 1.048430e-05 8.000000e-04 1.063677e+01 3.180203e+01 2.288779e+01 6.923331e+01 3.554839e-05 9.979893e-04 2.037349e-04 6.660359e-04 1.086904e-02
1.250000e+00 3.070000e-01  7.675000e-02  3.000000e+00 1.076366e-05 8.000000e-04 1.063677e+01 3.180203e+01 2.288778e+01 6.923330e+01 3.763349e-05 1.049105e-03 2.147370e-04 7.020033e-04 1.145599e-02
1.250000e+00 3.070000e-01  7.675000e-02  3.000000e+00 1.105047e-05 8.000000e-04 1.063677e+01 3.180203e+01 2.288776e+01 6.923329e+01 3.972897e-05 1.113282e-03 2.263333e-04 7.399131e-04 1.207464e-02
1.250000e+00 3.070000e-01  7.675000e-02  3.000000e+00 1.134492e-05 8.000000e-04 1.063677e+01 3.180203e+01 2.288775e+01 6.923328e+01 4.179901e-05 1.173357e-03 2.385559e-04 7.798702e-04 1.272670e-02
1.250000e+00 3.070000e-01  7.675000e-02  3.000000e+00 1.164722e-05 8.000000e-04 1.063677e+01 3.180203e+01 2.288774e+01 6.923328e+01 4.384526e-05 1.234202e-03 2.514384e-04 8.219849e-04 1.341397e-02
1.250000e+00 3.070000e-01  7.675000e-02  3.000000e+00 1.195758e-05 8.000000e-04 1.063677e+01 3.180203e+01 2.288772e+01 6.923328e+01 4.693324e-05 1.291990e-03 2.650167e-04 8.663740e-04 1.413835e-02
1.250000e+00 3.070000e-01  7.675000e-02  3.000000e+00 1.227620e-05 8.000000e-04 1.063677e+01 3.180203e+01 2.288771e+01 6.923327e+01 4.966573e-05 1.366763e-03 2.793282e-04 9.131602e-04 1.490186e-02
1.250000e+00 3.070000e-01  7.675000e-02  3.000000e+00 1.260331e-05 8.000000e-04 1.063677e+01 3.180203e+01 2.288769e+01 6.923326e+01 5.164119e-05 1.437680e-03 2.944126e-04 9.624730e-04 1.570659e-02
1.250000e+00 3.070000e-01  7.675000e-02  3.000000e+00 1.293914e-05 8.000000e-04 1.063677e+01 3.180203e+01 2.288767e+01 6.923325e+01 5.431689e-05 1.513728e-03 3.103115e-04 1.014449e-03 1.655478e-02
