1.250000e+00 1.000000e+00  2.500000e-01  3.000000e+00 2.000000e-06 8.000000e-04 2.124340e-02 3.180203e+01 2.288802e+01 6.923341e+01 1.420311e-08 7.029909e-08 1.586888e-07 5.201348e-07 5.361582e-06
1.250000e+00 1.000000e+00  2.500000e-01  3.000000e+00 2.053292e-06 8.000000e-04 2.124340e-02 3.180203e+01 2.288802e+01 6.923341e+01 1.494781e-08 7.384641e-08 1.672583e-07 5.482233e-07 5.651120e-06
1.250000e+00 1.000000e+00  2.500000e-01  3.000000e+00 2.108005e-06 8.000000e-04 2.124340e-02 3.180203e+01 2.288802e+01 6.923341e+01 1.574866e-08 7.787562e-08 1.762907e-07 5.778286e-07 5.956293e-06
1.250000e+00 1.000000e+00  2.500000e-01  3.000000e+00 2.164175e-06 8.000000e-04 2.124340e-02 3.180203e+01 2.288802e+01 6.923341e+01 1.670267e-08 8.292643e-08 1.858108e-07 6.090327e-07 6.277947e-06
1.250000e+00 1.000000e+00  2.500000e-01  3.000000e+00 2.221842e-06 8.000000e-04 2.124340e-02 3.180203e+01 2.288802e+01 6.923341e+01 1.748654e-08 8.777593e-08 1.958450e-07 6.419219e-07 6.616970e-06
1.250000e+00 1.000000e+00  2.500000e-01  3.000000e+00 2.281045e-06 8.000000e-04 2.124340e-02 3.180203e+01 2.288802e+01 6.923341e+01 1.821455e-08 9.196487e-08 2.064211e-07 6.765872e-07 6.974302e-06
1.250000e+00 1.000000e+00  2.500000e-01  3.000000e+00 2.341826e-06 8.000000e-04 2.124340e-02 3.180203e+01 2.288802e+01 6.923341e+01 1.925653e-08 9.613885e-08 2.175683e-07 7.131244e-07 7.350930e-06
1.250000e+00 1.000000e+00  2.500000e-01  3.000000e+00 2.404227e-06 8.000000e-04 2.124340e-02 3.180203e+01 2.288802e+01 6.923341e+01 2.058529e-08 1.017894e-07 2.293175e-07 7.516348e-07 7.747898e-06
1.250000e+00 1.000000e+00  2.500000e-01  3.000000e+00 2.468290e-06 8.000000e-04 2.124340e-02 3.180203e+01 2.288802e+01 6.923341e+01 2.143799e-08 1.088812e-07 2.417011e-07 7.922248e-07 8.166302e-06
1.250000e+00 1.000000e+00  2.500000e-01  3.000000e+00 2.534061e-06 8.000000e-04 2.124340e-02 3.180203e+01 2.288802e+01 6.923341e+01 2.261005e-08 1.126236e-07 2.547536e-07 8.350068e-07 8.607301e-06
1.250000e+00 1.000000e+00  2.500000e-01  3.000000e+00 2.601584e-06 8.000000e-04 2.124340e-02 3.180203e+01 2.288802e+01 6.923341e+01 2.378808e-08 1.201274e-07 2.685108e-07 8.800991e-07 9.072115e-06
1.250000e+00 1.000000e+00  2.500000e-01  3.000000e+00 2.670906e-06 8.000000e-04 2.124340e-02 3.180203e+01 2.288802e+01 6.923341e+01 2.512668e-08 1.261884e-07 2.830111e-07 9.276265e-07 9.562031e-06
1.250000e+00 1.000000e+00  2.500000e-01  3.000000e+00 2.742075e-06 8.000000e-04 2.124340e-02 3.180203e+01 2.288802e+01 6.923341e+01 2.660982e-08 1.333380e-07 2.982943e-07 9.777204e-07 1.007840e-05
1.250000e+00 1.000000e+00  2.500000e-01  3.000000e+00 2.815141e-06 8.000000e-04 2.124340e-02 3.180203e+01 2.288802e+01 6.923341e+01 2.819261e-08 1.383341e-07 3.144029e-07 1.030520e-06 1.062266e-05
1.250000e+00 1.000000e+00  2.500000e-01  3.000000e+00 2.890154e-06 8.000000e-04 2.124340e-02 3.180203e+01 2.288802e+01 6.923341e+01 2.915720e-08 1.478371e-07 3.313814e-07 1.086170e-06 1.119631e-05
1.250000e+00 1.000000e+00  2.500000e-01  3.000000e+00 2.967165e-06 8.000000e-04 2.124340e-02 3.180203e+01 2.288802e+01 6.923341e+01 3.056558e-08 1.573064e-07 3.492767e-07 1.144826e-06 1.180093e-05
1.250000e+00 1.000000e+00  2.500000e-01  3.000000e+00 3.046229e-06 8.000000e-04 2.124340e-02 3.180203e+01 2.288802e+01 6.923341e+01 3.254350e-08 1.622582e-07 3.681385e-07 1.206649e-06 1.243821e-05
1.250000e+00 1.000000e+00  2.500000e-01  3.000000e+00 3.127399e-06 8.000000e-04 2.124340e-02 3.180203e+01 2.288802e+01 6.923341e+01 3.428248e-08 1.725401e-07 3.880188e-07 1.271811e-06 1.310990e-05
1.250000e+00 1.000000e+00  2.500000e-01  3.000000e+00 3.210732e-06 8.000000e-04 2.124340e-02 3.180203e+01 2.288802e+01 6.923341e+01 3.641082e-08 1.816715e-07 4.089727e-07 1.340492e-06 1.381787e-05
1.250000e+00 1.000000e+00  2.500000e-01  3.000000e+00 3.296286e-06 8.000000e-04 2.124340e-02 3.180203e+01 2.288802e+01 6.923341e+01 3.869549e-08 1.901502e-07 4.310582e-07 1.412881e-06 1.456407e-05
1.250000e+00 1.000000e+00  2.500000e-01  3.000000e+00 3.384119e-06 8.000000e-04 2.124340e-02 3.180203e+01 2.288802e+01 6.923341e+01 3.980339e-08 2.027608e-07 4.543363e-07 1.489180e-06 1.535056e-05
1.250000e+00 1.000000e+00  2.500000e-01  3.000000e+00 3.474293e-06 8.000000e-04 2.124340e-02 3.180203e+01 2.288802e+01 6.923341e+01 4.219441e-08 2.136798e-07 4.788715e-07 1.569599e-06 1.617952e-05
1.250000e+00 1.000000e+00  2.500000e-01  3.000000e+00 3.566869e-06 8.000000e-04 2.124340e-02 3.180203e+01 2.288802e+01 6.923341e+01 4.452737e-08 2.209049e-07 5.047317e-07 1.654361e-06 1.705326e-05
1.250000e+00 1.000000e+00  2.500000e-01  3.000000e+00 3.661913e-06 8.000000e-04 2.124340e-02 3.180203e+01 2.288802e+01 6.923341e+01 4.725124e-08 2.370726e-07 5.319884e-07 1.743700e-06 1.797417e-05
1.250000e+00 1.000000e+00  2.500000e-01  3.000000e+00 3.759488e-06 8.000000e-04 2.124340e-02 3.180203e+01 2.288802e+01 6.923341e+01 5.003878e-08 2.487937e-07 5.607170e-07 1.837864e-06 1.894482e-05
1.250000e+00 1.000000e+00  2.500000e-01  3.000000e+00 3.859664e-06 8.000000e-04 2.124340e-02 3.180203e+01 2.288802e+01 6.923341e+01 5.259522e-08 2.597185e-07 5.909970e-07 1.937113e-06 1.996788e-05
1.250000e+00 1.000000e+00  2.500000e-01  3.000000e+00 3.962510e-06 8.000000e-04 2.124340e-02 3.180203e+01 2.288802e+01 6.923341e+01 5.494167e-08 2.759743e-07 6.229122e-07 2.041722e-06 2.104619e-05
1.250000e+00 1.000000e+00  2.500000e-01  3.000000e+00 4.068095e-06 8.000000e-04 2.124340e-02 3.180203e+01 2.288802e+01 6.923341e+01 5.776022e-08 2.930572e-07 6.565509e-07 2.151980e-06 2.218274e-05
1.250000e+00 1.000000e+00  2.500000e-01  3.000000e+00 4.176494e-06 8.000000e-04 2.124340e-02 3.180203e+01 2.288802e+01 6.923341e+01 6.184868e-08 3.060591e-07 6.920062e-07 2.268191e-06 2.338066e-05
1.250000e+00 1.000000e+00  2.500000e-01  3.000000e+00 4.287782e-06 8.000000e-04 2.124340e-02 3.180203e+01 2.288802e+01 6.923341e+01 6.396368e-08 3.219543e-07 7.293761e-07 2.390679e-06 2.464327e-05
1.250000e+00 1.000000e+00  2.500000e-01  3.000000e+00 4.402035e-06 8.000000e-04 2.124340e-02 3.180203e+01 2.288802e+01 6.923341e+01 6.778594e-08 3.380481e-07 7.687641e-07 2.519781e-06 2.597406e-05
1.250000e+00 1.000000e+00  2.500000e-01  3.000000e+00 4.519332e-06 8.000000e-04 2.124340e-02 3.180203e+01 2.288802e+01 6.923341e+01 7.163262e-08 3.631224e-07 8.102791e-07 2.655855e-06 2.737672e-05
1.250000e+00 1.000000e+00  2.500000e-01  3.000000e+00 4.639755e-06 8.000000e-04 2.124340e-02 3.180203e+01 2.288802e+01 6.923341e+01 7.548452e-08 3.730290e-07 8.540361e-07 2.799278e-06 2.885512e-05
1.250000e+00 1.000000e+00  2.500000e-01  3.000000e+00 4.763386e-06 8.000000e-04 2.124340e-02 3.180203e+01 2.288802e+01 6.923341e+01 7.917298e-08 3.946903e-07 9.001560e-07 2.950445e-06 3.041337e-05
1.250000e+00 1.000000e+00  2.500000e-01  3.000000e+00 4.890312e-06 8.000000e-04 2.124340e-02 3.180203e+01 2.288802e+01 6.923341e+01 8.467364e-08 4.201744e-07 9.487665e-07 3.109776e-06 3.205576e-05
1.250000e+00 1.000000e+00  2.500000e-01  3.000000e+00 5.020620e-06 8.000000e-04 2.124340e-02 3.180203e+01 2.288802e+01 6.923341e+01 8.930688e-08 4.374749e-07 1.000002e-06 3.277711e-06 3.378685e-05
1.250000e+00 1.000000e+00  2.500000e-01  3.000000e+00 5.154400e-06 8.000000e-04 2.124340e-02 3.180203e+01 2.288802e+01 6.923341e+01 9.408002e-08 4.690427e-07 1.054005e-06 3.454715e-06 3.561141e-05
1.250000e+00 1.000000e+00  2.500000e-01  3.000000e+00 5.291745e-06 8.000000e-04 2.124340e-02 3.180203e+01 2.288802e+01 6.923341e+01 9.907145e-08 4.872686e-07 1.110923e-06 3.641277e-06 3.753451e-05
1.250000e+00 1.000000e+00  2.500000e-01  3.000000e+00 5.432750e-06 8.000000e-04 2.124340e-02 3.180203e+01 2.288802e+01 6.923341e+01 1.038591e-07 5.159990e-07 1.170916e-06 3.837915e-06 3.956146e-05
1.250000e+00 1.000000e+00  2.500000e-01  3.000000e+00 5.577512e-06 8.000000e-04 2.124340e-02 3.180203e+01 2.288802e+01 6.923341e+01 1.078170e-07 5.532699e-07 1.234148e-06 4.045171e-06 4.169787e-05
1.250000e+00 1.000000e+00  2.500000e-01  3.000000e+00 5.726131e-06 8.000000e-04 2.124340e-02 3.180203e+01 2.288802e+01 6.923341e+01 1.144889e-07 5.726814e-07 1.300795e-06 4.263620e-06 4.394965e-05
1.250000e+00 1.000000e+00  2.500000e-01  3.000000e+00 5.878710e-06 8.000000e-04 2.124340e-02 3.180203e+01 2.288802e+01 6.923341e+01 1.212196e-07 6.006446e-07 1.371041e-06 4.493865e-06 4.632304e-05
1.250000e+00 1.000000e+00  2.500000e-01  3.000000e+00 6.035355e-06 8.000000e-04 2.124340e-02 3.180203e+01 2.288802e+01 6.923341e+01 1.274287e-07 6.449604e-07 1.445080e-06 4.736544e-06 4.882459e-05
1.250000e+00 1.000000e+00  2.500000e-01  3.000000e+00 6.196174e-06 8.000000e-04 2.124340e-02 3.180203e+01 2.288802e+01 6.923341e+01 1.357467e-07 6.755740e-07 1.523118e-06 4.992328e-06 5.146123e-05
1.250000e+00 1.000000e+00  2.500000e-01  3.000000e+00 6.361278e-06 8.000000e-04 2.124340e-02 3.180203e+01 2.288802e+01 6.923341e+01 1.414742e-07 7.158022e-07 1.605369e-06 5.261926e-06 5.424025e-05
1.250000e+00 1.000000e+00  2.500000e-01  3.000000e+00 6.530782e-06 8.000000e-04 2.124340e-02 3.180203e+01 2.288802e+01 6.923341e+01 1.502741e-07 7.417520e-07 1.692063e-06 5.546082e-06 5.716935e-05
1.250000e+00 1.000000e+00  2.500000e-01  3.000000e+00 6.704802e-06 8.000000e-04 2.124340e-02 3.180203e+01 2.288802e+01 6.923341e+01 1.582718e-07 7.873200e-07 1.783438e-06 5.845583e-06 6.025663e-05
1.250000e+00 1.000000e+00  2.500000e-01  3.000000e+00 6.883459e-06 8.000000e-04 2.124340e-02 3.180203e+01 2.288802e+01 6.923341e+01 1.664600e-07 8.280746e-07 1.879748e-06 6.161258e-06 6.351063e-05
1.250000e+00 1.000000e+00  2.500000e-01  3.000000e+00 7.066877e-06 8.000000e-04 2.124340e-02 3.180203e+01 2.288802e+01 6.923341e+01 1.758391e-07 8.681796e-07 1.981259e-06 6.493980e-06 6.694035e-05
1.250000e+00 1.000000e+00  2.500000e-01  3.000000e+00 7.255182e-06 8.000000e-04 2.124340e-02 3.180203e+01 2.288802e+01 6.923341e+01 1.857843e-07 9.322745e-07 2.088251e-06 6.844670e-06 7.055528e-05
1.250000e+00 1.000000e+00  2.500000e-01  3.000000e+00 7.448504e-06 8.000000e-04 2.124340e-02 3.180203e+01 2.288802e+01 6.923341e+01 1.929955e-07 9.712799e-07 2.201022e-06 7.214298e-06 7.436543e-05
1.250000e+00 1.000000e+00  2.500000e-01  3.000000e+00 7.646978e-06 8.000000e-04 2.124340e-02 3.180203e+01 2.288802e+01 6.923341e+01 2.054249e-07 1.011156e-06 2.319882e-06 7.603887e-06 7.838133e-05
1.250000e+00 1.000000e+00  2.500000e-01  3.000000e+00 7.850741e-06 8.000000e-04 2.124340e-02 3.180203e+01 2.288802e+01 6.923341e+01 2.167821e-07 1.088987e-06 2.445161e-06 8.014515e-06 8.261411e-05
1.250000e+00 1.000000e+00  2.500000e-01  3.000000e+00 8.059933e-06 8.000000e-04 2.124340e-02 3.180203e+01 2.288802e+01 6.923341e+01 2.273895e-07 1.140645e-06 2.577205e-06 8.447317e-06 8.707546e-05
1.250000e+00 1.000000e+00  2.500000e-01  3.000000e+00 8.274699e-06 8.000000e-04 2.124340e-02 3.180203e+01 2.288802e+01 6.923341e+01 2.375069e-07 1.215448e-06 2.716381e-06 8.903491e-06 9.177774e-05
1.250000e+00 1.000000e+00  2.500000e-01  3.000000e+00 8.495188e-06 8.000000e-04 2.124340e-02 3.180203e+01 2.288802e+01 6.923341e+01 2.554043e-07 1.266900e-06 2.863071e-06 9.384301e-06 9.673395e-05
1.250000e+00 1.000000e+00  2.500000e-01  3.000000e+00 8.721552e-06 8.000000e-04 2.124340e-02 3.180203e+01 2.288802e+01 6.923341e+01 2.674773e-07 1.337420e-06 3.017684e-06 9.891074e-06 1.019578e-04
1.250000e+00 1.000000e+00  2.500000e-01  3.000000e+00 8.953948e-06 8.000000e-04 2.124340e-02 3.180203e+01 2.288802e+01 6.923341e+01 2.813445e-07 1.385529e-06 3.180646e-06 1.042522e-05 1.074638e-04
1.250000e+00 1.000000e+00  2.500000e-01  3.000000e+00 9.192536e-06 8.000000e-04 2.124340e-02 3.180203e+01 2.288802e+01 6.923341e+01 2.984338e-07 1.470775e-06 3.352408e-06 1.098820e-05 1.132671e-04
1.250000e+00 1.000000e+00  2.500000e-01  3.000000e+00 9.437481e-06 8.000000e-04 2.124340e-02 3.180203e+01 2.288802e+01 6.923341e+01 3.105258e-07 1.564618e-06 3.533446e-06 1.158159e-05 1.193837e-04
1.250000e+00 1.000000e+00  2.500000e-01  3.000000e+00 9.688954e-06 8.000000e-04 2.124340e-02 3.180203e+01 2.288802e+01 6.923341e+01 3.285233e-07 1.643319e-06 3.724260e-06 1.220702e-05 1.258307e-04
1.250000e+00 1.000000e+00  2.500000e-01  3.000000e+00 9.947127e-06 8.000000e-04 2.124340e-02 3.180203e+01 2.288802e+01 6.923341e+01 3.440384e-07 1.749804e-06 3.925379e-06 1.286623e-05 1.326259e-04
1.250000e+00 1.000000e+00  2.500000e-01  3.000000e+00 1.021218e-05 8.000000e-04 2.124340e-02 3.180203e+01 2.288802e+01 6.923341e+01 3.703619e-07 1.865925e-06 4.137358e-06 1.356104e-05 1.397880e-04
1.250000e+00 1.000000e+00  2.500000e-01  3.000000e+00 1.048430e-05 8.000000e-04 2.124340e-02 3.180203e+01 2.288802e+01 6.923341e+01 3.916339e-07 1.933790e-06 4.360785e-06 1.429336e-05 1.473369e-04
1.250000e+00 1.000000e+00  2.500000e-01  3.000000e+00 1.076366e-05 8.000000e-04 2.124340e-02 3.180203e+01 2.288802e+01 6.923341e+01 4.050606e-07 2.038957e-06 4.596278e-06 1.506524e-05 1.552934e-04
1.250000e+00 1.000000e+00  2.500000e-01  3.000000e+00 1.105047e-05 8.000000e-04 2.124340e-02 3.180203e+01 2.288802e+01 6.923341e+01 4.295562e-07 2.144980e-06 4.844487e-06 1.587879e-05 1.636796e-04
1.250000e+00 1.000000e+00  2.500000e-01  3.000000e+00 1.134492e-05 8.000000e-04 2.124340e-02 3.180203e+01 2.288802e+01 6.923341e+01 4.575879e-07 2.261356e-06 5.106101e-06 1.673629e-05 1.725187e-04
1.250000e+00 1.000000e+00  2.500000e-01  3.000000e+00 1.164722e-05 8.000000e-04 2.124340e-02 3.180203e+01 2.288802e+01 6.923341e+01 4.802439e-07 2.389178e-06 5.381842e-06 1.764008e-05 1.818351e-04
1.250000e+00 1.000000e+00  2.500000e-01  3.000000e+00 1.195758e-05 8.000000e-04 2.124340e-02 3.180203e+01 2.288802e+01 6.923341e+01 5.003738e-07 2.532551e-06 5.672474e-06 1.859269e-05 1.916546e-04
1.250000e+00 1.000000e+00  2.500000e-01  3.000000e+00 1.227620e-05 8.000000e-04 2.124340e-02 3.180203e+01 2.288802e+01 6.923341e+01 5.277511e-07 2.650114e-06 5.978800e-06 1.959674e-05 2.020044e-04
1.250000e+00 1.000000e+00  2.500000e-01  3.000000e+00 1.260331e-05 8.000000e-04 2.124340e-02 3.180203e+01 2.288802e+01 6.923341e+01 5.557649e-07 2.816254e-06 6.301669e-06 2.065501e-05 2.129131e-04
1.250000e+00 1.000000e+00  2.500000e-01  3.000000e+00 1.293914e-05 8.000000e-04 2.124340e-02 3.180203e+01 2.288802e+01 6.923341e+01 5.873205e-07 2.938786e-06 6.641974e-06 2.177043e-05 2.244109e-04
