1.000000e-01 1.061000e-01  2.652500e-02  3.000000e+00 2.000000e-06 8.000000e-04 4.350472e-02 3.180061e+01 2.268269e+01 6.911311e+01 1.467275e-02 7.713348e-01 6.545028e-02 2.133424e-01 4.048403e+00
1.000000e-01 1.061000e-01  2.652500e-02  3.000000e+00 2.053292e-06 8.000000e-04 4.350472e-02 3.180056e+01 2.267388e+01 6.910641e+01 1.541512e-02 8.111867e-01 6.898475e-02 2.248633e-01 4.267027e+00
1.000000e-01 1.061000e-01  2.652500e-02  3.000000e+00 2.108005e-06 8.000000e-04 4.350472e-02 3.180048e+01 2.265729e+01 6.909274e+01 1.638399e-02 8.590831e-01 7.271008e-02 2.370065e-01 4.497456e+00
1.000000e-01 1.061000e-01  2.652500e-02  3.000000e+00 2.164175e-06 8.000000e-04 4.350472e-02 3.180037e+01 2.264785e+01 6.908832e+01 1.735563e-02 9.042069e-01 7.663660e-02 2.498054e-01 4.740329e+00
1.000000e-01 1.061000e-01  2.652500e-02  3.000000e+00 2.221842e-06 8.000000e-04 4.350472e-02 3.180032e+01 2.263522e+01 6.908594e+01 1.804924e-02 9.473971e-01 8.077515e-02 2.632954e-01 4.996318e+00
1.000000e-01 1.061000e-01  2.652500e-02  3.000000e+00 2.281045e-06 8.000000e-04 4.350472e-02 3.180023e+01 2.262061e+01 6.907446e+01 1.901934e-02 1.001542e+00 8.513719e-02 2.775140e-01 5.266130e+00
1.000000e-01 1.061000e-01  2.652500e-02  3.000000e+00 2.341826e-06 8.000000e-04 4.350472e-02 3.180008e+01 2.260589e+01 6.906600e+01 2.025643e-02 1.055781e+00 8.973480e-02 2.925004e-01 5.550513e+00
1.000000e-01 1.061000e-01  2.652500e-02  3.000000e+00 2.404227e-06 8.000000e-04 4.350472e-02 3.180003e+01 2.259010e+01 6.905581e+01 2.115589e-02 1.112704e+00 9.458068e-02 3.082961e-01 5.850254e+00
1.000000e-01 1.061000e-01  2.652500e-02  3.000000e+00 2.468290e-06 8.000000e-04 4.350472e-02 3.179988e+01 2.257682e+01 6.904874e+01 2.241249e-02 1.171799e+00 9.968826e-02 3.249448e-01 6.166181e+00
1.000000e-01 1.061000e-01  2.652500e-02  3.000000e+00 2.534061e-06 8.000000e-04 4.350472e-02 3.179976e+01 2.255694e+01 6.903753e+01 2.369169e-02 1.237464e+00 1.050717e-01 3.424926e-01 6.499169e+00
1.000000e-01 1.061000e-01  2.652500e-02  3.000000e+00 2.601584e-06 8.000000e-04 4.350472e-02 3.179961e+01 2.254307e+01 6.902569e+01 2.495776e-02 1.306071e+00 1.107458e-01 3.609880e-01 6.850139e+00
1.000000e-01 1.061000e-01  2.652500e-02  3.000000e+00 2.670906e-06 8.000000e-04 4.350472e-02 3.179952e+01 2.252491e+01 6.902311e+01 2.629905e-02 1.371396e+00 1.167263e-01 3.804821e-01 7.220063e+00
1.000000e-01 1.061000e-01  2.652500e-02  3.000000e+00 2.742075e-06 8.000000e-04 4.350472e-02 3.179938e+01 2.250529e+01 6.900680e+01 2.763387e-02 1.453830e+00 1.230298e-01 4.010291e-01 7.609963e+00
1.000000e-01 1.061000e-01  2.652500e-02  3.000000e+00 2.815141e-06 8.000000e-04 4.350472e-02 3.179926e+01 2.248128e+01 6.899284e+01 2.893975e-02 1.529871e+00 1.296737e-01 4.226855e-01 8.020919e+00
1.000000e-01 1.061000e-01  2.652500e-02  3.000000e+00 2.890154e-06 8.000000e-04 4.350472e-02 3.179913e+01 2.245911e+01 6.898295e+01 3.049416e-02 1.611820e+00 1.366764e-01 4.455115e-01 8.454067e+00
1.000000e-01 1.061000e-01  2.652500e-02  3.000000e+00 2.967165e-06 8.000000e-04 4.350472e-02 3.179893e+01 2.243857e+01 6.897075e+01 3.238934e-02 1.692961e+00 1.440572e-01 4.695702e-01 8.910606e+00
1.000000e-01 1.061000e-01  2.652500e-02  3.000000e+00 3.046229e-06 8.000000e-04 4.350472e-02 3.179879e+01 2.242125e+01 6.895738e+01 3.408649e-02 1.776072e+00 1.518366e-01 4.949281e-01 9.391799e+00
1.000000e-01 1.061000e-01  2.652500e-02  3.000000e+00 3.127399e-06 8.000000e-04 4.350472e-02 3.179864e+01 2.239025e+01 6.894087e+01 3.560345e-02 1.886202e+00 1.600361e-01 5.216553e-01 9.898978e+00
1.000000e-01 1.061000e-01  2.652500e-02  3.000000e+00 3.210732e-06 8.000000e-04 4.350472e-02 3.179847e+01 2.236319e+01 6.892042e+01 3.740635e-02 1.985190e+00 1.686785e-01 5.498259e-01 1.043355e+01
1.000000e-01 1.061000e-01  2.652500e-02  3.000000e+00 3.296286e-06 8.000000e-04 4.350472e-02 3.179821e+01 2.232919e+01 6.890469e+01 3.973306e-02 2.106000e+00 1.777875e-01 5.795178e-01 1.099698e+01
1.000000e-01 1.061000e-01  2.652500e-02  3.000000e+00 3.384119e-06 8.000000e-04 4.350472e-02 3.179800e+01 2.230188e+01 6.888693e+01 4.224735e-02 2.211388e+00 1.873884e-01 6.108131e-01 1.159084e+01
1.000000e-01 1.061000e-01  2.652500e-02  3.000000e+00 3.474293e-06 8.000000e-04 4.350472e-02 3.179779e+01 2.227481e+01 6.887340e+01 4.427048e-02 2.318217e+00 1.975078e-01 6.437984e-01 1.221678e+01
1.000000e-01 1.061000e-01  2.652500e-02  3.000000e+00 3.566869e-06 8.000000e-04 4.350472e-02 3.179754e+01 2.224309e+01 6.885778e+01 4.688978e-02 2.453766e+00 2.081737e-01 6.785650e-01 1.287651e+01
1.000000e-01 1.061000e-01  2.652500e-02  3.000000e+00 3.661913e-06 8.000000e-04 4.350472e-02 3.179732e+01 2.220577e+01 6.883881e+01 4.909464e-02 2.584943e+00 2.194156e-01 7.152091e-01 1.357187e+01
1.000000e-01 1.061000e-01  2.652500e-02  3.000000e+00 3.759488e-06 8.000000e-04 4.350472e-02 3.179704e+01 2.217198e+01 6.881806e+01 5.202634e-02 2.714592e+00 2.312645e-01 7.538320e-01 1.430478e+01
1.000000e-01 1.061000e-01  2.652500e-02  3.000000e+00 3.859664e-06 8.000000e-04 4.350472e-02 3.179680e+01 2.212817e+01 6.878108e+01 5.461917e-02 2.878065e+00 2.437533e-01 7.945407e-01 1.507728e+01
1.000000e-01 1.061000e-01  2.652500e-02  3.000000e+00 3.962510e-06 8.000000e-04 4.350472e-02 3.179648e+01 2.208713e+01 6.876780e+01 5.778282e-02 3.046541e+00 2.569166e-01 8.374477e-01 1.589148e+01
1.000000e-01 1.061000e-01  2.652500e-02  3.000000e+00 4.068095e-06 8.000000e-04 4.350472e-02 3.179629e+01 2.205117e+01 6.874973e+01 6.086888e-02 3.190249e+00 2.707907e-01 8.826719e-01 1.674966e+01
1.000000e-01 1.061000e-01  2.652500e-02  3.000000e+00 4.176494e-06 8.000000e-04 4.350472e-02 3.179591e+01 2.200483e+01 6.871553e+01 6.400348e-02 3.365276e+00 2.854140e-01 9.303382e-01 1.765418e+01
1.000000e-01 1.061000e-01  2.652500e-02  3.000000e+00 4.287782e-06 8.000000e-04 4.350472e-02 3.179561e+01 2.196211e+01 6.869687e+01 6.745703e-02 3.530626e+00 3.008270e-01 9.805786e-01 1.860755e+01
1.000000e-01 1.061000e-01  2.652500e-02  3.000000e+00 4.402035e-06 8.000000e-04 4.350472e-02 3.179519e+01 2.191233e+01 6.866889e+01 7.069827e-02 3.731675e+00 3.170724e-01 1.033532e+00 1.961240e+01
1.000000e-01 1.061000e-01  2.652500e-02  3.000000e+00 4.519332e-06 8.000000e-04 4.350472e-02 3.179491e+01 2.184602e+01 6.862820e+01 7.490639e-02 3.941982e+00 3.341950e-01 1.089345e+00 2.067151e+01
1.000000e-01 1.061000e-01  2.652500e-02  3.000000e+00 4.639755e-06 8.000000e-04 4.350472e-02 3.179436e+01 2.180640e+01 6.860595e+01 7.962713e-02 4.144938e+00 3.522423e-01 1.148172e+00 2.178782e+01
1.000000e-01 1.061000e-01  2.652500e-02  3.000000e+00 4.763386e-06 8.000000e-04 4.350472e-02 3.179409e+01 2.174257e+01 6.856875e+01 8.375922e-02 4.386489e+00 3.712642e-01 1.210176e+00 2.296441e+01
1.000000e-01 1.061000e-01  2.652500e-02  3.000000e+00 4.890312e-06 8.000000e-04 4.350472e-02 3.179361e+01 2.169214e+01 6.855232e+01 8.763587e-02 4.614623e+00 3.913133e-01 1.275529e+00 2.420455e+01
1.000000e-01 1.061000e-01  2.652500e-02  3.000000e+00 5.020620e-06 8.000000e-04 4.350472e-02 3.179321e+01 2.162607e+01 6.851100e+01 9.170726e-02 4.843618e+00 4.124452e-01 1.344410e+00 2.551165e+01
1.000000e-01 1.061000e-01  2.652500e-02  3.000000e+00 5.154400e-06 8.000000e-04 4.350472e-02 3.179270e+01 2.157172e+01 6.846822e+01 9.706105e-02 5.126841e+00 4.347182e-01 1.417011e+00 2.688933e+01
1.000000e-01 1.061000e-01  2.652500e-02  3.000000e+00 5.291745e-06 8.000000e-04 4.350472e-02 3.179228e+01 2.149246e+01 6.843989e+01 1.022433e-01 5.394786e+00 4.581939e-01 1.493533e+00 2.834142e+01
1.000000e-01 1.061000e-01  2.652500e-02  3.000000e+00 5.432750e-06 8.000000e-04 4.350472e-02 3.179172e+01 2.141392e+01 6.839258e+01 1.079357e-01 5.672608e+00 4.829375e-01 1.574188e+00 2.987192e+01
1.000000e-01 1.061000e-01  2.652500e-02  3.000000e+00 5.577512e-06 8.000000e-04 4.350472e-02 3.179113e+01 2.133621e+01 6.836089e+01 1.139346e-01 5.999942e+00 5.090172e-01 1.659197e+00 3.148508e+01
1.000000e-01 1.061000e-01  2.652500e-02  3.000000e+00 5.726131e-06 8.000000e-04 4.350472e-02 3.179039e+01 2.126030e+01 6.831655e+01 1.202737e-01 6.323198e+00 5.365053e-01 1.748798e+00 3.318534e+01
1.000000e-01 1.061000e-01  2.652500e-02  3.000000e+00 5.878710e-06 8.000000e-04 4.350472e-02 3.179003e+01 2.117698e+01 6.826579e+01 1.264250e-01 6.673617e+00 5.654779e-01 1.843237e+00 3.497743e+01
1.000000e-01 1.061000e-01  2.652500e-02  3.000000e+00 6.035355e-06 8.000000e-04 4.350472e-02 3.178916e+01 2.109939e+01 6.822167e+01 1.343728e-01 6.986319e+00 5.960150e-01 1.942776e+00 3.686629e+01
1.000000e-01 1.061000e-01  2.652500e-02  3.000000e+00 6.196174e-06 8.000000e-04 4.350472e-02 3.178876e+01 2.099837e+01 6.817499e+01 1.398960e-01 7.420562e+00 6.282012e-01 2.047690e+00 3.885715e+01
1.000000e-01 1.061000e-01  2.652500e-02  3.000000e+00 6.361278e-06 8.000000e-04 4.350472e-02 3.178799e+01 2.091440e+01 6.812403e+01 1.479717e-01 7.785224e+00 6.621255e-01 2.158270e+00 4.095553e+01
1.000000e-01 1.061000e-01  2.652500e-02  3.000000e+00 6.530782e-06 8.000000e-04 4.350472e-02 3.178718e+01 2.079339e+01 6.806510e+01 1.553681e-01 8.267034e+00 6.978818e-01 2.274822e+00 4.316722e+01
1.000000e-01 1.061000e-01  2.652500e-02  3.000000e+00 6.704802e-06 8.000000e-04 4.350472e-02 3.178639e+01 2.071045e+01 6.802695e+01 1.644383e-01 8.640121e+00 7.355690e-01 2.397668e+00 4.549835e+01
1.000000e-01 1.061000e-01  2.652500e-02  3.000000e+00 6.883459e-06 8.000000e-04 4.350472e-02 3.178562e+01 2.061435e+01 6.796531e+01 1.728778e-01 9.083335e+00 7.752914e-01 2.527147e+00 4.795537e+01
1.000000e-01 1.061000e-01  2.652500e-02  3.000000e+00 7.066877e-06 8.000000e-04 4.350472e-02 3.178459e+01 2.044922e+01 6.788591e+01 1.829922e-01 9.668115e+00 8.171590e-01 2.663619e+00 5.054507e+01
1.000000e-01 1.061000e-01  2.652500e-02  3.000000e+00 7.255182e-06 8.000000e-04 4.350472e-02 3.178362e+01 2.035781e+01 6.784797e+01 1.914181e-01 1.014575e+01 8.612874e-01 2.807461e+00 5.327462e+01
1.000000e-01 1.061000e-01  2.652500e-02  3.000000e+00 7.448504e-06 8.000000e-04 4.350472e-02 3.178242e+01 2.022599e+01 6.778448e+01 2.034562e-01 1.065151e+01 9.077989e-01 2.959070e+00 5.615157e+01
1.000000e-01 1.061000e-01  2.652500e-02  3.000000e+00 7.646978e-06 8.000000e-04 4.350472e-02 3.178150e+01 2.009347e+01 6.770569e+01 2.150045e-01 1.127311e+01 9.568222e-01 3.118867e+00 5.918389e+01
1.000000e-01 1.061000e-01  2.652500e-02  3.000000e+00 7.850741e-06 8.000000e-04 4.350472e-02 3.178048e+01 1.995485e+01 6.762957e+01 2.252669e-01 1.186636e+01 1.008493e+00 3.287293e+00 6.237996e+01
1.000000e-01 1.061000e-01  2.652500e-02  3.000000e+00 8.059933e-06 8.000000e-04 4.350472e-02 3.177924e+01 1.982410e+01 6.757817e+01 2.374857e-01 1.255557e+01 1.062954e+00 3.464814e+00 6.574862e+01
1.000000e-01 1.061000e-01  2.652500e-02  3.000000e+00 8.274699e-06 8.000000e-04 4.350472e-02 3.177827e+01 1.965613e+01 6.752820e+01 2.501071e-01 1.326110e+01 1.120356e+00 3.651922e+00 6.929920e+01
1.000000e-01 1.061000e-01  2.652500e-02  3.000000e+00 8.495188e-06 8.000000e-04 4.350472e-02 3.177694e+01 1.951170e+01 6.743852e+01 2.634520e-01 1.391018e+01 1.180857e+00 3.849134e+00 7.304151e+01
1.000000e-01 1.061000e-01  2.652500e-02  3.000000e+00 8.721552e-06 8.000000e-04 4.350472e-02 3.177510e+01 1.930394e+01 6.732528e+01 2.779334e-01 1.471178e+01 1.244627e+00 4.056996e+00 7.698592e+01
1.000000e-01 1.061000e-01  2.652500e-02  3.000000e+00 8.953948e-06 8.000000e-04 4.350472e-02 3.177388e+01 1.917300e+01 6.729856e+01 2.930752e-01 1.541950e+01 1.311839e+00 4.276083e+00 8.114334e+01
1.000000e-01 1.061000e-01  2.652500e-02  3.000000e+00 9.192536e-06 8.000000e-04 4.350472e-02 3.177198e+01 1.899411e+01 6.720664e+01 3.119621e-01 1.622190e+01 1.382682e+00 4.507002e+00 8.552527e+01
1.000000e-01 1.061000e-01  2.652500e-02  3.000000e+00 9.437481e-06 8.000000e-04 4.350472e-02 3.177087e+01 1.877951e+01 6.709610e+01 3.255064e-01 1.720055e+01 1.457350e+00 4.750390e+00 9.014383e+01
1.000000e-01 1.061000e-01  2.652500e-02  3.000000e+00 9.688954e-06 8.000000e-04 4.350472e-02 3.176881e+01 1.864893e+01 6.708528e+01 3.413434e-01 1.809573e+01 1.536050e+00 5.006922e+00 9.501181e+01
1.000000e-01 1.061000e-01  2.652500e-02  3.000000e+00 9.947127e-06 8.000000e-04 4.350472e-02 3.176777e+01 1.847914e+01 6.702321e+01 3.606181e-01 1.891164e+01 1.619000e+00 5.277308e+00 1.001427e+02
1.000000e-01 1.061000e-01  2.652500e-02  3.000000e+00 1.021218e-05 8.000000e-04 4.350472e-02 3.176500e+01 1.816278e+01 6.686378e+01 3.827858e-01 2.017556e+01 1.706430e+00 5.562295e+00 1.055506e+02
1.000000e-01 1.061000e-01  2.652500e-02  3.000000e+00 1.048430e-05 8.000000e-04 4.350472e-02 3.176320e+01 1.800638e+01 6.684491e+01 4.023771e-01 2.106955e+01 1.798581e+00 5.862671e+00 1.112506e+02
1.000000e-01 1.061000e-01  2.652500e-02  3.000000e+00 1.076366e-05 8.000000e-04 4.350472e-02 3.176179e+01 1.774601e+01 6.672958e+01 4.224606e-01 2.239150e+01 1.895708e+00 6.179269e+00 1.172584e+02
1.000000e-01 1.061000e-01  2.652500e-02  3.000000e+00 1.105047e-05 8.000000e-04 4.350472e-02 3.175879e+01 1.754182e+01 6.666300e+01 4.495058e-01 2.347929e+01 1.998081e+00 6.512964e+00 1.235906e+02
1.000000e-01 1.061000e-01  2.652500e-02  3.000000e+00 1.134492e-05 8.000000e-04 4.350472e-02 3.175751e+01 1.731021e+01 6.660005e+01 4.661808e-01 2.468331e+01 2.105982e+00 6.864679e+00 1.302648e+02
1.000000e-01 1.061000e-01  2.652500e-02  3.000000e+00 1.164722e-05 8.000000e-04 4.350472e-02 3.175502e+01 1.707117e+01 6.652589e+01 4.971722e-01 2.606784e+01 2.219710e+00 7.235388e+00 1.372994e+02
1.000000e-01 1.061000e-01  2.652500e-02  3.000000e+00 1.195758e-05 8.000000e-04 4.350472e-02 3.175192e+01 1.678941e+01 6.648154e+01 5.206596e-01 2.755821e+01 2.339579e+00 7.626115e+00 1.447138e+02
1.000000e-01 1.061000e-01  2.652500e-02  3.000000e+00 1.227620e-05 8.000000e-04 4.350472e-02 3.174974e+01 1.648793e+01 6.631950e+01 5.508935e-01 2.909884e+01 2.465922e+00 8.037943e+00 1.525287e+02
1.000000e-01 1.061000e-01  2.652500e-02  3.000000e+00 1.260331e-05 8.000000e-04 4.350472e-02 3.174640e+01 1.627377e+01 6.631789e+01 5.823003e-01 3.064913e+01 2.599088e+00 8.472011e+00 1.607656e+02
1.000000e-01 1.061000e-01  2.652500e-02  3.000000e+00 1.293914e-05 8.000000e-04 4.350472e-02 3.174373e+01 1.607102e+01 6.629162e+01 6.130484e-01 3.220231e+01 2.739444e+00 8.929519e+00 1.694473e+02
1.000000e-01 1.061000e-01  2.652500e-02  3.000000e+00 1.328392e-05 8.000000e-04 4.350472e-02 3.173952e+01 1.568534e+01 6.622550e+01 6.500769e-01 3.402403e+01 2.887381e+00 9.411734e+00 1.785979e+02
