1.000000e-01 1.604000e-02  4.010000e-03  3.000000e+00 2.000000e-06 8.000000e-04 1.154405e+03 3.180151e+01 2.288473e+01 6.923068e+01 5.504298e-03 1.214284e-02 6.588123e-03 1.046037e-01 4.206065e-01
1.000000e-01 1.604000e-02  4.010000e-03  3.000000e+00 2.053292e-06 8.000000e-04 1.154405e+03 3.180148e+01 2.288456e+01 6.923054e+01 5.826328e-03 1.283267e-02 6.943897e-03 1.102525e-01 4.433202e-01
1.000000e-01 1.604000e-02  4.010000e-03  3.000000e+00 2.108005e-06 8.000000e-04 1.154405e+03 3.180145e+01 2.288435e+01 6.923034e+01 6.235388e-03 1.351258e-02 7.318884e-03 1.162064e-01 4.672605e-01
1.000000e-01 1.604000e-02  4.010000e-03  3.000000e+00 2.164175e-06 8.000000e-04 1.154405e+03 3.180143e+01 2.288416e+01 6.923022e+01 6.453134e-03 1.423769e-02 7.714120e-03 1.224818e-01 4.924937e-01
1.000000e-01 1.604000e-02  4.010000e-03  3.000000e+00 2.221842e-06 8.000000e-04 1.154405e+03 3.180139e+01 2.288393e+01 6.922998e+01 6.847606e-03 1.497796e-02 8.130701e-03 1.290961e-01 5.190895e-01
1.000000e-01 1.604000e-02  4.010000e-03  3.000000e+00 2.281045e-06 8.000000e-04 1.154405e+03 3.180135e+01 2.288376e+01 6.922986e+01 7.354287e-03 1.578003e-02 8.569777e-03 1.360676e-01 5.471215e-01
1.000000e-01 1.604000e-02  4.010000e-03  3.000000e+00 2.341826e-06 8.000000e-04 1.154405e+03 3.180131e+01 2.288355e+01 6.922967e+01 7.647632e-03 1.659093e-02 9.032565e-03 1.434156e-01 5.766673e-01
1.000000e-01 1.604000e-02  4.010000e-03  3.000000e+00 2.404227e-06 8.000000e-04 1.154405e+03 3.180128e+01 2.288328e+01 6.922948e+01 8.038306e-03 1.753661e-02 9.520345e-03 1.511603e-01 6.078087e-01
1.000000e-01 1.604000e-02  4.010000e-03  3.000000e+00 2.468290e-06 8.000000e-04 1.154405e+03 3.180123e+01 2.288301e+01 6.922926e+01 8.520889e-03 1.853692e-02 1.003447e-02 1.593233e-01 6.406318e-01
1.000000e-01 1.604000e-02  4.010000e-03  3.000000e+00 2.534061e-06 8.000000e-04 1.154405e+03 3.180119e+01 2.288271e+01 6.922899e+01 8.947568e-03 1.951859e-02 1.057635e-02 1.679272e-01 6.752274e-01
1.000000e-01 1.604000e-02  4.010000e-03  3.000000e+00 2.601584e-06 8.000000e-04 1.154405e+03 3.180117e+01 2.288247e+01 6.922879e+01 9.280934e-03 2.055442e-02 1.114750e-02 1.769956e-01 7.116912e-01
1.000000e-01 1.604000e-02  4.010000e-03  3.000000e+00 2.670906e-06 8.000000e-04 1.154405e+03 3.180110e+01 2.288214e+01 6.922853e+01 9.711420e-03 2.163845e-02 1.174949e-02 1.865538e-01 7.501242e-01
1.000000e-01 1.604000e-02  4.010000e-03  3.000000e+00 2.742075e-06 8.000000e-04 1.154405e+03 3.180102e+01 2.288182e+01 6.922817e+01 1.057988e-02 2.288644e-02 1.238399e-02 1.966281e-01 7.906326e-01
1.000000e-01 1.604000e-02  4.010000e-03  3.000000e+00 2.815141e-06 8.000000e-04 1.154405e+03 3.180102e+01 2.288147e+01 6.922793e+01 1.092070e-02 2.420709e-02 1.305275e-02 2.072465e-01 8.333286e-01
1.000000e-01 1.604000e-02  4.010000e-03  3.000000e+00 2.890154e-06 8.000000e-04 1.154405e+03 3.180093e+01 2.288111e+01 6.922763e+01 1.143765e-02 2.552171e-02 1.375763e-02 2.184383e-01 8.783303e-01
1.000000e-01 1.604000e-02  4.010000e-03  3.000000e+00 2.967165e-06 8.000000e-04 1.154405e+03 3.180088e+01 2.288077e+01 6.922733e+01 1.217585e-02 2.685482e-02 1.450057e-02 2.302345e-01 9.257621e-01
1.000000e-01 1.604000e-02  4.010000e-03  3.000000e+00 3.046229e-06 8.000000e-04 1.154405e+03 3.180082e+01 2.288040e+01 6.922702e+01 1.296535e-02 2.830305e-02 1.528364e-02 2.426676e-01 9.757554e-01
1.000000e-01 1.604000e-02  4.010000e-03  3.000000e+00 3.127399e-06 8.000000e-04 1.154405e+03 3.180077e+01 2.287994e+01 6.922684e+01 1.364608e-02 2.978686e-02 1.610899e-02 2.557723e-01 1.028448e+00
1.000000e-01 1.604000e-02  4.010000e-03  3.000000e+00 3.210732e-06 8.000000e-04 1.154405e+03 3.180064e+01 2.287951e+01 6.922624e+01 1.435923e-02 3.133320e-02 1.697891e-02 2.695846e-01 1.083987e+00
1.000000e-01 1.604000e-02  4.010000e-03  3.000000e+00 3.296286e-06 8.000000e-04 1.154405e+03 3.180062e+01 2.287908e+01 6.922598e+01 1.524563e-02 3.290432e-02 1.789581e-02 2.841427e-01 1.142525e+00
1.000000e-01 1.604000e-02  4.010000e-03  3.000000e+00 3.384119e-06 8.000000e-04 1.154405e+03 3.180055e+01 2.287864e+01 6.922563e+01 1.598277e-02 3.472221e-02 1.886223e-02 2.994871e-01 1.204224e+00
1.000000e-01 1.604000e-02  4.010000e-03  3.000000e+00 3.474293e-06 8.000000e-04 1.154405e+03 3.180044e+01 2.287807e+01 6.922506e+01 1.684578e-02 3.670298e-02 1.988083e-02 3.156601e-01 1.269255e+00
1.000000e-01 1.604000e-02  4.010000e-03  3.000000e+00 3.566869e-06 8.000000e-04 1.154405e+03 3.180037e+01 2.287751e+01 6.922461e+01 1.785251e-02 3.878387e-02 2.095444e-02 3.327065e-01 1.337797e+00
1.000000e-01 1.604000e-02  4.010000e-03  3.000000e+00 3.661913e-06 8.000000e-04 1.154405e+03 3.180025e+01 2.287705e+01 6.922417e+01 1.897453e-02 4.068371e-02 2.208603e-02 3.506734e-01 1.410042e+00
1.000000e-01 1.604000e-02  4.010000e-03  3.000000e+00 3.759488e-06 8.000000e-04 1.154405e+03 3.180016e+01 2.287640e+01 6.922373e+01 1.971316e-02 4.292965e-02 2.327873e-02 3.696106e-01 1.486187e+00
1.000000e-01 1.604000e-02  4.010000e-03  3.000000e+00 3.859664e-06 8.000000e-04 1.154405e+03 3.180006e+01 2.287583e+01 6.922313e+01 2.043097e-02 4.523642e-02 2.453583e-02 3.895704e-01 1.566445e+00
1.000000e-01 1.604000e-02  4.010000e-03  3.000000e+00 3.962510e-06 8.000000e-04 1.154405e+03 3.179996e+01 2.287505e+01 6.922253e+01 2.163877e-02 4.773913e-02 2.586082e-02 4.106081e-01 1.651036e+00
1.000000e-01 1.604000e-02  4.010000e-03  3.000000e+00 4.068095e-06 8.000000e-04 1.154405e+03 3.179984e+01 2.287446e+01 6.922213e+01 2.301288e-02 5.012533e-02 2.725737e-02 4.327819e-01 1.740196e+00
1.000000e-01 1.604000e-02  4.010000e-03  3.000000e+00 4.176494e-06 8.000000e-04 1.154405e+03 3.179989e+01 2.287369e+01 6.922169e+01 2.371636e-02 5.289220e-02 2.872933e-02 4.561531e-01 1.834171e+00
1.000000e-01 1.604000e-02  4.010000e-03  3.000000e+00 4.287782e-06 8.000000e-04 1.154405e+03 3.179963e+01 2.287284e+01 6.922090e+01 2.600323e-02 5.600734e-02 3.028078e-02 4.807864e-01 1.933220e+00
1.000000e-01 1.604000e-02  4.010000e-03  3.000000e+00 4.402035e-06 8.000000e-04 1.154405e+03 3.179944e+01 2.287225e+01 6.922006e+01 2.676621e-02 5.873086e-02 3.191601e-02 5.067500e-01 2.037618e+00
1.000000e-01 1.604000e-02  4.010000e-03  3.000000e+00 4.519332e-06 8.000000e-04 1.154405e+03 3.179933e+01 2.287122e+01 6.921938e+01 2.796274e-02 6.200085e-02 3.363955e-02 5.341157e-01 2.147655e+00
1.000000e-01 1.604000e-02  4.010000e-03  3.000000e+00 4.639755e-06 8.000000e-04 1.154405e+03 3.179919e+01 2.287035e+01 6.921862e+01 2.985688e-02 6.547484e-02 3.545616e-02 5.629592e-01 2.263633e+00
1.000000e-01 1.604000e-02  4.010000e-03  3.000000e+00 4.763386e-06 8.000000e-04 1.154405e+03 3.179911e+01 2.286939e+01 6.921791e+01 3.126629e-02 6.888020e-02 3.737088e-02 5.933603e-01 2.385874e+00
1.000000e-01 1.604000e-02  4.010000e-03  3.000000e+00 4.890312e-06 8.000000e-04 1.154405e+03 3.179901e+01 2.286827e+01 6.921711e+01 3.275138e-02 7.265265e-02 3.938899e-02 6.254031e-01 2.514717e+00
1.000000e-01 1.604000e-02  4.010000e-03  3.000000e+00 5.020620e-06 8.000000e-04 1.154405e+03 3.179872e+01 2.286741e+01 6.921607e+01 3.485889e-02 7.632225e-02 4.151609e-02 6.591763e-01 2.650517e+00
1.000000e-01 1.604000e-02  4.010000e-03  3.000000e+00 5.154400e-06 8.000000e-04 1.154405e+03 3.179859e+01 2.286615e+01 6.921524e+01 3.644927e-02 8.060781e-02 4.375805e-02 6.947733e-01 2.793652e+00
1.000000e-01 1.604000e-02  4.010000e-03  3.000000e+00 5.291745e-06 8.000000e-04 1.154405e+03 3.179843e+01 2.286469e+01 6.921399e+01 3.907086e-02 8.596962e-02 4.612109e-02 7.322927e-01 2.944515e+00
1.000000e-01 1.604000e-02  4.010000e-03  3.000000e+00 5.432750e-06 8.000000e-04 1.154405e+03 3.179815e+01 2.286375e+01 6.921304e+01 4.078610e-02 8.953547e-02 4.861174e-02 7.718382e-01 3.103526e+00
1.000000e-01 1.604000e-02  4.010000e-03  3.000000e+00 5.577512e-06 8.000000e-04 1.154405e+03 3.179799e+01 2.286252e+01 6.921208e+01 4.205964e-02 9.448323e-02 5.123688e-02 8.135192e-01 3.271123e+00
1.000000e-01 1.604000e-02  4.010000e-03  3.000000e+00 5.726131e-06 8.000000e-04 1.154405e+03 3.179771e+01 2.286101e+01 6.921080e+01 4.557685e-02 9.931498e-02 5.400379e-02 8.574512e-01 3.447772e+00
1.000000e-01 1.604000e-02  4.010000e-03  3.000000e+00 5.878710e-06 8.000000e-04 1.154405e+03 3.179751e+01 2.285962e+01 6.921000e+01 4.764170e-02 1.053585e-01 5.692012e-02 9.037555e-01 3.633959e+00
1.000000e-01 1.604000e-02  4.010000e-03  3.000000e+00 6.035355e-06 8.000000e-04 1.154405e+03 3.179741e+01 2.285806e+01 6.920857e+01 4.920934e-02 1.106567e-01 5.999394e-02 9.525604e-01 3.830201e+00
1.000000e-01 1.604000e-02  4.010000e-03  3.000000e+00 6.196174e-06 8.000000e-04 1.154405e+03 3.179695e+01 2.285653e+01 6.920695e+01 5.249309e-02 1.168157e-01 6.323375e-02 1.004001e+00 4.037041e+00
1.000000e-01 1.604000e-02  4.010000e-03  3.000000e+00 6.361278e-06 8.000000e-04 1.154405e+03 3.179684e+01 2.285478e+01 6.920533e+01 5.636886e-02 1.229195e-01 6.664852e-02 1.058219e+00 4.255051e+00
1.000000e-01 1.604000e-02  4.010000e-03  3.000000e+00 6.530782e-06 8.000000e-04 1.154405e+03 3.179657e+01 2.285285e+01 6.920410e+01 5.861895e-02 1.299990e-01 7.024769e-02 1.115366e+00 4.484833e+00
1.000000e-01 1.604000e-02  4.010000e-03  3.000000e+00 6.704802e-06 8.000000e-04 1.154405e+03 3.179623e+01 2.285109e+01 6.920224e+01 6.186855e-02 1.372236e-01 7.404123e-02 1.175598e+00 4.727025e+00
1.000000e-01 1.604000e-02  4.010000e-03  3.000000e+00 6.883459e-06 8.000000e-04 1.154405e+03 3.179582e+01 2.284947e+01 6.920109e+01 6.588788e-02 1.435258e-01 7.803963e-02 1.239083e+00 4.982295e+00
1.000000e-01 1.604000e-02  4.010000e-03  3.000000e+00 7.066877e-06 8.000000e-04 1.154405e+03 3.179545e+01 2.284708e+01 6.919939e+01 6.965089e-02 1.516566e-01 8.225395e-02 1.305996e+00 5.251350e+00
1.000000e-01 1.604000e-02  4.010000e-03  3.000000e+00 7.255182e-06 8.000000e-04 1.154405e+03 3.179504e+01 2.284503e+01 6.919737e+01 7.411115e-02 1.601189e-01 8.669585e-02 1.376523e+00 5.534935e+00
1.000000e-01 1.604000e-02  4.010000e-03  3.000000e+00 7.448504e-06 8.000000e-04 1.154405e+03 3.179499e+01 2.284235e+01 6.919595e+01 7.676676e-02 1.684296e-01 9.137763e-02 1.450858e+00 5.833835e+00
1.000000e-01 1.604000e-02  4.010000e-03  3.000000e+00 7.646978e-06 8.000000e-04 1.154405e+03 3.179432e+01 2.284003e+01 6.919291e+01 8.042262e-02 1.777051e-01 9.631223e-02 1.529208e+00 6.148875e+00
1.000000e-01 1.604000e-02  4.010000e-03  3.000000e+00 7.850741e-06 8.000000e-04 1.154405e+03 3.179395e+01 2.283735e+01 6.919119e+01 8.440304e-02 1.873519e-01 1.015133e-01 1.611789e+00 6.480929e+00
1.000000e-01 1.604000e-02  4.010000e-03  3.000000e+00 8.059933e-06 8.000000e-04 1.154405e+03 3.179378e+01 2.283422e+01 6.918888e+01 8.837542e-02 1.981508e-01 1.069953e-01 1.698829e+00 6.830914e+00
1.000000e-01 1.604000e-02  4.010000e-03  3.000000e+00 8.274699e-06 8.000000e-04 1.154405e+03 3.179299e+01 2.283216e+01 6.918671e+01 9.593931e-02 2.076203e-01 1.127733e-01 1.790570e+00 7.199799e+00
1.000000e-01 1.604000e-02  4.010000e-03  3.000000e+00 8.495188e-06 8.000000e-04 1.154405e+03 3.179233e+01 2.282803e+01 6.918292e+01 1.017262e-01 2.206980e-01 1.188633e-01 1.887265e+00 7.588605e+00
1.000000e-01 1.604000e-02  4.010000e-03  3.000000e+00 8.721552e-06 8.000000e-04 1.154405e+03 3.179207e+01 2.282517e+01 6.918110e+01 1.053699e-01 2.312121e-01 1.252822e-01 1.989181e+00 7.998407e+00
1.000000e-01 1.604000e-02  4.010000e-03  3.000000e+00 8.953948e-06 8.000000e-04 1.154405e+03 3.179161e+01 2.282188e+01 6.917850e+01 1.107664e-01 2.433308e-01 1.320477e-01 2.096602e+00 8.430339e+00
1.000000e-01 1.604000e-02  4.010000e-03  3.000000e+00 9.192536e-06 8.000000e-04 1.154405e+03 3.179115e+01 2.281885e+01 6.917553e+01 1.173044e-01 2.566720e-01 1.391786e-01 2.209823e+00 8.885597e+00
1.000000e-01 1.604000e-02  4.010000e-03  3.000000e+00 9.437481e-06 8.000000e-04 1.154405e+03 3.179064e+01 2.281457e+01 6.917357e+01 1.226914e-01 2.708797e-01 1.466945e-01 2.329159e+00 9.365440e+00
1.000000e-01 1.604000e-02  4.010000e-03  3.000000e+00 9.688954e-06 8.000000e-04 1.154405e+03 3.178942e+01 2.281119e+01 6.916858e+01 1.302579e-01 2.848869e-01 1.546164e-01 2.454939e+00 9.871195e+00
1.000000e-01 1.604000e-02  4.010000e-03  3.000000e+00 9.947127e-06 8.000000e-04 1.154405e+03 3.178936e+01 2.280607e+01 6.916525e+01 1.368357e-01 3.021695e-01 1.629660e-01 2.587511e+00 1.040426e+01
1.000000e-01 1.604000e-02  4.010000e-03  3.000000e+00 1.021218e-05 8.000000e-04 1.154405e+03 3.178843e+01 2.280361e+01 6.916245e+01 1.448243e-01 3.140679e-01 1.717666e-01 2.727243e+00 1.096612e+01
1.000000e-01 1.604000e-02  4.010000e-03  3.000000e+00 1.048430e-05 8.000000e-04 1.154405e+03 3.178831e+01 2.279804e+01 6.915914e+01 1.502744e-01 3.352339e-01 1.810424e-01 2.874520e+00 1.155831e+01
1.000000e-01 1.604000e-02  4.010000e-03  3.000000e+00 1.076366e-05 8.000000e-04 1.154405e+03 3.178678e+01 2.279327e+01 6.915362e+01 1.624517e-01 3.522650e-01 1.908191e-01 3.029751e+00 1.218249e+01
1.000000e-01 1.604000e-02  4.010000e-03  3.000000e+00 1.105047e-05 8.000000e-04 1.154405e+03 3.178585e+01 2.278759e+01 6.914873e+01 1.691447e-01 3.715705e-01 2.011237e-01 3.193364e+00 1.284037e+01
1.000000e-01 1.604000e-02  4.010000e-03  3.000000e+00 1.134492e-05 8.000000e-04 1.154405e+03 3.178551e+01 2.278231e+01 6.914483e+01 1.788838e-01 3.920644e-01 2.119849e-01 3.365813e+00 1.353378e+01
1.000000e-01 1.604000e-02  4.010000e-03  3.000000e+00 1.164722e-05 8.000000e-04 1.154405e+03 3.178356e+01 2.277779e+01 6.914044e+01 1.918632e-01 4.101928e-01 2.234326e-01 3.547575e+00 1.426464e+01
1.000000e-01 1.604000e-02  4.010000e-03  3.000000e+00 1.195758e-05 8.000000e-04 1.154405e+03 3.178437e+01 2.276988e+01 6.913630e+01 1.971336e-01 4.357966e-01 2.354984e-01 3.739152e+00 1.503496e+01
1.000000e-01 1.604000e-02  4.010000e-03  3.000000e+00 1.227620e-05 8.000000e-04 1.154405e+03 3.178241e+01 2.276483e+01 6.913155e+01 2.067090e-01 4.571913e-01 2.482159e-01 3.941075e+00 1.584688e+01
1.000000e-01 1.604000e-02  4.010000e-03  3.000000e+00 1.260331e-05 8.000000e-04 1.154405e+03 3.178163e+01 2.275837e+01 6.912488e+01 2.198153e-01 4.831945e-01 2.616201e-01 4.153902e+00 1.670265e+01
1.000000e-01 1.604000e-02  4.010000e-03  3.000000e+00 1.293914e-05 8.000000e-04 1.154405e+03 3.178013e+01 2.275118e+01 6.911904e+01 2.338128e-01 5.098974e-01 2.757482e-01 4.378223e+00 1.760463e+01
1.000000e-01 1.604000e-02  4.010000e-03  3.000000e+00 1.328392e-05 8.000000e-04 1.154405e+03 3.177888e+01 2.274410e+01 6.911312e+01 2.439110e-01 5.344878e-01 2.906393e-01 4.614657e+00 1.855532e+01
1.000000e-01 1.604000e-02  4.010000e-03  3.000000e+00 1.363789e-05 8.000000e-04 1.154405e+03 3.177746e+01 2.273724e+01 6.910747e+01 2.576870e-01 5.632767e-01 3.063344e-01 4.863859e+00 1.955735e+01
