5.000000e-01 5.223000e-02  1.305750e-02  3.000000e+00 2.000000e-06 8.000000e-04 1.955081e+03 3.180203e+01 2.288798e+01 6.923338e+01 2.960181e-05 1.315317e-04 3.329644e-05 5.722261e-04 2.620383e-03
5.000000e-01 5.223000e-02  1.305750e-02  3.000000e+00 2.053292e-06 8.000000e-04 1.955081e+03 3.180203e+01 2.288798e+01 6.923338e+01 3.064692e-05 1.380521e-04 3.509452e-05 6.031276e-04 2.761890e-03
5.000000e-01 5.223000e-02  1.305750e-02  3.000000e+00 2.108005e-06 8.000000e-04 1.955081e+03 3.180203e+01 2.288798e+01 6.923338e+01 3.337265e-05 1.468365e-04 3.698971e-05 6.356979e-04 2.911038e-03
5.000000e-01 5.223000e-02  1.305750e-02  3.000000e+00 2.164175e-06 8.000000e-04 1.955081e+03 3.180203e+01 2.288798e+01 6.923338e+01 3.478447e-05 1.539073e-04 3.898724e-05 6.700270e-04 3.068241e-03
5.000000e-01 5.223000e-02  1.305750e-02  3.000000e+00 2.221842e-06 8.000000e-04 1.955081e+03 3.180203e+01 2.288797e+01 6.923338e+01 3.636153e-05 1.626947e-04 4.109264e-05 7.062100e-04 3.233933e-03
5.000000e-01 5.223000e-02  1.305750e-02  3.000000e+00 2.281045e-06 8.000000e-04 1.955081e+03 3.180203e+01 2.288797e+01 6.923338e+01 3.826503e-05 1.710431e-04 4.331173e-05 7.443470e-04 3.408573e-03
5.000000e-01 5.223000e-02  1.305750e-02  3.000000e+00 2.341826e-06 8.000000e-04 1.955081e+03 3.180203e+01 2.288797e+01 6.923338e+01 4.083398e-05 1.800397e-04 4.565067e-05 7.845435e-04 3.592643e-03
5.000000e-01 5.223000e-02  1.305750e-02  3.000000e+00 2.404227e-06 8.000000e-04 1.955081e+03 3.180203e+01 2.288797e+01 6.923337e+01 4.325997e-05 1.904836e-04 4.811591e-05 8.269106e-04 3.786655e-03
5.000000e-01 5.223000e-02  1.305750e-02  3.000000e+00 2.468290e-06 8.000000e-04 1.955081e+03 3.180203e+01 2.288796e+01 6.923337e+01 4.599552e-05 2.003773e-04 5.071428e-05 8.715657e-04 3.991143e-03
5.000000e-01 5.223000e-02  1.305750e-02  3.000000e+00 2.534061e-06 8.000000e-04 1.955081e+03 3.180203e+01 2.288796e+01 6.923337e+01 4.699615e-05 2.113936e-04 5.345297e-05 9.186323e-04 4.206674e-03
5.000000e-01 5.223000e-02  1.305750e-02  3.000000e+00 2.601584e-06 8.000000e-04 1.955081e+03 3.180203e+01 2.288796e+01 6.923337e+01 5.047829e-05 2.230904e-04 5.633955e-05 9.682405e-04 4.433844e-03
5.000000e-01 5.223000e-02  1.305750e-02  3.000000e+00 2.670906e-06 8.000000e-04 1.955081e+03 3.180203e+01 2.288795e+01 6.923336e+01 5.257078e-05 2.348998e-04 5.938202e-05 1.020528e-03 4.673281e-03
5.000000e-01 5.223000e-02  1.305750e-02  3.000000e+00 2.742075e-06 8.000000e-04 1.955081e+03 3.180203e+01 2.288795e+01 6.923336e+01 5.502433e-05 2.474974e-04 6.258878e-05 1.075639e-03 4.925649e-03
5.000000e-01 5.223000e-02  1.305750e-02  3.000000e+00 2.815141e-06 8.000000e-04 1.955081e+03 3.180203e+01 2.288795e+01 6.923336e+01 5.915005e-05 2.603092e-04 6.596872e-05 1.133726e-03 5.191646e-03
5.000000e-01 5.223000e-02  1.305750e-02  3.000000e+00 2.890154e-06 8.000000e-04 1.955081e+03 3.180203e+01 2.288794e+01 6.923336e+01 6.206924e-05 2.760323e-04 6.953118e-05 1.194949e-03 5.472007e-03
5.000000e-01 5.223000e-02  1.305750e-02  3.000000e+00 2.967165e-06 8.000000e-04 1.955081e+03 3.180202e+01 2.288794e+01 6.923335e+01 6.546875e-05 2.900357e-04 7.328603e-05 1.259479e-03 5.767508e-03
5.000000e-01 5.223000e-02  1.305750e-02  3.000000e+00 3.046229e-06 8.000000e-04 1.955081e+03 3.180202e+01 2.288793e+01 6.923335e+01 6.807535e-05 3.048932e-04 7.724364e-05 1.327494e-03 6.078967e-03
5.000000e-01 5.223000e-02  1.305750e-02  3.000000e+00 3.127399e-06 8.000000e-04 1.955081e+03 3.180202e+01 2.288793e+01 6.923335e+01 7.260431e-05 3.216952e-04 8.141498e-05 1.399182e-03 6.407245e-03
5.000000e-01 5.223000e-02  1.305750e-02  3.000000e+00 3.210732e-06 8.000000e-04 1.955081e+03 3.180202e+01 2.288793e+01 6.923334e+01 7.621988e-05 3.401223e-04 8.581158e-05 1.474741e-03 6.753251e-03
5.000000e-01 5.223000e-02  1.305750e-02  3.000000e+00 3.296286e-06 8.000000e-04 1.955081e+03 3.180202e+01 2.288792e+01 6.923334e+01 8.071915e-05 3.574451e-04 9.044560e-05 1.554380e-03 7.117942e-03
5.000000e-01 5.223000e-02  1.305750e-02  3.000000e+00 3.384119e-06 8.000000e-04 1.955081e+03 3.180202e+01 2.288792e+01 6.923334e+01 8.492266e-05 3.764825e-04 9.532987e-05 1.638321e-03 7.502327e-03
5.000000e-01 5.223000e-02  1.305750e-02  3.000000e+00 3.474293e-06 8.000000e-04 1.955081e+03 3.180202e+01 2.288791e+01 6.923333e+01 8.824809e-05 3.973717e-04 1.004779e-04 1.726794e-03 7.907470e-03
5.000000e-01 5.223000e-02  1.305750e-02  3.000000e+00 3.566869e-06 8.000000e-04 1.955081e+03 3.180202e+01 2.288790e+01 6.923333e+01 9.668111e-05 4.183543e-04 1.059039e-04 1.820045e-03 8.334492e-03
5.000000e-01 5.223000e-02  1.305750e-02  3.000000e+00 3.661913e-06 8.000000e-04 1.955081e+03 3.180202e+01 2.288790e+01 6.923332e+01 9.857399e-05 4.419646e-04 1.116230e-04 1.918331e-03 8.784574e-03
5.000000e-01 5.223000e-02  1.305750e-02  3.000000e+00 3.759488e-06 8.000000e-04 1.955081e+03 3.180202e+01 2.288789e+01 6.923332e+01 1.040742e-04 4.652344e-04 1.176509e-04 2.021925e-03 9.258961e-03
5.000000e-01 5.223000e-02  1.305750e-02  3.000000e+00 3.859664e-06 8.000000e-04 1.955081e+03 3.180202e+01 2.288788e+01 6.923331e+01 1.114308e-04 4.919497e-04 1.240043e-04 2.131114e-03 9.758966e-03
5.000000e-01 5.223000e-02  1.305750e-02  3.000000e+00 3.962510e-06 8.000000e-04 1.955081e+03 3.180202e+01 2.288788e+01 6.923331e+01 1.175632e-04 5.154653e-04 1.307008e-04 2.246199e-03 1.028597e-02
5.000000e-01 5.223000e-02  1.305750e-02  3.000000e+00 4.068095e-06 8.000000e-04 1.955081e+03 3.180202e+01 2.288787e+01 6.923330e+01 1.227814e-04 5.441065e-04 1.377590e-04 2.367499e-03 1.084144e-02
5.000000e-01 5.223000e-02  1.305750e-02  3.000000e+00 4.176494e-06 8.000000e-04 1.955081e+03 3.180202e+01 2.288786e+01 6.923329e+01 1.283753e-04 5.740808e-04 1.451983e-04 2.495350e-03 1.142690e-02
5.000000e-01 5.223000e-02  1.305750e-02  3.000000e+00 4.287782e-06 8.000000e-04 1.955081e+03 3.180202e+01 2.288785e+01 6.923329e+01 1.364998e-04 6.038783e-04 1.530393e-04 2.630104e-03 1.204398e-02
5.000000e-01 5.223000e-02  1.305750e-02  3.000000e+00 4.402035e-06 8.000000e-04 1.955081e+03 3.180202e+01 2.288784e+01 6.923328e+01 1.454625e-04 6.382826e-04 1.613038e-04 2.772136e-03 1.269438e-02
5.000000e-01 5.223000e-02  1.305750e-02  3.000000e+00 4.519332e-06 8.000000e-04 1.955081e+03 3.180202e+01 2.288783e+01 6.923328e+01 1.527626e-04 6.721107e-04 1.700146e-04 2.921838e-03 1.337991e-02
5.000000e-01 5.223000e-02  1.305750e-02  3.000000e+00 4.639755e-06 8.000000e-04 1.955081e+03 3.180202e+01 2.288782e+01 6.923327e+01 1.576244e-04 7.081760e-04 1.791958e-04 3.079624e-03 1.410246e-02
5.000000e-01 5.223000e-02  1.305750e-02  3.000000e+00 4.763386e-06 8.000000e-04 1.955081e+03 3.180201e+01 2.288781e+01 6.923326e+01 1.694038e-04 7.456895e-04 1.888728e-04 3.245930e-03 1.486402e-02
5.000000e-01 5.223000e-02  1.305750e-02  3.000000e+00 4.890312e-06 8.000000e-04 1.955081e+03 3.180201e+01 2.288780e+01 6.923325e+01 1.759923e-04 7.853561e-04 1.990723e-04 3.421218e-03 1.566671e-02
5.000000e-01 5.223000e-02  1.305750e-02  3.000000e+00 5.020620e-06 8.000000e-04 1.955081e+03 3.180201e+01 2.288779e+01 6.923324e+01 1.917810e-04 8.289414e-04 2.098227e-04 3.605972e-03 1.651275e-02
5.000000e-01 5.223000e-02  1.305750e-02  3.000000e+00 5.154400e-06 8.000000e-04 1.955081e+03 3.180201e+01 2.288778e+01 6.923323e+01 1.949347e-04 8.731889e-04 2.211536e-04 3.800703e-03 1.740448e-02
5.000000e-01 5.223000e-02  1.305750e-02  3.000000e+00 5.291745e-06 8.000000e-04 1.955081e+03 3.180201e+01 2.288776e+01 6.923323e+01 2.073686e-04 9.224933e-04 2.330964e-04 4.005949e-03 1.834436e-02
5.000000e-01 5.223000e-02  1.305750e-02  3.000000e+00 5.432750e-06 8.000000e-04 1.955081e+03 3.180201e+01 2.288775e+01 6.923322e+01 2.194858e-04 9.681213e-04 2.456842e-04 4.222280e-03 1.933500e-02
5.000000e-01 5.223000e-02  1.305750e-02  3.000000e+00 5.577512e-06 8.000000e-04 1.955081e+03 3.180201e+01 2.288773e+01 6.923320e+01 2.311792e-04 1.026092e-03 2.589517e-04 4.450293e-03 2.037913e-02
5.000000e-01 5.223000e-02  1.305750e-02  3.000000e+00 5.726131e-06 8.000000e-04 1.955081e+03 3.180201e+01 2.288772e+01 6.923319e+01 2.466128e-04 1.078858e-03 2.729357e-04 4.690619e-03 2.147965e-02
5.000000e-01 5.223000e-02  1.305750e-02  3.000000e+00 5.878710e-06 8.000000e-04 1.955081e+03 3.180201e+01 2.288770e+01 6.923318e+01 2.578797e-04 1.134577e-03 2.876748e-04 4.943923e-03 2.263960e-02
5.000000e-01 5.223000e-02  1.305750e-02  3.000000e+00 6.035355e-06 8.000000e-04 1.955081e+03 3.180201e+01 2.288769e+01 6.923317e+01 2.685718e-04 1.197847e-03 3.032099e-04 5.210906e-03 2.386220e-02
5.000000e-01 5.223000e-02  1.305750e-02  3.000000e+00 6.196174e-06 8.000000e-04 1.955081e+03 3.180200e+01 2.288767e+01 6.923315e+01 2.885956e-04 1.263779e-03 3.195840e-04 5.492307e-03 2.515081e-02
5.000000e-01 5.223000e-02  1.305750e-02  3.000000e+00 6.361278e-06 8.000000e-04 1.955081e+03 3.180200e+01 2.288765e+01 6.923314e+01 3.014432e-04 1.322650e-03 3.368422e-04 5.788905e-03 2.650901e-02
5.000000e-01 5.223000e-02  1.305750e-02  3.000000e+00 6.530782e-06 8.000000e-04 1.955081e+03 3.180200e+01 2.288763e+01 6.923313e+01 3.167637e-04 1.407033e-03 3.550325e-04 6.101519e-03 2.794056e-02
5.000000e-01 5.223000e-02  1.305750e-02  3.000000e+00 6.704802e-06 8.000000e-04 1.955081e+03 3.180200e+01 2.288761e+01 6.923311e+01 3.314109e-04 1.479731e-03 3.742051e-04 6.431015e-03 2.944941e-02
5.000000e-01 5.223000e-02  1.305750e-02  3.000000e+00 6.883459e-06 8.000000e-04 1.955081e+03 3.180200e+01 2.288759e+01 6.923309e+01 3.537020e-04 1.552305e-03 3.944130e-04 6.778305e-03 3.103975e-02
5.000000e-01 5.223000e-02  1.305750e-02  3.000000e+00 7.066877e-06 8.000000e-04 1.955081e+03 3.180199e+01 2.288756e+01 6.923308e+01 3.719684e-04 1.650816e-03 4.157122e-04 7.144349e-03 3.271597e-02
5.000000e-01 5.223000e-02  1.305750e-02  3.000000e+00 7.255182e-06 8.000000e-04 1.955081e+03 3.180199e+01 2.288754e+01 6.923306e+01 3.973007e-04 1.732646e-03 4.381616e-04 7.530160e-03 3.448271e-02
5.000000e-01 5.223000e-02  1.305750e-02  3.000000e+00 7.448504e-06 8.000000e-04 1.955081e+03 3.180199e+01 2.288751e+01 6.923303e+01 4.124033e-04 1.832089e-03 4.618234e-04 7.936806e-03 3.634485e-02
5.000000e-01 5.223000e-02  1.305750e-02  3.000000e+00 7.646978e-06 8.000000e-04 1.955081e+03 3.180199e+01 2.288749e+01 6.923302e+01 4.345056e-04 1.919510e-03 4.867629e-04 8.365412e-03 3.830756e-02
5.000000e-01 5.223000e-02  1.305750e-02  3.000000e+00 7.850741e-06 8.000000e-04 1.955081e+03 3.180199e+01 2.288745e+01 6.923299e+01 4.581724e-04 2.027966e-03 5.130492e-04 8.817164e-03 4.037625e-02
5.000000e-01 5.223000e-02  1.305750e-02  3.000000e+00 8.059933e-06 8.000000e-04 1.955081e+03 3.180198e+01 2.288743e+01 6.923298e+01 4.853309e-04 2.143276e-03 5.407551e-04 9.293311e-03 4.255666e-02
5.000000e-01 5.223000e-02  1.305750e-02  3.000000e+00 8.274699e-06 8.000000e-04 1.955081e+03 3.180198e+01 2.288740e+01 6.923296e+01 5.079746e-04 2.241316e-03 5.699571e-04 9.795171e-03 4.485482e-02
5.000000e-01 5.223000e-02  1.305750e-02  3.000000e+00 8.495188e-06 8.000000e-04 1.955081e+03 3.180198e+01 2.288736e+01 6.923293e+01 5.386470e-04 2.375033e-03 6.007361e-04 1.032413e-02 4.727709e-02
5.000000e-01 5.223000e-02  1.305750e-02  3.000000e+00 8.721552e-06 8.000000e-04 1.955081e+03 3.180198e+01 2.288732e+01 6.923290e+01 5.672466e-04 2.490609e-03 6.331772e-04 1.088166e-02 4.983016e-02
5.000000e-01 5.223000e-02  1.305750e-02  3.000000e+00 8.953948e-06 8.000000e-04 1.955081e+03 3.180197e+01 2.288727e+01 6.923287e+01 5.927753e-04 2.662476e-03 6.673703e-04 1.146930e-02 5.252110e-02
5.000000e-01 5.223000e-02  1.305750e-02  3.000000e+00 9.192536e-06 8.000000e-04 1.955081e+03 3.180197e+01 2.288724e+01 6.923285e+01 6.189674e-04 2.772772e-03 7.034098e-04 1.208866e-02 5.535736e-02
5.000000e-01 5.223000e-02  1.305750e-02  3.000000e+00 9.437481e-06 8.000000e-04 1.955081e+03 3.180197e+01 2.288721e+01 6.923282e+01 6.644043e-04 2.916057e-03 7.413955e-04 1.274148e-02 5.834679e-02
5.000000e-01 5.223000e-02  1.305750e-02  3.000000e+00 9.688954e-06 8.000000e-04 1.955081e+03 3.180196e+01 2.288717e+01 6.923279e+01 6.947049e-04 3.085866e-03 7.814326e-04 1.342955e-02 6.149765e-02
5.000000e-01 5.223000e-02  1.305750e-02  3.000000e+00 9.947127e-06 8.000000e-04 1.955081e+03 3.180196e+01 2.288711e+01 6.923274e+01 7.462975e-04 3.259253e-03 8.236318e-04 1.415478e-02 6.481867e-02
5.000000e-01 5.223000e-02  1.305750e-02  3.000000e+00 1.021218e-05 8.000000e-04 1.955081e+03 3.180196e+01 2.288707e+01 6.923272e+01 7.709262e-04 3.427486e-03 8.681098e-04 1.491917e-02 6.831902e-02
5.000000e-01 5.223000e-02  1.305750e-02  3.000000e+00 1.048430e-05 8.000000e-04 1.955081e+03 3.180195e+01 2.288701e+01 6.923267e+01 8.003358e-04 3.610619e-03 9.149897e-04 1.572484e-02 7.200841e-02
5.000000e-01 5.223000e-02  1.305750e-02  3.000000e+00 1.076366e-05 8.000000e-04 1.955081e+03 3.180195e+01 2.288695e+01 6.923263e+01 8.587448e-04 3.805394e-03 9.644013e-04 1.657401e-02 7.589703e-02
5.000000e-01 5.223000e-02  1.305750e-02  3.000000e+00 1.105047e-05 8.000000e-04 1.955081e+03 3.180194e+01 2.288690e+01 6.923259e+01 9.068390e-04 4.016314e-03 1.016481e-03 1.746905e-02 7.999564e-02
5.000000e-01 5.223000e-02  1.305750e-02  3.000000e+00 1.134492e-05 8.000000e-04 1.955081e+03 3.180194e+01 2.288684e+01 6.923255e+01 9.536293e-04 4.225480e-03 1.071374e-03 1.841242e-02 8.431559e-02
5.000000e-01 5.223000e-02  1.305750e-02  3.000000e+00 1.164722e-05 8.000000e-04 1.955081e+03 3.180193e+01 2.288678e+01 6.923250e+01 9.977673e-04 4.455680e-03 1.129230e-03 1.940673e-02 8.886883e-02
5.000000e-01 5.223000e-02  1.305750e-02  3.000000e+00 1.195758e-05 8.000000e-04 1.955081e+03 3.180193e+01 2.288671e+01 6.923246e+01 1.064102e-03 4.701724e-03 1.190211e-03 2.045474e-02 9.366795e-02
5.000000e-01 5.223000e-02  1.305750e-02  3.000000e+00 1.227620e-05 8.000000e-04 1.955081e+03 3.180192e+01 2.288663e+01 6.923240e+01 1.126106e-03 4.964434e-03 1.254485e-03 2.155934e-02 9.872624e-02
5.000000e-01 5.223000e-02  1.305750e-02  3.000000e+00 1.260331e-05 8.000000e-04 1.955081e+03 3.180192e+01 2.288657e+01 6.923235e+01 1.157618e-03 5.219486e-03 1.322230e-03 2.272360e-02 1.040577e-01
5.000000e-01 5.223000e-02  1.305750e-02  3.000000e+00 1.293914e-05 8.000000e-04 1.955081e+03 3.180191e+01 2.288648e+01 6.923230e+01 1.212945e-03 5.492947e-03 1.393634e-03 2.395072e-02 1.096770e-01
5.000000e-01 5.223000e-02  1.305750e-02  3.000000e+00 1.328392e-05 8.000000e-04 1.955081e+03 3.180190e+01 2.288640e+01 6.923223e+01 1.300802e-03 5.816476e-03 1.468893e-03 2.524412e-02 1.155999e-01
5.000000e-01 5.223000e-02  1.305750e-02  3.000000e+00 1.363789e-05 8.000000e-04 1.955081e+03 3.180190e+01 2.288631e+01 6.923215e+01 1.394060e-03 6.124706e-03 1.548217e-03 2.660736e-02 1.218425e-01
5.000000e-01 5.223000e-02  1.305750e-02  3.000000e+00 1.400128e-05 8.000000e-04 1.955081e+03 3.180189e+01 2.288622e+01 6.923209e+01 1.451311e-03 6.453011e-03 1.631824e-03 2.804422e-02 1.284223e-01
5.000000e-01 5.223000e-02  1.305750e-02  3.000000e+00 1.437436e-05 8.000000e-04 1.955081e+03 3.180189e+01 2.288612e+01 6.923202e+01 1.521549e-03 6.794586e-03 1.719947e-03 2.955867e-02 1.353574e-01
