2.000000e-01 1.604000e-02  1.069333e-02  5.000000e-01 2.000000e-06 8.000000e-04 4.160226e+05 3.180203e+01 2.288802e+01 6.923341e+01 1.552560e-06 2.661801e-06 1.778101e-06 3.398621e-05 1.224142e-04
2.000000e-01 1.604000e-02  1.069333e-02  5.000000e-01 2.053292e-06 8.000000e-04 4.160226e+05 3.180203e+01 2.288802e+01 6.923341e+01 1.634639e-06 2.813155e-06 1.874122e-06 3.582154e-05 1.290249e-04
2.000000e-01 1.604000e-02  1.069333e-02  5.000000e-01 2.108005e-06 8.000000e-04 4.160226e+05 3.180203e+01 2.288802e+01 6.923341e+01 1.712795e-06 2.939805e-06 1.975329e-06 3.775599e-05 1.359925e-04
2.000000e-01 1.604000e-02  1.069333e-02  5.000000e-01 2.164175e-06 8.000000e-04 4.160226e+05 3.180203e+01 2.288802e+01 6.923341e+01 1.860167e-06 3.122379e-06 2.082001e-06 3.979490e-05 1.433364e-04
2.000000e-01 1.604000e-02  1.069333e-02  5.000000e-01 2.221842e-06 8.000000e-04 4.160226e+05 3.180203e+01 2.288802e+01 6.923341e+01 1.890942e-06 3.291008e-06 2.194434e-06 4.194392e-05 1.510769e-04
2.000000e-01 1.604000e-02  1.069333e-02  5.000000e-01 2.281045e-06 8.000000e-04 4.160226e+05 3.180203e+01 2.288802e+01 6.923341e+01 2.001962e-06 3.464531e-06 2.312939e-06 4.420899e-05 1.592354e-04
2.000000e-01 1.604000e-02  1.069333e-02  5.000000e-01 2.341826e-06 8.000000e-04 4.160226e+05 3.180203e+01 2.288802e+01 6.923341e+01 2.178741e-06 3.664984e-06 2.437843e-06 4.659637e-05 1.678345e-04
2.000000e-01 1.604000e-02  1.069333e-02  5.000000e-01 2.404227e-06 8.000000e-04 4.160226e+05 3.180203e+01 2.288802e+01 6.923341e+01 2.182040e-06 3.859487e-06 2.569492e-06 4.911269e-05 1.768980e-04
2.000000e-01 1.604000e-02  1.069333e-02  5.000000e-01 2.468290e-06 8.000000e-04 4.160226e+05 3.180203e+01 2.288802e+01 6.923341e+01 2.395248e-06 4.058270e-06 2.708250e-06 5.176488e-05 1.864509e-04
2.000000e-01 1.604000e-02  1.069333e-02  5.000000e-01 2.534061e-06 8.000000e-04 4.160226e+05 3.180203e+01 2.288802e+01 6.923341e+01 2.502928e-06 4.276552e-06 2.854502e-06 5.456031e-05 1.965197e-04
2.000000e-01 1.604000e-02  1.069333e-02  5.000000e-01 2.601584e-06 8.000000e-04 4.160226e+05 3.180203e+01 2.288802e+01 6.923341e+01 2.635695e-06 4.497612e-06 3.008652e-06 5.750669e-05 2.071322e-04
2.000000e-01 1.604000e-02  1.069333e-02  5.000000e-01 2.670906e-06 8.000000e-04 4.160226e+05 3.180203e+01 2.288802e+01 6.923341e+01 2.777449e-06 4.763074e-06 3.171126e-06 6.061219e-05 2.183178e-04
2.000000e-01 1.604000e-02  1.069333e-02  5.000000e-01 2.742075e-06 8.000000e-04 4.160226e+05 3.180203e+01 2.288802e+01 6.923341e+01 2.941312e-06 5.027636e-06 3.342374e-06 6.388538e-05 2.301075e-04
2.000000e-01 1.604000e-02  1.069333e-02  5.000000e-01 2.815141e-06 8.000000e-04 4.160226e+05 3.180203e+01 2.288802e+01 6.923341e+01 3.110302e-06 5.293444e-06 3.522870e-06 6.733534e-05 2.425338e-04
2.000000e-01 1.604000e-02  1.069333e-02  5.000000e-01 2.890154e-06 8.000000e-04 4.160226e+05 3.180203e+01 2.288802e+01 6.923341e+01 3.194121e-06 5.572238e-06 3.713113e-06 7.097161e-05 2.556312e-04
2.000000e-01 1.604000e-02  1.069333e-02  5.000000e-01 2.967165e-06 8.000000e-04 4.160226e+05 3.180203e+01 2.288802e+01 6.923341e+01 3.400349e-06 5.883400e-06 3.913630e-06 7.480424e-05 2.694359e-04
2.000000e-01 1.604000e-02  1.069333e-02  5.000000e-01 3.046229e-06 8.000000e-04 4.160226e+05 3.180203e+01 2.288802e+01 6.923341e+01 3.520298e-06 6.157535e-06 4.124975e-06 7.884384e-05 2.839860e-04
2.000000e-01 1.604000e-02  1.069333e-02  5.000000e-01 3.127399e-06 8.000000e-04 4.160226e+05 3.180203e+01 2.288802e+01 6.923341e+01 3.873609e-06 6.525795e-06 4.347733e-06 8.310159e-05 2.993219e-04
2.000000e-01 1.604000e-02  1.069333e-02  5.000000e-01 3.210732e-06 8.000000e-04 4.160226e+05 3.180203e+01 2.288802e+01 6.923341e+01 3.988316e-06 6.878405e-06 4.582521e-06 8.758927e-05 3.154860e-04
2.000000e-01 1.604000e-02  1.069333e-02  5.000000e-01 3.296286e-06 8.000000e-04 4.160226e+05 3.180203e+01 2.288802e+01 6.923341e+01 4.215873e-06 7.280932e-06 4.829988e-06 9.231929e-05 3.325230e-04
2.000000e-01 1.604000e-02  1.069333e-02  5.000000e-01 3.384119e-06 8.000000e-04 4.160226e+05 3.180203e+01 2.288802e+01 6.923341e+01 4.436870e-06 7.637871e-06 5.090818e-06 9.730474e-05 3.504800e-04
2.000000e-01 1.604000e-02  1.069333e-02  5.000000e-01 3.474293e-06 8.000000e-04 4.160226e+05 3.180203e+01 2.288802e+01 6.923341e+01 4.688800e-06 8.072723e-06 5.365734e-06 1.025594e-04 3.694067e-04
2.000000e-01 1.604000e-02  1.069333e-02  5.000000e-01 3.566869e-06 8.000000e-04 4.160226e+05 3.180203e+01 2.288802e+01 6.923341e+01 4.910758e-06 8.456252e-06 5.655496e-06 1.080979e-04 3.893555e-04
2.000000e-01 1.604000e-02  1.069333e-02  5.000000e-01 3.661913e-06 8.000000e-04 4.160226e+05 3.180203e+01 2.288802e+01 6.923341e+01 5.139470e-06 8.985469e-06 5.960906e-06 1.139354e-04 4.103816e-04
2.000000e-01 1.604000e-02  1.069333e-02  5.000000e-01 3.759488e-06 8.000000e-04 4.160226e+05 3.180203e+01 2.288802e+01 6.923341e+01 5.339703e-06 9.375390e-06 6.282809e-06 1.200882e-04 4.325432e-04
2.000000e-01 1.604000e-02  1.069333e-02  5.000000e-01 3.859664e-06 8.000000e-04 4.160226e+05 3.180203e+01 2.288802e+01 6.923341e+01 5.718297e-06 9.996261e-06 6.622095e-06 1.265732e-04 4.559015e-04
2.000000e-01 1.604000e-02  1.069333e-02  5.000000e-01 3.962510e-06 8.000000e-04 4.160226e+05 3.180203e+01 2.288802e+01 6.923341e+01 6.042919e-06 1.046765e-05 6.979703e-06 1.334085e-04 4.805212e-04
2.000000e-01 1.604000e-02  1.069333e-02  5.000000e-01 4.068095e-06 8.000000e-04 4.160226e+05 3.180203e+01 2.288802e+01 6.923341e+01 6.397463e-06 1.097833e-05 7.356624e-06 1.406128e-04 5.064705e-04
2.000000e-01 1.604000e-02  1.069333e-02  5.000000e-01 4.176494e-06 8.000000e-04 4.160226e+05 3.180203e+01 2.288802e+01 6.923341e+01 6.891782e-06 1.160908e-05 7.753898e-06 1.482062e-04 5.338211e-04
2.000000e-01 1.604000e-02  1.069333e-02  5.000000e-01 4.287782e-06 8.000000e-04 4.160226e+05 3.180203e+01 2.288802e+01 6.923341e+01 7.208591e-06 1.226439e-05 8.172627e-06 1.562097e-04 5.626486e-04
2.000000e-01 1.604000e-02  1.069333e-02  5.000000e-01 4.402035e-06 8.000000e-04 4.160226e+05 3.180203e+01 2.288802e+01 6.923341e+01 7.741268e-06 1.294278e-05 8.613967e-06 1.646454e-04 5.930330e-04
2.000000e-01 1.604000e-02  1.069333e-02  5.000000e-01 4.519332e-06 8.000000e-04 4.160226e+05 3.180203e+01 2.288802e+01 6.923341e+01 8.208999e-06 1.357411e-05 9.079141e-06 1.735366e-04 6.250581e-04
2.000000e-01 1.604000e-02  1.069333e-02  5.000000e-01 4.639755e-06 8.000000e-04 4.160226e+05 3.180203e+01 2.288802e+01 6.923341e+01 8.389637e-06 1.434873e-05 9.569436e-06 1.829080e-04 6.588127e-04
2.000000e-01 1.604000e-02  1.069333e-02  5.000000e-01 4.763386e-06 8.000000e-04 4.160226e+05 3.180203e+01 2.288802e+01 6.923341e+01 8.813731e-06 1.501783e-05 1.008621e-05 1.927855e-04 6.943901e-04
2.000000e-01 1.604000e-02  1.069333e-02  5.000000e-01 4.890312e-06 8.000000e-04 4.160226e+05 3.180203e+01 2.288802e+01 6.923341e+01 9.379969e-06 1.591243e-05 1.063089e-05 2.031963e-04 7.318888e-04
2.000000e-01 1.604000e-02  1.069333e-02  5.000000e-01 5.020620e-06 8.000000e-04 4.160226e+05 3.180203e+01 2.288802e+01 6.923341e+01 9.911675e-06 1.686752e-05 1.120498e-05 2.141694e-04 7.714125e-04
2.000000e-01 1.604000e-02  1.069333e-02  5.000000e-01 5.154400e-06 8.000000e-04 4.160226e+05 3.180203e+01 2.288802e+01 6.923341e+01 1.029136e-05 1.768401e-05 1.181007e-05 2.257351e-04 8.130705e-04
2.000000e-01 1.604000e-02  1.069333e-02  5.000000e-01 5.291745e-06 8.000000e-04 4.160226e+05 3.180203e+01 2.288802e+01 6.923341e+01 1.106441e-05 1.870001e-05 1.244784e-05 2.379253e-04 8.569782e-04
2.000000e-01 1.604000e-02  1.069333e-02  5.000000e-01 5.432750e-06 8.000000e-04 4.160226e+05 3.180203e+01 2.288802e+01 6.923341e+01 1.138046e-05 1.958295e-05 1.312006e-05 2.507738e-04 9.032570e-04
2.000000e-01 1.604000e-02  1.069333e-02  5.000000e-01 5.577512e-06 8.000000e-04 4.160226e+05 3.180203e+01 2.288802e+01 6.923341e+01 1.214726e-05 2.064097e-05 1.382857e-05 2.643162e-04 9.520350e-04
2.000000e-01 1.604000e-02  1.069333e-02  5.000000e-01 5.726131e-06 8.000000e-04 4.160226e+05 3.180203e+01 2.288801e+01 6.923341e+01 1.262988e-05 2.179907e-05 1.457535e-05 2.785898e-04 1.003447e-03
2.000000e-01 1.604000e-02  1.069333e-02  5.000000e-01 5.878710e-06 8.000000e-04 4.160226e+05 3.180203e+01 2.288801e+01 6.923341e+01 1.304595e-05 2.289263e-05 1.536245e-05 2.936343e-04 1.057636e-03
2.000000e-01 1.604000e-02  1.069333e-02  5.000000e-01 6.035355e-06 8.000000e-04 4.160226e+05 3.180203e+01 2.288801e+01 6.923341e+01 1.425687e-05 2.425116e-05 1.619206e-05 3.094913e-04 1.114750e-03
2.000000e-01 1.604000e-02  1.069333e-02  5.000000e-01 6.196174e-06 8.000000e-04 4.160226e+05 3.180203e+01 2.288801e+01 6.923341e+01 1.523351e-05 2.564430e-05 1.706646e-05 3.262045e-04 1.174949e-03
2.000000e-01 1.604000e-02  1.069333e-02  5.000000e-01 6.361278e-06 8.000000e-04 4.160226e+05 3.180203e+01 2.288801e+01 6.923341e+01 1.579716e-05 2.700919e-05 1.798809e-05 3.438203e-04 1.238399e-03
2.000000e-01 1.604000e-02  1.069333e-02  5.000000e-01 6.530782e-06 8.000000e-04 4.160226e+05 3.180203e+01 2.288801e+01 6.923341e+01 1.680254e-05 2.853455e-05 1.895949e-05 3.623874e-04 1.305276e-03
2.000000e-01 1.604000e-02  1.069333e-02  5.000000e-01 6.704802e-06 8.000000e-04 4.160226e+05 3.180203e+01 2.288801e+01 6.923341e+01 1.755750e-05 3.013237e-05 1.998335e-05 3.819572e-04 1.375764e-03
2.000000e-01 1.604000e-02  1.069333e-02  5.000000e-01 6.883459e-06 8.000000e-04 4.160226e+05 3.180203e+01 2.288801e+01 6.923340e+01 1.825796e-05 3.156666e-05 2.106249e-05 4.025837e-04 1.450058e-03
2.000000e-01 1.604000e-02  1.069333e-02  5.000000e-01 7.066877e-06 8.000000e-04 4.160226e+05 3.180203e+01 2.288801e+01 6.923340e+01 1.957937e-05 3.329993e-05 2.219992e-05 4.243242e-04 1.528365e-03
2.000000e-01 1.604000e-02  1.069333e-02  5.000000e-01 7.255182e-06 8.000000e-04 4.160226e+05 3.180203e+01 2.288801e+01 6.923340e+01 2.048333e-05 3.504956e-05 2.339876e-05 4.472387e-04 1.610900e-03
2.000000e-01 1.604000e-02  1.069333e-02  5.000000e-01 7.448504e-06 8.000000e-04 4.160226e+05 3.180203e+01 2.288801e+01 6.923340e+01 2.251204e-05 3.686715e-05 2.466235e-05 4.713906e-04 1.697892e-03
2.000000e-01 1.604000e-02  1.069333e-02  5.000000e-01 7.646978e-06 8.000000e-04 4.160226e+05 3.180203e+01 2.288801e+01 6.923340e+01 2.331345e-05 3.877645e-05 2.599418e-05 4.968468e-04 1.789582e-03
2.000000e-01 1.604000e-02  1.069333e-02  5.000000e-01 7.850741e-06 8.000000e-04 4.160226e+05 3.180203e+01 2.288801e+01 6.923340e+01 2.509606e-05 4.109789e-05 2.739792e-05 5.236776e-04 1.886224e-03
2.000000e-01 1.604000e-02  1.069333e-02  5.000000e-01 8.059933e-06 8.000000e-04 4.160226e+05 3.180203e+01 2.288801e+01 6.923340e+01 2.542638e-05 4.336877e-05 2.887747e-05 5.519574e-04 1.988084e-03
2.000000e-01 1.604000e-02  1.069333e-02  5.000000e-01 8.274699e-06 8.000000e-04 4.160226e+05 3.180203e+01 2.288801e+01 6.923340e+01 2.691043e-05 4.568835e-05 3.043692e-05 5.817644e-04 2.095445e-03
2.000000e-01 1.604000e-02  1.069333e-02  5.000000e-01 8.495188e-06 8.000000e-04 4.160226e+05 3.180203e+01 2.288801e+01 6.923340e+01 2.840675e-05 4.785833e-05 3.208059e-05 6.131810e-04 2.208604e-03
2.000000e-01 1.604000e-02  1.069333e-02  5.000000e-01 8.721552e-06 8.000000e-04 4.160226e+05 3.180203e+01 2.288801e+01 6.923340e+01 2.923622e-05 5.053708e-05 3.381301e-05 6.462942e-04 2.327874e-03
2.000000e-01 1.604000e-02  1.069333e-02  5.000000e-01 8.953948e-06 8.000000e-04 4.160226e+05 3.180203e+01 2.288801e+01 6.923340e+01 3.027057e-05 5.330669e-05 3.563899e-05 6.811956e-04 2.453585e-03
2.000000e-01 1.604000e-02  1.069333e-02  5.000000e-01 9.192536e-06 8.000000e-04 4.160226e+05 3.180203e+01 2.288801e+01 6.923340e+01 3.325823e-05 5.632484e-05 3.756358e-05 7.179818e-04 2.586084e-03
2.000000e-01 1.604000e-02  1.069333e-02  5.000000e-01 9.437481e-06 8.000000e-04 4.160226e+05 3.180203e+01 2.288801e+01 6.923340e+01 3.405425e-05 5.954555e-05 3.959210e-05 7.567544e-04 2.725738e-03
2.000000e-01 1.604000e-02  1.069333e-02  5.000000e-01 9.688954e-06 8.000000e-04 4.160226e+05 3.180203e+01 2.288800e+01 6.923340e+01 3.632150e-05 6.298658e-05 4.173017e-05 7.976209e-04 2.872934e-03
2.000000e-01 1.604000e-02  1.069333e-02  5.000000e-01 9.947127e-06 8.000000e-04 4.160226e+05 3.180203e+01 2.288800e+01 6.923340e+01 3.879031e-05 6.567723e-05 4.398369e-05 8.406943e-04 3.028080e-03
2.000000e-01 1.604000e-02  1.069333e-02  5.000000e-01 1.021218e-05 8.000000e-04 4.160226e+05 3.180203e+01 2.288800e+01 6.923340e+01 3.979354e-05 6.916568e-05 4.635891e-05 8.860937e-04 3.191603e-03
2.000000e-01 1.604000e-02  1.069333e-02  5.000000e-01 1.048430e-05 8.000000e-04 4.160226e+05 3.180203e+01 2.288800e+01 6.923340e+01 4.247246e-05 7.338731e-05 4.886240e-05 9.339448e-04 3.363957e-03
2.000000e-01 1.604000e-02  1.069333e-02  5.000000e-01 1.076366e-05 8.000000e-04 4.160226e+05 3.180203e+01 2.288800e+01 6.923340e+01 4.361952e-05 7.728189e-05 5.150108e-05 9.843800e-04 3.545618e-03
2.000000e-01 1.604000e-02  1.069333e-02  5.000000e-01 1.105047e-05 8.000000e-04 4.160226e+05 3.180203e+01 2.288800e+01 6.923339e+01 4.783095e-05 8.150123e-05 5.428226e-05 1.037539e-03 3.737090e-03
2.000000e-01 1.604000e-02  1.069333e-02  5.000000e-01 1.134492e-05 8.000000e-04 4.160226e+05 3.180203e+01 2.288800e+01 6.923339e+01 5.014738e-05 8.587693e-05 5.721363e-05 1.093568e-03 3.938901e-03
2.000000e-01 1.604000e-02  1.069333e-02  5.000000e-01 1.164722e-05 8.000000e-04 4.160226e+05 3.180203e+01 2.288800e+01 6.923339e+01 5.306160e-05 9.033223e-05 6.030330e-05 1.152624e-03 4.151611e-03
2.000000e-01 1.604000e-02  1.069333e-02  5.000000e-01 1.195758e-05 8.000000e-04 4.160226e+05 3.180203e+01 2.288800e+01 6.923339e+01 5.413669e-05 9.579777e-05 6.355981e-05 1.214868e-03 4.375808e-03
2.000000e-01 1.604000e-02  1.069333e-02  5.000000e-01 1.227620e-05 8.000000e-04 4.160226e+05 3.180203e+01 2.288800e+01 6.923339e+01 5.792013e-05 1.004855e-04 6.699219e-05 1.280474e-03 4.612111e-03
2.000000e-01 1.604000e-02  1.069333e-02  5.000000e-01 1.260331e-05 8.000000e-04 4.160226e+05 3.180203e+01 2.288799e+01 6.923339e+01 6.152685e-05 1.054998e-04 7.060992e-05 1.349622e-03 4.861176e-03
2.000000e-01 1.604000e-02  1.069333e-02  5.000000e-01 1.293914e-05 8.000000e-04 4.160226e+05 3.180203e+01 2.288799e+01 6.923339e+01 6.409724e-05 1.115024e-04 7.442302e-05 1.422505e-03 5.123691e-03
2.000000e-01 1.604000e-02  1.069333e-02  5.000000e-01 1.328392e-05 8.000000e-04 4.160226e+05 3.180202e+01 2.288799e+01 6.923339e+01 6.930405e-05 1.177504e-04 7.844204e-05 1.499323e-03 5.400382e-03
2.000000e-01 1.604000e-02  1.069333e-02  5.000000e-01 1.363789e-05 8.000000e-04 4.160226e+05 3.180202e+01 2.288799e+01 6.923338e+01 7.423127e-05 1.236251e-04 8.267809e-05 1.580290e-03 5.692015e-03
2.000000e-01 1.604000e-02  1.069333e-02  5.000000e-01 1.400128e-05 8.000000e-04 4.160226e+05 3.180202e+01 2.288799e+01 6.923338e+01 7.640209e-05 1.309016e-04 8.714290e-05 1.665630e-03 5.999397e-03
2.000000e-01 1.604000e-02  1.069333e-02  5.000000e-01 1.437436e-05 8.000000e-04 4.160226e+05 3.180202e+01 2.288799e+01 6.923338e+01 8.161037e-05 1.369881e-04 9.184882e-05 1.755577e-03 6.323378e-03
2.000000e-01 1.604000e-02  1.069333e-02  5.000000e-01 1.475738e-05 8.000000e-04 4.160226e+05 3.180202e+01 2.288798e+01 6.923338e+01 8.458826e-05 1.457474e-04 9.680886e-05 1.850383e-03 6.664855e-03
2.000000e-01 1.604000e-02  1.069333e-02  5.000000e-01 1.515061e-05 8.000000e-04 4.160226e+05 3.180202e+01 2.288798e+01 6.923338e+01 8.761788e-05 1.545504e-04 1.020368e-04 1.950308e-03 7.024773e-03
2.000000e-01 1.604000e-02  1.069333e-02  5.000000e-01 1.555432e-05 8.000000e-04 4.160226e+05 3.180202e+01 2.288798e+01 6.923338e+01 9.659430e-05 1.611555e-04 1.075470e-04 2.055629e-03 7.404127e-03
2.000000e-01 1.604000e-02  1.069333e-02  5.000000e-01 1.596878e-05 8.000000e-04 4.160226e+05 3.180202e+01 2.288798e+01 6.923337e+01 1.016695e-04 1.694033e-04 1.133548e-04 2.166637e-03 7.803967e-03
2.000000e-01 1.604000e-02  1.069333e-02  5.000000e-01 1.639429e-05 8.000000e-04 4.160226e+05 3.180202e+01 2.288798e+01 6.923337e+01 1.047654e-04 1.790873e-04 1.194762e-04 2.283641e-03 8.225399e-03
2.000000e-01 1.604000e-02  1.069333e-02  5.000000e-01 1.683113e-05 8.000000e-04 4.160226e+05 3.180202e+01 2.288797e+01 6.923337e+01 1.097765e-04 1.893018e-04 1.259282e-04 2.406963e-03 8.669590e-03
2.000000e-01 1.604000e-02  1.069333e-02  5.000000e-01 1.727962e-05 8.000000e-04 4.160226e+05 3.180202e+01 2.288797e+01 6.923337e+01 1.160295e-04 1.979132e-04 1.327286e-04 2.536944e-03 9.137768e-03
2.000000e-01 1.604000e-02  1.069333e-02  5.000000e-01 1.774005e-05 8.000000e-04 4.160226e+05 3.180202e+01 2.288797e+01 6.923337e+01 1.235400e-04 2.081360e-04 1.398962e-04 2.673945e-03 9.631228e-03
2.000000e-01 1.604000e-02  1.069333e-02  5.000000e-01 1.821276e-05 8.000000e-04 4.160226e+05 3.180202e+01 2.288797e+01 6.923336e+01 1.296592e-04 2.215253e-04 1.474510e-04 2.818344e-03 1.015134e-02
2.000000e-01 1.604000e-02  1.069333e-02  5.000000e-01 1.869805e-05 8.000000e-04 4.160226e+05 3.180202e+01 2.288796e+01 6.923336e+01 1.348193e-04 2.326928e-04 1.554137e-04 2.970541e-03 1.069953e-02
2.000000e-01 1.604000e-02  1.069333e-02  5.000000e-01 1.919629e-05 8.000000e-04 4.160226e+05 3.180202e+01 2.288796e+01 6.923336e+01 1.439744e-04 2.439516e-04 1.638064e-04 3.130958e-03 1.127733e-02
