6.000000e-02 2.031000e-02  1.354000e-02  5.000000e-01 2.000000e-06 8.000000e-04 9.967652e+02 3.179937e+01 2.287795e+01 6.922369e+01 3.057295e-02 4.153822e-02 4.769904e-02 6.577673e-01 2.705277e+00
6.000000e-02 2.031000e-02  1.354000e-02  5.000000e-01 2.053292e-06 8.000000e-04 9.967652e+02 3.179913e+01 2.287732e+01 6.922295e+01 3.223517e-02 4.437033e-02 5.027490e-02 6.932883e-01 2.851369e+00
6.000000e-02 2.031000e-02  1.354000e-02  5.000000e-01 2.108005e-06 8.000000e-04 9.967652e+02 3.179907e+01 2.287689e+01 6.922270e+01 3.409459e-02 4.611877e-02 5.298986e-02 7.307274e-01 3.005349e+00
6.000000e-02 2.031000e-02  1.354000e-02  5.000000e-01 2.164175e-06 8.000000e-04 9.967652e+02 3.179888e+01 2.287623e+01 6.922197e+01 3.549833e-02 4.899134e-02 5.585143e-02 7.701884e-01 3.167645e+00
6.000000e-02 2.031000e-02  1.354000e-02  5.000000e-01 2.221842e-06 8.000000e-04 9.967652e+02 3.179860e+01 2.287563e+01 6.922103e+01 3.807025e-02 5.119868e-02 5.886754e-02 8.117804e-01 3.338705e+00
6.000000e-02 2.031000e-02  1.354000e-02  5.000000e-01 2.281045e-06 8.000000e-04 9.967652e+02 3.179852e+01 2.287494e+01 6.922073e+01 3.971369e-02 5.388507e-02 6.204652e-02 8.556184e-01 3.519003e+00
6.000000e-02 2.031000e-02  1.354000e-02  5.000000e-01 2.341826e-06 8.000000e-04 9.967652e+02 3.179831e+01 2.287418e+01 6.921993e+01 4.232818e-02 5.716481e-02 6.539718e-02 9.018237e-01 3.709037e+00
6.000000e-02 2.031000e-02  1.354000e-02  5.000000e-01 2.404227e-06 8.000000e-04 9.967652e+02 3.179810e+01 2.287345e+01 6.921919e+01 4.415083e-02 6.022421e-02 6.892878e-02 9.505243e-01 3.909334e+00
6.000000e-02 2.031000e-02  1.354000e-02  5.000000e-01 2.468290e-06 8.000000e-04 9.967652e+02 3.179788e+01 2.287275e+01 6.921837e+01 4.681883e-02 6.322060e-02 7.265109e-02 1.001855e+00 4.120447e+00
6.000000e-02 2.031000e-02  1.354000e-02  5.000000e-01 2.534061e-06 8.000000e-04 9.967652e+02 3.179753e+01 2.287190e+01 6.921743e+01 4.986182e-02 6.673691e-02 7.657442e-02 1.055957e+00 4.342960e+00
6.000000e-02 2.031000e-02  1.354000e-02  5.000000e-01 2.601584e-06 8.000000e-04 9.967652e+02 3.179756e+01 2.287086e+01 6.921693e+01 5.128046e-02 7.067762e-02 8.070961e-02 1.112981e+00 4.577490e+00
6.000000e-02 2.031000e-02  1.354000e-02  5.000000e-01 2.670906e-06 8.000000e-04 9.967652e+02 3.179720e+01 2.287014e+01 6.921599e+01 5.475339e-02 7.445350e-02 8.506812e-02 1.173085e+00 4.824685e+00
6.000000e-02 2.031000e-02  1.354000e-02  5.000000e-01 2.742075e-06 8.000000e-04 9.967652e+02 3.179703e+01 2.286894e+01 6.921499e+01 5.741033e-02 7.829718e-02 8.966199e-02 1.236434e+00 5.085230e+00
6.000000e-02 2.031000e-02  1.354000e-02  5.000000e-01 2.815141e-06 8.000000e-04 9.967652e+02 3.179662e+01 2.286790e+01 6.921372e+01 6.141291e-02 8.272380e-02 9.450395e-02 1.303205e+00 5.359844e+00
6.000000e-02 2.031000e-02  1.354000e-02  5.000000e-01 2.890154e-06 8.000000e-04 9.967652e+02 3.179626e+01 2.286702e+01 6.921277e+01 6.462926e-02 8.698882e-02 9.960738e-02 1.373581e+00 5.649288e+00
6.000000e-02 2.031000e-02  1.354000e-02  5.000000e-01 2.967165e-06 8.000000e-04 9.967652e+02 3.179612e+01 2.286569e+01 6.921201e+01 6.686065e-02 9.162154e-02 1.049864e-01 1.447757e+00 5.954362e+00
6.000000e-02 2.031000e-02  1.354000e-02  5.000000e-01 3.046229e-06 8.000000e-04 9.967652e+02 3.179574e+01 2.286439e+01 6.921052e+01 7.040604e-02 9.683362e-02 1.106559e-01 1.525939e+00 6.275912e+00
6.000000e-02 2.031000e-02  1.354000e-02  5.000000e-01 3.127399e-06 8.000000e-04 9.967652e+02 3.179541e+01 2.286355e+01 6.920945e+01 7.457680e-02 1.016569e-01 1.166316e-01 1.608344e+00 6.614825e+00
6.000000e-02 2.031000e-02  1.354000e-02  5.000000e-01 3.210732e-06 8.000000e-04 9.967652e+02 3.179525e+01 2.286166e+01 6.920828e+01 7.873133e-02 1.084866e-01 1.229300e-01 1.695198e+00 6.972041e+00
6.000000e-02 2.031000e-02  1.354000e-02  5.000000e-01 3.296286e-06 8.000000e-04 9.967652e+02 3.179452e+01 2.286053e+01 6.920641e+01 8.372394e-02 1.134448e-01 1.295685e-01 1.786743e+00 7.348547e+00
6.000000e-02 2.031000e-02  1.354000e-02  5.000000e-01 3.384119e-06 8.000000e-04 9.967652e+02 3.179394e+01 2.285932e+01 6.920487e+01 8.954603e-02 1.193998e-01 1.365655e-01 1.883231e+00 7.745386e+00
6.000000e-02 2.031000e-02  1.354000e-02  5.000000e-01 3.474293e-06 8.000000e-04 9.967652e+02 3.179390e+01 2.285743e+01 6.920372e+01 9.254478e-02 1.262425e-01 1.439403e-01 1.984930e+00 8.163655e+00
6.000000e-02 2.031000e-02  1.354000e-02  5.000000e-01 3.566869e-06 8.000000e-04 9.967652e+02 3.179364e+01 2.285618e+01 6.920244e+01 9.760863e-02 1.330557e-01 1.517134e-01 2.092120e+00 8.604511e+00
6.000000e-02 2.031000e-02  1.354000e-02  5.000000e-01 3.661913e-06 8.000000e-04 9.967652e+02 3.179303e+01 2.285475e+01 6.920081e+01 1.020918e-01 1.390413e-01 1.599063e-01 2.205100e+00 9.069174e+00
6.000000e-02 2.031000e-02  1.354000e-02  5.000000e-01 3.759488e-06 8.000000e-04 9.967652e+02 3.179243e+01 2.285251e+01 6.919868e+01 1.094812e-01 1.476400e-01 1.685416e-01 2.324180e+00 9.558931e+00
6.000000e-02 2.031000e-02  1.354000e-02  5.000000e-01 3.859664e-06 8.000000e-04 9.967652e+02 3.179193e+01 2.285049e+01 6.919694e+01 1.138108e-01 1.549561e-01 1.776433e-01 2.449691e+00 1.007514e+01
6.000000e-02 2.031000e-02  1.354000e-02  5.000000e-01 3.962510e-06 8.000000e-04 9.967652e+02 3.179109e+01 2.284855e+01 6.919468e+01 1.232353e-01 1.632097e-01 1.872364e-01 2.581980e+00 1.061922e+01
6.000000e-02 2.031000e-02  1.354000e-02  5.000000e-01 4.068095e-06 8.000000e-04 9.967652e+02 3.179089e+01 2.284625e+01 6.919330e+01 1.289328e-01 1.729455e-01 1.973476e-01 2.721413e+00 1.119268e+01
6.000000e-02 2.031000e-02  1.354000e-02  5.000000e-01 4.176494e-06 8.000000e-04 9.967652e+02 3.179032e+01 2.284458e+01 6.919087e+01 1.332634e-01 1.814753e-01 2.080048e-01 2.868376e+00 1.179711e+01
6.000000e-02 2.031000e-02  1.354000e-02  5.000000e-01 4.287782e-06 8.000000e-04 9.967652e+02 3.178937e+01 2.284200e+01 6.918786e+01 1.410580e-01 1.930257e-01 2.192376e-01 3.023275e+00 1.243418e+01
6.000000e-02 2.031000e-02  1.354000e-02  5.000000e-01 4.402035e-06 8.000000e-04 9.967652e+02 3.178843e+01 2.283875e+01 6.918490e+01 1.509961e-01 2.015672e-01 2.310769e-01 3.186539e+00 1.310565e+01
6.000000e-02 2.031000e-02  1.354000e-02  5.000000e-01 4.519332e-06 8.000000e-04 9.967652e+02 3.178829e+01 2.283681e+01 6.918362e+01 1.571670e-01 2.131481e-01 2.435556e-01 3.358619e+00 1.381339e+01
6.000000e-02 2.031000e-02  1.354000e-02  5.000000e-01 4.639755e-06 8.000000e-04 9.967652e+02 3.178783e+01 2.283410e+01 6.918084e+01 1.630122e-01 2.246573e-01 2.567082e-01 3.539992e+00 1.455934e+01
6.000000e-02 2.031000e-02  1.354000e-02  5.000000e-01 4.763386e-06 8.000000e-04 9.967652e+02 3.178660e+01 2.283097e+01 6.917733e+01 1.724305e-01 2.353017e-01 2.705710e-01 3.731160e+00 1.534558e+01
6.000000e-02 2.031000e-02  1.354000e-02  5.000000e-01 4.890312e-06 8.000000e-04 9.967652e+02 3.178586e+01 2.282797e+01 6.917593e+01 1.821924e-01 2.472792e-01 2.851824e-01 3.932651e+00 1.617428e+01
6.000000e-02 2.031000e-02  1.354000e-02  5.000000e-01 5.020620e-06 8.000000e-04 9.967652e+02 3.178468e+01 2.282509e+01 6.917143e+01 1.942246e-01 2.618843e-01 3.005830e-01 4.145023e+00 1.704773e+01
6.000000e-02 2.031000e-02  1.354000e-02  5.000000e-01 5.154400e-06 8.000000e-04 9.967652e+02 3.178414e+01 2.282158e+01 6.916849e+01 2.016048e-01 2.769424e-01 3.168151e-01 4.368864e+00 1.796834e+01
6.000000e-02 2.031000e-02  1.354000e-02  5.000000e-01 5.291745e-06 8.000000e-04 9.967652e+02 3.178287e+01 2.281789e+01 6.916448e+01 2.125320e-01 2.915870e-01 3.339239e-01 4.604793e+00 1.893868e+01
6.000000e-02 2.031000e-02  1.354000e-02  5.000000e-01 5.432750e-06 8.000000e-04 9.967652e+02 3.178145e+01 2.281387e+01 6.916086e+01 2.325885e-01 3.075476e-01 3.519565e-01 4.853463e+00 1.996141e+01
6.000000e-02 2.031000e-02  1.354000e-02  5.000000e-01 5.577512e-06 8.000000e-04 9.967652e+02 3.178090e+01 2.280939e+01 6.915677e+01 2.376144e-01 3.241750e-01 3.709630e-01 5.115561e+00 2.103937e+01
6.000000e-02 2.031000e-02  1.354000e-02  5.000000e-01 5.726131e-06 8.000000e-04 9.967652e+02 3.177924e+01 2.280563e+01 6.915152e+01 2.542444e-01 3.421410e-01 3.909959e-01 5.391813e+00 2.217555e+01
6.000000e-02 2.031000e-02  1.354000e-02  5.000000e-01 5.878710e-06 8.000000e-04 9.967652e+02 3.177897e+01 2.280138e+01 6.914960e+01 2.636425e-01 3.592109e-01 4.121105e-01 5.682983e+00 2.337308e+01
6.000000e-02 2.031000e-02  1.354000e-02  5.000000e-01 6.035355e-06 8.000000e-04 9.967652e+02 3.177779e+01 2.279698e+01 6.914449e+01 2.798864e-01 3.794874e-01 4.343655e-01 5.989877e+00 2.463528e+01
6.000000e-02 2.031000e-02  1.354000e-02  5.000000e-01 6.196174e-06 8.000000e-04 9.967652e+02 3.177701e+01 2.279151e+01 6.914058e+01 2.932877e-01 3.977457e-01 4.578222e-01 6.313345e+00 2.596564e+01
6.000000e-02 2.031000e-02  1.354000e-02  5.000000e-01 6.361278e-06 8.000000e-04 9.967652e+02 3.177493e+01 2.278641e+01 6.913384e+01 3.137968e-01 4.189756e-01 4.825457e-01 6.654280e+00 2.736784e+01
6.000000e-02 2.031000e-02  1.354000e-02  5.000000e-01 6.530782e-06 8.000000e-04 9.967652e+02 3.177280e+01 2.278107e+01 6.912917e+01 3.312097e-01 4.447265e-01 5.086042e-01 7.013626e+00 2.884577e+01
6.000000e-02 2.031000e-02  1.354000e-02  5.000000e-01 6.704802e-06 8.000000e-04 9.967652e+02 3.177281e+01 2.277488e+01 6.912471e+01 3.479577e-01 4.690929e-01 5.360700e-01 7.392378e+00 3.040351e+01
6.000000e-02 2.031000e-02  1.354000e-02  5.000000e-01 6.883459e-06 8.000000e-04 9.967652e+02 3.176985e+01 2.276944e+01 6.911798e+01 3.667171e-01 4.939250e-01 5.650191e-01 7.791584e+00 3.204537e+01
6.000000e-02 2.031000e-02  1.354000e-02  5.000000e-01 7.066877e-06 8.000000e-04 9.967652e+02 3.176705e+01 2.276310e+01 6.910950e+01 3.834071e-01 5.240116e-01 5.955314e-01 8.212347e+00 3.377589e+01
6.000000e-02 2.031000e-02  1.354000e-02  5.000000e-01 7.255182e-06 8.000000e-04 9.967652e+02 3.176524e+01 2.275667e+01 6.910280e+01 4.012540e-01 5.483555e-01 6.276915e-01 8.655833e+00 3.559987e+01
6.000000e-02 2.031000e-02  1.354000e-02  5.000000e-01 7.448504e-06 8.000000e-04 9.967652e+02 3.176412e+01 2.274821e+01 6.909617e+01 4.308993e-01 5.812999e-01 6.615883e-01 9.123268e+00 3.752234e+01
6.000000e-02 2.031000e-02  1.354000e-02  5.000000e-01 7.646978e-06 8.000000e-04 9.967652e+02 3.176375e+01 2.274149e+01 6.909200e+01 4.434508e-01 6.113846e-01 6.973156e-01 9.615946e+00 3.954864e+01
6.000000e-02 2.031000e-02  1.354000e-02  5.000000e-01 7.850741e-06 8.000000e-04 9.967652e+02 3.175950e+01 2.273314e+01 6.908120e+01 4.680015e-01 6.479990e-01 7.349722e-01 1.013523e+01 4.168435e+01
6.000000e-02 2.031000e-02  1.354000e-02  5.000000e-01 8.059933e-06 8.000000e-04 9.967652e+02 3.175875e+01 2.272678e+01 6.907670e+01 4.946819e-01 6.748091e-01 7.746624e-01 1.068255e+01 4.393541e+01
6.000000e-02 2.031000e-02  1.354000e-02  5.000000e-01 8.274699e-06 8.000000e-04 9.967652e+02 3.175647e+01 2.271738e+01 6.906755e+01 5.227042e-01 7.129944e-01 8.164960e-01 1.125944e+01 4.630802e+01
6.000000e-02 2.031000e-02  1.354000e-02  5.000000e-01 8.495188e-06 8.000000e-04 9.967652e+02 3.175253e+01 2.270782e+01 6.905620e+01 5.549775e-01 7.489530e-01 8.605886e-01 1.186747e+01 4.880876e+01
6.000000e-02 2.031000e-02  1.354000e-02  5.000000e-01 8.721552e-06 8.000000e-04 9.967652e+02 3.175185e+01 2.269713e+01 6.905043e+01 5.758161e-01 7.897962e-01 9.070624e-01 1.250834e+01 5.144455e+01
6.000000e-02 2.031000e-02  1.354000e-02  5.000000e-01 8.953948e-06 8.000000e-04 9.967652e+02 3.174793e+01 2.268633e+01 6.903752e+01 6.164845e-01 8.404251e-01 9.560459e-01 1.318382e+01 5.422267e+01
6.000000e-02 2.031000e-02  1.354000e-02  5.000000e-01 9.192536e-06 8.000000e-04 9.967652e+02 3.174410e+01 2.267612e+01 6.902464e+01 6.448669e-01 8.785318e-01 1.007675e+00 1.389578e+01 5.715082e+01
6.000000e-02 2.031000e-02  1.354000e-02  5.000000e-01 9.437481e-06 8.000000e-04 9.967652e+02 3.174149e+01 2.266185e+01 6.901578e+01 6.839055e-01 9.346307e-01 1.062091e+00 1.464618e+01 6.023710e+01
6.000000e-02 2.031000e-02  1.354000e-02  5.000000e-01 9.688954e-06 8.000000e-04 9.967652e+02 3.173588e+01 2.265478e+01 6.900145e+01 7.236015e-01 9.732489e-01 1.119447e+00 1.543711e+01 6.349004e+01
6.000000e-02 2.031000e-02  1.354000e-02  5.000000e-01 9.947127e-06 8.000000e-04 9.967652e+02 3.173366e+01 2.263871e+01 6.898853e+01 7.563229e-01 1.040271e+00 1.179899e+00 1.627075e+01 6.691865e+01
6.000000e-02 2.031000e-02  1.354000e-02  5.000000e-01 1.021218e-05 8.000000e-04 9.967652e+02 3.173160e+01 2.262874e+01 6.898175e+01 7.971712e-01 1.084640e+00 1.243617e+00 1.714941e+01 7.053241e+01
6.000000e-02 2.031000e-02  1.354000e-02  5.000000e-01 1.048430e-05 8.000000e-04 9.967652e+02 3.172500e+01 2.261338e+01 6.896300e+01 8.570213e-01 1.146465e+00 1.310775e+00 1.807552e+01 7.434132e+01
6.000000e-02 2.031000e-02  1.354000e-02  5.000000e-01 1.076366e-05 8.000000e-04 9.967652e+02 3.172377e+01 2.259620e+01 6.895180e+01 8.818201e-01 1.214123e+00 1.381560e+00 1.905164e+01 7.835593e+01
6.000000e-02 2.031000e-02  1.354000e-02  5.000000e-01 1.105047e-05 8.000000e-04 9.967652e+02 3.172000e+01 2.258475e+01 6.893825e+01 9.365705e-01 1.269788e+00 1.456167e+00 2.008047e+01 8.258733e+01
6.000000e-02 2.031000e-02  1.354000e-02  5.000000e-01 1.134492e-05 8.000000e-04 9.967652e+02 3.171360e+01 2.256625e+01 6.891976e+01 9.922006e-01 1.340330e+00 1.534804e+00 2.116486e+01 8.704723e+01
6.000000e-02 2.031000e-02  1.354000e-02  5.000000e-01 1.164722e-05 8.000000e-04 9.967652e+02 3.170879e+01 2.254971e+01 6.890132e+01 1.056840e+00 1.413867e+00 1.617687e+00 2.230781e+01 9.174798e+01
6.000000e-02 2.031000e-02  1.354000e-02  5.000000e-01 1.195758e-05 8.000000e-04 9.967652e+02 3.170070e+01 2.253090e+01 6.888036e+01 1.122015e+00 1.486287e+00 1.705045e+00 2.351249e+01 9.670259e+01
6.000000e-02 2.031000e-02  1.354000e-02  5.000000e-01 1.227620e-05 8.000000e-04 9.967652e+02 3.169660e+01 2.251093e+01 6.886155e+01 1.160295e+00 1.568388e+00 1.797122e+00 2.478222e+01 1.019248e+02
6.000000e-02 2.031000e-02  1.354000e-02  5.000000e-01 1.260331e-05 8.000000e-04 9.967652e+02 3.169145e+01 2.248610e+01 6.884533e+01 1.236095e+00 1.668858e+00 1.894170e+00 2.612051e+01 1.074289e+02
6.000000e-02 2.031000e-02  1.354000e-02  5.000000e-01 1.293914e-05 8.000000e-04 9.967652e+02 3.168739e+01 2.246988e+01 6.882614e+01 1.302542e+00 1.746475e+00 1.996460e+00 2.753108e+01 1.132303e+02
6.000000e-02 2.031000e-02  1.354000e-02  5.000000e-01 1.328392e-05 8.000000e-04 9.967652e+02 3.168100e+01 2.244969e+01 6.880677e+01 1.365085e+00 1.845366e+00 2.104273e+00 2.901782e+01 1.193450e+02
6.000000e-02 2.031000e-02  1.354000e-02  5.000000e-01 1.363789e-05 8.000000e-04 9.967652e+02 3.167906e+01 2.243028e+01 6.878817e+01 1.408741e+00 1.925562e+00 2.217909e+00 3.058485e+01 1.257899e+02
6.000000e-02 2.031000e-02  1.354000e-02  5.000000e-01 1.400128e-05 8.000000e-04 9.967652e+02 3.166832e+01 2.240052e+01 6.875560e+01 1.499293e+00 2.056397e+00 2.337681e+00 3.223651e+01 1.325829e+02
6.000000e-02 2.031000e-02  1.354000e-02  5.000000e-01 1.437436e-05 8.000000e-04 9.967652e+02 3.166128e+01 2.237832e+01 6.874170e+01 1.572149e+00 2.152046e+00 2.463922e+00 3.397735e+01 1.397427e+02
6.000000e-02 2.031000e-02  1.354000e-02  5.000000e-01 1.475738e-05 8.000000e-04 9.967652e+02 3.165312e+01 2.234594e+01 6.870771e+01 1.690461e+00 2.265220e+00 2.596979e+00 3.581221e+01 1.472891e+02
6.000000e-02 2.031000e-02  1.354000e-02  5.000000e-01 1.515061e-05 8.000000e-04 9.967652e+02 3.164809e+01 2.232125e+01 6.868294e+01 1.713721e+00 2.388305e+00 2.737222e+00 3.774615e+01 1.552430e+02
6.000000e-02 2.031000e-02  1.354000e-02  5.000000e-01 1.555432e-05 8.000000e-04 9.967652e+02 3.164016e+01 2.229448e+01 6.866155e+01 1.846687e+00 2.515075e+00 2.885038e+00 3.978453e+01 1.636265e+02
6.000000e-02 2.031000e-02  1.354000e-02  5.000000e-01 1.596878e-05 8.000000e-04 9.967652e+02 3.163043e+01 2.225522e+01 6.862286e+01 1.944343e+00 2.655955e+00 3.040837e+00 4.193298e+01 1.724627e+02
6.000000e-02 2.031000e-02  1.354000e-02  5.000000e-01 1.639429e-05 8.000000e-04 9.967652e+02 3.162013e+01 2.222960e+01 6.859800e+01 2.065187e+00 2.789913e+00 3.205049e+00 4.419746e+01 1.817761e+02
6.000000e-02 2.031000e-02  1.354000e-02  5.000000e-01 1.683113e-05 8.000000e-04 9.967652e+02 3.161116e+01 2.219117e+01 6.855064e+01 2.175172e+00 2.960213e+00 3.378129e+00 4.658423e+01 1.915925e+02
6.000000e-02 2.031000e-02  1.354000e-02  5.000000e-01 1.727962e-05 8.000000e-04 9.967652e+02 3.159881e+01 2.215370e+01 6.851272e+01 2.331252e+00 3.103533e+00 3.560556e+00 4.909988e+01 2.019389e+02
6.000000e-02 2.031000e-02  1.354000e-02  5.000000e-01 1.774005e-05 8.000000e-04 9.967652e+02 3.158802e+01 2.211539e+01 6.847834e+01 2.410291e+00 3.271873e+00 3.752834e+00 5.175139e+01 2.128441e+02
