1.250000e+00 7.897000e-01  5.264666e-01  5.000000e-01 2.000000e-06 8.000000e-04 1.968175e+00 3.180203e+01 2.288802e+01 6.923341e+01 9.140709e-08 1.270656e-06 7.066729e-07 2.287750e-06 2.516270e-05
1.250000e+00 7.897000e-01  5.264666e-01  5.000000e-01 2.053292e-06 8.000000e-04 1.968175e+00 3.180203e+01 2.288802e+01 6.923341e+01 9.742294e-08 1.361750e-06 7.448349e-07 2.411293e-06 2.652154e-05
1.250000e+00 7.897000e-01  5.264666e-01  5.000000e-01 2.108005e-06 8.000000e-04 1.968175e+00 3.180203e+01 2.288802e+01 6.923341e+01 1.025800e-07 1.426486e-06 7.850577e-07 2.541509e-06 2.795377e-05
1.250000e+00 7.897000e-01  5.264666e-01  5.000000e-01 2.164175e-06 8.000000e-04 1.968175e+00 3.180203e+01 2.288802e+01 6.923341e+01 1.079118e-07 1.489490e-06 8.274526e-07 2.678756e-06 2.946334e-05
1.250000e+00 7.897000e-01  5.264666e-01  5.000000e-01 2.221842e-06 8.000000e-04 1.968175e+00 3.180203e+01 2.288802e+01 6.923341e+01 1.149897e-07 1.587501e-06 8.721369e-07 2.823415e-06 3.105443e-05
1.250000e+00 7.897000e-01  5.264666e-01  5.000000e-01 2.281045e-06 8.000000e-04 1.968175e+00 3.180203e+01 2.288802e+01 6.923341e+01 1.206122e-07 1.653390e-06 9.192343e-07 2.975886e-06 3.273144e-05
1.250000e+00 7.897000e-01  5.264666e-01  5.000000e-01 2.341826e-06 8.000000e-04 1.968175e+00 3.180203e+01 2.288802e+01 6.923341e+01 1.265784e-07 1.749060e-06 9.688751e-07 3.136591e-06 3.449901e-05
1.250000e+00 7.897000e-01  5.264666e-01  5.000000e-01 2.404227e-06 8.000000e-04 1.968175e+00 3.180203e+01 2.288802e+01 6.923341e+01 1.326219e-07 1.858776e-06 1.021197e-06 3.305974e-06 3.636204e-05
1.250000e+00 7.897000e-01  5.264666e-01  5.000000e-01 2.468290e-06 8.000000e-04 1.968175e+00 3.180203e+01 2.288802e+01 6.923341e+01 1.403888e-07 1.924752e-06 1.076344e-06 3.484504e-06 3.832567e-05
1.250000e+00 7.897000e-01  5.264666e-01  5.000000e-01 2.534061e-06 8.000000e-04 1.968175e+00 3.180203e+01 2.288802e+01 6.923341e+01 1.490252e-07 2.047872e-06 1.134469e-06 3.672676e-06 4.039534e-05
1.250000e+00 7.897000e-01  5.264666e-01  5.000000e-01 2.601584e-06 8.000000e-04 1.968175e+00 3.180203e+01 2.288802e+01 6.923341e+01 1.566683e-07 2.149128e-06 1.195733e-06 3.871008e-06 4.257679e-05
1.250000e+00 7.897000e-01  5.264666e-01  5.000000e-01 2.670906e-06 8.000000e-04 1.968175e+00 3.180203e+01 2.288802e+01 6.923341e+01 1.656178e-07 2.291658e-06 1.260305e-06 4.080052e-06 4.487603e-05
1.250000e+00 7.897000e-01  5.264666e-01  5.000000e-01 2.742075e-06 8.000000e-04 1.968175e+00 3.180203e+01 2.288802e+01 6.923341e+01 1.750162e-07 2.403162e-06 1.328364e-06 4.300384e-06 4.729944e-05
1.250000e+00 7.897000e-01  5.264666e-01  5.000000e-01 2.815141e-06 8.000000e-04 1.968175e+00 3.180203e+01 2.288802e+01 6.923341e+01 1.813543e-07 2.564163e-06 1.400099e-06 4.532615e-06 4.985372e-05
1.250000e+00 7.897000e-01  5.264666e-01  5.000000e-01 2.890154e-06 8.000000e-04 1.968175e+00 3.180203e+01 2.288802e+01 6.923341e+01 1.937646e-07 2.689057e-06 1.475708e-06 4.777386e-06 5.254594e-05
1.250000e+00 7.897000e-01  5.264666e-01  5.000000e-01 2.967165e-06 8.000000e-04 1.968175e+00 3.180203e+01 2.288802e+01 6.923341e+01 2.028821e-07 2.830154e-06 1.555399e-06 5.035376e-06 5.538354e-05
1.250000e+00 7.897000e-01  5.264666e-01  5.000000e-01 3.046229e-06 8.000000e-04 1.968175e+00 3.180203e+01 2.288802e+01 6.923341e+01 2.131142e-07 2.961770e-06 1.639394e-06 5.307298e-06 5.837438e-05
1.250000e+00 7.897000e-01  5.264666e-01  5.000000e-01 3.127399e-06 8.000000e-04 1.968175e+00 3.180203e+01 2.288802e+01 6.923341e+01 2.284899e-07 3.163697e-06 1.727925e-06 5.593905e-06 6.152673e-05
1.250000e+00 7.897000e-01  5.264666e-01  5.000000e-01 3.210732e-06 8.000000e-04 1.968175e+00 3.180203e+01 2.288802e+01 6.923341e+01 2.377492e-07 3.310525e-06 1.821237e-06 5.895989e-06 6.484931e-05
1.250000e+00 7.897000e-01  5.264666e-01  5.000000e-01 3.296286e-06 8.000000e-04 1.968175e+00 3.180203e+01 2.288802e+01 6.923341e+01 2.519993e-07 3.502234e-06 1.919588e-06 6.214386e-06 6.835133e-05
1.250000e+00 7.897000e-01  5.264666e-01  5.000000e-01 3.384119e-06 8.000000e-04 1.968175e+00 3.180203e+01 2.288802e+01 6.923341e+01 2.675256e-07 3.709979e-06 2.023251e-06 6.549977e-06 7.204246e-05
1.250000e+00 7.897000e-01  5.264666e-01  5.000000e-01 3.474293e-06 8.000000e-04 1.968175e+00 3.180203e+01 2.288802e+01 6.923341e+01 2.758431e-07 3.891441e-06 2.132511e-06 6.903691e-06 7.593292e-05
1.250000e+00 7.897000e-01  5.264666e-01  5.000000e-01 3.566869e-06 8.000000e-04 1.968175e+00 3.180203e+01 2.288802e+01 6.923341e+01 2.925415e-07 4.062515e-06 2.247671e-06 7.276506e-06 8.003347e-05
1.250000e+00 7.897000e-01  5.264666e-01  5.000000e-01 3.661913e-06 8.000000e-04 1.968175e+00 3.180203e+01 2.288802e+01 6.923341e+01 3.085981e-07 4.307542e-06 2.369051e-06 7.669454e-06 8.435546e-05
1.250000e+00 7.897000e-01  5.264666e-01  5.000000e-01 3.759488e-06 8.000000e-04 1.968175e+00 3.180203e+01 2.288802e+01 6.923341e+01 3.318797e-07 4.512544e-06 2.496985e-06 8.083622e-06 8.891085e-05
1.250000e+00 7.897000e-01  5.264666e-01  5.000000e-01 3.859664e-06 8.000000e-04 1.968175e+00 3.180203e+01 2.288802e+01 6.923341e+01 3.421517e-07 4.767112e-06 2.631828e-06 8.520156e-06 9.371224e-05
1.250000e+00 7.897000e-01  5.264666e-01  5.000000e-01 3.962510e-06 8.000000e-04 1.968175e+00 3.180203e+01 2.288802e+01 6.923341e+01 3.650032e-07 4.957483e-06 2.773953e-06 8.980265e-06 9.877292e-05
1.250000e+00 7.897000e-01  5.264666e-01  5.000000e-01 4.068095e-06 8.000000e-04 1.968175e+00 3.180203e+01 2.288802e+01 6.923341e+01 3.846270e-07 5.275992e-06 2.923753e-06 9.465220e-06 1.041069e-04
1.250000e+00 7.897000e-01  5.264666e-01  5.000000e-01 4.176494e-06 8.000000e-04 1.968175e+00 3.180203e+01 2.288802e+01 6.923341e+01 4.035204e-07 5.553427e-06 3.081642e-06 9.976363e-06 1.097289e-04
1.250000e+00 7.897000e-01  5.264666e-01  5.000000e-01 4.287782e-06 8.000000e-04 1.968175e+00 3.180203e+01 2.288802e+01 6.923341e+01 4.280759e-07 5.787489e-06 3.248058e-06 1.051511e-05 1.156545e-04
1.250000e+00 7.897000e-01  5.264666e-01  5.000000e-01 4.402035e-06 8.000000e-04 1.968175e+00 3.180203e+01 2.288802e+01 6.923341e+01 4.487489e-07 6.149902e-06 3.423461e-06 1.108295e-05 1.219001e-04
1.250000e+00 7.897000e-01  5.264666e-01  5.000000e-01 4.519332e-06 8.000000e-04 1.968175e+00 3.180203e+01 2.288802e+01 6.923341e+01 4.715215e-07 6.587453e-06 3.608335e-06 1.168146e-05 1.284830e-04
1.250000e+00 7.897000e-01  5.264666e-01  5.000000e-01 4.639755e-06 8.000000e-04 1.968175e+00 3.180203e+01 2.288802e+01 6.923341e+01 4.948544e-07 6.935492e-06 3.803194e-06 1.231228e-05 1.354214e-04
1.250000e+00 7.897000e-01  5.264666e-01  5.000000e-01 4.763386e-06 8.000000e-04 1.968175e+00 3.180203e+01 2.288802e+01 6.923341e+01 5.206776e-07 7.200824e-06 4.008575e-06 1.297717e-05 1.427345e-04
1.250000e+00 7.897000e-01  5.264666e-01  5.000000e-01 4.890312e-06 8.000000e-04 1.968175e+00 3.180203e+01 2.288802e+01 6.923341e+01 5.469764e-07 7.693819e-06 4.225047e-06 1.367797e-05 1.504424e-04
1.250000e+00 7.897000e-01  5.264666e-01  5.000000e-01 5.020620e-06 8.000000e-04 1.968175e+00 3.180203e+01 2.288802e+01 6.923341e+01 5.808759e-07 7.924212e-06 4.453210e-06 1.441661e-05 1.585667e-04
1.250000e+00 7.897000e-01  5.264666e-01  5.000000e-01 5.154400e-06 8.000000e-04 1.968175e+00 3.180203e+01 2.288802e+01 6.923341e+01 6.186331e-07 8.487232e-06 4.693693e-06 1.519514e-05 1.671297e-04
1.250000e+00 7.897000e-01  5.264666e-01  5.000000e-01 5.291745e-06 8.000000e-04 1.968175e+00 3.180203e+01 2.288802e+01 6.923341e+01 6.455311e-07 8.986589e-06 4.947164e-06 1.601571e-05 1.761550e-04
1.250000e+00 7.897000e-01  5.264666e-01  5.000000e-01 5.432750e-06 8.000000e-04 1.968175e+00 3.180203e+01 2.288802e+01 6.923341e+01 6.835757e-07 9.443662e-06 5.214322e-06 1.688060e-05 1.856678e-04
1.250000e+00 7.897000e-01  5.264666e-01  5.000000e-01 5.577512e-06 8.000000e-04 1.968175e+00 3.180203e+01 2.288802e+01 6.923341e+01 7.167743e-07 1.000399e-05 5.495907e-06 1.779219e-05 1.956943e-04
1.250000e+00 7.897000e-01  5.264666e-01  5.000000e-01 5.726131e-06 8.000000e-04 1.968175e+00 3.180203e+01 2.288802e+01 6.923341e+01 7.545967e-07 1.044841e-05 5.792699e-06 1.875301e-05 2.062623e-04
1.250000e+00 7.897000e-01  5.264666e-01  5.000000e-01 5.878710e-06 8.000000e-04 1.968175e+00 3.180203e+01 2.288802e+01 6.923341e+01 8.151811e-07 1.112891e-05 6.105518e-06 1.976572e-05 2.174009e-04
1.250000e+00 7.897000e-01  5.264666e-01  5.000000e-01 6.035355e-06 8.000000e-04 1.968175e+00 3.180203e+01 2.288802e+01 6.923341e+01 8.368172e-07 1.161867e-05 6.435230e-06 2.083311e-05 2.291411e-04
1.250000e+00 7.897000e-01  5.264666e-01  5.000000e-01 6.196174e-06 8.000000e-04 1.968175e+00 3.180203e+01 2.288802e+01 6.923341e+01 8.945692e-07 1.240336e-05 6.782747e-06 2.195815e-05 2.415152e-04
1.250000e+00 7.897000e-01  5.264666e-01  5.000000e-01 6.361278e-06 8.000000e-04 1.968175e+00 3.180203e+01 2.288802e+01 6.923341e+01 9.265407e-07 1.297725e-05 7.149031e-06 2.314394e-05 2.545576e-04
1.250000e+00 7.897000e-01  5.264666e-01  5.000000e-01 6.530782e-06 8.000000e-04 1.968175e+00 3.180203e+01 2.288802e+01 6.923341e+01 9.888255e-07 1.371766e-05 7.535096e-06 2.439376e-05 2.683043e-04
1.250000e+00 7.897000e-01  5.264666e-01  5.000000e-01 6.704802e-06 8.000000e-04 1.968175e+00 3.180203e+01 2.288802e+01 6.923341e+01 1.031619e-06 1.459246e-05 7.942008e-06 2.571108e-05 2.827933e-04
1.250000e+00 7.897000e-01  5.264666e-01  5.000000e-01 6.883459e-06 8.000000e-04 1.968175e+00 3.180203e+01 2.288802e+01 6.923341e+01 1.101627e-06 1.517398e-05 8.370895e-06 2.709954e-05 2.980648e-04
1.250000e+00 7.897000e-01  5.264666e-01  5.000000e-01 7.066877e-06 8.000000e-04 1.968175e+00 3.180203e+01 2.288802e+01 6.923341e+01 1.157469e-06 1.594280e-05 8.822943e-06 2.856298e-05 3.141610e-04
1.250000e+00 7.897000e-01  5.264666e-01  5.000000e-01 7.255182e-06 8.000000e-04 1.968175e+00 3.180203e+01 2.288802e+01 6.923341e+01 1.232186e-06 1.691506e-05 9.299402e-06 3.010545e-05 3.311264e-04
1.250000e+00 7.897000e-01  5.264666e-01  5.000000e-01 7.448504e-06 8.000000e-04 1.968175e+00 3.180203e+01 2.288801e+01 6.923341e+01 1.282443e-06 1.768350e-05 9.801591e-06 3.173121e-05 3.490080e-04
1.250000e+00 7.897000e-01  5.264666e-01  5.000000e-01 7.646978e-06 8.000000e-04 1.968175e+00 3.180203e+01 2.288801e+01 6.923341e+01 1.326903e-06 1.861644e-05 1.033090e-05 3.344477e-05 3.678553e-04
1.250000e+00 7.897000e-01  5.264666e-01  5.000000e-01 7.850741e-06 8.000000e-04 1.968175e+00 3.180203e+01 2.288801e+01 6.923341e+01 1.441914e-06 1.986299e-05 1.088879e-05 3.525086e-05 3.877203e-04
1.250000e+00 7.897000e-01  5.264666e-01  5.000000e-01 8.059933e-06 8.000000e-04 1.968175e+00 3.180203e+01 2.288801e+01 6.923341e+01 1.521518e-06 2.090794e-05 1.147681e-05 3.715449e-05 4.086581e-04
1.250000e+00 7.897000e-01  5.264666e-01  5.000000e-01 8.274699e-06 8.000000e-04 1.968175e+00 3.180203e+01 2.288801e+01 6.923341e+01 1.584303e-06 2.185168e-05 1.209659e-05 3.916092e-05 4.307266e-04
1.250000e+00 7.897000e-01  5.264666e-01  5.000000e-01 8.495188e-06 8.000000e-04 1.968175e+00 3.180203e+01 2.288801e+01 6.923341e+01 1.672991e-06 2.296160e-05 1.274983e-05 4.127570e-05 4.539868e-04
1.250000e+00 7.897000e-01  5.264666e-01  5.000000e-01 8.721552e-06 8.000000e-04 1.968175e+00 3.180203e+01 2.288801e+01 6.923341e+01 1.755766e-06 2.430474e-05 1.343835e-05 4.350468e-05 4.785031e-04
1.250000e+00 7.897000e-01  5.264666e-01  5.000000e-01 8.953948e-06 8.000000e-04 1.968175e+00 3.180203e+01 2.288801e+01 6.923341e+01 1.881171e-06 2.566226e-05 1.416405e-05 4.585404e-05 5.043434e-04
1.250000e+00 7.897000e-01  5.264666e-01  5.000000e-01 9.192536e-06 8.000000e-04 1.968175e+00 3.180203e+01 2.288801e+01 6.923341e+01 1.934775e-06 2.728385e-05 1.492894e-05 4.833026e-05 5.315791e-04
1.250000e+00 7.897000e-01  5.264666e-01  5.000000e-01 9.437481e-06 8.000000e-04 1.968175e+00 3.180203e+01 2.288801e+01 6.923341e+01 2.070892e-06 2.852918e-05 1.573514e-05 5.094021e-05 5.602856e-04
1.250000e+00 7.897000e-01  5.264666e-01  5.000000e-01 9.688954e-06 8.000000e-04 1.968175e+00 3.180203e+01 2.288801e+01 6.923341e+01 2.143051e-06 3.005736e-05 1.658488e-05 5.369110e-05 5.905423e-04
1.250000e+00 7.897000e-01  5.264666e-01  5.000000e-01 9.947127e-06 8.000000e-04 1.968175e+00 3.180203e+01 2.288801e+01 6.923341e+01 2.280600e-06 3.181925e-05 1.748050e-05 5.659054e-05 6.224330e-04
1.250000e+00 7.897000e-01  5.264666e-01  5.000000e-01 1.021218e-05 8.000000e-04 1.968175e+00 3.180203e+01 2.288801e+01 6.923341e+01 2.378891e-06 3.369987e-05 1.842448e-05 5.964656e-05 6.560458e-04
1.250000e+00 7.897000e-01  5.264666e-01  5.000000e-01 1.048430e-05 8.000000e-04 1.968175e+00 3.180203e+01 2.288801e+01 6.923340e+01 2.551578e-06 3.491806e-05 1.941945e-05 6.286761e-05 6.914738e-04
1.250000e+00 7.897000e-01  5.264666e-01  5.000000e-01 1.076366e-05 8.000000e-04 1.968175e+00 3.180203e+01 2.288801e+01 6.923340e+01 2.708116e-06 3.741045e-05 2.046814e-05 6.626261e-05 7.288150e-04
1.250000e+00 7.897000e-01  5.264666e-01  5.000000e-01 1.105047e-05 8.000000e-04 1.968175e+00 3.180203e+01 2.288801e+01 6.923340e+01 2.824160e-06 3.880250e-05 2.157347e-05 6.984094e-05 7.681727e-04
1.250000e+00 7.897000e-01  5.264666e-01  5.000000e-01 1.134492e-05 8.000000e-04 1.968175e+00 3.180203e+01 2.288801e+01 6.923340e+01 2.983716e-06 4.154531e-05 2.273849e-05 7.361252e-05 8.096558e-04
1.250000e+00 7.897000e-01  5.264666e-01  5.000000e-01 1.164722e-05 8.000000e-04 1.968175e+00 3.180203e+01 2.288801e+01 6.923340e+01 3.117608e-06 4.277600e-05 2.396642e-05 7.758776e-05 8.533791e-04
1.250000e+00 7.897000e-01  5.264666e-01  5.000000e-01 1.195758e-05 8.000000e-04 1.968175e+00 3.180203e+01 2.288801e+01 6.923340e+01 3.309271e-06 4.601261e-05 2.526066e-05 8.177768e-05 8.994635e-04
1.250000e+00 7.897000e-01  5.264666e-01  5.000000e-01 1.227620e-05 8.000000e-04 1.968175e+00 3.180203e+01 2.288801e+01 6.923340e+01 3.514116e-06 4.815629e-05 2.662480e-05 8.619386e-05 9.480366e-04
1.250000e+00 7.897000e-01  5.264666e-01  5.000000e-01 1.260331e-05 8.000000e-04 1.968175e+00 3.180203e+01 2.288801e+01 6.923340e+01 3.688146e-06 5.082415e-05 2.806260e-05 9.084853e-05 9.992328e-04
1.250000e+00 7.897000e-01  5.264666e-01  5.000000e-01 1.293914e-05 8.000000e-04 1.968175e+00 3.180203e+01 2.288800e+01 6.923340e+01 3.924851e-06 5.312225e-05 2.957804e-05 9.575456e-05 1.053194e-03
1.250000e+00 7.897000e-01  5.264666e-01  5.000000e-01 1.328392e-05 8.000000e-04 1.968175e+00 3.180203e+01 2.288800e+01 6.923340e+01 4.092623e-06 5.723000e-05 3.117532e-05 1.009255e-04 1.110069e-03
1.250000e+00 7.897000e-01  5.264666e-01  5.000000e-01 1.363789e-05 8.000000e-04 1.968175e+00 3.180203e+01 2.288800e+01 6.923340e+01 4.181589e-06 6.004519e-05 3.285886e-05 1.063757e-04 1.170015e-03
1.250000e+00 7.897000e-01  5.264666e-01  5.000000e-01 1.400128e-05 8.000000e-04 1.968175e+00 3.180203e+01 2.288800e+01 6.923340e+01 4.523822e-06 6.317977e-05 3.463332e-05 1.121203e-04 1.233198e-03
1.250000e+00 7.897000e-01  5.264666e-01  5.000000e-01 1.437436e-05 8.000000e-04 1.968175e+00 3.180203e+01 2.288800e+01 6.923340e+01 4.765571e-06 6.681486e-05 3.650360e-05 1.181750e-04 1.299794e-03
