8.000000e-01 9.427000e-02  6.284667e-02  5.000000e-01 2.000000e-06 8.000000e-04 1.416603e+04 3.180203e+01 2.288802e+01 6.923341e+01 1.317250e-06 3.829083e-06 1.415174e-06 2.703507e-05 1.123459e-04
8.000000e-01 9.427000e-02  6.284667e-02  5.000000e-01 2.053292e-06 8.000000e-04 1.416603e+04 3.180203e+01 2.288802e+01 6.923341e+01 1.372775e-06 4.019073e-06 1.491597e-06 2.849503e-05 1.184128e-04
8.000000e-01 9.427000e-02  6.284667e-02  5.000000e-01 2.108005e-06 8.000000e-04 1.416603e+04 3.180203e+01 2.288802e+01 6.923341e+01 1.449911e-06 4.246192e-06 1.572146e-06 3.003382e-05 1.248074e-04
8.000000e-01 9.427000e-02  6.284667e-02  5.000000e-01 2.164175e-06 8.000000e-04 1.416603e+04 3.180203e+01 2.288802e+01 6.923341e+01 1.541857e-06 4.497299e-06 1.657046e-06 3.165572e-05 1.315472e-04
8.000000e-01 9.427000e-02  6.284667e-02  5.000000e-01 2.221842e-06 8.000000e-04 1.416603e+04 3.180203e+01 2.288802e+01 6.923341e+01 1.610135e-06 4.752505e-06 1.746530e-06 3.336520e-05 1.386511e-04
8.000000e-01 9.427000e-02  6.284667e-02  5.000000e-01 2.281045e-06 8.000000e-04 1.416603e+04 3.180203e+01 2.288802e+01 6.923341e+01 1.714227e-06 4.995713e-06 1.840847e-06 3.516700e-05 1.461386e-04
8.000000e-01 9.427000e-02  6.284667e-02  5.000000e-01 2.341826e-06 8.000000e-04 1.416603e+04 3.180203e+01 2.288802e+01 6.923341e+01 1.801349e-06 5.260021e-06 1.940257e-06 3.706610e-05 1.540304e-04
8.000000e-01 9.427000e-02  6.284667e-02  5.000000e-01 2.404227e-06 8.000000e-04 1.416603e+04 3.180203e+01 2.288802e+01 6.923341e+01 1.901227e-06 5.533578e-06 2.045035e-06 3.906775e-05 1.623484e-04
8.000000e-01 9.427000e-02  6.284667e-02  5.000000e-01 2.468290e-06 8.000000e-04 1.416603e+04 3.180203e+01 2.288802e+01 6.923341e+01 1.966673e-06 5.846608e-06 2.155472e-06 4.117750e-05 1.711156e-04
8.000000e-01 9.427000e-02  6.284667e-02  5.000000e-01 2.534061e-06 8.000000e-04 1.416603e+04 3.180203e+01 2.288802e+01 6.923341e+01 2.122748e-06 6.167036e-06 2.271872e-06 4.340118e-05 1.803562e-04
8.000000e-01 9.427000e-02  6.284667e-02  5.000000e-01 2.601584e-06 8.000000e-04 1.416603e+04 3.180203e+01 2.288802e+01 6.923341e+01 2.224025e-06 6.519922e-06 2.394558e-06 4.574495e-05 1.900959e-04
8.000000e-01 9.427000e-02  6.284667e-02  5.000000e-01 2.670906e-06 8.000000e-04 1.416603e+04 3.180203e+01 2.288802e+01 6.923341e+01 2.344626e-06 6.822155e-06 2.523870e-06 4.821528e-05 2.003615e-04
8.000000e-01 9.427000e-02  6.284667e-02  5.000000e-01 2.742075e-06 8.000000e-04 1.416603e+04 3.180203e+01 2.288802e+01 6.923341e+01 2.462508e-06 7.225095e-06 2.660165e-06 5.081902e-05 2.111815e-04
8.000000e-01 9.427000e-02  6.284667e-02  5.000000e-01 2.815141e-06 8.000000e-04 1.416603e+04 3.180203e+01 2.288802e+01 6.923341e+01 2.558603e-06 7.598090e-06 2.803820e-06 5.356336e-05 2.225858e-04
8.000000e-01 9.427000e-02  6.284667e-02  5.000000e-01 2.890154e-06 8.000000e-04 1.416603e+04 3.180203e+01 2.288802e+01 6.923341e+01 2.722468e-06 7.976806e-06 2.955233e-06 5.645591e-05 2.346059e-04
8.000000e-01 9.427000e-02  6.284667e-02  5.000000e-01 2.967165e-06 8.000000e-04 1.416603e+04 3.180203e+01 2.288802e+01 6.923341e+01 2.884754e-06 8.508675e-06 3.114822e-06 5.950466e-05 2.472752e-04
8.000000e-01 9.427000e-02  6.284667e-02  5.000000e-01 3.046229e-06 8.000000e-04 1.416603e+04 3.180203e+01 2.288802e+01 6.923341e+01 3.050609e-06 8.907664e-06 3.283030e-06 6.271804e-05 2.606286e-04
8.000000e-01 9.427000e-02  6.284667e-02  5.000000e-01 3.127399e-06 8.000000e-04 1.416603e+04 3.180203e+01 2.288802e+01 6.923341e+01 3.206232e-06 9.397320e-06 3.460321e-06 6.610496e-05 2.747031e-04
8.000000e-01 9.427000e-02  6.284667e-02  5.000000e-01 3.210732e-06 8.000000e-04 1.416603e+04 3.180203e+01 2.288802e+01 6.923341e+01 3.393306e-06 9.896191e-06 3.647186e-06 6.967478e-05 2.895377e-04
8.000000e-01 9.427000e-02  6.284667e-02  5.000000e-01 3.296286e-06 8.000000e-04 1.416603e+04 3.180203e+01 2.288802e+01 6.923341e+01 3.504457e-06 1.039541e-05 3.844143e-06 7.343738e-05 3.051735e-04
8.000000e-01 9.427000e-02  6.284667e-02  5.000000e-01 3.384119e-06 8.000000e-04 1.416603e+04 3.180203e+01 2.288802e+01 6.923341e+01 3.767154e-06 1.094461e-05 4.051735e-06 7.740317e-05 3.216535e-04
8.000000e-01 9.427000e-02  6.284667e-02  5.000000e-01 3.474293e-06 8.000000e-04 1.416603e+04 3.180203e+01 2.288802e+01 6.923341e+01 3.956356e-06 1.159881e-05 4.270538e-06 8.158312e-05 3.390236e-04
8.000000e-01 9.427000e-02  6.284667e-02  5.000000e-01 3.566869e-06 8.000000e-04 1.416603e+04 3.180203e+01 2.288802e+01 6.923341e+01 4.119995e-06 1.223110e-05 4.501157e-06 8.598880e-05 3.573316e-04
8.000000e-01 9.427000e-02  6.284667e-02  5.000000e-01 3.661913e-06 8.000000e-04 1.416603e+04 3.180203e+01 2.288802e+01 6.923341e+01 4.433338e-06 1.287375e-05 4.744230e-06 9.063239e-05 3.766283e-04
8.000000e-01 9.427000e-02  6.284667e-02  5.000000e-01 3.759488e-06 8.000000e-04 1.416603e+04 3.180203e+01 2.288802e+01 6.923341e+01 4.701965e-06 1.352651e-05 5.000430e-06 9.552675e-05 3.969671e-04
8.000000e-01 9.427000e-02  6.284667e-02  5.000000e-01 3.859664e-06 8.000000e-04 1.416603e+04 3.180203e+01 2.288802e+01 6.923341e+01 4.820825e-06 1.427578e-05 5.270464e-06 1.006854e-04 4.184043e-04
8.000000e-01 9.427000e-02  6.284667e-02  5.000000e-01 3.962510e-06 8.000000e-04 1.416603e+04 3.180203e+01 2.288802e+01 6.923341e+01 5.230953e-06 1.506054e-05 5.555082e-06 1.061227e-04 4.409991e-04
8.000000e-01 9.427000e-02  6.284667e-02  5.000000e-01 4.068095e-06 8.000000e-04 1.416603e+04 3.180203e+01 2.288802e+01 6.923341e+01 5.334709e-06 1.591817e-05 5.855069e-06 1.118535e-04 4.648141e-04
8.000000e-01 9.427000e-02  6.284667e-02  5.000000e-01 4.176494e-06 8.000000e-04 1.416603e+04 3.180203e+01 2.288802e+01 6.923341e+01 5.804758e-06 1.675366e-05 6.171256e-06 1.178939e-04 4.899151e-04
8.000000e-01 9.427000e-02  6.284667e-02  5.000000e-01 4.287782e-06 8.000000e-04 1.416603e+04 3.180203e+01 2.288802e+01 6.923341e+01 5.945087e-06 1.763529e-05 6.504518e-06 1.242604e-04 5.163716e-04
8.000000e-01 9.427000e-02  6.284667e-02  5.000000e-01 4.402035e-06 8.000000e-04 1.416603e+04 3.180203e+01 2.288802e+01 6.923341e+01 6.309121e-06 1.857478e-05 6.855777e-06 1.309708e-04 5.442569e-04
8.000000e-01 9.427000e-02  6.284667e-02  5.000000e-01 4.519332e-06 8.000000e-04 1.416603e+04 3.180203e+01 2.288802e+01 6.923341e+01 6.610645e-06 1.962305e-05 7.226005e-06 1.380435e-04 5.736480e-04
8.000000e-01 9.427000e-02  6.284667e-02  5.000000e-01 4.639755e-06 8.000000e-04 1.416603e+04 3.180203e+01 2.288801e+01 6.923341e+01 7.075236e-06 2.071483e-05 7.616226e-06 1.454982e-04 6.046264e-04
8.000000e-01 9.427000e-02  6.284667e-02  5.000000e-01 4.763386e-06 8.000000e-04 1.416603e+04 3.180203e+01 2.288801e+01 6.923341e+01 7.323458e-06 2.168909e-05 8.027520e-06 1.533554e-04 6.372776e-04
8.000000e-01 9.427000e-02  6.284667e-02  5.000000e-01 4.890312e-06 8.000000e-04 1.416603e+04 3.180203e+01 2.288801e+01 6.923341e+01 7.769393e-06 2.287141e-05 8.461025e-06 1.616369e-04 6.716920e-04
8.000000e-01 9.427000e-02  6.284667e-02  5.000000e-01 5.020620e-06 8.000000e-04 1.416603e+04 3.180203e+01 2.288801e+01 6.923341e+01 8.227165e-06 2.424126e-05 8.917939e-06 1.703657e-04 7.079650e-04
8.000000e-01 9.427000e-02  6.284667e-02  5.000000e-01 5.154400e-06 8.000000e-04 1.416603e+04 3.180203e+01 2.288801e+01 6.923341e+01 8.530164e-06 2.544797e-05 9.399529e-06 1.795659e-04 7.461967e-04
8.000000e-01 9.427000e-02  6.284667e-02  5.000000e-01 5.291745e-06 8.000000e-04 1.416603e+04 3.180203e+01 2.288801e+01 6.923341e+01 9.113251e-06 2.674190e-05 9.907125e-06 1.892628e-04 7.864931e-04
8.000000e-01 9.427000e-02  6.284667e-02  5.000000e-01 5.432750e-06 8.000000e-04 1.416603e+04 3.180203e+01 2.288801e+01 6.923341e+01 9.634377e-06 2.829805e-05 1.044213e-05 1.994835e-04 8.289655e-04
8.000000e-01 9.427000e-02  6.284667e-02  5.000000e-01 5.577512e-06 8.000000e-04 1.416603e+04 3.180203e+01 2.288801e+01 6.923341e+01 1.014802e-05 2.966185e-05 1.100603e-05 2.102560e-04 8.737315e-04
8.000000e-01 9.427000e-02  6.284667e-02  5.000000e-01 5.726131e-06 8.000000e-04 1.416603e+04 3.180203e+01 2.288801e+01 6.923341e+01 1.074889e-05 3.146643e-05 1.160038e-05 2.216103e-04 9.209151e-04
8.000000e-01 9.427000e-02  6.284667e-02  5.000000e-01 5.878710e-06 8.000000e-04 1.416603e+04 3.180203e+01 2.288801e+01 6.923341e+01 1.104404e-05 3.319066e-05 1.222683e-05 2.335778e-04 9.706466e-04
8.000000e-01 9.427000e-02  6.284667e-02  5.000000e-01 6.035355e-06 8.000000e-04 1.416603e+04 3.180203e+01 2.288801e+01 6.923341e+01 1.193708e-05 3.502001e-05 1.288711e-05 2.461916e-04 1.023064e-03
8.000000e-01 9.427000e-02  6.284667e-02  5.000000e-01 6.196174e-06 8.000000e-04 1.416603e+04 3.180203e+01 2.288801e+01 6.923340e+01 1.257941e-05 3.699758e-05 1.358304e-05 2.594865e-04 1.078312e-03
8.000000e-01 9.427000e-02  6.284667e-02  5.000000e-01 6.361278e-06 8.000000e-04 1.416603e+04 3.180203e+01 2.288801e+01 6.923340e+01 1.347620e-05 3.888354e-05 1.431656e-05 2.734993e-04 1.136543e-03
8.000000e-01 9.427000e-02  6.284667e-02  5.000000e-01 6.530782e-06 8.000000e-04 1.416603e+04 3.180203e+01 2.288801e+01 6.923340e+01 1.410278e-05 4.089233e-05 1.508968e-05 2.882689e-04 1.197919e-03
8.000000e-01 9.427000e-02  6.284667e-02  5.000000e-01 6.704802e-06 8.000000e-04 1.416603e+04 3.180203e+01 2.288801e+01 6.923340e+01 1.464758e-05 4.300187e-05 1.590456e-05 3.038361e-04 1.262609e-03
8.000000e-01 9.427000e-02  6.284667e-02  5.000000e-01 6.883459e-06 8.000000e-04 1.416603e+04 3.180203e+01 2.288801e+01 6.923340e+01 1.521458e-05 4.541981e-05 1.676345e-05 3.202440e-04 1.330793e-03
8.000000e-01 9.427000e-02  6.284667e-02  5.000000e-01 7.066877e-06 8.000000e-04 1.416603e+04 3.180203e+01 2.288801e+01 6.923340e+01 1.651618e-05 4.789336e-05 1.766871e-05 3.375379e-04 1.402659e-03
8.000000e-01 9.427000e-02  6.284667e-02  5.000000e-01 7.255182e-06 8.000000e-04 1.416603e+04 3.180203e+01 2.288801e+01 6.923340e+01 1.712818e-05 5.036832e-05 1.862286e-05 3.557657e-04 1.478406e-03
8.000000e-01 9.427000e-02  6.284667e-02  5.000000e-01 7.448504e-06 8.000000e-04 1.416603e+04 3.180203e+01 2.288801e+01 6.923340e+01 1.818263e-05 5.314836e-05 1.962854e-05 3.749779e-04 1.558243e-03
8.000000e-01 9.427000e-02  6.284667e-02  5.000000e-01 7.646978e-06 8.000000e-04 1.416603e+04 3.180203e+01 2.288801e+01 6.923340e+01 1.918256e-05 5.620659e-05 2.068853e-05 3.952276e-04 1.642392e-03
8.000000e-01 9.427000e-02  6.284667e-02  5.000000e-01 7.850741e-06 8.000000e-04 1.416603e+04 3.180203e+01 2.288801e+01 6.923340e+01 2.004092e-05 5.899607e-05 2.180575e-05 4.165708e-04 1.731085e-03
8.000000e-01 9.427000e-02  6.284667e-02  5.000000e-01 8.059933e-06 8.000000e-04 1.416603e+04 3.180203e+01 2.288800e+01 6.923340e+01 2.089095e-05 6.239019e-05 2.298331e-05 4.390665e-04 1.824567e-03
8.000000e-01 9.427000e-02  6.284667e-02  5.000000e-01 8.274699e-06 8.000000e-04 1.416603e+04 3.180203e+01 2.288800e+01 6.923340e+01 2.204781e-05 6.564424e-05 2.422447e-05 4.627771e-04 1.923098e-03
8.000000e-01 9.427000e-02  6.284667e-02  5.000000e-01 8.495188e-06 8.000000e-04 1.416603e+04 3.180203e+01 2.288800e+01 6.923340e+01 2.362984e-05 6.868307e-05 2.553264e-05 4.877682e-04 2.026950e-03
8.000000e-01 9.427000e-02  6.284667e-02  5.000000e-01 8.721552e-06 8.000000e-04 1.416603e+04 3.180203e+01 2.288800e+01 6.923340e+01 2.446138e-05 7.294923e-05 2.691147e-05 5.141088e-04 2.136410e-03
8.000000e-01 9.427000e-02  6.284667e-02  5.000000e-01 8.953948e-06 8.000000e-04 1.416603e+04 3.180203e+01 2.288800e+01 6.923340e+01 2.614635e-05 7.726329e-05 2.836475e-05 5.418719e-04 2.251781e-03
8.000000e-01 9.427000e-02  6.284667e-02  5.000000e-01 9.192536e-06 8.000000e-04 1.416603e+04 3.180203e+01 2.288800e+01 6.923340e+01 2.748631e-05 8.137945e-05 2.989651e-05 5.711342e-04 2.373382e-03
8.000000e-01 9.427000e-02  6.284667e-02  5.000000e-01 9.437481e-06 8.000000e-04 1.416603e+04 3.180203e+01 2.288800e+01 6.923340e+01 2.874866e-05 8.554365e-05 3.151099e-05 6.019768e-04 2.501551e-03
8.000000e-01 9.427000e-02  6.284667e-02  5.000000e-01 9.688954e-06 8.000000e-04 1.416603e+04 3.180203e+01 2.288800e+01 6.923339e+01 3.118274e-05 9.000478e-05 3.321266e-05 6.344849e-04 2.636640e-03
8.000000e-01 9.427000e-02  6.284667e-02  5.000000e-01 9.947127e-06 8.000000e-04 1.416603e+04 3.180203e+01 2.288800e+01 6.923339e+01 3.210504e-05 9.526497e-05 3.500622e-05 6.687485e-04 2.779025e-03
8.000000e-01 9.427000e-02  6.284667e-02  5.000000e-01 1.021218e-05 8.000000e-04 1.416603e+04 3.180203e+01 2.288799e+01 6.923339e+01 3.446252e-05 9.991248e-05 3.689663e-05 7.048625e-04 2.929098e-03
8.000000e-01 9.427000e-02  6.284667e-02  5.000000e-01 1.048430e-05 8.000000e-04 1.416603e+04 3.180203e+01 2.288799e+01 6.923339e+01 3.592196e-05 1.057871e-04 3.888914e-05 7.429267e-04 3.087277e-03
8.000000e-01 9.427000e-02  6.284667e-02  5.000000e-01 1.076366e-05 8.000000e-04 1.416603e+04 3.180203e+01 2.288799e+01 6.923339e+01 3.855411e-05 1.110619e-04 4.098924e-05 7.830465e-04 3.253997e-03
8.000000e-01 9.427000e-02  6.284667e-02  5.000000e-01 1.105047e-05 8.000000e-04 1.416603e+04 3.180203e+01 2.288799e+01 6.923339e+01 4.015072e-05 1.165174e-04 4.320275e-05 8.253328e-04 3.429720e-03
8.000000e-01 9.427000e-02  6.284667e-02  5.000000e-01 1.134492e-05 8.000000e-04 1.416603e+04 3.180203e+01 2.288799e+01 6.923339e+01 4.199027e-05 1.233069e-04 4.553580e-05 8.699027e-04 3.614933e-03
8.000000e-01 9.427000e-02  6.284667e-02  5.000000e-01 1.164722e-05 8.000000e-04 1.416603e+04 3.180203e+01 2.288799e+01 6.923339e+01 4.467047e-05 1.309232e-04 4.799484e-05 9.168794e-04 3.810147e-03
8.000000e-01 9.427000e-02  6.284667e-02  5.000000e-01 1.195758e-05 8.000000e-04 1.416603e+04 3.180203e+01 2.288799e+01 6.923339e+01 4.668809e-05 1.370666e-04 5.058667e-05 9.663930e-04 4.015904e-03
8.000000e-01 9.427000e-02  6.284667e-02  5.000000e-01 1.227620e-05 8.000000e-04 1.416603e+04 3.180203e+01 2.288798e+01 6.923338e+01 4.884856e-05 1.446782e-04 5.331847e-05 1.018580e-03 4.232772e-03
8.000000e-01 9.427000e-02  6.284667e-02  5.000000e-01 1.260331e-05 8.000000e-04 1.416603e+04 3.180203e+01 2.288798e+01 6.923338e+01 5.242227e-05 1.524409e-04 5.619779e-05 1.073586e-03 4.461352e-03
8.000000e-01 9.427000e-02  6.284667e-02  5.000000e-01 1.293914e-05 8.000000e-04 1.416603e+04 3.180203e+01 2.288798e+01 6.923338e+01 5.518132e-05 1.600393e-04 5.923260e-05 1.131562e-03 4.702275e-03
8.000000e-01 9.427000e-02  6.284667e-02  5.000000e-01 1.328392e-05 8.000000e-04 1.416603e+04 3.180203e+01 2.288798e+01 6.923338e+01 5.786878e-05 1.688441e-04 6.243130e-05 1.192669e-03 4.956209e-03
8.000000e-01 9.427000e-02  6.284667e-02  5.000000e-01 1.363789e-05 8.000000e-04 1.416603e+04 3.180203e+01 2.288797e+01 6.923338e+01 6.156449e-05 1.774039e-04 6.580273e-05 1.257076e-03 5.223856e-03
8.000000e-01 9.427000e-02  6.284667e-02  5.000000e-01 1.400128e-05 8.000000e-04 1.416603e+04 3.180203e+01 2.288797e+01 6.923338e+01 6.391082e-05 1.874101e-04 6.935623e-05 1.324961e-03 5.505956e-03
8.000000e-01 9.427000e-02  6.284667e-02  5.000000e-01 1.437436e-05 8.000000e-04 1.416603e+04 3.180202e+01 2.288797e+01 6.923337e+01 6.887338e-05 1.988942e-04 7.310163e-05 1.396512e-03 5.803290e-03
8.000000e-01 9.427000e-02  6.284667e-02  5.000000e-01 1.475738e-05 8.000000e-04 1.416603e+04 3.180202e+01 2.288797e+01 6.923337e+01 7.026379e-05 2.084824e-04 7.704928e-05 1.471927e-03 6.116681e-03
8.000000e-01 9.427000e-02  6.284667e-02  5.000000e-01 1.515061e-05 8.000000e-04 1.416603e+04 3.180202e+01 2.288796e+01 6.923337e+01 7.525395e-05 2.204799e-04 8.121012e-05 1.551415e-03 6.446996e-03
8.000000e-01 9.427000e-02  6.284667e-02  5.000000e-01 1.555432e-05 8.000000e-04 1.416603e+04 3.180202e+01 2.288796e+01 6.923337e+01 7.883156e-05 2.330151e-04 8.559566e-05 1.635195e-03 6.795149e-03
8.000000e-01 9.427000e-02  6.284667e-02  5.000000e-01 1.596878e-05 8.000000e-04 1.416603e+04 3.180202e+01 2.288796e+01 6.923336e+01 8.222921e-05 2.442025e-04 9.021802e-05 1.723499e-03 7.162103e-03
8.000000e-01 9.427000e-02  6.284667e-02  5.000000e-01 1.639429e-05 8.000000e-04 1.416603e+04 3.180202e+01 2.288796e+01 6.923336e+01 8.948509e-05 2.571242e-04 9.509000e-05 1.816572e-03 7.548873e-03
8.000000e-01 9.427000e-02  6.284667e-02  5.000000e-01 1.683113e-05 8.000000e-04 1.416603e+04 3.180202e+01 2.288795e+01 6.923336e+01 9.309970e-05 2.718669e-04 1.002251e-04 1.914671e-03 7.956529e-03
