5.000000e-01 1.604000e-02  1.069333e-02  5.000000e-01 2.000000e-06 8.000000e-04 1.626311e+07 3.180203e+01 2.288802e+01 6.923341e+01 1.331442e-09 3.169899e-09 1.387266e-09 2.780117e-08 1.072733e-07
5.000000e-01 1.604000e-02  1.069333e-02  5.000000e-01 2.053292e-06 8.000000e-04 1.626311e+07 3.180203e+01 2.288802e+01 6.923341e+01 1.385429e-09 3.341664e-09 1.462182e-09 2.930249e-08 1.130664e-07
5.000000e-01 1.604000e-02  1.069333e-02  5.000000e-01 2.108005e-06 8.000000e-04 1.626311e+07 3.180203e+01 2.288802e+01 6.923341e+01 1.474750e-09 3.520527e-09 1.541143e-09 3.088489e-08 1.191722e-07
5.000000e-01 1.604000e-02  1.069333e-02  5.000000e-01 2.164175e-06 8.000000e-04 1.626311e+07 3.180203e+01 2.288802e+01 6.923341e+01 1.545101e-09 3.710943e-09 1.624368e-09 3.255275e-08 1.256078e-07
5.000000e-01 1.604000e-02  1.069333e-02  5.000000e-01 2.221842e-06 8.000000e-04 1.626311e+07 3.180203e+01 2.288802e+01 6.923341e+01 1.627759e-09 3.917375e-09 1.712088e-09 3.431067e-08 1.323909e-07
5.000000e-01 1.604000e-02  1.069333e-02  5.000000e-01 2.281045e-06 8.000000e-04 1.626311e+07 3.180203e+01 2.288802e+01 6.923341e+01 1.692964e-09 4.116424e-09 1.804545e-09 3.616353e-08 1.395403e-07
5.000000e-01 1.604000e-02  1.069333e-02  5.000000e-01 2.341826e-06 8.000000e-04 1.626311e+07 3.180203e+01 2.288802e+01 6.923341e+01 1.811109e-09 4.339964e-09 1.901994e-09 3.811644e-08 1.470758e-07
5.000000e-01 1.604000e-02  1.069333e-02  5.000000e-01 2.404227e-06 8.000000e-04 1.626311e+07 3.180203e+01 2.288802e+01 6.923341e+01 1.913660e-09 4.587510e-09 2.004706e-09 4.017482e-08 1.550182e-07
5.000000e-01 1.604000e-02  1.069333e-02  5.000000e-01 2.468290e-06 8.000000e-04 1.626311e+07 3.180203e+01 2.288802e+01 6.923341e+01 1.982892e-09 4.836993e-09 2.112965e-09 4.234435e-08 1.633896e-07
5.000000e-01 1.604000e-02  1.069333e-02  5.000000e-01 2.534061e-06 8.000000e-04 1.626311e+07 3.180203e+01 2.288802e+01 6.923341e+01 2.117950e-09 5.071154e-09 2.227070e-09 4.463105e-08 1.722130e-07
5.000000e-01 1.604000e-02  1.069333e-02  5.000000e-01 2.601584e-06 8.000000e-04 1.626311e+07 3.180203e+01 2.288802e+01 6.923341e+01 2.230016e-09 5.381243e-09 2.347337e-09 4.704123e-08 1.815129e-07
5.000000e-01 1.604000e-02  1.069333e-02  5.000000e-01 2.670906e-06 8.000000e-04 1.626311e+07 3.180203e+01 2.288802e+01 6.923341e+01 2.338865e-09 5.681711e-09 2.474099e-09 4.958156e-08 1.913150e-07
5.000000e-01 1.604000e-02  1.069333e-02  5.000000e-01 2.742075e-06 8.000000e-04 1.626311e+07 3.180203e+01 2.288802e+01 6.923341e+01 2.465087e-09 5.978061e-09 2.607706e-09 5.225908e-08 2.016465e-07
5.000000e-01 1.604000e-02  1.069333e-02  5.000000e-01 2.815141e-06 8.000000e-04 1.626311e+07 3.180203e+01 2.288802e+01 6.923341e+01 2.623601e-09 6.271334e-09 2.748528e-09 5.508119e-08 2.125358e-07
5.000000e-01 1.604000e-02  1.069333e-02  5.000000e-01 2.890154e-06 8.000000e-04 1.626311e+07 3.180203e+01 2.288802e+01 6.923341e+01 2.687066e-09 6.666139e-09 2.896955e-09 5.805570e-08 2.240133e-07
5.000000e-01 1.604000e-02  1.069333e-02  5.000000e-01 2.967165e-06 8.000000e-04 1.626311e+07 3.180203e+01 2.288802e+01 6.923341e+01 2.880541e-09 6.993851e-09 3.053397e-09 6.119084e-08 2.361105e-07
5.000000e-01 1.604000e-02  1.069333e-02  5.000000e-01 3.046229e-06 8.000000e-04 1.626311e+07 3.180203e+01 2.288802e+01 6.923341e+01 3.016737e-09 7.356135e-09 3.218287e-09 6.449529e-08 2.488610e-07
5.000000e-01 1.604000e-02  1.069333e-02  5.000000e-01 3.127399e-06 8.000000e-04 1.626311e+07 3.180203e+01 2.288802e+01 6.923341e+01 3.290314e-09 7.792279e-09 3.392082e-09 6.797819e-08 2.623001e-07
5.000000e-01 1.604000e-02  1.069333e-02  5.000000e-01 3.210732e-06 8.000000e-04 1.626311e+07 3.180203e+01 2.288802e+01 6.923341e+01 3.355838e-09 8.145090e-09 3.575263e-09 7.164916e-08 2.764649e-07
5.000000e-01 1.604000e-02  1.069333e-02  5.000000e-01 3.296286e-06 8.000000e-04 1.626311e+07 3.180203e+01 2.288802e+01 6.923341e+01 3.557465e-09 8.599339e-09 3.768335e-09 7.551839e-08 2.913946e-07
5.000000e-01 1.604000e-02  1.069333e-02  5.000000e-01 3.384119e-06 8.000000e-04 1.626311e+07 3.180203e+01 2.288802e+01 6.923341e+01 3.767882e-09 9.124673e-09 3.971834e-09 7.959655e-08 3.071306e-07
5.000000e-01 1.604000e-02  1.069333e-02  5.000000e-01 3.474293e-06 8.000000e-04 1.626311e+07 3.180203e+01 2.288802e+01 6.923341e+01 3.978286e-09 9.627530e-09 4.186322e-09 8.389495e-08 3.237164e-07
5.000000e-01 1.604000e-02  1.069333e-02  5.000000e-01 3.566869e-06 8.000000e-04 1.626311e+07 3.180203e+01 2.288802e+01 6.923341e+01 4.156011e-09 1.007210e-08 4.412393e-09 8.842547e-08 3.411978e-07
5.000000e-01 1.604000e-02  1.069333e-02  5.000000e-01 3.661913e-06 8.000000e-04 1.626311e+07 3.180203e+01 2.288802e+01 6.923341e+01 4.318746e-09 1.061770e-08 4.650673e-09 9.320065e-08 3.596233e-07
5.000000e-01 1.604000e-02  1.069333e-02  5.000000e-01 3.759488e-06 8.000000e-04 1.626311e+07 3.180203e+01 2.288802e+01 6.923341e+01 4.696103e-09 1.122718e-08 4.901820e-09 9.823370e-08 3.790438e-07
5.000000e-01 1.604000e-02  1.069333e-02  5.000000e-01 3.859664e-06 8.000000e-04 1.626311e+07 3.180203e+01 2.288802e+01 6.923341e+01 4.869099e-09 1.184599e-08 5.166529e-09 1.035385e-07 3.995130e-07
5.000000e-01 1.604000e-02  1.069333e-02  5.000000e-01 3.962510e-06 8.000000e-04 1.626311e+07 3.180203e+01 2.288802e+01 6.923341e+01 5.196294e-09 1.241763e-08 5.445534e-09 1.091299e-07 4.210876e-07
5.000000e-01 1.604000e-02  1.069333e-02  5.000000e-01 4.068095e-06 8.000000e-04 1.626311e+07 3.180203e+01 2.288802e+01 6.923341e+01 5.345107e-09 1.309739e-08 5.739605e-09 1.150231e-07 4.438273e-07
5.000000e-01 1.604000e-02  1.069333e-02  5.000000e-01 4.176494e-06 8.000000e-04 1.626311e+07 3.180203e+01 2.288802e+01 6.923341e+01 5.901041e-09 1.379256e-08 6.049557e-09 1.212347e-07 4.677950e-07
5.000000e-01 1.604000e-02  1.069333e-02  5.000000e-01 4.287782e-06 8.000000e-04 1.626311e+07 3.180203e+01 2.288802e+01 6.923341e+01 6.038986e-09 1.462637e-08 6.376247e-09 1.277816e-07 4.930570e-07
5.000000e-01 1.604000e-02  1.069333e-02  5.000000e-01 4.402035e-06 8.000000e-04 1.626311e+07 3.180203e+01 2.288802e+01 6.923341e+01 6.290504e-09 1.538882e-08 6.720579e-09 1.346821e-07 5.196833e-07
5.000000e-01 1.604000e-02  1.069333e-02  5.000000e-01 4.519332e-06 8.000000e-04 1.626311e+07 3.180203e+01 2.288802e+01 6.923341e+01 6.699600e-09 1.622098e-08 7.083506e-09 1.419552e-07 5.477474e-07
5.000000e-01 1.604000e-02  1.069333e-02  5.000000e-01 4.639755e-06 8.000000e-04 1.626311e+07 3.180203e+01 2.288802e+01 6.923341e+01 6.895821e-09 1.708420e-08 7.466032e-09 1.496212e-07 5.773270e-07
5.000000e-01 1.604000e-02  1.069333e-02  5.000000e-01 4.763386e-06 8.000000e-04 1.626311e+07 3.180203e+01 2.288802e+01 6.923341e+01 7.331792e-09 1.808232e-08 7.869215e-09 1.577010e-07 6.085040e-07
5.000000e-01 1.604000e-02  1.069333e-02  5.000000e-01 4.890312e-06 8.000000e-04 1.626311e+07 3.180203e+01 2.288802e+01 6.923341e+01 8.112472e-09 1.898781e-08 8.294171e-09 1.662173e-07 6.413646e-07
5.000000e-01 1.604000e-02  1.069333e-02  5.000000e-01 5.020620e-06 8.000000e-04 1.626311e+07 3.180203e+01 2.288802e+01 6.923341e+01 8.290374e-09 1.998213e-08 8.742075e-09 1.751934e-07 6.759998e-07
5.000000e-01 1.604000e-02  1.069333e-02  5.000000e-01 5.154400e-06 8.000000e-04 1.626311e+07 3.180203e+01 2.288802e+01 6.923341e+01 8.506997e-09 2.117166e-08 9.214167e-09 1.846542e-07 7.125053e-07
5.000000e-01 1.604000e-02  1.069333e-02  5.000000e-01 5.291745e-06 8.000000e-04 1.626311e+07 3.180203e+01 2.288802e+01 6.923341e+01 9.200089e-09 2.215975e-08 9.711753e-09 1.946260e-07 7.509822e-07
5.000000e-01 1.604000e-02  1.069333e-02  5.000000e-01 5.432750e-06 8.000000e-04 1.626311e+07 3.180203e+01 2.288802e+01 6.923341e+01 9.876782e-09 2.343559e-08 1.023621e-08 2.051362e-07 7.915370e-07
5.000000e-01 1.604000e-02  1.069333e-02  5.000000e-01 5.577512e-06 8.000000e-04 1.626311e+07 3.180203e+01 2.288802e+01 6.923341e+01 1.028273e-08 2.473324e-08 1.078899e-08 2.162141e-07 8.342818e-07
5.000000e-01 1.604000e-02  1.069333e-02  5.000000e-01 5.726131e-06 8.000000e-04 1.626311e+07 3.180203e+01 2.288802e+01 6.923341e+01 1.078287e-08 2.601693e-08 1.137162e-08 2.278901e-07 8.793350e-07
5.000000e-01 1.604000e-02  1.069333e-02  5.000000e-01 5.878710e-06 8.000000e-04 1.626311e+07 3.180203e+01 2.288802e+01 6.923341e+01 1.120792e-08 2.737671e-08 1.198571e-08 2.401967e-07 9.268211e-07
5.000000e-01 1.604000e-02  1.069333e-02  5.000000e-01 6.035355e-06 8.000000e-04 1.626311e+07 3.180203e+01 2.288802e+01 6.923341e+01 1.169949e-08 2.886605e-08 1.263297e-08 2.531679e-07 9.768716e-07
5.000000e-01 1.604000e-02  1.069333e-02  5.000000e-01 6.196174e-06 8.000000e-04 1.626311e+07 3.180203e+01 2.288802e+01 6.923341e+01 1.272554e-08 3.042086e-08 1.331518e-08 2.668396e-07 1.029625e-06
5.000000e-01 1.604000e-02  1.069333e-02  5.000000e-01 6.361278e-06 8.000000e-04 1.626311e+07 3.180203e+01 2.288802e+01 6.923341e+01 1.331276e-08 3.194622e-08 1.403423e-08 2.812495e-07 1.085227e-06
5.000000e-01 1.604000e-02  1.069333e-02  5.000000e-01 6.530782e-06 8.000000e-04 1.626311e+07 3.180203e+01 2.288802e+01 6.923341e+01 1.411313e-08 3.389295e-08 1.479211e-08 2.964376e-07 1.143832e-06
5.000000e-01 1.604000e-02  1.069333e-02  5.000000e-01 6.704802e-06 8.000000e-04 1.626311e+07 3.180203e+01 2.288802e+01 6.923341e+01 1.439147e-08 3.578801e-08 1.559092e-08 3.124460e-07 1.205601e-06
5.000000e-01 1.604000e-02  1.069333e-02  5.000000e-01 6.883459e-06 8.000000e-04 1.626311e+07 3.180203e+01 2.288802e+01 6.923341e+01 1.558768e-08 3.746586e-08 1.643286e-08 3.293188e-07 1.270707e-06
5.000000e-01 1.604000e-02  1.069333e-02  5.000000e-01 7.066877e-06 8.000000e-04 1.626311e+07 3.180203e+01 2.288802e+01 6.923341e+01 1.615523e-08 3.955285e-08 1.732028e-08 3.471027e-07 1.339328e-06
5.000000e-01 1.604000e-02  1.069333e-02  5.000000e-01 7.255182e-06 8.000000e-04 1.626311e+07 3.180203e+01 2.288802e+01 6.923341e+01 1.719092e-08 4.170499e-08 1.825561e-08 3.658471e-07 1.411655e-06
5.000000e-01 1.604000e-02  1.069333e-02  5.000000e-01 7.448504e-06 8.000000e-04 1.626311e+07 3.180203e+01 2.288802e+01 6.923341e+01 1.839230e-08 4.398466e-08 1.924146e-08 3.856037e-07 1.487887e-06
5.000000e-01 1.604000e-02  1.069333e-02  5.000000e-01 7.646978e-06 8.000000e-04 1.626311e+07 3.180203e+01 2.288802e+01 6.923341e+01 1.924273e-08 4.638778e-08 2.028054e-08 4.064272e-07 1.568236e-06
5.000000e-01 1.604000e-02  1.069333e-02  5.000000e-01 7.850741e-06 8.000000e-04 1.626311e+07 3.180203e+01 2.288802e+01 6.923341e+01 2.030043e-08 4.859890e-08 2.137574e-08 4.283752e-07 1.652925e-06
5.000000e-01 1.604000e-02  1.069333e-02  5.000000e-01 8.059933e-06 8.000000e-04 1.626311e+07 3.180203e+01 2.288802e+01 6.923341e+01 2.145520e-08 5.151033e-08 2.253008e-08 4.515084e-07 1.742187e-06
5.000000e-01 1.604000e-02  1.069333e-02  5.000000e-01 8.274699e-06 8.000000e-04 1.626311e+07 3.180203e+01 2.288802e+01 6.923341e+01 2.250571e-08 5.411521e-08 2.374675e-08 4.758909e-07 1.836269e-06
5.000000e-01 1.604000e-02  1.069333e-02  5.000000e-01 8.495188e-06 8.000000e-04 1.626311e+07 3.180203e+01 2.288802e+01 6.923341e+01 2.404166e-08 5.714022e-08 2.502913e-08 5.015901e-07 1.935431e-06
5.000000e-01 1.604000e-02  1.069333e-02  5.000000e-01 8.721552e-06 8.000000e-04 1.626311e+07 3.180203e+01 2.288802e+01 6.923341e+01 2.443970e-08 6.038158e-08 2.638076e-08 5.286771e-07 2.039949e-06
5.000000e-01 1.604000e-02  1.069333e-02  5.000000e-01 8.953948e-06 8.000000e-04 1.626311e+07 3.180203e+01 2.288802e+01 6.923341e+01 2.608405e-08 6.389114e-08 2.780539e-08 5.572269e-07 2.150111e-06
5.000000e-01 1.604000e-02  1.069333e-02  5.000000e-01 9.192536e-06 8.000000e-04 1.626311e+07 3.180203e+01 2.288802e+01 6.923341e+01 2.776308e-08 6.702108e-08 2.930694e-08 5.873185e-07 2.266222e-06
5.000000e-01 1.604000e-02  1.069333e-02  5.000000e-01 9.437481e-06 8.000000e-04 1.626311e+07 3.180203e+01 2.288802e+01 6.923341e+01 2.891887e-08 7.080174e-08 3.088958e-08 6.190350e-07 2.388603e-06
5.000000e-01 1.604000e-02  1.069333e-02  5.000000e-01 9.688954e-06 8.000000e-04 1.626311e+07 3.180203e+01 2.288802e+01 6.923341e+01 3.012454e-08 7.482000e-08 3.255769e-08 6.524643e-07 2.517594e-06
5.000000e-01 1.604000e-02  1.069333e-02  5.000000e-01 9.947127e-06 8.000000e-04 1.626311e+07 3.180203e+01 2.288802e+01 6.923341e+01 3.213204e-08 7.879051e-08 3.431588e-08 6.876989e-07 2.653549e-06
5.000000e-01 1.604000e-02  1.069333e-02  5.000000e-01 1.021218e-05 8.000000e-04 1.626311e+07 3.180203e+01 2.288802e+01 6.923341e+01 3.458657e-08 8.281415e-08 3.616902e-08 7.248363e-07 2.796847e-06
5.000000e-01 1.604000e-02  1.069333e-02  5.000000e-01 1.048430e-05 8.000000e-04 1.626311e+07 3.180203e+01 2.288802e+01 6.923341e+01 3.562029e-08 8.703524e-08 3.812223e-08 7.639791e-07 2.947883e-06
5.000000e-01 1.604000e-02  1.069333e-02  5.000000e-01 1.076366e-05 8.000000e-04 1.626311e+07 3.180203e+01 2.288802e+01 6.923341e+01 3.780751e-08 9.198734e-08 4.018092e-08 8.052357e-07 3.107076e-06
5.000000e-01 1.604000e-02  1.069333e-02  5.000000e-01 1.105047e-05 8.000000e-04 1.626311e+07 3.180203e+01 2.288802e+01 6.923341e+01 4.040450e-08 9.710452e-08 4.235078e-08 8.487203e-07 3.274865e-06
5.000000e-01 1.604000e-02  1.069333e-02  5.000000e-01 1.134492e-05 8.000000e-04 1.626311e+07 3.180203e+01 2.288802e+01 6.923341e+01 4.191695e-08 1.022734e-07 4.463782e-08 8.945532e-07 3.451716e-06
5.000000e-01 1.604000e-02  1.069333e-02  5.000000e-01 1.164722e-05 8.000000e-04 1.626311e+07 3.180203e+01 2.288802e+01 6.923341e+01 4.523461e-08 1.075829e-07 4.704837e-08 9.428611e-07 3.638116e-06
5.000000e-01 1.604000e-02  1.069333e-02  5.000000e-01 1.195758e-05 8.000000e-04 1.626311e+07 3.180203e+01 2.288802e+01 6.923341e+01 4.705958e-08 1.137427e-07 4.958909e-08 9.937778e-07 3.834583e-06
5.000000e-01 1.604000e-02  1.069333e-02  5.000000e-01 1.227620e-05 8.000000e-04 1.626311e+07 3.180203e+01 2.288802e+01 6.923341e+01 4.958087e-08 1.203461e-07 5.226701e-08 1.047444e-06 4.041659e-06
5.000000e-01 1.604000e-02  1.069333e-02  5.000000e-01 1.260331e-05 8.000000e-04 1.626311e+07 3.180203e+01 2.288802e+01 6.923341e+01 5.019830e-08 1.262233e-07 5.508955e-08 1.104008e-06 4.259918e-06
5.000000e-01 1.604000e-02  1.069333e-02  5.000000e-01 1.293914e-05 8.000000e-04 1.626311e+07 3.180203e+01 2.288802e+01 6.923341e+01 5.395442e-08 1.334478e-07 5.806451e-08 1.163628e-06 4.489964e-06
5.000000e-01 1.604000e-02  1.069333e-02  5.000000e-01 1.328392e-05 8.000000e-04 1.626311e+07 3.180203e+01 2.288802e+01 6.923341e+01 5.749324e-08 1.401165e-07 6.120013e-08 1.226466e-06 4.732432e-06
5.000000e-01 1.604000e-02  1.069333e-02  5.000000e-01 1.363789e-05 8.000000e-04 1.626311e+07 3.180203e+01 2.288802e+01 6.923341e+01 6.044991e-08 1.472605e-07 6.450508e-08 1.292698e-06 4.987994e-06
5.000000e-01 1.604000e-02  1.069333e-02  5.000000e-01 1.400128e-05 8.000000e-04 1.626311e+07 3.180203e+01 2.288802e+01 6.923341e+01 6.297603e-08 1.552025e-07 6.798850e-08 1.362507e-06 5.257357e-06
5.000000e-01 1.604000e-02  1.069333e-02  5.000000e-01 1.437436e-05 8.000000e-04 1.626311e+07 3.180203e+01 2.288802e+01 6.923341e+01 6.729564e-08 1.638469e-07 7.166004e-08 1.436085e-06 5.541267e-06
5.000000e-01 1.604000e-02  1.069333e-02  5.000000e-01 1.475738e-05 8.000000e-04 1.626311e+07 3.180203e+01 2.288802e+01 6.923341e+01 7.005807e-08 1.725429e-07 7.552985e-08 1.513637e-06 5.840508e-06
5.000000e-01 1.604000e-02  1.069333e-02  5.000000e-01 1.515061e-05 8.000000e-04 1.626311e+07 3.180203e+01 2.288802e+01 6.923341e+01 7.544092e-08 1.819021e-07 7.960863e-08 1.595377e-06 6.155909e-06
5.000000e-01 1.604000e-02  1.069333e-02  5.000000e-01 1.555432e-05 8.000000e-04 1.626311e+07 3.180203e+01 2.288802e+01 6.923341e+01 7.828504e-08 1.919312e-07 8.390768e-08 1.681531e-06 6.488342e-06
5.000000e-01 1.604000e-02  1.069333e-02  5.000000e-01 1.596878e-05 8.000000e-04 1.626311e+07 3.180203e+01 2.288802e+01 6.923341e+01 8.389019e-08 2.014018e-07 8.843889e-08 1.772338e-06 6.838728e-06
5.000000e-01 1.604000e-02  1.069333e-02  5.000000e-01 1.639429e-05 8.000000e-04 1.626311e+07 3.180203e+01 2.288802e+01 6.923341e+01 8.968079e-08 2.135867e-07 9.321480e-08 1.868048e-06 7.208035e-06
5.000000e-01 1.604000e-02  1.069333e-02  5.000000e-01 1.683113e-05 8.000000e-04 1.626311e+07 3.180203e+01 2.288802e+01 6.923341e+01 9.256551e-08 2.246830e-07 9.824861e-08 1.968927e-06 7.597285e-06
5.000000e-01 1.604000e-02  1.069333e-02  5.000000e-01 1.727962e-05 8.000000e-04 1.626311e+07 3.180203e+01 2.288802e+01 6.923341e+01 9.650570e-08 2.359535e-07 1.035543e-07 2.075254e-06 8.007556e-06
5.000000e-01 1.604000e-02  1.069333e-02  5.000000e-01 1.774005e-05 8.000000e-04 1.626311e+07 3.180203e+01 2.288802e+01 6.923341e+01 1.044448e-07 2.486499e-07 1.091464e-07 2.187322e-06 8.439983e-06
5.000000e-01 1.604000e-02  1.069333e-02  5.000000e-01 1.821276e-05 8.000000e-04 1.626311e+07 3.180203e+01 2.288802e+01 6.923341e+01 1.105617e-07 2.620702e-07 1.150406e-07 2.305443e-06 8.895762e-06
