8.000000e-01 6.236000e-01  4.157333e-01  5.000000e-01 2.000000e-06 8.000000e-04 1.053772e+00 3.180203e+01 2.288801e+01 6.923341e+01 1.461595e-06 2.788256e-05 8.208882e-06 2.689642e-05 3.497003e-04
8.000000e-01 6.236000e-01  4.157333e-01  5.000000e-01 2.053292e-06 8.000000e-04 1.053772e+00 3.180203e+01 2.288801e+01 6.923341e+01 1.572366e-06 2.921180e-05 8.652181e-06 2.834888e-05 3.685849e-04
8.000000e-01 6.236000e-01  4.157333e-01  5.000000e-01 2.108005e-06 8.000000e-04 1.053772e+00 3.180203e+01 2.288801e+01 6.923341e+01 1.638888e-06 3.069560e-05 9.119418e-06 2.987979e-05 3.884894e-04
8.000000e-01 6.236000e-01  4.157333e-01  5.000000e-01 2.164175e-06 8.000000e-04 1.053772e+00 3.180203e+01 2.288801e+01 6.923341e+01 1.718659e-06 3.228451e-05 9.611888e-06 3.149337e-05 4.094687e-04
8.000000e-01 6.236000e-01  4.157333e-01  5.000000e-01 2.221842e-06 8.000000e-04 1.053772e+00 3.180203e+01 2.288801e+01 6.923341e+01 1.804918e-06 3.461326e-05 1.013095e-05 3.319408e-05 4.315809e-04
8.000000e-01 6.236000e-01  4.157333e-01  5.000000e-01 2.281045e-06 8.000000e-04 1.053772e+00 3.180203e+01 2.288801e+01 6.923341e+01 1.935692e-06 3.570957e-05 1.067805e-05 3.498664e-05 4.548873e-04
8.000000e-01 6.236000e-01  4.157333e-01  5.000000e-01 2.341826e-06 8.000000e-04 1.053772e+00 3.180203e+01 2.288801e+01 6.923340e+01 2.013898e-06 3.771789e-05 1.125469e-05 3.687600e-05 4.794523e-04
8.000000e-01 6.236000e-01  4.157333e-01  5.000000e-01 2.404227e-06 8.000000e-04 1.053772e+00 3.180203e+01 2.288801e+01 6.923340e+01 2.127302e-06 4.007253e-05 1.186247e-05 3.886739e-05 5.053438e-04
8.000000e-01 6.236000e-01  4.157333e-01  5.000000e-01 2.468290e-06 8.000000e-04 1.053772e+00 3.180203e+01 2.288801e+01 6.923340e+01 2.247723e-06 4.158840e-05 1.250307e-05 4.096632e-05 5.326335e-04
8.000000e-01 6.236000e-01  4.157333e-01  5.000000e-01 2.534061e-06 8.000000e-04 1.053772e+00 3.180203e+01 2.288801e+01 6.923340e+01 2.364579e-06 4.486790e-05 1.317826e-05 4.317859e-05 5.613970e-04
8.000000e-01 6.236000e-01  4.157333e-01  5.000000e-01 2.601584e-06 8.000000e-04 1.053772e+00 3.180203e+01 2.288801e+01 6.923340e+01 2.504074e-06 4.695575e-05 1.388992e-05 4.551033e-05 5.917137e-04
8.000000e-01 6.236000e-01  4.157333e-01  5.000000e-01 2.670906e-06 8.000000e-04 1.053772e+00 3.180203e+01 2.288801e+01 6.923340e+01 2.646412e-06 4.980328e-05 1.464000e-05 4.796800e-05 6.236676e-04
8.000000e-01 6.236000e-01  4.157333e-01  5.000000e-01 2.742075e-06 8.000000e-04 1.053772e+00 3.180203e+01 2.288800e+01 6.923340e+01 2.796846e-06 5.197274e-05 1.543060e-05 5.055838e-05 6.573471e-04
8.000000e-01 6.236000e-01  4.157333e-01  5.000000e-01 2.815141e-06 8.000000e-04 1.053772e+00 3.180203e+01 2.288800e+01 6.923340e+01 2.951848e-06 5.446109e-05 1.626389e-05 5.328865e-05 6.928454e-04
8.000000e-01 6.236000e-01  4.157333e-01  5.000000e-01 2.890154e-06 8.000000e-04 1.053772e+00 3.180203e+01 2.288800e+01 6.923340e+01 3.100599e-06 5.772188e-05 1.714217e-05 5.616636e-05 7.302606e-04
8.000000e-01 6.236000e-01  4.157333e-01  5.000000e-01 2.967165e-06 8.000000e-04 1.053772e+00 3.180203e+01 2.288800e+01 6.923340e+01 3.275087e-06 6.103101e-05 1.806789e-05 5.919947e-05 7.696964e-04
8.000000e-01 6.236000e-01  4.157333e-01  5.000000e-01 3.046229e-06 8.000000e-04 1.053772e+00 3.180203e+01 2.288800e+01 6.923340e+01 3.379813e-06 6.415150e-05 1.904360e-05 6.239638e-05 8.112618e-04
8.000000e-01 6.236000e-01  4.157333e-01  5.000000e-01 3.127399e-06 8.000000e-04 1.053772e+00 3.180203e+01 2.288800e+01 6.923340e+01 3.614705e-06 6.754581e-05 2.007200e-05 6.576593e-05 8.550718e-04
8.000000e-01 6.236000e-01  4.157333e-01  5.000000e-01 3.210732e-06 8.000000e-04 1.053772e+00 3.180203e+01 2.288800e+01 6.923340e+01 3.840080e-06 7.166227e-05 2.115593e-05 6.931744e-05 9.012476e-04
8.000000e-01 6.236000e-01  4.157333e-01  5.000000e-01 3.296286e-06 8.000000e-04 1.053772e+00 3.180203e+01 2.288800e+01 6.923340e+01 4.027773e-06 7.522556e-05 2.229840e-05 7.306075e-05 9.499171e-04
8.000000e-01 6.236000e-01  4.157333e-01  5.000000e-01 3.384119e-06 8.000000e-04 1.053772e+00 3.180203e+01 2.288800e+01 6.923340e+01 4.263412e-06 7.928018e-05 2.350257e-05 7.700619e-05 1.001215e-03
8.000000e-01 6.236000e-01  4.157333e-01  5.000000e-01 3.474293e-06 8.000000e-04 1.053772e+00 3.180203e+01 2.288800e+01 6.923340e+01 4.474086e-06 8.308407e-05 2.477176e-05 8.116471e-05 1.055283e-03
8.000000e-01 6.236000e-01  4.157333e-01  5.000000e-01 3.566869e-06 8.000000e-04 1.053772e+00 3.180203e+01 2.288799e+01 6.923339e+01 4.696620e-06 8.835983e-05 2.610949e-05 8.554779e-05 1.112270e-03
8.000000e-01 6.236000e-01  4.157333e-01  5.000000e-01 3.661913e-06 8.000000e-04 1.053772e+00 3.180203e+01 2.288799e+01 6.923339e+01 4.940235e-06 9.211225e-05 2.751946e-05 9.016757e-05 1.172336e-03
8.000000e-01 6.236000e-01  4.157333e-01  5.000000e-01 3.759488e-06 8.000000e-04 1.053772e+00 3.180203e+01 2.288799e+01 6.923339e+01 5.188051e-06 9.749302e-05 2.900558e-05 9.503682e-05 1.235644e-03
8.000000e-01 6.236000e-01  4.157333e-01  5.000000e-01 3.859664e-06 8.000000e-04 1.053772e+00 3.180203e+01 2.288799e+01 6.923339e+01 5.595742e-06 1.038157e-04 3.057195e-05 1.001690e-04 1.302372e-03
8.000000e-01 6.236000e-01  4.157333e-01  5.000000e-01 3.962510e-06 8.000000e-04 1.053772e+00 3.180203e+01 2.288799e+01 6.923339e+01 5.780586e-06 1.069239e-04 3.222290e-05 1.055784e-04 1.372703e-03
8.000000e-01 6.236000e-01  4.157333e-01  5.000000e-01 4.068095e-06 8.000000e-04 1.053772e+00 3.180203e+01 2.288799e+01 6.923339e+01 6.118209e-06 1.139358e-04 3.396301e-05 1.112799e-04 1.446832e-03
8.000000e-01 6.236000e-01  4.157333e-01  5.000000e-01 4.176494e-06 8.000000e-04 1.053772e+00 3.180203e+01 2.288798e+01 6.923339e+01 6.423598e-06 1.202746e-04 3.579710e-05 1.172892e-04 1.524965e-03
8.000000e-01 6.236000e-01  4.157333e-01  5.000000e-01 4.287782e-06 8.000000e-04 1.053772e+00 3.180203e+01 2.288798e+01 6.923339e+01 6.877023e-06 1.269638e-04 3.773022e-05 1.236231e-04 1.607316e-03
8.000000e-01 6.236000e-01  4.157333e-01  5.000000e-01 4.402035e-06 8.000000e-04 1.053772e+00 3.180203e+01 2.288798e+01 6.923339e+01 7.209617e-06 1.344659e-04 3.976774e-05 1.302991e-04 1.694115e-03
8.000000e-01 6.236000e-01  4.157333e-01  5.000000e-01 4.519332e-06 8.000000e-04 1.053772e+00 3.180203e+01 2.288798e+01 6.923339e+01 7.554409e-06 1.412945e-04 4.191529e-05 1.373355e-04 1.785601e-03
8.000000e-01 6.236000e-01  4.157333e-01  5.000000e-01 4.639755e-06 8.000000e-04 1.053772e+00 3.180203e+01 2.288798e+01 6.923338e+01 7.915598e-06 1.506787e-04 4.417881e-05 1.447519e-04 1.882028e-03
8.000000e-01 6.236000e-01  4.157333e-01  5.000000e-01 4.763386e-06 8.000000e-04 1.053772e+00 3.180203e+01 2.288797e+01 6.923338e+01 8.422951e-06 1.568790e-04 4.656457e-05 1.525689e-04 1.983662e-03
8.000000e-01 6.236000e-01  4.157333e-01  5.000000e-01 4.890312e-06 8.000000e-04 1.053772e+00 3.180203e+01 2.288797e+01 6.923338e+01 8.889882e-06 1.652616e-04 4.907916e-05 1.608080e-04 2.090784e-03
8.000000e-01 6.236000e-01  4.157333e-01  5.000000e-01 5.020620e-06 8.000000e-04 1.053772e+00 3.180203e+01 2.288797e+01 6.923338e+01 9.208171e-06 1.755673e-04 5.172955e-05 1.694920e-04 2.203691e-03
8.000000e-01 6.236000e-01  4.157333e-01  5.000000e-01 5.154400e-06 8.000000e-04 1.053772e+00 3.180203e+01 2.288797e+01 6.923338e+01 9.753486e-06 1.828781e-04 5.452307e-05 1.786449e-04 2.322695e-03
8.000000e-01 6.236000e-01  4.157333e-01  5.000000e-01 5.291745e-06 8.000000e-04 1.053772e+00 3.180203e+01 2.288796e+01 6.923337e+01 1.049630e-05 1.967738e-04 5.746744e-05 1.882922e-04 2.448126e-03
8.000000e-01 6.236000e-01  4.157333e-01  5.000000e-01 5.432750e-06 8.000000e-04 1.053772e+00 3.180203e+01 2.288796e+01 6.923337e+01 1.082956e-05 2.028054e-04 6.057082e-05 1.984604e-04 2.580331e-03
8.000000e-01 6.236000e-01  4.157333e-01  5.000000e-01 5.577512e-06 8.000000e-04 1.053772e+00 3.180203e+01 2.288796e+01 6.923337e+01 1.142839e-05 2.172494e-04 6.384178e-05 2.091777e-04 2.719675e-03
8.000000e-01 6.236000e-01  4.157333e-01  5.000000e-01 5.726131e-06 8.000000e-04 1.053772e+00 3.180203e+01 2.288795e+01 6.923337e+01 1.215300e-05 2.252563e-04 6.728938e-05 2.204738e-04 2.866543e-03
8.000000e-01 6.236000e-01  4.157333e-01  5.000000e-01 5.878710e-06 8.000000e-04 1.053772e+00 3.180203e+01 2.288795e+01 6.923337e+01 1.270524e-05 2.378596e-04 7.092316e-05 2.323799e-04 3.021343e-03
8.000000e-01 6.236000e-01  4.157333e-01  5.000000e-01 6.035355e-06 8.000000e-04 1.053772e+00 3.180203e+01 2.288795e+01 6.923337e+01 1.345564e-05 2.509752e-04 7.475318e-05 2.449289e-04 3.184503e-03
8.000000e-01 6.236000e-01  4.157333e-01  5.000000e-01 6.196174e-06 8.000000e-04 1.053772e+00 3.180203e+01 2.288794e+01 6.923336e+01 1.412838e-05 2.637341e-04 7.879002e-05 2.581556e-04 3.356473e-03
8.000000e-01 6.236000e-01  4.157333e-01  5.000000e-01 6.361278e-06 8.000000e-04 1.053772e+00 3.180203e+01 2.288794e+01 6.923336e+01 1.504266e-05 2.792502e-04 8.304487e-05 2.720966e-04 3.537731e-03
8.000000e-01 6.236000e-01  4.157333e-01  5.000000e-01 6.530782e-06 8.000000e-04 1.053772e+00 3.180203e+01 2.288793e+01 6.923336e+01 1.584562e-05 2.964565e-04 8.752948e-05 2.867905e-04 3.728776e-03
8.000000e-01 6.236000e-01  4.157333e-01  5.000000e-01 6.704802e-06 8.000000e-04 1.053772e+00 3.180203e+01 2.288793e+01 6.923335e+01 1.649829e-05 3.104368e-04 9.225628e-05 3.022778e-04 3.930139e-03
8.000000e-01 6.236000e-01  4.157333e-01  5.000000e-01 6.883459e-06 8.000000e-04 1.053772e+00 3.180203e+01 2.288792e+01 6.923335e+01 1.764518e-05 3.269440e-04 9.723833e-05 3.186015e-04 4.142376e-03
8.000000e-01 6.236000e-01  4.157333e-01  5.000000e-01 7.066877e-06 8.000000e-04 1.053772e+00 3.180203e+01 2.288792e+01 6.923335e+01 1.837851e-05 3.431691e-04 1.024894e-04 3.358068e-04 4.366073e-03
8.000000e-01 6.236000e-01  4.157333e-01  5.000000e-01 7.255182e-06 8.000000e-04 1.053772e+00 3.180203e+01 2.288791e+01 6.923334e+01 1.965073e-05 3.656026e-04 1.080241e-04 3.539411e-04 4.601851e-03
8.000000e-01 6.236000e-01  4.157333e-01  5.000000e-01 7.448504e-06 8.000000e-04 1.053772e+00 3.180203e+01 2.288791e+01 6.923334e+01 2.062858e-05 3.848289e-04 1.138576e-04 3.730547e-04 4.850362e-03
8.000000e-01 6.236000e-01  4.157333e-01  5.000000e-01 7.646978e-06 8.000000e-04 1.053772e+00 3.180203e+01 2.288790e+01 6.923334e+01 2.166137e-05 4.038569e-04 1.200062e-04 3.932006e-04 5.112293e-03
8.000000e-01 6.236000e-01  4.157333e-01  5.000000e-01 7.850741e-06 8.000000e-04 1.053772e+00 3.180203e+01 2.288790e+01 6.923333e+01 2.274707e-05 4.257129e-04 1.264868e-04 4.144343e-04 5.388368e-03
8.000000e-01 6.236000e-01  4.157333e-01  5.000000e-01 8.059933e-06 8.000000e-04 1.053772e+00 3.180203e+01 2.288789e+01 6.923333e+01 2.415253e-05 4.529879e-04 1.333174e-04 4.368147e-04 5.679353e-03
8.000000e-01 6.236000e-01  4.157333e-01  5.000000e-01 8.274699e-06 8.000000e-04 1.053772e+00 3.180203e+01 2.288788e+01 6.923332e+01 2.539157e-05 4.732174e-04 1.405169e-04 4.604037e-04 5.986051e-03
8.000000e-01 6.236000e-01  4.157333e-01  5.000000e-01 8.495188e-06 8.000000e-04 1.053772e+00 3.180203e+01 2.288787e+01 6.923332e+01 2.684491e-05 5.021153e-04 1.481051e-04 4.852666e-04 6.309312e-03
8.000000e-01 6.236000e-01  4.157333e-01  5.000000e-01 8.721552e-06 8.000000e-04 1.053772e+00 3.180203e+01 2.288787e+01 6.923331e+01 2.851136e-05 5.267859e-04 1.561031e-04 5.114721e-04 6.650029e-03
8.000000e-01 6.236000e-01  4.157333e-01  5.000000e-01 8.953948e-06 8.000000e-04 1.053772e+00 3.180203e+01 2.288786e+01 6.923331e+01 3.007344e-05 5.531051e-04 1.645330e-04 5.390928e-04 7.009146e-03
8.000000e-01 6.236000e-01  4.157333e-01  5.000000e-01 9.192536e-06 8.000000e-04 1.053772e+00 3.180203e+01 2.288785e+01 6.923330e+01 3.148732e-05 5.832833e-04 1.734182e-04 5.682050e-04 7.387656e-03
8.000000e-01 6.236000e-01  4.157333e-01  5.000000e-01 9.437481e-06 8.000000e-04 1.053772e+00 3.180203e+01 2.288784e+01 6.923330e+01 3.324508e-05 6.119919e-04 1.827832e-04 5.988894e-04 7.786606e-03
8.000000e-01 6.236000e-01  4.157333e-01  5.000000e-01 9.688954e-06 8.000000e-04 1.053772e+00 3.180203e+01 2.288783e+01 6.923329e+01 3.431066e-05 6.411557e-04 1.926539e-04 6.312308e-04 8.207101e-03
8.000000e-01 6.236000e-01  4.157333e-01  5.000000e-01 9.947127e-06 8.000000e-04 1.053772e+00 3.180203e+01 2.288782e+01 6.923328e+01 3.712693e-05 6.833038e-04 2.030577e-04 6.653187e-04 8.650304e-03
8.000000e-01 6.236000e-01  4.157333e-01  5.000000e-01 1.021218e-05 8.000000e-04 1.053772e+00 3.180203e+01 2.288781e+01 6.923327e+01 3.807416e-05 7.224668e-04 2.140232e-04 7.012475e-04 9.117440e-03
8.000000e-01 6.236000e-01  4.157333e-01  5.000000e-01 1.048430e-05 8.000000e-04 1.053772e+00 3.180203e+01 2.288780e+01 6.923327e+01 4.094639e-05 7.654444e-04 2.255810e-04 7.391165e-04 9.609803e-03
8.000000e-01 6.236000e-01  4.157333e-01  5.000000e-01 1.076366e-05 8.000000e-04 1.053772e+00 3.180203e+01 2.288779e+01 6.923326e+01 4.290356e-05 8.007056e-04 2.377629e-04 7.790305e-04 1.012875e-02
8.000000e-01 6.236000e-01  4.157333e-01  5.000000e-01 1.105047e-05 8.000000e-04 1.053772e+00 3.180203e+01 2.288778e+01 6.923325e+01 4.541048e-05 8.383787e-04 2.506026e-04 8.210999e-04 1.067573e-02
8.000000e-01 6.236000e-01  4.157333e-01  5.000000e-01 1.134492e-05 8.000000e-04 1.053772e+00 3.180203e+01 2.288776e+01 6.923325e+01 4.773546e-05 9.003134e-04 2.641358e-04 8.654412e-04 1.125224e-02
8.000000e-01 6.236000e-01  4.157333e-01  5.000000e-01 1.164722e-05 8.000000e-04 1.053772e+00 3.180203e+01 2.288774e+01 6.923324e+01 4.946901e-05 9.429158e-04 2.783997e-04 9.121770e-04 1.185989e-02
8.000000e-01 6.236000e-01  4.157333e-01  5.000000e-01 1.195758e-05 8.000000e-04 1.053772e+00 3.180203e+01 2.288773e+01 6.923323e+01 5.288339e-05 9.923341e-04 2.934339e-04 9.614367e-04 1.250035e-02
8.000000e-01 6.236000e-01  4.157333e-01  5.000000e-01 1.227620e-05 8.000000e-04 1.053772e+00 3.180203e+01 2.288771e+01 6.923321e+01 5.560406e-05 1.043182e-03 3.092800e-04 1.013356e-03 1.317540e-02
8.000000e-01 6.236000e-01  4.157333e-01  5.000000e-01 1.260331e-05 8.000000e-04 1.053772e+00 3.180203e+01 2.288770e+01 6.923320e+01 5.896674e-05 1.100801e-03 3.259819e-04 1.068080e-03 1.388690e-02
8.000000e-01 6.236000e-01  4.157333e-01  5.000000e-01 1.293914e-05 8.000000e-04 1.053772e+00 3.180203e+01 2.288768e+01 6.923320e+01 6.172264e-05 1.149625e-03 3.435856e-04 1.125759e-03 1.463683e-02
8.000000e-01 6.236000e-01  4.157333e-01  5.000000e-01 1.328392e-05 8.000000e-04 1.053772e+00 3.180202e+01 2.288767e+01 6.923319e+01 6.445867e-05 1.213309e-03 3.621401e-04 1.186552e-03 1.542725e-02
8.000000e-01 6.236000e-01  4.157333e-01  5.000000e-01 1.363789e-05 8.000000e-04 1.053772e+00 3.180202e+01 2.288765e+01 6.923317e+01 6.904071e-05 1.285129e-03 3.816965e-04 1.250629e-03 1.626036e-02
8.000000e-01 6.236000e-01  4.157333e-01  5.000000e-01 1.400128e-05 8.000000e-04 1.053772e+00 3.180202e+01 2.288763e+01 6.923316e+01 7.187140e-05 1.343589e-03 4.023089e-04 1.318166e-03 1.713846e-02
8.000000e-01 6.236000e-01  4.157333e-01  5.000000e-01 1.437436e-05 8.000000e-04 1.053772e+00 3.180202e+01 2.288760e+01 6.923314e+01 7.687982e-05 1.447922e-03 4.240346e-04 1.389350e-03 1.806397e-02
8.000000e-01 6.236000e-01  4.157333e-01  5.000000e-01 1.475738e-05 8.000000e-04 1.053772e+00 3.180202e+01 2.288758e+01 6.923313e+01 8.062442e-05 1.501989e-03 4.469334e-04 1.464378e-03 1.903947e-02
8.000000e-01 6.236000e-01  4.157333e-01  5.000000e-01 1.515061e-05 8.000000e-04 1.053772e+00 3.180202e+01 2.288755e+01 6.923311e+01 8.428014e-05 1.583105e-03 4.710688e-04 1.543458e-03 2.006764e-02
