1.250000e+00 2.285000e-02  1.523333e-02  5.000000e-01 2.000000e-06 8.000000e-04 1.043629e+08 3.180203e+01 2.288802e+01 6.923341e+01 7.907526e-12 2.475865e-11 8.260431e-12 1.679074e-10 6.676490e-10
1.250000e+00 2.285000e-02  1.523333e-02  5.000000e-01 2.053292e-06 8.000000e-04 1.043629e+08 3.180203e+01 2.288802e+01 6.923341e+01 8.349537e-12 2.615469e-11 8.706513e-12 1.769748e-10 7.037036e-10
1.250000e+00 2.285000e-02  1.523333e-02  5.000000e-01 2.108005e-06 8.000000e-04 1.043629e+08 3.180203e+01 2.288802e+01 6.923341e+01 8.634502e-12 2.767459e-11 9.176685e-12 1.865319e-10 7.417052e-10
1.250000e+00 2.285000e-02  1.523333e-02  5.000000e-01 2.164175e-06 8.000000e-04 1.043629e+08 3.180203e+01 2.288802e+01 6.923341e+01 9.458603e-12 2.897946e-11 9.672247e-12 1.966050e-10 7.817590e-10
1.250000e+00 2.285000e-02  1.523333e-02  5.000000e-01 2.221842e-06 8.000000e-04 1.043629e+08 3.180203e+01 2.288802e+01 6.923341e+01 9.670243e-12 3.061219e-11 1.019457e-11 2.072221e-10 8.239758e-10
1.250000e+00 2.285000e-02  1.523333e-02  5.000000e-01 2.281045e-06 8.000000e-04 1.043629e+08 3.180203e+01 2.288802e+01 6.923341e+01 1.012901e-11 3.242569e-11 1.074510e-11 2.184126e-10 8.684724e-10
1.250000e+00 2.285000e-02  1.523333e-02  5.000000e-01 2.341826e-06 8.000000e-04 1.043629e+08 3.180203e+01 2.288802e+01 6.923341e+01 1.079628e-11 3.408782e-11 1.132536e-11 2.302074e-10 9.153720e-10
1.250000e+00 2.285000e-02  1.523333e-02  5.000000e-01 2.404227e-06 8.000000e-04 1.043629e+08 3.180203e+01 2.288802e+01 6.923341e+01 1.167370e-11 3.605361e-11 1.193696e-11 2.426391e-10 9.648042e-10
1.250000e+00 2.285000e-02  1.523333e-02  5.000000e-01 2.468290e-06 8.000000e-04 1.043629e+08 3.180203e+01 2.288802e+01 6.923341e+01 1.184024e-11 3.771248e-11 1.258158e-11 2.557422e-10 1.016906e-09
1.250000e+00 2.285000e-02  1.523333e-02  5.000000e-01 2.534061e-06 8.000000e-04 1.043629e+08 3.180203e+01 2.288802e+01 6.923341e+01 1.275059e-11 3.979860e-11 1.326101e-11 2.695529e-10 1.071821e-09
1.250000e+00 2.285000e-02  1.523333e-02  5.000000e-01 2.601584e-06 8.000000e-04 1.043629e+08 3.180203e+01 2.288802e+01 6.923341e+01 1.364268e-11 4.205530e-11 1.397714e-11 2.841094e-10 1.129702e-09
1.250000e+00 2.285000e-02  1.523333e-02  5.000000e-01 2.670906e-06 8.000000e-04 1.043629e+08 3.180203e+01 2.288802e+01 6.923341e+01 1.441578e-11 4.430861e-11 1.473194e-11 2.994519e-10 1.190708e-09
1.250000e+00 2.285000e-02  1.523333e-02  5.000000e-01 2.742075e-06 8.000000e-04 1.043629e+08 3.180203e+01 2.288802e+01 6.923341e+01 1.485856e-11 4.657556e-11 1.552750e-11 3.156230e-10 1.255009e-09
1.250000e+00 2.285000e-02  1.523333e-02  5.000000e-01 2.815141e-06 8.000000e-04 1.043629e+08 3.180203e+01 2.288802e+01 6.923341e+01 1.550033e-11 4.948889e-11 1.636602e-11 3.326674e-10 1.322783e-09
1.250000e+00 2.285000e-02  1.523333e-02  5.000000e-01 2.890154e-06 8.000000e-04 1.043629e+08 3.180203e+01 2.288802e+01 6.923341e+01 1.628102e-11 5.218829e-11 1.724982e-11 3.506322e-10 1.394216e-09
1.250000e+00 2.285000e-02  1.523333e-02  5.000000e-01 2.967165e-06 8.000000e-04 1.043629e+08 3.180203e+01 2.288802e+01 6.923341e+01 1.740470e-11 5.453601e-11 1.818135e-11 3.695671e-10 1.469507e-09
1.250000e+00 2.285000e-02  1.523333e-02  5.000000e-01 3.046229e-06 8.000000e-04 1.043629e+08 3.180203e+01 2.288802e+01 6.923341e+01 1.855564e-11 5.768565e-11 1.916319e-11 3.895246e-10 1.548864e-09
1.250000e+00 2.285000e-02  1.523333e-02  5.000000e-01 3.127399e-06 8.000000e-04 1.043629e+08 3.180203e+01 2.288802e+01 6.923341e+01 1.893144e-11 6.060391e-11 2.019804e-11 4.105599e-10 1.632506e-09
1.250000e+00 2.285000e-02  1.523333e-02  5.000000e-01 3.210732e-06 8.000000e-04 1.043629e+08 3.180203e+01 2.288802e+01 6.923341e+01 2.045885e-11 6.390718e-11 2.128878e-11 4.327310e-10 1.720665e-09
1.250000e+00 2.285000e-02  1.523333e-02  5.000000e-01 3.296286e-06 8.000000e-04 1.043629e+08 3.180203e+01 2.288802e+01 6.923341e+01 2.193523e-11 6.755710e-11 2.243843e-11 4.560995e-10 1.813585e-09
1.250000e+00 2.285000e-02  1.523333e-02  5.000000e-01 3.384119e-06 8.000000e-04 1.043629e+08 3.180203e+01 2.288802e+01 6.923341e+01 2.288699e-11 7.089600e-11 2.365015e-11 4.807299e-10 1.911523e-09
1.250000e+00 2.285000e-02  1.523333e-02  5.000000e-01 3.474293e-06 8.000000e-04 1.043629e+08 3.180203e+01 2.288802e+01 6.923341e+01 2.409718e-11 7.503281e-11 2.492732e-11 5.066905e-10 2.014749e-09
1.250000e+00 2.285000e-02  1.523333e-02  5.000000e-01 3.566869e-06 8.000000e-04 1.043629e+08 3.180203e+01 2.288802e+01 6.923341e+01 2.533648e-11 7.951957e-11 2.627345e-11 5.340529e-10 2.123551e-09
1.250000e+00 2.285000e-02  1.523333e-02  5.000000e-01 3.661913e-06 8.000000e-04 1.043629e+08 3.180203e+01 2.288802e+01 6.923341e+01 2.697106e-11 8.365424e-11 2.769228e-11 5.628930e-10 2.238227e-09
1.250000e+00 2.285000e-02  1.523333e-02  5.000000e-01 3.759488e-06 8.000000e-04 1.043629e+08 3.180203e+01 2.288802e+01 6.923341e+01 2.835945e-11 8.729389e-11 2.918772e-11 5.932905e-10 2.359097e-09
1.250000e+00 2.285000e-02  1.523333e-02  5.000000e-01 3.859664e-06 8.000000e-04 1.043629e+08 3.180203e+01 2.288802e+01 6.923341e+01 2.922213e-11 9.200784e-11 3.076393e-11 6.253296e-10 2.486493e-09
1.250000e+00 2.285000e-02  1.523333e-02  5.000000e-01 3.962510e-06 8.000000e-04 1.043629e+08 3.180203e+01 2.288802e+01 6.923341e+01 3.104130e-11 9.769970e-11 3.242525e-11 6.590988e-10 2.620770e-09
1.250000e+00 2.285000e-02  1.523333e-02  5.000000e-01 4.068095e-06 8.000000e-04 1.043629e+08 3.180203e+01 2.288802e+01 6.923341e+01 3.298502e-11 1.028695e-10 3.417629e-11 6.946917e-10 2.762297e-09
1.250000e+00 2.285000e-02  1.523333e-02  5.000000e-01 4.176494e-06 8.000000e-04 1.043629e+08 3.180203e+01 2.288802e+01 6.923341e+01 3.490420e-11 1.081245e-10 3.602189e-11 7.322067e-10 2.911468e-09
1.250000e+00 2.285000e-02  1.523333e-02  5.000000e-01 4.287782e-06 8.000000e-04 1.043629e+08 3.180203e+01 2.288802e+01 6.923341e+01 3.545872e-11 1.139669e-10 3.796715e-11 7.717475e-10 3.068694e-09
1.250000e+00 2.285000e-02  1.523333e-02  5.000000e-01 4.402035e-06 8.000000e-04 1.043629e+08 3.180203e+01 2.288802e+01 6.923341e+01 3.782421e-11 1.209075e-10 4.001747e-11 8.134237e-10 3.234410e-09
1.250000e+00 2.285000e-02  1.523333e-02  5.000000e-01 4.519332e-06 8.000000e-04 1.043629e+08 3.180203e+01 2.288802e+01 6.923341e+01 3.978984e-11 1.263478e-10 4.217850e-11 8.573504e-10 3.409076e-09
1.250000e+00 2.285000e-02  1.523333e-02  5.000000e-01 4.639755e-06 8.000000e-04 1.043629e+08 3.180203e+01 2.288802e+01 6.923341e+01 4.340260e-11 1.340585e-10 4.445624e-11 9.036493e-10 3.593174e-09
1.250000e+00 2.285000e-02  1.523333e-02  5.000000e-01 4.763386e-06 8.000000e-04 1.043629e+08 3.180203e+01 2.288802e+01 6.923341e+01 4.418140e-11 1.412166e-10 4.685698e-11 9.524485e-10 3.787214e-09
1.250000e+00 2.285000e-02  1.523333e-02  5.000000e-01 4.890312e-06 8.000000e-04 1.043629e+08 3.180203e+01 2.288802e+01 6.923341e+01 4.755593e-11 1.483367e-10 4.938736e-11 1.003883e-09 3.991732e-09
1.250000e+00 2.285000e-02  1.523333e-02  5.000000e-01 5.020620e-06 8.000000e-04 1.043629e+08 3.180203e+01 2.288802e+01 6.923341e+01 4.969061e-11 1.574859e-10 5.205439e-11 1.058095e-09 4.207295e-09
1.250000e+00 2.285000e-02  1.523333e-02  5.000000e-01 5.154400e-06 8.000000e-04 1.043629e+08 3.180203e+01 2.288802e+01 6.923341e+01 5.183259e-11 1.650248e-10 5.486545e-11 1.115234e-09 4.434498e-09
1.250000e+00 2.285000e-02  1.523333e-02  5.000000e-01 5.291745e-06 8.000000e-04 1.043629e+08 3.180203e+01 2.288802e+01 6.923341e+01 5.628445e-11 1.734427e-10 5.782831e-11 1.175460e-09 4.673971e-09
1.250000e+00 2.285000e-02  1.523333e-02  5.000000e-01 5.432750e-06 8.000000e-04 1.043629e+08 3.180203e+01 2.288802e+01 6.923341e+01 6.005459e-11 1.830401e-10 6.095118e-11 1.238937e-09 4.926377e-09
1.250000e+00 2.285000e-02  1.523333e-02  5.000000e-01 5.577512e-06 8.000000e-04 1.043629e+08 3.180203e+01 2.288802e+01 6.923341e+01 6.250098e-11 1.933481e-10 6.424268e-11 1.305843e-09 5.192412e-09
1.250000e+00 2.285000e-02  1.523333e-02  5.000000e-01 5.726131e-06 8.000000e-04 1.043629e+08 3.180203e+01 2.288802e+01 6.923341e+01 6.537343e-11 2.026691e-10 6.771193e-11 1.376361e-09 5.472815e-09
1.250000e+00 2.285000e-02  1.523333e-02  5.000000e-01 5.878710e-06 8.000000e-04 1.043629e+08 3.180203e+01 2.288802e+01 6.923341e+01 7.072686e-11 2.149382e-10 7.136853e-11 1.450688e-09 5.768359e-09
1.250000e+00 2.285000e-02  1.523333e-02  5.000000e-01 6.035355e-06 8.000000e-04 1.043629e+08 3.180203e+01 2.288802e+01 6.923341e+01 7.394673e-11 2.254472e-10 7.522260e-11 1.529028e-09 6.079864e-09
1.250000e+00 2.285000e-02  1.523333e-02  5.000000e-01 6.196174e-06 8.000000e-04 1.043629e+08 3.180203e+01 2.288802e+01 6.923341e+01 7.765947e-11 2.381736e-10 7.928479e-11 1.611599e-09 6.408191e-09
1.250000e+00 2.285000e-02  1.523333e-02  5.000000e-01 6.361278e-06 8.000000e-04 1.043629e+08 3.180203e+01 2.288802e+01 6.923341e+01 7.970681e-11 2.506895e-10 8.356636e-11 1.698630e-09 6.754248e-09
1.250000e+00 2.285000e-02  1.523333e-02  5.000000e-01 6.530782e-06 8.000000e-04 1.043629e+08 3.180203e+01 2.288802e+01 6.923341e+01 8.362212e-11 2.650623e-10 8.807913e-11 1.790360e-09 7.118993e-09
1.250000e+00 2.285000e-02  1.523333e-02  5.000000e-01 6.704802e-06 8.000000e-04 1.043629e+08 3.180203e+01 2.288802e+01 6.923341e+01 8.888355e-11 2.773745e-10 9.283561e-11 1.887043e-09 7.503435e-09
1.250000e+00 2.285000e-02  1.523333e-02  5.000000e-01 6.883459e-06 8.000000e-04 1.043629e+08 3.180203e+01 2.288802e+01 6.923341e+01 9.616113e-11 2.942603e-10 9.784895e-11 1.988948e-09 7.908638e-09
1.250000e+00 2.285000e-02  1.523333e-02  5.000000e-01 7.066877e-06 8.000000e-04 1.043629e+08 3.180203e+01 2.288802e+01 6.923341e+01 9.839366e-11 3.100046e-10 1.031330e-10 2.096356e-09 8.335723e-09
1.250000e+00 2.285000e-02  1.523333e-02  5.000000e-01 7.255182e-06 8.000000e-04 1.043629e+08 3.180203e+01 2.288802e+01 6.923341e+01 1.032888e-10 3.271704e-10 1.087024e-10 2.209564e-09 8.785871e-09
1.250000e+00 2.285000e-02  1.523333e-02  5.000000e-01 7.448504e-06 8.000000e-04 1.043629e+08 3.180203e+01 2.288802e+01 6.923341e+01 1.112384e-10 3.454698e-10 1.145726e-10 2.328885e-09 9.260328e-09
1.250000e+00 2.285000e-02  1.523333e-02  5.000000e-01 7.646978e-06 8.000000e-04 1.043629e+08 3.180203e+01 2.288802e+01 6.923341e+01 1.213147e-10 3.630787e-10 1.207598e-10 2.454650e-09 9.760407e-09
1.250000e+00 2.285000e-02  1.523333e-02  5.000000e-01 7.850741e-06 8.000000e-04 1.043629e+08 3.180203e+01 2.288802e+01 6.923341e+01 1.228846e-10 3.821742e-10 1.272811e-10 2.587207e-09 1.028749e-08
1.250000e+00 2.285000e-02  1.523333e-02  5.000000e-01 8.059933e-06 8.000000e-04 1.043629e+08 3.180203e+01 2.288802e+01 6.923341e+01 1.314385e-10 4.029665e-10 1.341546e-10 2.726922e-09 1.084304e-08
1.250000e+00 2.285000e-02  1.523333e-02  5.000000e-01 8.274699e-06 8.000000e-04 1.043629e+08 3.180203e+01 2.288802e+01 6.923341e+01 1.369700e-10 4.243129e-10 1.413992e-10 2.874182e-09 1.142859e-08
1.250000e+00 2.285000e-02  1.523333e-02  5.000000e-01 8.495188e-06 8.000000e-04 1.043629e+08 3.180203e+01 2.288802e+01 6.923341e+01 1.464947e-10 4.491784e-10 1.490351e-10 3.029395e-09 1.204576e-08
1.250000e+00 2.285000e-02  1.523333e-02  5.000000e-01 8.721552e-06 8.000000e-04 1.043629e+08 3.180203e+01 2.288802e+01 6.923341e+01 1.507059e-10 4.731654e-10 1.570834e-10 3.192989e-09 1.269626e-08
1.250000e+00 2.285000e-02  1.523333e-02  5.000000e-01 8.953948e-06 8.000000e-04 1.043629e+08 3.180203e+01 2.288802e+01 6.923341e+01 1.569327e-10 4.971682e-10 1.655662e-10 3.365418e-09 1.338189e-08
1.250000e+00 2.285000e-02  1.523333e-02  5.000000e-01 9.192536e-06 8.000000e-04 1.043629e+08 3.180203e+01 2.288802e+01 6.923341e+01 1.655168e-10 5.249137e-10 1.745072e-10 3.547158e-09 1.410454e-08
1.250000e+00 2.285000e-02  1.523333e-02  5.000000e-01 9.437481e-06 8.000000e-04 1.043629e+08 3.180203e+01 2.288802e+01 6.923341e+01 1.739169e-10 5.544187e-10 1.839310e-10 3.738713e-09 1.486622e-08
1.250000e+00 2.285000e-02  1.523333e-02  5.000000e-01 9.688954e-06 8.000000e-04 1.043629e+08 3.180203e+01 2.288802e+01 6.923341e+01 1.876174e-10 5.841441e-10 1.938637e-10 3.940612e-09 1.566903e-08
1.250000e+00 2.285000e-02  1.523333e-02  5.000000e-01 9.947127e-06 8.000000e-04 1.043629e+08 3.180203e+01 2.288802e+01 6.923341e+01 1.949267e-10 6.150503e-10 2.043328e-10 4.153414e-09 1.651519e-08
1.250000e+00 2.285000e-02  1.523333e-02  5.000000e-01 1.021218e-05 8.000000e-04 1.043629e+08 3.180203e+01 2.288802e+01 6.923341e+01 2.066741e-10 6.482436e-10 2.153672e-10 4.377708e-09 1.740705e-08
1.250000e+00 2.285000e-02  1.523333e-02  5.000000e-01 1.048430e-05 8.000000e-04 1.043629e+08 3.180203e+01 2.288802e+01 6.923341e+01 2.153022e-10 6.820811e-10 2.269975e-10 4.614115e-09 1.834707e-08
1.250000e+00 2.285000e-02  1.523333e-02  5.000000e-01 1.076366e-05 8.000000e-04 1.043629e+08 3.180203e+01 2.288802e+01 6.923341e+01 2.296094e-10 7.188749e-10 2.392559e-10 4.863288e-09 1.933785e-08
1.250000e+00 2.285000e-02  1.523333e-02  5.000000e-01 1.105047e-05 8.000000e-04 1.043629e+08 3.180203e+01 2.288802e+01 6.923341e+01 2.400213e-10 7.559037e-10 2.521763e-10 5.125916e-09 2.038214e-08
1.250000e+00 2.285000e-02  1.523333e-02  5.000000e-01 1.134492e-05 8.000000e-04 1.043629e+08 3.180203e+01 2.288802e+01 6.923341e+01 2.578083e-10 7.997665e-10 2.657944e-10 5.402728e-09 2.148282e-08
1.250000e+00 2.285000e-02  1.523333e-02  5.000000e-01 1.164722e-05 8.000000e-04 1.043629e+08 3.180203e+01 2.288802e+01 6.923341e+01 2.716356e-10 8.389673e-10 2.801479e-10 5.694487e-09 2.264295e-08
1.250000e+00 2.285000e-02  1.523333e-02  5.000000e-01 1.195758e-05 8.000000e-04 1.043629e+08 3.180203e+01 2.288802e+01 6.923341e+01 2.835399e-10 8.897691e-10 2.952766e-10 6.002003e-09 2.386572e-08
1.250000e+00 2.285000e-02  1.523333e-02  5.000000e-01 1.227620e-05 8.000000e-04 1.043629e+08 3.180203e+01 2.288802e+01 6.923341e+01 2.973803e-10 9.345639e-10 3.112222e-10 6.326125e-09 2.515452e-08
1.250000e+00 2.285000e-02  1.523333e-02  5.000000e-01 1.260331e-05 8.000000e-04 1.043629e+08 3.180203e+01 2.288802e+01 6.923341e+01 3.152350e-10 9.854407e-10 3.280289e-10 6.667750e-09 2.651292e-08
1.250000e+00 2.285000e-02  1.523333e-02  5.000000e-01 1.293914e-05 8.000000e-04 1.043629e+08 3.180203e+01 2.288802e+01 6.923341e+01 3.311491e-10 1.045361e-09 3.457432e-10 7.027824e-09 2.794468e-08
1.250000e+00 2.285000e-02  1.523333e-02  5.000000e-01 1.328392e-05 8.000000e-04 1.043629e+08 3.180203e+01 2.288802e+01 6.923341e+01 3.488355e-10 1.096083e-09 3.644142e-10 7.407343e-09 2.945376e-08
1.250000e+00 2.285000e-02  1.523333e-02  5.000000e-01 1.363789e-05 8.000000e-04 1.043629e+08 3.180203e+01 2.288802e+01 6.923341e+01 3.736804e-10 1.154456e-09 3.840934e-10 7.807357e-09 3.104433e-08
1.250000e+00 2.285000e-02  1.523333e-02  5.000000e-01 1.400128e-05 8.000000e-04 1.043629e+08 3.180203e+01 2.288802e+01 6.923341e+01 3.903571e-10 1.218927e-09 4.048353e-10 8.228972e-09 3.272080e-08
