1.250000e+00 3.070000e-01  2.046667e-01  5.000000e-01 2.000000e-06 8.000000e-04 2.290365e+02 3.180203e+01 2.288801e+01 6.923340e+01 1.604590e-06 4.150073e-05 5.862391e-06 3.104928e-05 4.137362e-04
1.250000e+00 3.070000e-01  2.046667e-01  5.000000e-01 2.053292e-06 8.000000e-04 2.290365e+02 3.180203e+01 2.288801e+01 6.923340e+01 1.703107e-06 4.366871e-05 6.178974e-06 3.272602e-05 4.360789e-04
1.250000e+00 3.070000e-01  2.046667e-01  5.000000e-01 2.108005e-06 8.000000e-04 2.290365e+02 3.180203e+01 2.288801e+01 6.923340e+01 1.810535e-06 4.614832e-05 6.512652e-06 3.449330e-05 4.596281e-04
1.250000e+00 3.070000e-01  2.046667e-01  5.000000e-01 2.164175e-06 8.000000e-04 2.290365e+02 3.180203e+01 2.288801e+01 6.923340e+01 1.906421e-06 4.851353e-05 6.864351e-06 3.635602e-05 4.844491e-04
1.250000e+00 3.070000e-01  2.046667e-01  5.000000e-01 2.221842e-06 8.000000e-04 2.290365e+02 3.180203e+01 2.288801e+01 6.923340e+01 1.995139e-06 5.118608e-05 7.235042e-06 3.831932e-05 5.106105e-04
1.250000e+00 3.070000e-01  2.046667e-01  5.000000e-01 2.281045e-06 8.000000e-04 2.290365e+02 3.180203e+01 2.288801e+01 6.923340e+01 2.085594e-06 5.381471e-05 7.625750e-06 4.038866e-05 5.381846e-04
1.250000e+00 3.070000e-01  2.046667e-01  5.000000e-01 2.341826e-06 8.000000e-04 2.290365e+02 3.180203e+01 2.288800e+01 6.923340e+01 2.221385e-06 5.687587e-05 8.037559e-06 4.256974e-05 5.672479e-04
1.250000e+00 3.070000e-01  2.046667e-01  5.000000e-01 2.404227e-06 8.000000e-04 2.290365e+02 3.180203e+01 2.288800e+01 6.923340e+01 2.340954e-06 5.992070e-05 8.471605e-06 4.486860e-05 5.978805e-04
1.250000e+00 3.070000e-01  2.046667e-01  5.000000e-01 2.468290e-06 8.000000e-04 2.290365e+02 3.180203e+01 2.288800e+01 6.923340e+01 2.466394e-06 6.343143e-05 8.929092e-06 4.729161e-05 6.301675e-04
1.250000e+00 3.070000e-01  2.046667e-01  5.000000e-01 2.534061e-06 8.000000e-04 2.290365e+02 3.180203e+01 2.288800e+01 6.923340e+01 2.593033e-06 6.660186e-05 9.411283e-06 4.984547e-05 6.641980e-04
1.250000e+00 3.070000e-01  2.046667e-01  5.000000e-01 2.601584e-06 8.000000e-04 2.290365e+02 3.180203e+01 2.288800e+01 6.923340e+01 2.743515e-06 7.026541e-05 9.919514e-06 5.253724e-05 7.000662e-04
1.250000e+00 3.070000e-01  2.046667e-01  5.000000e-01 2.670906e-06 8.000000e-04 2.290365e+02 3.180203e+01 2.288800e+01 6.923340e+01 2.884394e-06 7.392295e-05 1.045519e-05 5.537437e-05 7.378714e-04
1.250000e+00 3.070000e-01  2.046667e-01  5.000000e-01 2.742075e-06 8.000000e-04 2.290365e+02 3.180203e+01 2.288800e+01 6.923340e+01 3.043030e-06 7.757889e-05 1.101980e-05 5.836471e-05 7.777182e-04
1.250000e+00 3.070000e-01  2.046667e-01  5.000000e-01 2.815141e-06 8.000000e-04 2.290365e+02 3.180203e+01 2.288800e+01 6.923340e+01 3.179000e-06 8.243557e-05 1.161489e-05 6.151654e-05 8.197167e-04
1.250000e+00 3.070000e-01  2.046667e-01  5.000000e-01 2.890154e-06 8.000000e-04 2.290365e+02 3.180203e+01 2.288800e+01 6.923340e+01 3.368988e-06 8.667723e-05 1.224212e-05 6.483858e-05 8.639833e-04
1.250000e+00 3.070000e-01  2.046667e-01  5.000000e-01 2.967165e-06 8.000000e-04 2.290365e+02 3.180203e+01 2.288800e+01 6.923340e+01 3.529883e-06 9.152007e-05 1.290322e-05 6.834001e-05 9.106404e-04
1.250000e+00 3.070000e-01  2.046667e-01  5.000000e-01 3.046229e-06 8.000000e-04 2.290365e+02 3.180203e+01 2.288799e+01 6.923340e+01 3.782856e-06 9.620819e-05 1.360003e-05 7.203053e-05 9.598171e-04
1.250000e+00 3.070000e-01  2.046667e-01  5.000000e-01 3.127399e-06 8.000000e-04 2.290365e+02 3.180203e+01 2.288799e+01 6.923339e+01 3.951487e-06 1.011355e-04 1.433446e-05 7.592034e-05 1.011649e-03
1.250000e+00 3.070000e-01  2.046667e-01  5.000000e-01 3.210732e-06 8.000000e-04 2.290365e+02 3.180203e+01 2.288799e+01 6.923339e+01 4.170518e-06 1.068239e-04 1.510855e-05 8.002022e-05 1.066281e-03
1.250000e+00 3.070000e-01  2.046667e-01  5.000000e-01 3.296286e-06 8.000000e-04 2.290365e+02 3.180203e+01 2.288799e+01 6.923339e+01 4.423463e-06 1.124849e-04 1.592445e-05 8.434149e-05 1.123863e-03
1.250000e+00 3.070000e-01  2.046667e-01  5.000000e-01 3.384119e-06 8.000000e-04 2.290365e+02 3.180203e+01 2.288799e+01 6.923339e+01 4.643281e-06 1.189296e-04 1.678441e-05 8.889613e-05 1.184554e-03
1.250000e+00 3.070000e-01  2.046667e-01  5.000000e-01 3.474293e-06 8.000000e-04 2.290365e+02 3.180203e+01 2.288799e+01 6.923339e+01 4.849886e-06 1.252094e-04 1.769081e-05 9.369673e-05 1.248522e-03
1.250000e+00 3.070000e-01  2.046667e-01  5.000000e-01 3.566869e-06 8.000000e-04 2.290365e+02 3.180203e+01 2.288798e+01 6.923339e+01 5.137836e-06 1.331537e-04 1.864615e-05 9.875657e-05 1.315945e-03
1.250000e+00 3.070000e-01  2.046667e-01  5.000000e-01 3.661913e-06 8.000000e-04 2.290365e+02 3.180203e+01 2.288798e+01 6.923339e+01 5.353305e-06 1.396724e-04 1.965308e-05 1.040896e-04 1.387009e-03
1.250000e+00 3.070000e-01  2.046667e-01  5.000000e-01 3.759488e-06 8.000000e-04 2.290365e+02 3.180203e+01 2.288798e+01 6.923339e+01 5.715921e-06 1.474758e-04 2.071440e-05 1.097107e-04 1.461911e-03
1.250000e+00 3.070000e-01  2.046667e-01  5.000000e-01 3.859664e-06 8.000000e-04 2.290365e+02 3.180203e+01 2.288798e+01 6.923339e+01 5.991349e-06 1.548663e-04 2.183302e-05 1.156354e-04 1.540858e-03
1.250000e+00 3.070000e-01  2.046667e-01  5.000000e-01 3.962510e-06 8.000000e-04 2.290365e+02 3.180203e+01 2.288798e+01 6.923338e+01 6.393014e-06 1.631827e-04 2.301206e-05 1.218799e-04 1.624068e-03
1.250000e+00 3.070000e-01  2.046667e-01  5.000000e-01 4.068095e-06 8.000000e-04 2.290365e+02 3.180203e+01 2.288797e+01 6.923338e+01 6.743748e-06 1.713199e-04 2.425476e-05 1.284617e-04 1.711771e-03
1.250000e+00 3.070000e-01  2.046667e-01  5.000000e-01 4.176494e-06 8.000000e-04 2.290365e+02 3.180203e+01 2.288797e+01 6.923338e+01 7.082766e-06 1.813756e-04 2.556457e-05 1.353990e-04 1.804211e-03
1.250000e+00 3.070000e-01  2.046667e-01  5.000000e-01 4.287782e-06 8.000000e-04 2.290365e+02 3.180203e+01 2.288797e+01 6.923338e+01 7.463116e-06 1.910936e-04 2.694512e-05 1.427108e-04 1.901642e-03
1.250000e+00 3.070000e-01  2.046667e-01  5.000000e-01 4.402035e-06 8.000000e-04 2.290365e+02 3.180203e+01 2.288796e+01 6.923338e+01 7.826918e-06 2.018146e-04 2.840022e-05 1.504175e-04 2.004335e-03
1.250000e+00 3.070000e-01  2.046667e-01  5.000000e-01 4.519332e-06 8.000000e-04 2.290365e+02 3.180203e+01 2.288796e+01 6.923338e+01 8.195265e-06 2.119926e-04 2.993390e-05 1.585404e-04 2.112574e-03
1.250000e+00 3.070000e-01  2.046667e-01  5.000000e-01 4.639755e-06 8.000000e-04 2.290365e+02 3.180203e+01 2.288796e+01 6.923337e+01 8.705488e-06 2.231831e-04 3.155039e-05 1.671020e-04 2.226658e-03
1.250000e+00 3.070000e-01  2.046667e-01  5.000000e-01 4.763386e-06 8.000000e-04 2.290365e+02 3.180203e+01 2.288795e+01 6.923337e+01 9.203647e-06 2.362247e-04 3.325419e-05 1.761259e-04 2.346903e-03
1.250000e+00 3.070000e-01  2.046667e-01  5.000000e-01 4.890312e-06 8.000000e-04 2.290365e+02 3.180203e+01 2.288795e+01 6.923337e+01 9.634440e-06 2.478037e-04 3.504999e-05 1.856371e-04 2.473641e-03
1.250000e+00 3.070000e-01  2.046667e-01  5.000000e-01 5.020620e-06 8.000000e-04 2.290365e+02 3.180203e+01 2.288795e+01 6.923337e+01 1.024297e-05 2.628769e-04 3.694277e-05 1.956619e-04 2.607223e-03
1.250000e+00 3.070000e-01  2.046667e-01  5.000000e-01 5.154400e-06 8.000000e-04 2.290365e+02 3.180203e+01 2.288794e+01 6.923337e+01 1.073693e-05 2.747904e-04 3.893777e-05 2.062281e-04 2.748019e-03
1.250000e+00 3.070000e-01  2.046667e-01  5.000000e-01 5.291745e-06 8.000000e-04 2.290365e+02 3.180203e+01 2.288794e+01 6.923336e+01 1.135173e-05 2.905355e-04 4.104050e-05 2.173649e-04 2.896419e-03
1.250000e+00 3.070000e-01  2.046667e-01  5.000000e-01 5.432750e-06 8.000000e-04 2.290365e+02 3.180203e+01 2.288794e+01 6.923336e+01 1.203983e-05 3.063034e-04 4.325678e-05 2.291031e-04 3.052832e-03
1.250000e+00 3.070000e-01  2.046667e-01  5.000000e-01 5.577512e-06 8.000000e-04 2.290365e+02 3.180203e+01 2.288793e+01 6.923336e+01 1.256751e-05 3.214790e-04 4.559274e-05 2.414752e-04 3.217692e-03
1.250000e+00 3.070000e-01  2.046667e-01  5.000000e-01 5.726131e-06 8.000000e-04 2.290365e+02 3.180203e+01 2.288793e+01 6.923336e+01 1.334059e-05 3.393845e-04 4.805486e-05 2.545154e-04 3.391455e-03
1.250000e+00 3.070000e-01  2.046667e-01  5.000000e-01 5.878710e-06 8.000000e-04 2.290365e+02 3.180203e+01 2.288792e+01 6.923335e+01 1.395103e-05 3.592233e-04 5.064993e-05 2.682599e-04 3.574601e-03
1.250000e+00 3.070000e-01  2.046667e-01  5.000000e-01 6.035355e-06 8.000000e-04 2.290365e+02 3.180203e+01 2.288792e+01 6.923335e+01 1.451644e-05 3.782261e-04 5.338515e-05 2.827465e-04 3.767638e-03
1.250000e+00 3.070000e-01  2.046667e-01  5.000000e-01 6.196174e-06 8.000000e-04 2.290365e+02 3.180203e+01 2.288791e+01 6.923335e+01 1.561591e-05 3.965118e-04 5.626807e-05 2.980155e-04 3.971099e-03
1.250000e+00 3.070000e-01  2.046667e-01  5.000000e-01 6.361278e-06 8.000000e-04 2.290365e+02 3.180203e+01 2.288790e+01 6.923334e+01 1.639995e-05 4.201342e-04 5.930667e-05 3.141090e-04 4.185547e-03
1.250000e+00 3.070000e-01  2.046667e-01  5.000000e-01 6.530782e-06 8.000000e-04 2.290365e+02 3.180203e+01 2.288790e+01 6.923334e+01 1.722690e-05 4.426699e-04 6.250937e-05 3.310716e-04 4.411577e-03
1.250000e+00 3.070000e-01  2.046667e-01  5.000000e-01 6.704802e-06 8.000000e-04 2.290365e+02 3.180203e+01 2.288789e+01 6.923333e+01 1.845618e-05 4.666199e-04 6.588502e-05 3.489502e-04 4.649812e-03
1.250000e+00 3.070000e-01  2.046667e-01  5.000000e-01 6.883459e-06 8.000000e-04 2.290365e+02 3.180203e+01 2.288788e+01 6.923333e+01 1.922281e-05 4.934031e-04 6.944296e-05 3.677944e-04 4.900913e-03
1.250000e+00 3.070000e-01  2.046667e-01  5.000000e-01 7.066877e-06 8.000000e-04 2.290365e+02 3.180203e+01 2.288788e+01 6.923333e+01 1.999076e-05 5.194893e-04 7.319304e-05 3.876561e-04 5.165573e-03
1.250000e+00 3.070000e-01  2.046667e-01  5.000000e-01 7.255182e-06 8.000000e-04 2.290365e+02 3.180203e+01 2.288787e+01 6.923332e+01 2.137401e-05 5.474045e-04 7.714564e-05 4.085904e-04 5.444526e-03
1.250000e+00 3.070000e-01  2.046667e-01  5.000000e-01 7.448504e-06 8.000000e-04 2.290365e+02 3.180203e+01 2.288786e+01 6.923332e+01 2.254210e-05 5.782168e-04 8.131168e-05 4.306553e-04 5.738543e-03
1.250000e+00 3.070000e-01  2.046667e-01  5.000000e-01 7.646978e-06 8.000000e-04 2.290365e+02 3.180203e+01 2.288785e+01 6.923331e+01 2.357079e-05 6.090108e-04 8.570270e-05 4.539116e-04 6.048438e-03
1.250000e+00 3.070000e-01  2.046667e-01  5.000000e-01 7.850741e-06 8.000000e-04 2.290365e+02 3.180203e+01 2.288785e+01 6.923331e+01 2.498893e-05 6.367696e-04 9.033084e-05 4.784239e-04 6.375067e-03
1.250000e+00 3.070000e-01  2.046667e-01  5.000000e-01 8.059933e-06 8.000000e-04 2.290365e+02 3.180203e+01 2.288783e+01 6.923330e+01 2.585638e-05 6.711640e-04 9.520892e-05 5.042599e-04 6.719336e-03
1.250000e+00 3.070000e-01  2.046667e-01  5.000000e-01 8.274699e-06 8.000000e-04 2.290365e+02 3.180203e+01 2.288782e+01 6.923329e+01 2.732459e-05 7.127663e-04 1.003504e-04 5.314911e-04 7.082195e-03
1.250000e+00 3.070000e-01  2.046667e-01  5.000000e-01 8.495188e-06 8.000000e-04 2.290365e+02 3.180203e+01 2.288781e+01 6.923329e+01 2.900683e-05 7.460647e-04 1.057696e-04 5.601929e-04 7.464650e-03
1.250000e+00 3.070000e-01  2.046667e-01  5.000000e-01 8.721552e-06 8.000000e-04 2.290365e+02 3.180203e+01 2.288780e+01 6.923328e+01 3.092386e-05 7.898341e-04 1.114814e-04 5.904446e-04 7.867758e-03
1.250000e+00 3.070000e-01  2.046667e-01  5.000000e-01 8.953948e-06 8.000000e-04 2.290365e+02 3.180203e+01 2.288779e+01 6.923327e+01 3.283732e-05 8.269433e-04 1.175016e-04 6.223299e-04 8.292636e-03
1.250000e+00 3.070000e-01  2.046667e-01  5.000000e-01 9.192536e-06 8.000000e-04 2.290365e+02 3.180203e+01 2.288778e+01 6.923327e+01 3.404326e-05 8.730586e-04 1.238470e-04 6.559372e-04 8.740457e-03
1.250000e+00 3.070000e-01  2.046667e-01  5.000000e-01 9.437481e-06 8.000000e-04 2.290365e+02 3.180203e+01 2.288777e+01 6.923326e+01 3.629505e-05 9.239407e-04 1.305350e-04 6.913593e-04 9.212462e-03
1.250000e+00 3.070000e-01  2.046667e-01  5.000000e-01 9.688954e-06 8.000000e-04 2.290365e+02 3.180203e+01 2.288775e+01 6.923325e+01 3.851919e-05 9.746704e-04 1.375842e-04 7.286943e-04 9.709956e-03
1.250000e+00 3.070000e-01  2.046667e-01  5.000000e-01 9.947127e-06 8.000000e-04 2.290365e+02 3.180203e+01 2.288774e+01 6.923324e+01 3.996924e-05 1.023885e-03 1.450141e-04 7.680455e-04 1.023432e-02
1.250000e+00 3.070000e-01  2.046667e-01  5.000000e-01 1.021218e-05 8.000000e-04 2.290365e+02 3.180203e+01 2.288772e+01 6.923323e+01 4.244466e-05 1.079734e-03 1.528452e-04 8.095217e-04 1.078699e-02
1.250000e+00 3.070000e-01  2.046667e-01  5.000000e-01 1.048430e-05 8.000000e-04 2.290365e+02 3.180203e+01 2.288771e+01 6.923322e+01 4.470373e-05 1.142427e-03 1.610992e-04 8.532378e-04 1.136952e-02
1.250000e+00 3.070000e-01  2.046667e-01  5.000000e-01 1.076366e-05 8.000000e-04 2.290365e+02 3.180203e+01 2.288769e+01 6.923321e+01 4.695926e-05 1.207399e-03 1.697989e-04 8.993146e-04 1.198350e-02
1.250000e+00 3.070000e-01  2.046667e-01  5.000000e-01 1.105047e-05 8.000000e-04 2.290365e+02 3.180203e+01 2.288767e+01 6.923320e+01 4.956584e-05 1.267913e-03 1.789684e-04 9.478796e-04 1.263063e-02
1.250000e+00 3.070000e-01  2.046667e-01  5.000000e-01 1.134492e-05 8.000000e-04 2.290365e+02 3.180203e+01 2.288765e+01 6.923319e+01 5.204895e-05 1.332459e-03 1.886331e-04 9.990673e-04 1.331272e-02
1.250000e+00 3.070000e-01  2.046667e-01  5.000000e-01 1.164722e-05 8.000000e-04 2.290365e+02 3.180203e+01 2.288763e+01 6.923318e+01 5.513765e-05 1.405757e-03 1.988197e-04 1.053019e-03 1.403163e-02
1.250000e+00 3.070000e-01  2.046667e-01  5.000000e-01 1.195758e-05 8.000000e-04 2.290365e+02 3.180203e+01 2.288761e+01 6.923317e+01 5.698254e-05 1.487036e-03 2.095565e-04 1.109885e-03 1.478937e-02
1.250000e+00 3.070000e-01  2.046667e-01  5.000000e-01 1.227620e-05 8.000000e-04 2.290365e+02 3.180203e+01 2.288759e+01 6.923315e+01 6.117352e-05 1.559623e-03 2.208730e-04 1.169821e-03 1.558803e-02
1.250000e+00 3.070000e-01  2.046667e-01  5.000000e-01 1.260331e-05 8.000000e-04 2.290365e+02 3.180203e+01 2.288756e+01 6.923313e+01 6.364992e-05 1.655942e-03 2.328007e-04 1.232994e-03 1.642982e-02
1.250000e+00 3.070000e-01  2.046667e-01  5.000000e-01 1.293914e-05 8.000000e-04 2.290365e+02 3.180203e+01 2.288754e+01 6.923312e+01 6.768878e-05 1.741743e-03 2.453724e-04 1.299579e-03 1.731707e-02
1.250000e+00 3.070000e-01  2.046667e-01  5.000000e-01 1.328392e-05 8.000000e-04 2.290365e+02 3.180202e+01 2.288752e+01 6.923311e+01 7.131299e-05 1.830233e-03 2.586231e-04 1.369759e-03 1.825223e-02
1.250000e+00 3.070000e-01  2.046667e-01  5.000000e-01 1.363789e-05 8.000000e-04 2.290365e+02 3.180202e+01 2.288749e+01 6.923309e+01 7.595400e-05 1.924279e-03 2.725894e-04 1.443729e-03 1.923790e-02
