8.000000e-01 2.572000e-02  1.714667e-02  5.000000e-01 2.000000e-06 8.000000e-04 9.620513e+06 3.180203e+01 2.288802e+01 6.923341e+01 5.616105e-10 1.593479e-09 6.026763e-10 1.214987e-08 4.732908e-08
8.000000e-01 2.572000e-02  1.714667e-02  5.000000e-01 2.053292e-06 8.000000e-04 9.620513e+06 3.180203e+01 2.288802e+01 6.923341e+01 6.041212e-10 1.678921e-09 6.352222e-10 1.280599e-08 4.988496e-08
8.000000e-01 2.572000e-02  1.714667e-02  5.000000e-01 2.108005e-06 8.000000e-04 9.620513e+06 3.180203e+01 2.288802e+01 6.923341e+01 6.236327e-10 1.780740e-09 6.695256e-10 1.349754e-08 5.257886e-08
8.000000e-01 2.572000e-02  1.714667e-02  5.000000e-01 2.164175e-06 8.000000e-04 9.620513e+06 3.180203e+01 2.288802e+01 6.923341e+01 6.549469e-10 1.855503e-09 7.056816e-10 1.422644e-08 5.541824e-08
8.000000e-01 2.572000e-02  1.714667e-02  5.000000e-01 2.221842e-06 8.000000e-04 9.620513e+06 3.180203e+01 2.288802e+01 6.923341e+01 6.814891e-10 1.972109e-09 7.437900e-10 1.499470e-08 5.841096e-08
8.000000e-01 2.572000e-02  1.714667e-02  5.000000e-01 2.281045e-06 8.000000e-04 9.620513e+06 3.180203e+01 2.288802e+01 6.923341e+01 7.380920e-10 2.073975e-09 7.839564e-10 1.580445e-08 6.156528e-08
8.000000e-01 2.572000e-02  1.714667e-02  5.000000e-01 2.341826e-06 8.000000e-04 9.620513e+06 3.180203e+01 2.288802e+01 6.923341e+01 8.122616e-10 2.189046e-09 8.262918e-10 1.665793e-08 6.488995e-08
8.000000e-01 2.572000e-02  1.714667e-02  5.000000e-01 2.404227e-06 8.000000e-04 9.620513e+06 3.180203e+01 2.288802e+01 6.923341e+01 8.192027e-10 2.308255e-09 8.709135e-10 1.755749e-08 6.839416e-08
8.000000e-01 2.572000e-02  1.714667e-02  5.000000e-01 2.468290e-06 8.000000e-04 9.620513e+06 3.180203e+01 2.288802e+01 6.923341e+01 8.618999e-10 2.436181e-09 9.179448e-10 1.850564e-08 7.208760e-08
8.000000e-01 2.572000e-02  1.714667e-02  5.000000e-01 2.534061e-06 8.000000e-04 9.620513e+06 3.180203e+01 2.288802e+01 6.923341e+01 8.872259e-10 2.549222e-09 9.675160e-10 1.950498e-08 7.598050e-08
8.000000e-01 2.572000e-02  1.714667e-02  5.000000e-01 2.601584e-06 8.000000e-04 9.620513e+06 3.180203e+01 2.288802e+01 6.923341e+01 9.568850e-10 2.696186e-09 1.019764e-09 2.055830e-08 8.008362e-08
8.000000e-01 2.572000e-02  1.714667e-02  5.000000e-01 2.670906e-06 8.000000e-04 9.620513e+06 3.180203e+01 2.288802e+01 6.923341e+01 9.957536e-10 2.837274e-09 1.074834e-09 2.166849e-08 8.440832e-08
8.000000e-01 2.572000e-02  1.714667e-02  5.000000e-01 2.742075e-06 8.000000e-04 9.620513e+06 3.180203e+01 2.288802e+01 6.923341e+01 1.054300e-09 2.990321e-09 1.132877e-09 2.283864e-08 8.896657e-08
8.000000e-01 2.572000e-02  1.714667e-02  5.000000e-01 2.815141e-06 8.000000e-04 9.620513e+06 3.180203e+01 2.288802e+01 6.923341e+01 1.122211e-09 3.165372e-09 1.194055e-09 2.407198e-08 9.377097e-08
8.000000e-01 2.572000e-02  1.714667e-02  5.000000e-01 2.890154e-06 8.000000e-04 9.620513e+06 3.180203e+01 2.288802e+01 6.923341e+01 1.188702e-09 3.330957e-09 1.258537e-09 2.537192e-08 9.883481e-08
8.000000e-01 2.572000e-02  1.714667e-02  5.000000e-01 2.967165e-06 8.000000e-04 9.620513e+06 3.180203e+01 2.288802e+01 6.923341e+01 1.219202e-09 3.522757e-09 1.326501e-09 2.674207e-08 1.041721e-07
8.000000e-01 2.572000e-02  1.714667e-02  5.000000e-01 3.046229e-06 8.000000e-04 9.620513e+06 3.180203e+01 2.288802e+01 6.923341e+01 1.294700e-09 3.685922e-09 1.398135e-09 2.818620e-08 1.097977e-07
8.000000e-01 2.572000e-02  1.714667e-02  5.000000e-01 3.127399e-06 8.000000e-04 9.620513e+06 3.180203e+01 2.288802e+01 6.923341e+01 1.365171e-09 3.907343e-09 1.473637e-09 2.970832e-08 1.157270e-07
8.000000e-01 2.572000e-02  1.714667e-02  5.000000e-01 3.210732e-06 8.000000e-04 9.620513e+06 3.180203e+01 2.288802e+01 6.923341e+01 1.432570e-09 4.077267e-09 1.553217e-09 3.131264e-08 1.219765e-07
8.000000e-01 2.572000e-02  1.714667e-02  5.000000e-01 3.296286e-06 8.000000e-04 9.620513e+06 3.180203e+01 2.288802e+01 6.923341e+01 1.525764e-09 4.312011e-09 1.637095e-09 3.300359e-08 1.285635e-07
8.000000e-01 2.572000e-02  1.714667e-02  5.000000e-01 3.384119e-06 8.000000e-04 9.620513e+06 3.180203e+01 2.288802e+01 6.923341e+01 1.585922e-09 4.574850e-09 1.725502e-09 3.478586e-08 1.355063e-07
8.000000e-01 2.572000e-02  1.714667e-02  5.000000e-01 3.474293e-06 8.000000e-04 9.620513e+06 3.180203e+01 2.288802e+01 6.923341e+01 1.673899e-09 4.815258e-09 1.818683e-09 3.666438e-08 1.428239e-07
8.000000e-01 2.572000e-02  1.714667e-02  5.000000e-01 3.566869e-06 8.000000e-04 9.620513e+06 3.180203e+01 2.288802e+01 6.923341e+01 1.805432e-09 5.069360e-09 1.916896e-09 3.864434e-08 1.505367e-07
8.000000e-01 2.572000e-02  1.714667e-02  5.000000e-01 3.661913e-06 8.000000e-04 9.620513e+06 3.180203e+01 2.288802e+01 6.923341e+01 1.909369e-09 5.336231e-09 2.020412e-09 4.073123e-08 1.586661e-07
8.000000e-01 2.572000e-02  1.714667e-02  5.000000e-01 3.759488e-06 8.000000e-04 9.620513e+06 3.180203e+01 2.288802e+01 6.923341e+01 1.977721e-09 5.657568e-09 2.129519e-09 4.293081e-08 1.672344e-07
8.000000e-01 2.572000e-02  1.714667e-02  5.000000e-01 3.859664e-06 8.000000e-04 9.620513e+06 3.180203e+01 2.288802e+01 6.923341e+01 2.106549e-09 5.937466e-09 2.244518e-09 4.524917e-08 1.762654e-07
8.000000e-01 2.572000e-02  1.714667e-02  5.000000e-01 3.962510e-06 8.000000e-04 9.620513e+06 3.180203e+01 2.288802e+01 6.923341e+01 2.158072e-09 6.265056e-09 2.365728e-09 4.769273e-08 1.857842e-07
8.000000e-01 2.572000e-02  1.714667e-02  5.000000e-01 4.068095e-06 8.000000e-04 9.620513e+06 3.180203e+01 2.288802e+01 6.923341e+01 2.307818e-09 6.586165e-09 2.493482e-09 5.026825e-08 1.958169e-07
8.000000e-01 2.572000e-02  1.714667e-02  5.000000e-01 4.176494e-06 8.000000e-04 9.620513e+06 3.180203e+01 2.288802e+01 6.923341e+01 2.460982e-09 6.966756e-09 2.628136e-09 5.298285e-08 2.063915e-07
8.000000e-01 2.572000e-02  1.714667e-02  5.000000e-01 4.287782e-06 8.000000e-04 9.620513e+06 3.180203e+01 2.288802e+01 6.923341e+01 2.509689e-09 7.379906e-09 2.770062e-09 5.584404e-08 2.175371e-07
8.000000e-01 2.572000e-02  1.714667e-02  5.000000e-01 4.402035e-06 8.000000e-04 9.620513e+06 3.180203e+01 2.288802e+01 6.923341e+01 2.717731e-09 7.746995e-09 2.919651e-09 5.885975e-08 2.292846e-07
8.000000e-01 2.572000e-02  1.714667e-02  5.000000e-01 4.519332e-06 8.000000e-04 9.620513e+06 3.180203e+01 2.288802e+01 6.923341e+01 2.859188e-09 8.135286e-09 3.077319e-09 6.203831e-08 2.416665e-07
8.000000e-01 2.572000e-02  1.714667e-02  5.000000e-01 4.639755e-06 8.000000e-04 9.620513e+06 3.180203e+01 2.288802e+01 6.923341e+01 3.023466e-09 8.586661e-09 3.243502e-09 6.538853e-08 2.547171e-07
8.000000e-01 2.572000e-02  1.714667e-02  5.000000e-01 4.763386e-06 8.000000e-04 9.620513e+06 3.180203e+01 2.288802e+01 6.923341e+01 3.176687e-09 9.070725e-09 3.418658e-09 6.891966e-08 2.684724e-07
8.000000e-01 2.572000e-02  1.714667e-02  5.000000e-01 4.890312e-06 8.000000e-04 9.620513e+06 3.180203e+01 2.288802e+01 6.923341e+01 3.426031e-09 9.518670e-09 3.603274e-09 7.264148e-08 2.829705e-07
8.000000e-01 2.572000e-02  1.714667e-02  5.000000e-01 5.020620e-06 8.000000e-04 9.620513e+06 3.180203e+01 2.288802e+01 6.923341e+01 3.515560e-09 1.006559e-08 3.797859e-09 7.656429e-08 2.982516e-07
8.000000e-01 2.572000e-02  1.714667e-02  5.000000e-01 5.154400e-06 8.000000e-04 9.620513e+06 3.180203e+01 2.288802e+01 6.923341e+01 3.695614e-09 1.060074e-08 4.002952e-09 8.069894e-08 3.143579e-07
8.000000e-01 2.572000e-02  1.714667e-02  5.000000e-01 5.291745e-06 8.000000e-04 9.620513e+06 3.180203e+01 2.288802e+01 6.923341e+01 3.938952e-09 1.117033e-08 4.219120e-09 8.505686e-08 3.313339e-07
8.000000e-01 2.572000e-02  1.714667e-02  5.000000e-01 5.432750e-06 8.000000e-04 9.620513e+06 3.180203e+01 2.288802e+01 6.923341e+01 4.155149e-09 1.173408e-08 4.446963e-09 8.965013e-08 3.492267e-07
8.000000e-01 2.572000e-02  1.714667e-02  5.000000e-01 5.577512e-06 8.000000e-04 9.620513e+06 3.180203e+01 2.288802e+01 6.923341e+01 4.303533e-09 1.240675e-08 4.687109e-09 9.449145e-08 3.680858e-07
8.000000e-01 2.572000e-02  1.714667e-02  5.000000e-01 5.726131e-06 8.000000e-04 9.620513e+06 3.180203e+01 2.288802e+01 6.923341e+01 4.594890e-09 1.306779e-08 4.940224e-09 9.959420e-08 3.879633e-07
8.000000e-01 2.572000e-02  1.714667e-02  5.000000e-01 5.878710e-06 8.000000e-04 9.620513e+06 3.180203e+01 2.288802e+01 6.923341e+01 4.785184e-09 1.375810e-08 5.207007e-09 1.049725e-07 4.089142e-07
8.000000e-01 2.572000e-02  1.714667e-02  5.000000e-01 6.035355e-06 8.000000e-04 9.620513e+06 3.180203e+01 2.288802e+01 6.923341e+01 5.194193e-09 1.452933e-08 5.488198e-09 1.106413e-07 4.309965e-07
8.000000e-01 2.572000e-02  1.714667e-02  5.000000e-01 6.196174e-06 8.000000e-04 9.620513e+06 3.180203e+01 2.288802e+01 6.923341e+01 5.371234e-09 1.530044e-08 5.784573e-09 1.166162e-07 4.542713e-07
8.000000e-01 2.572000e-02  1.714667e-02  5.000000e-01 6.361278e-06 8.000000e-04 9.620513e+06 3.180203e+01 2.288802e+01 6.923341e+01 5.640621e-09 1.608842e-08 6.096953e-09 1.229137e-07 4.788030e-07
8.000000e-01 2.572000e-02  1.714667e-02  5.000000e-01 6.530782e-06 8.000000e-04 9.620513e+06 3.180203e+01 2.288802e+01 6.923341e+01 5.775750e-09 1.704391e-08 6.426203e-09 1.295513e-07 5.046594e-07
8.000000e-01 2.572000e-02  1.714667e-02  5.000000e-01 6.704802e-06 8.000000e-04 9.620513e+06 3.180203e+01 2.288802e+01 6.923341e+01 6.361161e-09 1.790566e-08 6.773233e-09 1.365474e-07 5.319122e-07
8.000000e-01 2.572000e-02  1.714667e-02  5.000000e-01 6.883459e-06 8.000000e-04 9.620513e+06 3.180203e+01 2.288802e+01 6.923341e+01 6.541250e-09 1.889836e-08 7.139003e-09 1.439213e-07 5.606367e-07
8.000000e-01 2.572000e-02  1.714667e-02  5.000000e-01 7.066877e-06 8.000000e-04 9.620513e+06 3.180203e+01 2.288802e+01 6.923341e+01 6.913433e-09 1.999719e-08 7.524525e-09 1.516934e-07 5.909124e-07
8.000000e-01 2.572000e-02  1.714667e-02  5.000000e-01 7.255182e-06 8.000000e-04 9.620513e+06 3.180203e+01 2.288802e+01 6.923341e+01 7.419603e-09 2.084833e-08 7.930867e-09 1.598851e-07 6.228230e-07
8.000000e-01 2.572000e-02  1.714667e-02  5.000000e-01 7.448504e-06 8.000000e-04 9.620513e+06 3.180203e+01 2.288802e+01 6.923341e+01 7.738892e-09 2.204617e-08 8.359152e-09 1.685193e-07 6.564569e-07
8.000000e-01 2.572000e-02  1.714667e-02  5.000000e-01 7.646978e-06 8.000000e-04 9.620513e+06 3.180203e+01 2.288802e+01 6.923341e+01 8.210257e-09 2.330350e-08 8.810566e-09 1.776197e-07 6.919071e-07
8.000000e-01 2.572000e-02  1.714667e-02  5.000000e-01 7.850741e-06 8.000000e-04 9.620513e+06 3.180203e+01 2.288802e+01 6.923341e+01 8.637788e-09 2.465160e-08 9.286357e-09 1.872116e-07 7.292717e-07
8.000000e-01 2.572000e-02  1.714667e-02  5.000000e-01 8.059933e-06 8.000000e-04 9.620513e+06 3.180203e+01 2.288802e+01 6.923341e+01 8.928671e-09 2.591361e-08 9.787842e-09 1.973215e-07 7.686540e-07
8.000000e-01 2.572000e-02  1.714667e-02  5.000000e-01 8.274699e-06 8.000000e-04 9.620513e+06 3.180203e+01 2.288802e+01 6.923341e+01 9.577202e-09 2.725452e-08 1.031641e-08 2.079773e-07 8.101631e-07
8.000000e-01 2.572000e-02  1.714667e-02  5.000000e-01 8.495188e-06 8.000000e-04 9.620513e+06 3.180203e+01 2.288802e+01 6.923341e+01 1.032655e-08 2.878727e-08 1.087352e-08 2.192086e-07 8.539138e-07
8.000000e-01 2.572000e-02  1.714667e-02  5.000000e-01 8.721552e-06 8.000000e-04 9.620513e+06 3.180203e+01 2.288802e+01 6.923341e+01 1.060844e-08 3.035117e-08 1.146071e-08 2.310463e-07 9.000271e-07
8.000000e-01 2.572000e-02  1.714667e-02  5.000000e-01 8.953948e-06 8.000000e-04 9.620513e+06 3.180203e+01 2.288802e+01 6.923341e+01 1.123831e-08 3.204203e-08 1.207962e-08 2.435234e-07 9.486307e-07
8.000000e-01 2.572000e-02  1.714667e-02  5.000000e-01 9.192536e-06 8.000000e-04 9.620513e+06 3.180203e+01 2.288802e+01 6.923341e+01 1.187017e-08 3.373728e-08 1.273194e-08 2.566742e-07 9.998589e-07
8.000000e-01 2.572000e-02  1.714667e-02  5.000000e-01 9.437481e-06 8.000000e-04 9.620513e+06 3.180203e+01 2.288802e+01 6.923341e+01 1.223796e-08 3.540115e-08 1.341950e-08 2.705352e-07 1.053854e-06
8.000000e-01 2.572000e-02  1.714667e-02  5.000000e-01 9.688954e-06 8.000000e-04 9.620513e+06 3.180203e+01 2.288802e+01 6.923341e+01 1.307358e-08 3.756083e-08 1.414418e-08 2.851447e-07 1.110764e-06
8.000000e-01 2.572000e-02  1.714667e-02  5.000000e-01 9.947127e-06 8.000000e-04 9.620513e+06 3.180203e+01 2.288802e+01 6.923341e+01 1.391366e-08 3.946197e-08 1.490800e-08 3.005432e-07 1.170748e-06
8.000000e-01 2.572000e-02  1.714667e-02  5.000000e-01 1.021218e-05 8.000000e-04 9.620513e+06 3.180203e+01 2.288802e+01 6.923341e+01 1.445275e-08 4.184304e-08 1.571307e-08 3.167732e-07 1.233971e-06
8.000000e-01 2.572000e-02  1.714667e-02  5.000000e-01 1.048430e-05 8.000000e-04 9.620513e+06 3.180203e+01 2.288802e+01 6.923341e+01 1.527604e-08 4.375977e-08 1.656161e-08 3.338797e-07 1.300608e-06
8.000000e-01 2.572000e-02  1.714667e-02  5.000000e-01 1.076366e-05 8.000000e-04 9.620513e+06 3.180203e+01 2.288802e+01 6.923341e+01 1.627274e-08 4.597386e-08 1.745598e-08 3.519100e-07 1.370844e-06
8.000000e-01 2.572000e-02  1.714667e-02  5.000000e-01 1.105047e-05 8.000000e-04 9.620513e+06 3.180203e+01 2.288802e+01 6.923341e+01 1.719413e-08 4.886280e-08 1.839864e-08 3.709139e-07 1.444873e-06
8.000000e-01 2.572000e-02  1.714667e-02  5.000000e-01 1.134492e-05 8.000000e-04 9.620513e+06 3.180203e+01 2.288802e+01 6.923341e+01 1.784900e-08 5.085963e-08 1.939221e-08 3.909441e-07 1.522899e-06
8.000000e-01 2.572000e-02  1.714667e-02  5.000000e-01 1.164722e-05 8.000000e-04 9.620513e+06 3.180203e+01 2.288802e+01 6.923341e+01 1.890715e-08 5.415670e-08 2.043943e-08 4.120560e-07 1.605140e-06
8.000000e-01 2.572000e-02  1.714667e-02  5.000000e-01 1.195758e-05 8.000000e-04 9.620513e+06 3.180203e+01 2.288802e+01 6.923341e+01 2.013966e-08 5.698912e-08 2.154321e-08 4.343080e-07 1.691821e-06
8.000000e-01 2.572000e-02  1.714667e-02  5.000000e-01 1.227620e-05 8.000000e-04 9.620513e+06 3.180203e+01 2.288802e+01 6.923341e+01 2.082159e-08 5.994137e-08 2.270659e-08 4.577616e-07 1.783183e-06
8.000000e-01 2.572000e-02  1.714667e-02  5.000000e-01 1.260331e-05 8.000000e-04 9.620513e+06 3.180203e+01 2.288802e+01 6.923341e+01 2.230309e-08 6.330458e-08 2.393280e-08 4.824818e-07 1.879479e-06
8.000000e-01 2.572000e-02  1.714667e-02  5.000000e-01 1.293914e-05 8.000000e-04 9.620513e+06 3.180203e+01 2.288802e+01 6.923341e+01 2.363567e-08 6.666388e-08 2.522523e-08 5.085370e-07 1.980975e-06
8.000000e-01 2.572000e-02  1.714667e-02  5.000000e-01 1.328392e-05 8.000000e-04 9.620513e+06 3.180203e+01 2.288802e+01 6.923341e+01 2.471408e-08 7.026784e-08 2.658745e-08 5.359991e-07 2.087952e-06
8.000000e-01 2.572000e-02  1.714667e-02  5.000000e-01 1.363789e-05 8.000000e-04 9.620513e+06 3.180203e+01 2.288802e+01 6.923341e+01 2.616652e-08 7.427134e-08 2.802323e-08 5.649443e-07 2.200707e-06
8.000000e-01 2.572000e-02  1.714667e-02  5.000000e-01 1.400128e-05 8.000000e-04 9.620513e+06 3.180203e+01 2.288802e+01 6.923341e+01 2.752403e-08 7.815560e-08 2.953655e-08 5.954526e-07 2.319550e-06
8.000000e-01 2.572000e-02  1.714667e-02  5.000000e-01 1.437436e-05 8.000000e-04 9.620513e+06 3.180203e+01 2.288802e+01 6.923341e+01 2.900160e-08 8.218106e-08 3.113159e-08 6.276084e-07 2.444811e-06
8.000000e-01 2.572000e-02  1.714667e-02  5.000000e-01 1.475738e-05 8.000000e-04 9.620513e+06 3.180203e+01 2.288802e+01 6.923341e+01 3.069922e-08 8.720047e-08 3.281277e-08 6.615007e-07 2.576837e-06
8.000000e-01 2.572000e-02  1.714667e-02  5.000000e-01 1.515061e-05 8.000000e-04 9.620513e+06 3.180203e+01 2.288802e+01 6.923341e+01 3.261457e-08 9.178292e-08 3.458473e-08 6.972233e-07 2.715992e-06
8.000000e-01 2.572000e-02  1.714667e-02  5.000000e-01 1.555432e-05 8.000000e-04 9.620513e+06 3.180203e+01 2.288802e+01 6.923341e+01 3.417780e-08 9.661579e-08 3.645239e-08 7.348750e-07 2.862661e-06
8.000000e-01 2.572000e-02  1.714667e-02  5.000000e-01 1.596878e-05 8.000000e-04 9.620513e+06 3.180203e+01 2.288802e+01 6.923341e+01 3.526531e-08 1.013336e-07 3.842090e-08 7.745599e-07 3.017252e-06
