2.000000e-01 1.805000e-02  1.203333e-02  5.000000e-01 2.000000e-06 8.000000e-04 2.269785e+05 3.180203e+01 2.288802e+01 6.923341e+01 3.200130e-06 5.458755e-06 3.694605e-06 6.979575e-05 2.533068e-04
2.000000e-01 1.805000e-02  1.203333e-02  5.000000e-01 2.053292e-06 8.000000e-04 2.269785e+05 3.180203e+01 2.288802e+01 6.923341e+01 3.563642e-06 5.773504e-06 3.894122e-06 7.356488e-05 2.669859e-04
2.000000e-01 1.805000e-02  1.203333e-02  5.000000e-01 2.108005e-06 8.000000e-04 2.269785e+05 3.180203e+01 2.288802e+01 6.923341e+01 3.484562e-06 6.076029e-06 4.104413e-06 7.753756e-05 2.814038e-04
2.000000e-01 1.805000e-02  1.203333e-02  5.000000e-01 2.164175e-06 8.000000e-04 2.269785e+05 3.180203e+01 2.288802e+01 6.923341e+01 3.941622e-06 6.448042e-06 4.326061e-06 8.172476e-05 2.966003e-04
2.000000e-01 1.805000e-02  1.203333e-02  5.000000e-01 2.221842e-06 8.000000e-04 2.269785e+05 3.180203e+01 2.288802e+01 6.923341e+01 3.934640e-06 6.737187e-06 4.559679e-06 8.613809e-05 3.126174e-04
2.000000e-01 1.805000e-02  1.203333e-02  5.000000e-01 2.281045e-06 8.000000e-04 2.269785e+05 3.180203e+01 2.288802e+01 6.923341e+01 4.283792e-06 7.110079e-06 4.805912e-06 9.078975e-05 3.294994e-04
2.000000e-01 1.805000e-02  1.203333e-02  5.000000e-01 2.341826e-06 8.000000e-04 2.269785e+05 3.180203e+01 2.288802e+01 6.923341e+01 4.367297e-06 7.454070e-06 5.065442e-06 9.569260e-05 3.472932e-04
2.000000e-01 1.805000e-02  1.203333e-02  5.000000e-01 2.404227e-06 8.000000e-04 2.269785e+05 3.180203e+01 2.288802e+01 6.923341e+01 4.743017e-06 7.964561e-06 5.338988e-06 1.008602e-04 3.660478e-04
2.000000e-01 1.805000e-02  1.203333e-02  5.000000e-01 2.468290e-06 8.000000e-04 2.269785e+05 3.180203e+01 2.288802e+01 6.923341e+01 4.875955e-06 8.389075e-06 5.627305e-06 1.063069e-04 3.858152e-04
2.000000e-01 1.805000e-02  1.203333e-02  5.000000e-01 2.534061e-06 8.000000e-04 2.269785e+05 3.180203e+01 2.288802e+01 6.923341e+01 5.208334e-06 8.837504e-06 5.931193e-06 1.120477e-04 4.066501e-04
2.000000e-01 1.805000e-02  1.203333e-02  5.000000e-01 2.601584e-06 8.000000e-04 2.269785e+05 3.180203e+01 2.288802e+01 6.923341e+01 5.589486e-06 9.303025e-06 6.251491e-06 1.180986e-04 4.286102e-04
2.000000e-01 1.805000e-02  1.203333e-02  5.000000e-01 2.670906e-06 8.000000e-04 2.269785e+05 3.180203e+01 2.288802e+01 6.923341e+01 5.897098e-06 9.821361e-06 6.589086e-06 1.244762e-04 4.517561e-04
2.000000e-01 1.805000e-02  1.203333e-02  5.000000e-01 2.742075e-06 8.000000e-04 2.269785e+05 3.180203e+01 2.288802e+01 6.923341e+01 6.154564e-06 1.033603e-05 6.944912e-06 1.311982e-04 4.761520e-04
2.000000e-01 1.805000e-02  1.203333e-02  5.000000e-01 2.815141e-06 8.000000e-04 2.269785e+05 3.180203e+01 2.288802e+01 6.923341e+01 6.454388e-06 1.089566e-05 7.319953e-06 1.382832e-04 5.018653e-04
2.000000e-01 1.805000e-02  1.203333e-02  5.000000e-01 2.890154e-06 8.000000e-04 2.269785e+05 3.180203e+01 2.288802e+01 6.923341e+01 6.751455e-06 1.143462e-05 7.715247e-06 1.457508e-04 5.289672e-04
2.000000e-01 1.805000e-02  1.203333e-02  5.000000e-01 2.967165e-06 8.000000e-04 2.269785e+05 3.180203e+01 2.288802e+01 6.923341e+01 7.171586e-06 1.208580e-05 8.131889e-06 1.536217e-04 5.575326e-04
2.000000e-01 1.805000e-02  1.203333e-02  5.000000e-01 3.046229e-06 8.000000e-04 2.269785e+05 3.180203e+01 2.288802e+01 6.923341e+01 7.565215e-06 1.272092e-05 8.571029e-06 1.619176e-04 5.876407e-04
2.000000e-01 1.805000e-02  1.203333e-02  5.000000e-01 3.127399e-06 8.000000e-04 2.269785e+05 3.180203e+01 2.288802e+01 6.923341e+01 7.616615e-06 1.340327e-05 9.033885e-06 1.706615e-04 6.193746e-04
2.000000e-01 1.805000e-02  1.203333e-02  5.000000e-01 3.210732e-06 8.000000e-04 2.269785e+05 3.180203e+01 2.288802e+01 6.923341e+01 8.264208e-06 1.408145e-05 9.521735e-06 1.798776e-04 6.528223e-04
2.000000e-01 1.805000e-02  1.203333e-02  5.000000e-01 3.296286e-06 8.000000e-04 2.269785e+05 3.180203e+01 2.288802e+01 6.923341e+01 8.786597e-06 1.484636e-05 1.003593e-05 1.895914e-04 6.880762e-04
2.000000e-01 1.805000e-02  1.203333e-02  5.000000e-01 3.384119e-06 8.000000e-04 2.269785e+05 3.180203e+01 2.288802e+01 6.923341e+01 9.302414e-06 1.568867e-05 1.057789e-05 1.998298e-04 7.252339e-04
2.000000e-01 1.805000e-02  1.203333e-02  5.000000e-01 3.474293e-06 8.000000e-04 2.269785e+05 3.180203e+01 2.288802e+01 6.923341e+01 9.604085e-06 1.659477e-05 1.114913e-05 2.106211e-04 7.643982e-04
2.000000e-01 1.805000e-02  1.203333e-02  5.000000e-01 3.566869e-06 8.000000e-04 2.269785e+05 3.180203e+01 2.288802e+01 6.923341e+01 9.910773e-06 1.752934e-05 1.175120e-05 2.219951e-04 8.056775e-04
2.000000e-01 1.805000e-02  1.203333e-02  5.000000e-01 3.661913e-06 8.000000e-04 2.269785e+05 3.180203e+01 2.288802e+01 6.923341e+01 1.097731e-05 1.837052e-05 1.238580e-05 2.339833e-04 8.491859e-04
2.000000e-01 1.805000e-02  1.203333e-02  5.000000e-01 3.759488e-06 8.000000e-04 2.269785e+05 3.180203e+01 2.288802e+01 6.923341e+01 1.153832e-05 1.940597e-05 1.305466e-05 2.466190e-04 8.950439e-04
2.000000e-01 1.805000e-02  1.203333e-02  5.000000e-01 3.859664e-06 8.000000e-04 2.269785e+05 3.180203e+01 2.288802e+01 6.923341e+01 1.181070e-05 2.031411e-05 1.375964e-05 2.599370e-04 9.433784e-04
2.000000e-01 1.805000e-02  1.203333e-02  5.000000e-01 3.962510e-06 8.000000e-04 2.269785e+05 3.180203e+01 2.288801e+01 6.923341e+01 1.205662e-05 2.161461e-05 1.450269e-05 2.739742e-04 9.943230e-04
2.000000e-01 1.805000e-02  1.203333e-02  5.000000e-01 4.068095e-06 8.000000e-04 2.269785e+05 3.180203e+01 2.288801e+01 6.923341e+01 1.352488e-05 2.266570e-05 1.528587e-05 2.887694e-04 1.048019e-03
2.000000e-01 1.805000e-02  1.203333e-02  5.000000e-01 4.176494e-06 8.000000e-04 2.269785e+05 3.180203e+01 2.288801e+01 6.923341e+01 1.415730e-05 2.387724e-05 1.611134e-05 3.043636e-04 1.104614e-03
2.000000e-01 1.805000e-02  1.203333e-02  5.000000e-01 4.287782e-06 8.000000e-04 2.269785e+05 3.180203e+01 2.288801e+01 6.923341e+01 1.477818e-05 2.503828e-05 1.698139e-05 3.208000e-04 1.164266e-03
2.000000e-01 1.805000e-02  1.203333e-02  5.000000e-01 4.402035e-06 8.000000e-04 2.269785e+05 3.180203e+01 2.288801e+01 6.923341e+01 1.528919e-05 2.662455e-05 1.789843e-05 3.381239e-04 1.227139e-03
2.000000e-01 1.805000e-02  1.203333e-02  5.000000e-01 4.519332e-06 8.000000e-04 2.269785e+05 3.180203e+01 2.288801e+01 6.923341e+01 1.705079e-05 2.797309e-05 1.886498e-05 3.563834e-04 1.293407e-03
2.000000e-01 1.805000e-02  1.203333e-02  5.000000e-01 4.639755e-06 8.000000e-04 2.269785e+05 3.180203e+01 2.288801e+01 6.923341e+01 1.677146e-05 2.955990e-05 1.988374e-05 3.756289e-04 1.363254e-03
2.000000e-01 1.805000e-02  1.203333e-02  5.000000e-01 4.763386e-06 8.000000e-04 2.269785e+05 3.180203e+01 2.288801e+01 6.923341e+01 1.845721e-05 3.109421e-05 2.095750e-05 3.959137e-04 1.436873e-03
2.000000e-01 1.805000e-02  1.203333e-02  5.000000e-01 4.890312e-06 8.000000e-04 2.269785e+05 3.180203e+01 2.288801e+01 6.923340e+01 1.928157e-05 3.282590e-05 2.208926e-05 4.172940e-04 1.514468e-03
2.000000e-01 1.805000e-02  1.203333e-02  5.000000e-01 5.020620e-06 8.000000e-04 2.269785e+05 3.180203e+01 2.288801e+01 6.923340e+01 2.009750e-05 3.453721e-05 2.328213e-05 4.398288e-04 1.596252e-03
2.000000e-01 1.805000e-02  1.203333e-02  5.000000e-01 5.154400e-06 8.000000e-04 2.269785e+05 3.180203e+01 2.288801e+01 6.923340e+01 2.070100e-05 3.655637e-05 2.453942e-05 4.635806e-04 1.682454e-03
2.000000e-01 1.805000e-02  1.203333e-02  5.000000e-01 5.291745e-06 8.000000e-04 2.269785e+05 3.180203e+01 2.288801e+01 6.923340e+01 2.262677e-05 3.845076e-05 2.586460e-05 4.886150e-04 1.773310e-03
2.000000e-01 1.805000e-02  1.203333e-02  5.000000e-01 5.432750e-06 8.000000e-04 2.269785e+05 3.180203e+01 2.288801e+01 6.923340e+01 2.361415e-05 4.040257e-05 2.726135e-05 5.150014e-04 1.869073e-03
2.000000e-01 1.805000e-02  1.203333e-02  5.000000e-01 5.577512e-06 8.000000e-04 2.269785e+05 3.180203e+01 2.288801e+01 6.923340e+01 2.510708e-05 4.276209e-05 2.873353e-05 5.428126e-04 1.970007e-03
2.000000e-01 1.805000e-02  1.203333e-02  5.000000e-01 5.726131e-06 8.000000e-04 2.269785e+05 3.180203e+01 2.288801e+01 6.923340e+01 2.672255e-05 4.476476e-05 3.028520e-05 5.721258e-04 2.076392e-03
2.000000e-01 1.805000e-02  1.203333e-02  5.000000e-01 5.878710e-06 8.000000e-04 2.269785e+05 3.180203e+01 2.288801e+01 6.923340e+01 2.764351e-05 4.702010e-05 3.192067e-05 6.030219e-04 2.188522e-03
2.000000e-01 1.805000e-02  1.203333e-02  5.000000e-01 6.035355e-06 8.000000e-04 2.269785e+05 3.180203e+01 2.288801e+01 6.923340e+01 2.819625e-05 5.017492e-05 3.364446e-05 6.355865e-04 2.306707e-03
2.000000e-01 1.805000e-02  1.203333e-02  5.000000e-01 6.196174e-06 8.000000e-04 2.269785e+05 3.180203e+01 2.288801e+01 6.923340e+01 3.121172e-05 5.268938e-05 3.546134e-05 6.699096e-04 2.431275e-03
2.000000e-01 1.805000e-02  1.203333e-02  5.000000e-01 6.361278e-06 8.000000e-04 2.269785e+05 3.180203e+01 2.288801e+01 6.923340e+01 3.184107e-05 5.552943e-05 3.737634e-05 7.060863e-04 2.562569e-03
2.000000e-01 1.805000e-02  1.203333e-02  5.000000e-01 6.530782e-06 8.000000e-04 2.269785e+05 3.180203e+01 2.288801e+01 6.923340e+01 3.506099e-05 5.803840e-05 3.939475e-05 7.442166e-04 2.700954e-03
2.000000e-01 1.805000e-02  1.203333e-02  5.000000e-01 6.704802e-06 8.000000e-04 2.269785e+05 3.180203e+01 2.288801e+01 6.923340e+01 3.532630e-05 6.152573e-05 4.152215e-05 7.844060e-04 2.846812e-03
2.000000e-01 1.805000e-02  1.203333e-02  5.000000e-01 6.883459e-06 8.000000e-04 2.269785e+05 3.180203e+01 2.288800e+01 6.923340e+01 3.815096e-05 6.497316e-05 4.376445e-05 8.267657e-04 3.000546e-03
2.000000e-01 1.805000e-02  1.203333e-02  5.000000e-01 7.066877e-06 8.000000e-04 2.269785e+05 3.180203e+01 2.288800e+01 6.923340e+01 4.111358e-05 6.859856e-05 4.612783e-05 8.714130e-04 3.162583e-03
2.000000e-01 1.805000e-02  1.203333e-02  5.000000e-01 7.255182e-06 8.000000e-04 2.269785e+05 3.180203e+01 2.288800e+01 6.923340e+01 4.256787e-05 7.199060e-05 4.861884e-05 9.184713e-04 3.333369e-03
2.000000e-01 1.805000e-02  1.203333e-02  5.000000e-01 7.448504e-06 8.000000e-04 2.269785e+05 3.180203e+01 2.288800e+01 6.923340e+01 4.401491e-05 7.598282e-05 5.124437e-05 9.680708e-04 3.513379e-03
2.000000e-01 1.805000e-02  1.203333e-02  5.000000e-01 7.646978e-06 8.000000e-04 2.269785e+05 3.180203e+01 2.288800e+01 6.923339e+01 4.662767e-05 7.966128e-05 5.401168e-05 1.020349e-03 3.703110e-03
2.000000e-01 1.805000e-02  1.203333e-02  5.000000e-01 7.850741e-06 8.000000e-04 2.269785e+05 3.180203e+01 2.288800e+01 6.923339e+01 4.910363e-05 8.450811e-05 5.692844e-05 1.075450e-03 3.903086e-03
2.000000e-01 1.805000e-02  1.203333e-02  5.000000e-01 8.059933e-06 8.000000e-04 2.269785e+05 3.180203e+01 2.288800e+01 6.923339e+01 5.237526e-05 8.856642e-05 6.000270e-05 1.133527e-03 4.113862e-03
2.000000e-01 1.805000e-02  1.203333e-02  5.000000e-01 8.274699e-06 8.000000e-04 2.269785e+05 3.180203e+01 2.288800e+01 6.923339e+01 5.216433e-05 9.373622e-05 6.324299e-05 1.194740e-03 4.336020e-03
2.000000e-01 1.805000e-02  1.203333e-02  5.000000e-01 8.495188e-06 8.000000e-04 2.269785e+05 3.180203e+01 2.288800e+01 6.923339e+01 5.988704e-05 9.847427e-05 6.665826e-05 1.259259e-03 4.570175e-03
2.000000e-01 1.805000e-02  1.203333e-02  5.000000e-01 8.721552e-06 8.000000e-04 2.269785e+05 3.180203e+01 2.288799e+01 6.923339e+01 6.202976e-05 1.034966e-04 7.025796e-05 1.327262e-03 4.816975e-03
2.000000e-01 1.805000e-02  1.203333e-02  5.000000e-01 8.953948e-06 8.000000e-04 2.269785e+05 3.180203e+01 2.288799e+01 6.923339e+01 6.439376e-05 1.098902e-04 7.405205e-05 1.398937e-03 5.077103e-03
2.000000e-01 1.805000e-02  1.203333e-02  5.000000e-01 9.192536e-06 8.000000e-04 2.269785e+05 3.180203e+01 2.288799e+01 6.923339e+01 6.644392e-05 1.154117e-04 7.805103e-05 1.474483e-03 5.351278e-03
2.000000e-01 1.805000e-02  1.203333e-02  5.000000e-01 9.437481e-06 8.000000e-04 2.269785e+05 3.180202e+01 2.288799e+01 6.923339e+01 7.344939e-05 1.225500e-04 8.226596e-05 1.554108e-03 5.640259e-03
2.000000e-01 1.805000e-02  1.203333e-02  5.000000e-01 9.688954e-06 8.000000e-04 2.269785e+05 3.180202e+01 2.288799e+01 6.923338e+01 7.736475e-05 1.281811e-04 8.670852e-05 1.638033e-03 5.944846e-03
2.000000e-01 1.805000e-02  1.203333e-02  5.000000e-01 9.947127e-06 8.000000e-04 2.269785e+05 3.180202e+01 2.288799e+01 6.923338e+01 8.151346e-05 1.353850e-04 9.139098e-05 1.726491e-03 6.265882e-03
2.000000e-01 1.805000e-02  1.203333e-02  5.000000e-01 1.021218e-05 8.000000e-04 2.269785e+05 3.180202e+01 2.288799e+01 6.923338e+01 8.332201e-05 1.424364e-04 9.632630e-05 1.819726e-03 6.604254e-03
2.000000e-01 1.805000e-02  1.203333e-02  5.000000e-01 1.048430e-05 8.000000e-04 2.269785e+05 3.180202e+01 2.288798e+01 6.923338e+01 9.020523e-05 1.501832e-04 1.015281e-04 1.917995e-03 6.960899e-03
2.000000e-01 1.805000e-02  1.203333e-02  5.000000e-01 1.076366e-05 8.000000e-04 2.269785e+05 3.180202e+01 2.288798e+01 6.923338e+01 9.334827e-05 1.589548e-04 1.070109e-04 2.021571e-03 7.336803e-03
2.000000e-01 1.805000e-02  1.203333e-02  5.000000e-01 1.105047e-05 8.000000e-04 2.269785e+05 3.180202e+01 2.288798e+01 6.923338e+01 9.716472e-05 1.654747e-04 1.127897e-04 2.130741e-03 7.733008e-03
2.000000e-01 1.805000e-02  1.203333e-02  5.000000e-01 1.134492e-05 8.000000e-04 2.269785e+05 3.180202e+01 2.288798e+01 6.923337e+01 1.002933e-04 1.762131e-04 1.188806e-04 2.245806e-03 8.150608e-03
2.000000e-01 1.805000e-02  1.203333e-02  5.000000e-01 1.164722e-05 8.000000e-04 2.269785e+05 3.180202e+01 2.288797e+01 6.923337e+01 1.085056e-04 1.865138e-04 1.253005e-04 2.367084e-03 8.590760e-03
2.000000e-01 1.805000e-02  1.203333e-02  5.000000e-01 1.195758e-05 8.000000e-04 2.269785e+05 3.180202e+01 2.288797e+01 6.923337e+01 1.128614e-04 1.960503e-04 1.320670e-04 2.494912e-03 9.054681e-03
2.000000e-01 1.805000e-02  1.203333e-02  5.000000e-01 1.227620e-05 8.000000e-04 2.269785e+05 3.180202e+01 2.288797e+01 6.923337e+01 1.197714e-04 2.058069e-04 1.391989e-04 2.629643e-03 9.543654e-03
2.000000e-01 1.805000e-02  1.203333e-02  5.000000e-01 1.260331e-05 8.000000e-04 2.269785e+05 3.180202e+01 2.288797e+01 6.923336e+01 1.297920e-04 2.179236e-04 1.467160e-04 2.771650e-03 1.005903e-02
2.000000e-01 1.805000e-02  1.203333e-02  5.000000e-01 1.293914e-05 8.000000e-04 2.269785e+05 3.180202e+01 2.288796e+01 6.923336e+01 1.354938e-04 2.306632e-04 1.546390e-04 2.921326e-03 1.060224e-02
2.000000e-01 1.805000e-02  1.203333e-02  5.000000e-01 1.328392e-05 8.000000e-04 2.269785e+05 3.180202e+01 2.288796e+01 6.923336e+01 1.431646e-04 2.402037e-04 1.629898e-04 3.079084e-03 1.117479e-02
2.000000e-01 1.805000e-02  1.203333e-02  5.000000e-01 1.363789e-05 8.000000e-04 2.269785e+05 3.180202e+01 2.288796e+01 6.923335e+01 1.526619e-04 2.547737e-04 1.717917e-04 3.245362e-03 1.177825e-02
2.000000e-01 1.805000e-02  1.203333e-02  5.000000e-01 1.400128e-05 8.000000e-04 2.269785e+05 3.180202e+01 2.288796e+01 6.923335e+01 1.640372e-04 2.664219e-04 1.810688e-04 3.420619e-03 1.241431e-02
2.000000e-01 1.805000e-02  1.203333e-02  5.000000e-01 1.437436e-05 8.000000e-04 2.269785e+05 3.180202e+01 2.288795e+01 6.923335e+01 1.710604e-04 2.816811e-04 1.908469e-04 3.605340e-03 1.308471e-02
2.000000e-01 1.805000e-02  1.203333e-02  5.000000e-01 1.475738e-05 8.000000e-04 2.269785e+05 3.180202e+01 2.288795e+01 6.923335e+01 1.721868e-04 2.969885e-04 2.011531e-04 3.800037e-03 1.379131e-02
2.000000e-01 1.805000e-02  1.203333e-02  5.000000e-01 1.515061e-05 8.000000e-04 2.269785e+05 3.180202e+01 2.288794e+01 6.923335e+01 1.755579e-04 3.143442e-04 2.120159e-04 4.005247e-03 1.453608e-02
2.000000e-01 1.805000e-02  1.203333e-02  5.000000e-01 1.555432e-05 8.000000e-04 2.269785e+05 3.180201e+01 2.288794e+01 6.923334e+01 1.923723e-04 3.289115e-04 2.234652e-04 4.221540e-03 1.532106e-02
2.000000e-01 1.805000e-02  1.203333e-02  5.000000e-01 1.596878e-05 8.000000e-04 2.269785e+05 3.180201e+01 2.288793e+01 6.923334e+01 2.047664e-04 3.503994e-04 2.355328e-04 4.449513e-03 1.614843e-02
2.000000e-01 1.805000e-02  1.203333e-02  5.000000e-01 1.639429e-05 8.000000e-04 2.269785e+05 3.180201e+01 2.288793e+01 6.923333e+01 2.179933e-04 3.695703e-04 2.482522e-04 4.689797e-03 1.702048e-02
2.000000e-01 1.805000e-02  1.203333e-02  5.000000e-01 1.683113e-05 8.000000e-04 2.269785e+05 3.180201e+01 2.288792e+01 6.923333e+01 2.346763e-04 3.903363e-04 2.616583e-04 4.943057e-03 1.793963e-02
2.000000e-01 1.805000e-02  1.203333e-02  5.000000e-01 1.727962e-05 8.000000e-04 2.269785e+05 3.180201e+01 2.288792e+01 6.923332e+01 2.437372e-04 4.072840e-04 2.757885e-04 5.209993e-03 1.890841e-02
2.000000e-01 1.805000e-02  1.203333e-02  5.000000e-01 1.774005e-05 8.000000e-04 2.269785e+05 3.180201e+01 2.288792e+01 6.923332e+01 2.514892e-04 4.286993e-04 2.906817e-04 5.491345e-03 1.992951e-02
2.000000e-01 1.805000e-02  1.203333e-02  5.000000e-01 1.821276e-05 8.000000e-04 2.269785e+05 3.180201e+01 2.288791e+01 6.923331e+01 2.694350e-04 4.556175e-04 3.063792e-04 5.787890e-03 2.100575e-02
2.000000e-01 1.805000e-02  1.203333e-02  5.000000e-01 1.869805e-05 8.000000e-04 2.269785e+05 3.180201e+01 2.288790e+01 6.923331e+01 2.864252e-04 4.777010e-04 3.229244e-04 6.100450e-03 2.214011e-02
2.000000e-01 1.805000e-02  1.203333e-02  5.000000e-01 1.919629e-05 8.000000e-04 2.269785e+05 3.180201e+01 2.288790e+01 6.923330e+01 2.926924e-04 5.052467e-04 3.403630e-04 6.429888e-03 2.333572e-02
