1.250000e+00 4.642000e-02  3.094667e-02  5.000000e-01 2.000000e-06 8.000000e-04 2.937141e+06 3.180203e+01 2.288802e+01 6.923341e+01 5.896184e-10 1.771428e-09 6.161199e-10 1.226215e-08 4.712481e-08
1.250000e+00 4.642000e-02  3.094667e-02  5.000000e-01 2.053292e-06 8.000000e-04 2.937141e+06 3.180203e+01 2.288802e+01 6.923341e+01 6.169230e-10 1.881745e-09 6.493918e-10 1.292433e-08 4.966966e-08
1.250000e+00 4.642000e-02  3.094667e-02  5.000000e-01 2.108005e-06 8.000000e-04 2.937141e+06 3.180203e+01 2.288802e+01 6.923341e+01 6.558705e-10 1.972012e-09 6.844604e-10 1.362228e-08 5.235194e-08
1.250000e+00 4.642000e-02  3.094667e-02  5.000000e-01 2.164175e-06 8.000000e-04 2.937141e+06 3.180203e+01 2.288802e+01 6.923341e+01 6.845457e-10 2.086242e-09 7.214229e-10 1.435791e-08 5.517906e-08
1.250000e+00 4.642000e-02  3.094667e-02  5.000000e-01 2.221842e-06 8.000000e-04 2.937141e+06 3.180203e+01 2.288802e+01 6.923341e+01 7.695933e-10 2.186812e-09 7.603814e-10 1.513327e-08 5.815886e-08
1.250000e+00 4.642000e-02  3.094667e-02  5.000000e-01 2.281045e-06 8.000000e-04 2.937141e+06 3.180203e+01 2.288802e+01 6.923341e+01 7.671731e-10 2.313926e-09 8.014437e-10 1.595050e-08 6.129957e-08
1.250000e+00 4.642000e-02  3.094667e-02  5.000000e-01 2.341826e-06 8.000000e-04 2.937141e+06 3.180203e+01 2.288802e+01 6.923341e+01 8.538772e-10 2.442787e-09 8.447236e-10 1.681187e-08 6.460989e-08
1.250000e+00 4.642000e-02  3.094667e-02  5.000000e-01 2.404227e-06 8.000000e-04 2.937141e+06 3.180203e+01 2.288802e+01 6.923341e+01 9.119513e-10 2.573769e-09 8.903406e-10 1.771975e-08 6.809897e-08
1.250000e+00 4.642000e-02  3.094667e-02  5.000000e-01 2.468290e-06 8.000000e-04 2.937141e+06 3.180203e+01 2.288802e+01 6.923341e+01 9.189840e-10 2.707056e-09 9.384210e-10 1.867666e-08 7.177648e-08
1.250000e+00 4.642000e-02  3.094667e-02  5.000000e-01 2.534061e-06 8.000000e-04 2.937141e+06 3.180203e+01 2.288802e+01 6.923341e+01 9.419115e-10 2.852108e-09 9.890979e-10 1.968524e-08 7.565257e-08
1.250000e+00 4.642000e-02  3.094667e-02  5.000000e-01 2.601584e-06 8.000000e-04 2.937141e+06 3.180203e+01 2.288802e+01 6.923341e+01 9.886336e-10 3.010473e-09 1.042512e-09 2.074829e-08 7.973799e-08
1.250000e+00 4.642000e-02  3.094667e-02  5.000000e-01 2.670906e-06 8.000000e-04 2.937141e+06 3.180203e+01 2.288802e+01 6.923341e+01 1.105417e-09 3.164041e-09 1.098810e-09 2.186874e-08 8.404402e-08
1.250000e+00 4.642000e-02  3.094667e-02  5.000000e-01 2.742075e-06 8.000000e-04 2.937141e+06 3.180203e+01 2.288802e+01 6.923341e+01 1.150840e-09 3.337467e-09 1.158148e-09 2.304970e-08 8.858259e-08
1.250000e+00 4.642000e-02  3.094667e-02  5.000000e-01 2.815141e-06 8.000000e-04 2.937141e+06 3.180203e+01 2.288802e+01 6.923341e+01 1.152606e-09 3.514519e-09 1.220690e-09 2.429444e-08 9.336626e-08
1.250000e+00 4.642000e-02  3.094667e-02  5.000000e-01 2.890154e-06 8.000000e-04 2.937141e+06 3.180203e+01 2.288802e+01 6.923341e+01 1.332014e-09 3.705292e-09 1.286611e-09 2.560640e-08 9.840825e-08
1.250000e+00 4.642000e-02  3.094667e-02  5.000000e-01 2.967165e-06 8.000000e-04 2.937141e+06 3.180203e+01 2.288802e+01 6.923341e+01 1.307985e-09 3.902371e-09 1.356091e-09 2.698920e-08 1.037225e-07
1.250000e+00 4.642000e-02  3.094667e-02  5.000000e-01 3.046229e-06 8.000000e-04 2.937141e+06 3.180203e+01 2.288802e+01 6.923341e+01 1.362022e-09 4.140787e-09 1.429323e-09 2.844668e-08 1.093238e-07
1.250000e+00 4.642000e-02  3.094667e-02  5.000000e-01 3.127399e-06 8.000000e-04 2.937141e+06 3.180203e+01 2.288802e+01 6.923341e+01 1.414430e-09 4.347326e-09 1.506509e-09 2.998287e-08 1.152275e-07
1.250000e+00 4.642000e-02  3.094667e-02  5.000000e-01 3.210732e-06 8.000000e-04 2.937141e+06 3.180203e+01 2.288802e+01 6.923341e+01 1.593737e-09 4.572547e-09 1.587864e-09 3.160201e-08 1.214501e-07
1.250000e+00 4.642000e-02  3.094667e-02  5.000000e-01 3.296286e-06 8.000000e-04 2.937141e+06 3.180203e+01 2.288802e+01 6.923341e+01 1.663013e-09 4.835093e-09 1.673613e-09 3.330859e-08 1.280087e-07
1.250000e+00 4.642000e-02  3.094667e-02  5.000000e-01 3.384119e-06 8.000000e-04 2.937141e+06 3.180203e+01 2.288802e+01 6.923341e+01 1.707987e-09 5.104863e-09 1.763992e-09 3.510733e-08 1.349214e-07
1.250000e+00 4.642000e-02  3.094667e-02  5.000000e-01 3.474293e-06 8.000000e-04 2.937141e+06 3.180203e+01 2.288802e+01 6.923341e+01 1.769350e-09 5.364953e-09 1.859251e-09 3.700321e-08 1.422075e-07
1.250000e+00 4.642000e-02  3.094667e-02  5.000000e-01 3.566869e-06 8.000000e-04 2.937141e+06 3.180203e+01 2.288802e+01 6.923341e+01 1.944574e-09 5.635872e-09 1.959655e-09 3.900147e-08 1.498870e-07
1.250000e+00 4.642000e-02  3.094667e-02  5.000000e-01 3.661913e-06 8.000000e-04 2.937141e+06 3.180203e+01 2.288802e+01 6.923341e+01 2.095319e-09 5.954937e-09 2.065481e-09 4.110764e-08 1.579813e-07
1.250000e+00 4.642000e-02  3.094667e-02  5.000000e-01 3.759488e-06 8.000000e-04 2.937141e+06 3.180203e+01 2.288802e+01 6.923341e+01 2.201866e-09 6.304108e-09 2.177022e-09 4.332755e-08 1.665126e-07
1.250000e+00 4.642000e-02  3.094667e-02  5.000000e-01 3.859664e-06 8.000000e-04 2.937141e+06 3.180203e+01 2.288802e+01 6.923341e+01 2.303175e-09 6.588648e-09 2.294586e-09 4.566734e-08 1.755047e-07
1.250000e+00 4.642000e-02  3.094667e-02  5.000000e-01 3.962510e-06 8.000000e-04 2.937141e+06 3.180203e+01 2.288802e+01 6.923341e+01 2.450505e-09 6.977819e-09 2.418499e-09 4.813348e-08 1.849823e-07
1.250000e+00 4.642000e-02  3.094667e-02  5.000000e-01 4.068095e-06 8.000000e-04 2.937141e+06 3.180203e+01 2.288802e+01 6.923341e+01 2.519894e-09 7.348904e-09 2.549103e-09 5.073280e-08 1.949718e-07
1.250000e+00 4.642000e-02  3.094667e-02  5.000000e-01 4.176494e-06 8.000000e-04 2.937141e+06 3.180203e+01 2.288802e+01 6.923341e+01 2.681253e-09 7.745991e-09 2.686761e-09 5.347248e-08 2.055007e-07
1.250000e+00 4.642000e-02  3.094667e-02  5.000000e-01 4.287782e-06 8.000000e-04 2.937141e+06 3.180203e+01 2.288802e+01 6.923341e+01 2.814467e-09 8.145237e-09 2.831852e-09 5.636012e-08 2.165983e-07
1.250000e+00 4.642000e-02  3.094667e-02  5.000000e-01 4.402035e-06 8.000000e-04 2.937141e+06 3.180203e+01 2.288802e+01 6.923341e+01 2.973940e-09 8.621486e-09 2.984779e-09 5.940370e-08 2.282951e-07
1.250000e+00 4.642000e-02  3.094667e-02  5.000000e-01 4.519332e-06 8.000000e-04 2.937141e+06 3.180203e+01 2.288802e+01 6.923341e+01 3.158690e-09 9.069860e-09 3.145964e-09 6.261164e-08 2.406235e-07
1.250000e+00 4.642000e-02  3.094667e-02  5.000000e-01 4.639755e-06 8.000000e-04 2.937141e+06 3.180203e+01 2.288802e+01 6.923341e+01 3.253542e-09 9.588551e-09 3.315853e-09 6.599281e-08 2.536178e-07
1.250000e+00 4.642000e-02  3.094667e-02  5.000000e-01 4.763386e-06 8.000000e-04 2.937141e+06 3.180203e+01 2.288802e+01 6.923341e+01 3.488092e-09 1.006952e-08 3.494917e-09 6.955657e-08 2.673137e-07
1.250000e+00 4.642000e-02  3.094667e-02  5.000000e-01 4.890312e-06 8.000000e-04 2.937141e+06 3.180203e+01 2.288802e+01 6.923341e+01 3.685924e-09 1.058639e-08 3.683650e-09 7.331279e-08 2.817493e-07
1.250000e+00 4.642000e-02  3.094667e-02  5.000000e-01 5.020620e-06 8.000000e-04 2.937141e+06 3.180203e+01 2.288802e+01 6.923341e+01 3.691748e-09 1.119298e-08 3.882576e-09 7.727185e-08 2.969644e-07
1.250000e+00 4.642000e-02  3.094667e-02  5.000000e-01 5.154400e-06 8.000000e-04 2.937141e+06 3.180203e+01 2.288802e+01 6.923341e+01 4.074427e-09 1.182238e-08 4.092244e-09 8.144471e-08 3.130011e-07
1.250000e+00 4.642000e-02  3.094667e-02  5.000000e-01 5.291745e-06 8.000000e-04 2.937141e+06 3.180203e+01 2.288802e+01 6.923341e+01 4.318860e-09 1.245561e-08 4.313234e-09 8.584291e-08 3.299039e-07
1.250000e+00 4.642000e-02  3.094667e-02  5.000000e-01 5.432750e-06 8.000000e-04 2.937141e+06 3.180203e+01 2.288802e+01 6.923341e+01 4.547355e-09 1.308026e-08 4.546159e-09 9.047863e-08 3.477195e-07
1.250000e+00 4.642000e-02  3.094667e-02  5.000000e-01 5.577512e-06 8.000000e-04 2.937141e+06 3.180203e+01 2.288802e+01 6.923341e+01 4.772915e-09 1.376955e-08 4.791662e-09 9.536468e-08 3.664971e-07
1.250000e+00 4.642000e-02  3.094667e-02  5.000000e-01 5.726131e-06 8.000000e-04 2.937141e+06 3.180203e+01 2.288802e+01 6.923341e+01 4.823723e-09 1.455432e-08 5.050423e-09 1.005146e-07 3.862888e-07
1.250000e+00 4.642000e-02  3.094667e-02  5.000000e-01 5.878710e-06 8.000000e-04 2.937141e+06 3.180203e+01 2.288802e+01 6.923341e+01 5.181242e-09 1.536556e-08 5.323158e-09 1.059426e-07 4.071493e-07
1.250000e+00 4.642000e-02  3.094667e-02  5.000000e-01 6.035355e-06 8.000000e-04 2.937141e+06 3.180203e+01 2.288802e+01 6.923341e+01 5.677447e-09 1.620661e-08 5.610620e-09 1.116638e-07 4.291363e-07
1.250000e+00 4.642000e-02  3.094667e-02  5.000000e-01 6.196174e-06 8.000000e-04 2.937141e+06 3.180203e+01 2.288802e+01 6.923341e+01 5.816511e-09 1.703454e-08 5.913607e-09 1.176939e-07 4.523107e-07
1.250000e+00 4.642000e-02  3.094667e-02  5.000000e-01 6.361278e-06 8.000000e-04 2.937141e+06 3.180203e+01 2.288802e+01 6.923341e+01 6.363746e-09 1.794761e-08 6.232955e-09 1.240496e-07 4.767365e-07
1.250000e+00 4.642000e-02  3.094667e-02  5.000000e-01 6.530782e-06 8.000000e-04 2.937141e+06 3.180203e+01 2.288802e+01 6.923341e+01 6.441983e-09 1.896425e-08 6.569549e-09 1.307486e-07 5.024814e-07
1.250000e+00 4.642000e-02  3.094667e-02  5.000000e-01 6.704802e-06 8.000000e-04 2.937141e+06 3.180203e+01 2.288802e+01 6.923341e+01 6.878383e-09 1.999290e-08 6.924320e-09 1.378093e-07 5.296165e-07
1.250000e+00 4.642000e-02  3.094667e-02  5.000000e-01 6.883459e-06 8.000000e-04 2.937141e+06 3.180203e+01 2.288802e+01 6.923341e+01 7.302850e-09 2.097982e-08 7.298249e-09 1.452513e-07 5.582170e-07
1.250000e+00 4.642000e-02  3.094667e-02  5.000000e-01 7.066877e-06 8.000000e-04 2.937141e+06 3.180203e+01 2.288802e+01 6.923341e+01 7.701001e-09 2.207854e-08 7.692372e-09 1.530952e-07 5.883621e-07
1.250000e+00 4.642000e-02  3.094667e-02  5.000000e-01 7.255182e-06 8.000000e-04 2.937141e+06 3.180203e+01 2.288802e+01 6.923341e+01 7.691956e-09 2.335657e-08 8.107778e-09 1.613627e-07 6.201350e-07
1.250000e+00 4.642000e-02  3.094667e-02  5.000000e-01 7.448504e-06 8.000000e-04 2.937141e+06 3.180203e+01 2.288802e+01 6.923341e+01 8.741397e-09 2.464551e-08 8.545616e-09 1.700767e-07 6.536237e-07
1.250000e+00 4.642000e-02  3.094667e-02  5.000000e-01 7.646978e-06 8.000000e-04 2.937141e+06 3.180203e+01 2.288802e+01 6.923341e+01 8.941040e-09 2.594767e-08 9.007099e-09 1.792612e-07 6.889209e-07
1.250000e+00 4.642000e-02  3.094667e-02  5.000000e-01 7.850741e-06 8.000000e-04 2.937141e+06 3.180203e+01 2.288802e+01 6.923341e+01 9.508418e-09 2.737886e-08 9.493503e-09 1.889417e-07 7.261242e-07
1.250000e+00 4.642000e-02  3.094667e-02  5.000000e-01 8.059933e-06 8.000000e-04 2.937141e+06 3.180203e+01 2.288802e+01 6.923341e+01 1.012024e-08 2.886794e-08 1.000617e-08 1.991450e-07 7.653366e-07
1.250000e+00 4.642000e-02  3.094667e-02  5.000000e-01 8.274699e-06 8.000000e-04 2.937141e+06 3.180203e+01 2.288802e+01 6.923341e+01 1.030958e-08 3.040584e-08 1.054653e-08 2.098993e-07 8.066665e-07
1.250000e+00 4.642000e-02  3.094667e-02  5.000000e-01 8.495188e-06 8.000000e-04 2.937141e+06 3.180203e+01 2.288802e+01 6.923341e+01 1.059958e-08 3.207532e-08 1.111607e-08 2.212344e-07 8.502284e-07
1.250000e+00 4.642000e-02  3.094667e-02  5.000000e-01 8.721552e-06 8.000000e-04 2.937141e+06 3.180203e+01 2.288802e+01 6.923341e+01 1.104971e-08 3.367632e-08 1.171636e-08 2.331815e-07 8.961427e-07
1.250000e+00 4.642000e-02  3.094667e-02  5.000000e-01 8.953948e-06 8.000000e-04 2.937141e+06 3.180203e+01 2.288802e+01 6.923341e+01 1.169189e-08 3.547045e-08 1.234907e-08 2.457739e-07 9.445365e-07
1.250000e+00 4.642000e-02  3.094667e-02  5.000000e-01 9.192536e-06 8.000000e-04 2.937141e+06 3.180203e+01 2.288802e+01 6.923341e+01 1.311762e-08 3.744708e-08 1.301595e-08 2.590462e-07 9.955436e-07
1.250000e+00 4.642000e-02  3.094667e-02  5.000000e-01 9.437481e-06 8.000000e-04 2.937141e+06 3.180203e+01 2.288802e+01 6.923341e+01 1.373790e-08 3.976357e-08 1.371884e-08 2.730353e-07 1.049305e-06
1.250000e+00 4.642000e-02  3.094667e-02  5.000000e-01 9.688954e-06 8.000000e-04 2.937141e+06 3.180203e+01 2.288802e+01 6.923341e+01 1.393293e-08 4.169757e-08 1.445969e-08 2.877799e-07 1.105970e-06
1.250000e+00 4.642000e-02  3.094667e-02  5.000000e-01 9.947127e-06 8.000000e-04 2.937141e+06 3.180203e+01 2.288802e+01 6.923341e+01 1.505651e-08 4.391794e-08 1.524055e-08 3.033206e-07 1.165695e-06
1.250000e+00 4.642000e-02  3.094667e-02  5.000000e-01 1.021218e-05 8.000000e-04 2.937141e+06 3.180203e+01 2.288802e+01 6.923341e+01 1.618176e-08 4.605317e-08 1.606357e-08 3.197006e-07 1.228645e-06
1.250000e+00 4.642000e-02  3.094667e-02  5.000000e-01 1.048430e-05 8.000000e-04 2.937141e+06 3.180203e+01 2.288802e+01 6.923341e+01 1.657106e-08 4.878310e-08 1.693104e-08 3.369652e-07 1.294995e-06
1.250000e+00 4.642000e-02  3.094667e-02  5.000000e-01 1.076366e-05 8.000000e-04 2.937141e+06 3.180203e+01 2.288802e+01 6.923341e+01 1.733637e-08 5.154171e-08 1.784536e-08 3.551621e-07 1.364928e-06
1.250000e+00 4.642000e-02  3.094667e-02  5.000000e-01 1.105047e-05 8.000000e-04 2.937141e+06 3.180203e+01 2.288802e+01 6.923341e+01 1.872403e-08 5.412052e-08 1.880905e-08 3.743417e-07 1.438637e-06
1.250000e+00 4.642000e-02  3.094667e-02  5.000000e-01 1.134492e-05 8.000000e-04 2.937141e+06 3.180203e+01 2.288802e+01 6.923341e+01 1.973224e-08 5.705750e-08 1.982478e-08 3.945570e-07 1.516327e-06
1.250000e+00 4.642000e-02  3.094667e-02  5.000000e-01 1.164722e-05 8.000000e-04 2.937141e+06 3.180203e+01 2.288802e+01 6.923341e+01 1.934498e-08 6.011833e-08 2.089536e-08 4.158640e-07 1.598212e-06
1.250000e+00 4.642000e-02  3.094667e-02  5.000000e-01 1.195758e-05 8.000000e-04 2.937141e+06 3.180203e+01 2.288802e+01 6.923341e+01 2.220664e-08 6.329624e-08 2.202376e-08 4.383216e-07 1.684519e-06
1.250000e+00 4.642000e-02  3.094667e-02  5.000000e-01 1.227620e-05 8.000000e-04 2.937141e+06 3.180203e+01 2.288802e+01 6.923341e+01 2.194070e-08 6.661775e-08 2.321310e-08 4.619920e-07 1.775487e-06
1.250000e+00 4.642000e-02  3.094667e-02  5.000000e-01 1.260331e-05 8.000000e-04 2.937141e+06 3.180203e+01 2.288802e+01 6.923341e+01 2.472968e-08 7.070849e-08 2.446666e-08 4.869406e-07 1.871367e-06
1.250000e+00 4.642000e-02  3.094667e-02  5.000000e-01 1.293914e-05 8.000000e-04 2.937141e+06 3.180203e+01 2.288802e+01 6.923341e+01 2.602186e-08 7.441662e-08 2.578791e-08 5.132366e-07 1.972426e-06
1.250000e+00 4.642000e-02  3.094667e-02  5.000000e-01 1.328392e-05 8.000000e-04 2.937141e+06 3.180203e+01 2.288802e+01 6.923341e+01 2.740635e-08 7.846333e-08 2.718052e-08 5.409525e-07 2.078941e-06
1.250000e+00 4.642000e-02  3.094667e-02  5.000000e-01 1.363789e-05 8.000000e-04 2.937141e+06 3.180203e+01 2.288802e+01 6.923341e+01 2.904065e-08 8.293339e-08 2.864833e-08 5.701652e-07 2.191209e-06
