1.250000e+00 1.701000e-01  1.134000e-01  5.000000e-01 2.000000e-06 8.000000e-04 4.404286e+03 3.180203e+01 2.288802e+01 6.923341e+01 9.088956e-07 3.638911e-06 1.153941e-06 1.887591e-05 9.187431e-05
1.250000e+00 1.701000e-01  1.134000e-01  5.000000e-01 2.053292e-06 8.000000e-04 4.404286e+03 3.180203e+01 2.288802e+01 6.923341e+01 9.279287e-07 3.837638e-06 1.216257e-06 1.989525e-05 9.683574e-05
1.250000e+00 1.701000e-01  1.134000e-01  5.000000e-01 2.108005e-06 8.000000e-04 4.404286e+03 3.180203e+01 2.288802e+01 6.923341e+01 9.770214e-07 4.060852e-06 1.281938e-06 2.096964e-05 1.020651e-04
1.250000e+00 1.701000e-01  1.134000e-01  5.000000e-01 2.164175e-06 8.000000e-04 4.404286e+03 3.180203e+01 2.288802e+01 6.923341e+01 1.050183e-06 4.278210e-06 1.351165e-06 2.210205e-05 1.075768e-04
1.250000e+00 1.701000e-01  1.134000e-01  5.000000e-01 2.221842e-06 8.000000e-04 4.404286e+03 3.180203e+01 2.288802e+01 6.923341e+01 1.110750e-06 4.488053e-06 1.424131e-06 2.329561e-05 1.133862e-04
1.250000e+00 1.701000e-01  1.134000e-01  5.000000e-01 2.281045e-06 8.000000e-04 4.404286e+03 3.180203e+01 2.288802e+01 6.923341e+01 1.166827e-06 4.746308e-06 1.501038e-06 2.455363e-05 1.195094e-04
1.250000e+00 1.701000e-01  1.134000e-01  5.000000e-01 2.341826e-06 8.000000e-04 4.404286e+03 3.180203e+01 2.288802e+01 6.923341e+01 1.194373e-06 4.987341e-06 1.582097e-06 2.587958e-05 1.259631e-04
1.250000e+00 1.701000e-01  1.134000e-01  5.000000e-01 2.404227e-06 8.000000e-04 4.404286e+03 3.180203e+01 2.288802e+01 6.923341e+01 1.299085e-06 5.288489e-06 1.667534e-06 2.727714e-05 1.327654e-04
1.250000e+00 1.701000e-01  1.134000e-01  5.000000e-01 2.468290e-06 8.000000e-04 4.404286e+03 3.180203e+01 2.288802e+01 6.923341e+01 1.363151e-06 5.589587e-06 1.757585e-06 2.875017e-05 1.399351e-04
1.250000e+00 1.701000e-01  1.134000e-01  5.000000e-01 2.534061e-06 8.000000e-04 4.404286e+03 3.180203e+01 2.288802e+01 6.923341e+01 1.425027e-06 5.874769e-06 1.852498e-06 3.030275e-05 1.474919e-04
1.250000e+00 1.701000e-01  1.134000e-01  5.000000e-01 2.601584e-06 8.000000e-04 4.404286e+03 3.180203e+01 2.288802e+01 6.923341e+01 1.507464e-06 6.177856e-06 1.952538e-06 3.193916e-05 1.554568e-04
1.250000e+00 1.701000e-01  1.134000e-01  5.000000e-01 2.670906e-06 8.000000e-04 4.404286e+03 3.180203e+01 2.288802e+01 6.923341e+01 1.604823e-06 6.495276e-06 2.057979e-06 3.366395e-05 1.638518e-04
1.250000e+00 1.701000e-01  1.134000e-01  5.000000e-01 2.742075e-06 8.000000e-04 4.404286e+03 3.180203e+01 2.288802e+01 6.923341e+01 1.666476e-06 6.875036e-06 2.169115e-06 3.548188e-05 1.727002e-04
1.250000e+00 1.701000e-01  1.134000e-01  5.000000e-01 2.815141e-06 8.000000e-04 4.404286e+03 3.180203e+01 2.288802e+01 6.923341e+01 1.778583e-06 7.206344e-06 2.286252e-06 3.739799e-05 1.820264e-04
1.250000e+00 1.701000e-01  1.134000e-01  5.000000e-01 2.890154e-06 8.000000e-04 4.404286e+03 3.180203e+01 2.288802e+01 6.923341e+01 1.863472e-06 7.566844e-06 2.409715e-06 3.941757e-05 1.918563e-04
1.250000e+00 1.701000e-01  1.134000e-01  5.000000e-01 2.967165e-06 8.000000e-04 4.404286e+03 3.180203e+01 2.288802e+01 6.923341e+01 1.943557e-06 8.003089e-06 2.539845e-06 4.154620e-05 2.022170e-04
1.250000e+00 1.701000e-01  1.134000e-01  5.000000e-01 3.046229e-06 8.000000e-04 4.404286e+03 3.180203e+01 2.288802e+01 6.923341e+01 2.062443e-06 8.469620e-06 2.677003e-06 4.378980e-05 2.131371e-04
1.250000e+00 1.701000e-01  1.134000e-01  5.000000e-01 3.127399e-06 8.000000e-04 4.404286e+03 3.180203e+01 2.288802e+01 6.923341e+01 2.173485e-06 8.930979e-06 2.821567e-06 4.615455e-05 2.246470e-04
1.250000e+00 1.701000e-01  1.134000e-01  5.000000e-01 3.210732e-06 8.000000e-04 4.404286e+03 3.180203e+01 2.288802e+01 6.923341e+01 2.285700e-06 9.428658e-06 2.973938e-06 4.864700e-05 2.367785e-04
1.250000e+00 1.701000e-01  1.134000e-01  5.000000e-01 3.296286e-06 8.000000e-04 4.404286e+03 3.180203e+01 2.288802e+01 6.923341e+01 2.412865e-06 9.911083e-06 3.134538e-06 5.127405e-05 2.495651e-04
1.250000e+00 1.701000e-01  1.134000e-01  5.000000e-01 3.384119e-06 8.000000e-04 4.404286e+03 3.180203e+01 2.288802e+01 6.923341e+01 2.587495e-06 1.043728e-05 3.303810e-06 5.404297e-05 2.630422e-04
1.250000e+00 1.701000e-01  1.134000e-01  5.000000e-01 3.474293e-06 8.000000e-04 4.404286e+03 3.180203e+01 2.288802e+01 6.923341e+01 2.712239e-06 1.097123e-05 3.482223e-06 5.696141e-05 2.772471e-04
1.250000e+00 1.701000e-01  1.134000e-01  5.000000e-01 3.566869e-06 8.000000e-04 4.404286e+03 3.180203e+01 2.288802e+01 6.923341e+01 2.850824e-06 1.160425e-05 3.670271e-06 6.003746e-05 2.922190e-04
1.250000e+00 1.701000e-01  1.134000e-01  5.000000e-01 3.661913e-06 8.000000e-04 4.404286e+03 3.180203e+01 2.288802e+01 6.923341e+01 2.966641e-06 1.221671e-05 3.868474e-06 6.327962e-05 3.079995e-04
1.250000e+00 1.701000e-01  1.134000e-01  5.000000e-01 3.759488e-06 8.000000e-04 4.404286e+03 3.180203e+01 2.288802e+01 6.923341e+01 3.150594e-06 1.283684e-05 4.077381e-06 6.669687e-05 3.246322e-04
1.250000e+00 1.701000e-01  1.134000e-01  5.000000e-01 3.859664e-06 8.000000e-04 4.404286e+03 3.180203e+01 2.288802e+01 6.923341e+01 3.308067e-06 1.351407e-05 4.297569e-06 7.029865e-05 3.421631e-04
1.250000e+00 1.701000e-01  1.134000e-01  5.000000e-01 3.962510e-06 8.000000e-04 4.404286e+03 3.180203e+01 2.288802e+01 6.923341e+01 3.504075e-06 1.430404e-05 4.529648e-06 7.409494e-05 3.606407e-04
1.250000e+00 1.701000e-01  1.134000e-01  5.000000e-01 4.068095e-06 8.000000e-04 4.404286e+03 3.180203e+01 2.288802e+01 6.923341e+01 3.653827e-06 1.496502e-05 4.774259e-06 7.809624e-05 3.801161e-04
1.250000e+00 1.701000e-01  1.134000e-01  5.000000e-01 4.176494e-06 8.000000e-04 4.404286e+03 3.180203e+01 2.288802e+01 6.923341e+01 3.854789e-06 1.589343e-05 5.032080e-06 8.231362e-05 4.006433e-04
1.250000e+00 1.701000e-01  1.134000e-01  5.000000e-01 4.287782e-06 8.000000e-04 4.404286e+03 3.180203e+01 2.288802e+01 6.923341e+01 4.114374e-06 1.671094e-05 5.303824e-06 8.675874e-05 4.222790e-04
1.250000e+00 1.701000e-01  1.134000e-01  5.000000e-01 4.402035e-06 8.000000e-04 4.404286e+03 3.180203e+01 2.288802e+01 6.923341e+01 4.405351e-06 1.758424e-05 5.590243e-06 9.144391e-05 4.450830e-04
1.250000e+00 1.701000e-01  1.134000e-01  5.000000e-01 4.519332e-06 8.000000e-04 4.404286e+03 3.180203e+01 2.288802e+01 6.923341e+01 4.543266e-06 1.854437e-05 5.892129e-06 9.638210e-05 4.691185e-04
1.250000e+00 1.701000e-01  1.134000e-01  5.000000e-01 4.639755e-06 8.000000e-04 4.404286e+03 3.180203e+01 2.288802e+01 6.923341e+01 4.705569e-06 1.957404e-05 6.210317e-06 1.015870e-04 4.944520e-04
1.250000e+00 1.701000e-01  1.134000e-01  5.000000e-01 4.763386e-06 8.000000e-04 4.404286e+03 3.180203e+01 2.288801e+01 6.923341e+01 5.053932e-06 2.056784e-05 6.545689e-06 1.070729e-04 5.211535e-04
1.250000e+00 1.701000e-01  1.134000e-01  5.000000e-01 4.890312e-06 8.000000e-04 4.404286e+03 3.180203e+01 2.288801e+01 6.923341e+01 5.253463e-06 2.176000e-05 6.899171e-06 1.128551e-04 5.492970e-04
1.250000e+00 1.701000e-01  1.134000e-01  5.000000e-01 5.020620e-06 8.000000e-04 4.404286e+03 3.180203e+01 2.288801e+01 6.923341e+01 5.570241e-06 2.289943e-05 7.271742e-06 1.189495e-04 5.789603e-04
1.250000e+00 1.701000e-01  1.134000e-01  5.000000e-01 5.154400e-06 8.000000e-04 4.404286e+03 3.180203e+01 2.288801e+01 6.923341e+01 5.946779e-06 2.422566e-05 7.664433e-06 1.253730e-04 6.102255e-04
1.250000e+00 1.701000e-01  1.134000e-01  5.000000e-01 5.291745e-06 8.000000e-04 4.404286e+03 3.180203e+01 2.288801e+01 6.923341e+01 6.128037e-06 2.536923e-05 8.078330e-06 1.321435e-04 6.431791e-04
1.250000e+00 1.701000e-01  1.134000e-01  5.000000e-01 5.432750e-06 8.000000e-04 4.404286e+03 3.180203e+01 2.288801e+01 6.923341e+01 6.613955e-06 2.698869e-05 8.514579e-06 1.392795e-04 6.779123e-04
1.250000e+00 1.701000e-01  1.134000e-01  5.000000e-01 5.577512e-06 8.000000e-04 4.404286e+03 3.180203e+01 2.288801e+01 6.923341e+01 7.011830e-06 2.819376e-05 8.974386e-06 1.468010e-04 7.145211e-04
1.250000e+00 1.701000e-01  1.134000e-01  5.000000e-01 5.726131e-06 8.000000e-04 4.404286e+03 3.180203e+01 2.288801e+01 6.923341e+01 7.392865e-06 2.975034e-05 9.459024e-06 1.547285e-04 7.531069e-04
1.250000e+00 1.701000e-01  1.134000e-01  5.000000e-01 5.878710e-06 8.000000e-04 4.404286e+03 3.180203e+01 2.288801e+01 6.923341e+01 7.612633e-06 3.154900e-05 9.969833e-06 1.630842e-04 7.937764e-04
1.250000e+00 1.701000e-01  1.134000e-01  5.000000e-01 6.035355e-06 8.000000e-04 4.404286e+03 3.180203e+01 2.288801e+01 6.923341e+01 8.049982e-06 3.307068e-05 1.050823e-05 1.718912e-04 8.366422e-04
1.250000e+00 1.701000e-01  1.134000e-01  5.000000e-01 6.196174e-06 8.000000e-04 4.404286e+03 3.180203e+01 2.288801e+01 6.923341e+01 8.621322e-06 3.499685e-05 1.107570e-05 1.811737e-04 8.818228e-04
1.250000e+00 1.701000e-01  1.134000e-01  5.000000e-01 6.361278e-06 8.000000e-04 4.404286e+03 3.180203e+01 2.288801e+01 6.923340e+01 8.944234e-06 3.693958e-05 1.167381e-05 1.909575e-04 9.294433e-04
1.250000e+00 1.701000e-01  1.134000e-01  5.000000e-01 6.530782e-06 8.000000e-04 4.404286e+03 3.180203e+01 2.288801e+01 6.923340e+01 9.560799e-06 3.887536e-05 1.230422e-05 2.012696e-04 9.796354e-04
1.250000e+00 1.701000e-01  1.134000e-01  5.000000e-01 6.704802e-06 8.000000e-04 4.404286e+03 3.180203e+01 2.288801e+01 6.923340e+01 9.997763e-06 4.064436e-05 1.296868e-05 2.121387e-04 1.032538e-03
1.250000e+00 1.701000e-01  1.134000e-01  5.000000e-01 6.883459e-06 8.000000e-04 4.404286e+03 3.180203e+01 2.288801e+01 6.923340e+01 1.068045e-05 4.332807e-05 1.366902e-05 2.235946e-04 1.088297e-03
1.250000e+00 1.701000e-01  1.134000e-01  5.000000e-01 7.066877e-06 8.000000e-04 4.404286e+03 3.180203e+01 2.288801e+01 6.923340e+01 1.108640e-05 4.554329e-05 1.440717e-05 2.356693e-04 1.147068e-03
1.250000e+00 1.701000e-01  1.134000e-01  5.000000e-01 7.255182e-06 8.000000e-04 4.404286e+03 3.180203e+01 2.288801e+01 6.923340e+01 1.172527e-05 4.771290e-05 1.518519e-05 2.483959e-04 1.209012e-03
1.250000e+00 1.701000e-01  1.134000e-01  5.000000e-01 7.448504e-06 8.000000e-04 4.404286e+03 3.180203e+01 2.288801e+01 6.923340e+01 1.229540e-05 5.020223e-05 1.600523e-05 2.618099e-04 1.274302e-03
1.250000e+00 1.701000e-01  1.134000e-01  5.000000e-01 7.646978e-06 8.000000e-04 4.404286e+03 3.180203e+01 2.288801e+01 6.923340e+01 1.297499e-05 5.308826e-05 1.686955e-05 2.759482e-04 1.343117e-03
1.250000e+00 1.701000e-01  1.134000e-01  5.000000e-01 7.850741e-06 8.000000e-04 4.404286e+03 3.180203e+01 2.288801e+01 6.923340e+01 1.368337e-05 5.611154e-05 1.778054e-05 2.908501e-04 1.415648e-03
1.250000e+00 1.701000e-01  1.134000e-01  5.000000e-01 8.059933e-06 8.000000e-04 4.404286e+03 3.180203e+01 2.288800e+01 6.923340e+01 1.419447e-05 5.930495e-05 1.874074e-05 3.065567e-04 1.492097e-03
1.250000e+00 1.701000e-01  1.134000e-01  5.000000e-01 8.274699e-06 8.000000e-04 4.404286e+03 3.180203e+01 2.288800e+01 6.923340e+01 1.517117e-05 6.242076e-05 1.975278e-05 3.231114e-04 1.572673e-03
1.250000e+00 1.701000e-01  1.134000e-01  5.000000e-01 8.495188e-06 8.000000e-04 4.404286e+03 3.180203e+01 2.288800e+01 6.923340e+01 1.607968e-05 6.599277e-05 2.081947e-05 3.405602e-04 1.657601e-03
1.250000e+00 1.701000e-01  1.134000e-01  5.000000e-01 8.721552e-06 8.000000e-04 4.404286e+03 3.180203e+01 2.288800e+01 6.923340e+01 1.691162e-05 6.912696e-05 2.194377e-05 3.589512e-04 1.747116e-03
1.250000e+00 1.701000e-01  1.134000e-01  5.000000e-01 8.953948e-06 8.000000e-04 4.404286e+03 3.180203e+01 2.288800e+01 6.923340e+01 1.780787e-05 7.307363e-05 2.312879e-05 3.783354e-04 1.841464e-03
1.250000e+00 1.701000e-01  1.134000e-01  5.000000e-01 9.192536e-06 8.000000e-04 4.404286e+03 3.180203e+01 2.288800e+01 6.923340e+01 1.879588e-05 7.685900e-05 2.437780e-05 3.987664e-04 1.940907e-03
1.250000e+00 1.701000e-01  1.134000e-01  5.000000e-01 9.437481e-06 8.000000e-04 4.404286e+03 3.180203e+01 2.288800e+01 6.923340e+01 1.961076e-05 8.121331e-05 2.569425e-05 4.203007e-04 2.045721e-03
1.250000e+00 1.701000e-01  1.134000e-01  5.000000e-01 9.688954e-06 8.000000e-04 4.404286e+03 3.180203e+01 2.288800e+01 6.923340e+01 2.089515e-05 8.579625e-05 2.708180e-05 4.429979e-04 2.156194e-03
1.250000e+00 1.701000e-01  1.134000e-01  5.000000e-01 9.947127e-06 8.000000e-04 4.404286e+03 3.180203e+01 2.288800e+01 6.923340e+01 2.184297e-05 8.960594e-05 2.854428e-05 4.669208e-04 2.272634e-03
1.250000e+00 1.701000e-01  1.134000e-01  5.000000e-01 1.021218e-05 8.000000e-04 4.404286e+03 3.180203e+01 2.288800e+01 6.923339e+01 2.311559e-05 9.505712e-05 3.008574e-05 4.921356e-04 2.395361e-03
1.250000e+00 1.701000e-01  1.134000e-01  5.000000e-01 1.048430e-05 8.000000e-04 4.404286e+03 3.180203e+01 2.288799e+01 6.923339e+01 2.455956e-05 9.975319e-05 3.171044e-05 5.187121e-04 2.524716e-03
1.250000e+00 1.701000e-01  1.134000e-01  5.000000e-01 1.076366e-05 8.000000e-04 4.404286e+03 3.180203e+01 2.288799e+01 6.923339e+01 2.583546e-05 1.059996e-04 3.342288e-05 5.467238e-04 2.661057e-03
1.250000e+00 1.701000e-01  1.134000e-01  5.000000e-01 1.105047e-05 8.000000e-04 4.404286e+03 3.180203e+01 2.288799e+01 6.923339e+01 2.674035e-05 1.107569e-04 3.522779e-05 5.762481e-04 2.804760e-03
1.250000e+00 1.701000e-01  1.134000e-01  5.000000e-01 1.134492e-05 8.000000e-04 4.404286e+03 3.180203e+01 2.288799e+01 6.923339e+01 2.855706e-05 1.170142e-04 3.713017e-05 6.073668e-04 2.956224e-03
1.250000e+00 1.701000e-01  1.134000e-01  5.000000e-01 1.164722e-05 8.000000e-04 4.404286e+03 3.180203e+01 2.288799e+01 6.923339e+01 2.993431e-05 1.231592e-04 3.913529e-05 6.401661e-04 3.115866e-03
1.250000e+00 1.701000e-01  1.134000e-01  5.000000e-01 1.195758e-05 8.000000e-04 4.404286e+03 3.180203e+01 2.288799e+01 6.923339e+01 3.218817e-05 1.302495e-04 4.124868e-05 6.747365e-04 3.284130e-03
1.250000e+00 1.701000e-01  1.134000e-01  5.000000e-01 1.227620e-05 8.000000e-04 4.404286e+03 3.180203e+01 2.288798e+01 6.923339e+01 3.323426e-05 1.374838e-04 4.347621e-05 7.111738e-04 3.461481e-03
1.250000e+00 1.701000e-01  1.134000e-01  5.000000e-01 1.260331e-05 8.000000e-04 4.404286e+03 3.180203e+01 2.288798e+01 6.923339e+01 3.528783e-05 1.440374e-04 4.582402e-05 7.495789e-04 3.648409e-03
1.250000e+00 1.701000e-01  1.134000e-01  5.000000e-01 1.293914e-05 8.000000e-04 4.404286e+03 3.180203e+01 2.288798e+01 6.923338e+01 3.691834e-05 1.523917e-04 4.829862e-05 7.900578e-04 3.845432e-03
1.250000e+00 1.701000e-01  1.134000e-01  5.000000e-01 1.328392e-05 8.000000e-04 4.404286e+03 3.180203e+01 2.288798e+01 6.923338e+01 3.863489e-05 1.605093e-04 5.090686e-05 8.327228e-04 4.053094e-03
1.250000e+00 1.701000e-01  1.134000e-01  5.000000e-01 1.363789e-05 8.000000e-04 4.404286e+03 3.180203e+01 2.288798e+01 6.923338e+01 4.135311e-05 1.682290e-04 5.365595e-05 8.776918e-04 4.271970e-03
1.250000e+00 1.701000e-01  1.134000e-01  5.000000e-01 1.400128e-05 8.000000e-04 4.404286e+03 3.180203e+01 2.288797e+01 6.923338e+01 4.379194e-05 1.781101e-04 5.655350e-05 9.250891e-04 4.502667e-03
1.250000e+00 1.701000e-01  1.134000e-01  5.000000e-01 1.437436e-05 8.000000e-04 4.404286e+03 3.180203e+01 2.288797e+01 6.923338e+01 4.576313e-05 1.900549e-04 5.960751e-05 9.750461e-04 4.745821e-03
