6.000000e-02 1.343000e-01  8.953333e-02  5.000000e-01 2.000000e-06 8.000000e-04 3.919635e-02 3.179745e+01 2.218286e+01 6.880756e+01 5.022948e-02 2.616012e+00 2.361969e-01 7.767731e-01 1.454372e+01
6.000000e-02 1.343000e-01  8.953333e-02  5.000000e-01 2.053292e-06 8.000000e-04 3.919635e-02 3.179707e+01 2.214170e+01 6.878550e+01 5.347661e-02 2.763896e+00 2.489521e-01 8.187206e-01 1.532911e+01
6.000000e-02 1.343000e-01  8.953333e-02  5.000000e-01 2.108005e-06 8.000000e-04 3.919635e-02 3.179684e+01 2.209945e+01 6.874816e+01 5.604111e-02 2.910412e+00 2.623960e-01 8.629334e-01 1.615692e+01
6.000000e-02 1.343000e-01  8.953333e-02  5.000000e-01 2.164175e-06 8.000000e-04 3.919635e-02 3.179664e+01 2.206484e+01 6.873585e+01 5.936142e-02 3.053575e+00 2.765660e-01 9.095338e-01 1.702943e+01
6.000000e-02 1.343000e-01  8.953333e-02  5.000000e-01 2.221842e-06 8.000000e-04 3.919635e-02 3.179628e+01 2.201519e+01 6.870800e+01 6.250705e-02 3.226975e+00 2.915012e-01 9.586508e-01 1.794906e+01
6.000000e-02 1.343000e-01  8.953333e-02  5.000000e-01 2.281045e-06 8.000000e-04 3.919635e-02 3.179610e+01 2.197583e+01 6.867752e+01 6.519862e-02 3.391619e+00 3.072430e-01 1.010420e+00 1.891835e+01
6.000000e-02 1.343000e-01  8.953333e-02  5.000000e-01 2.341826e-06 8.000000e-04 3.919635e-02 3.179576e+01 2.193113e+01 6.864918e+01 6.915428e-02 3.568780e+00 3.238348e-01 1.064985e+00 1.993998e+01
6.000000e-02 1.343000e-01  8.953333e-02  5.000000e-01 2.404227e-06 8.000000e-04 3.919635e-02 3.179545e+01 2.186676e+01 6.862962e+01 7.272412e-02 3.786632e+00 3.413226e-01 1.122497e+00 2.101679e+01
6.000000e-02 1.343000e-01  8.953333e-02  5.000000e-01 2.468290e-06 8.000000e-04 3.919635e-02 3.179489e+01 2.182055e+01 6.861021e+01 7.738940e-02 3.972287e+00 3.597549e-01 1.183114e+00 2.215175e+01
6.000000e-02 1.343000e-01  8.953333e-02  5.000000e-01 2.534061e-06 8.000000e-04 3.919635e-02 3.179456e+01 2.176534e+01 6.855013e+01 8.087368e-02 4.205271e+00 3.791825e-01 1.247005e+00 2.334799e+01
6.000000e-02 1.343000e-01  8.953333e-02  5.000000e-01 2.601584e-06 8.000000e-04 3.919635e-02 3.179412e+01 2.170641e+01 6.852955e+01 8.550197e-02 4.433905e+00 3.996592e-01 1.314346e+00 2.460884e+01
6.000000e-02 1.343000e-01  8.953333e-02  5.000000e-01 2.670906e-06 8.000000e-04 3.919635e-02 3.179389e+01 2.163828e+01 6.848562e+01 8.996846e-02 4.670750e+00 4.212417e-01 1.385324e+00 2.593777e+01
6.000000e-02 1.343000e-01  8.953333e-02  5.000000e-01 2.742075e-06 8.000000e-04 3.919635e-02 3.179326e+01 2.157933e+01 6.846338e+01 9.548801e-02 4.913282e+00 4.439897e-01 1.460135e+00 2.733847e+01
6.000000e-02 1.343000e-01  8.953333e-02  5.000000e-01 2.815141e-06 8.000000e-04 3.919635e-02 3.179293e+01 2.150739e+01 6.843182e+01 9.973631e-02 5.191353e+00 4.679662e-01 1.538985e+00 2.881481e+01
6.000000e-02 1.343000e-01  8.953333e-02  5.000000e-01 2.890154e-06 8.000000e-04 3.919635e-02 3.179236e+01 2.143875e+01 6.837628e+01 1.054084e-01 5.466805e+00 4.932375e-01 1.622094e+00 3.037088e+01
6.000000e-02 1.343000e-01  8.953333e-02  5.000000e-01 2.967165e-06 8.000000e-04 3.919635e-02 3.179155e+01 2.136784e+01 6.832913e+01 1.122671e-01 5.750778e+00 5.198734e-01 1.709691e+00 3.201097e+01
6.000000e-02 1.343000e-01  8.953333e-02  5.000000e-01 3.046229e-06 8.000000e-04 3.919635e-02 3.179119e+01 2.128759e+01 6.828755e+01 1.173687e-01 6.071428e+00 5.479478e-01 1.802018e+00 3.373964e+01
6.000000e-02 1.343000e-01  8.953333e-02  5.000000e-01 3.127399e-06 8.000000e-04 3.919635e-02 3.179053e+01 2.121665e+01 6.825200e+01 1.242515e-01 6.374181e+00 5.775382e-01 1.899331e+00 3.556166e+01
6.000000e-02 1.343000e-01  8.953333e-02  5.000000e-01 3.210732e-06 8.000000e-04 3.919635e-02 3.178995e+01 2.113480e+01 6.821104e+01 1.302528e-01 6.717704e+00 6.087266e-01 2.001900e+00 3.748207e+01
6.000000e-02 1.343000e-01  8.953333e-02  5.000000e-01 3.296286e-06 8.000000e-04 3.919635e-02 3.178938e+01 2.102908e+01 6.814909e+01 1.376350e-01 7.120346e+00 6.415993e-01 2.110007e+00 3.950619e+01
6.000000e-02 1.343000e-01  8.953333e-02  5.000000e-01 3.384119e-06 8.000000e-04 3.919635e-02 3.178883e+01 2.095173e+01 6.812408e+01 1.448696e-01 7.473414e+00 6.762471e-01 2.223952e+00 4.163962e+01
6.000000e-02 1.343000e-01  8.953333e-02  5.000000e-01 3.474293e-06 8.000000e-04 3.919635e-02 3.178806e+01 2.083248e+01 6.805740e+01 1.530050e-01 7.904416e+00 7.127660e-01 2.344051e+00 4.388825e+01
6.000000e-02 1.343000e-01  8.953333e-02  5.000000e-01 3.566869e-06 8.000000e-04 3.919635e-02 3.178733e+01 2.072857e+01 6.800465e+01 1.606830e-01 8.353020e+00 7.512570e-01 2.470635e+00 4.625832e+01
6.000000e-02 1.343000e-01  8.953333e-02  5.000000e-01 3.661913e-06 8.000000e-04 3.919635e-02 3.178632e+01 2.063142e+01 6.797353e+01 1.697700e-01 8.779250e+00 7.918267e-01 2.604055e+00 4.875637e+01
6.000000e-02 1.343000e-01  8.953333e-02  5.000000e-01 3.759488e-06 8.000000e-04 3.919635e-02 3.178545e+01 2.049245e+01 6.788326e+01 1.791354e-01 9.277930e+00 8.345871e-01 2.744680e+00 5.138933e+01
6.000000e-02 1.343000e-01  8.953333e-02  5.000000e-01 3.859664e-06 8.000000e-04 3.919635e-02 3.178455e+01 2.038113e+01 6.783075e+01 1.895407e-01 9.757520e+00 8.796568e-01 2.892899e+00 5.416447e+01
6.000000e-02 1.343000e-01  8.953333e-02  5.000000e-01 3.962510e-06 8.000000e-04 3.919635e-02 3.178396e+01 2.028817e+01 6.779042e+01 1.979369e-01 1.023457e+01 9.271603e-01 3.049122e+00 5.708948e+01
6.000000e-02 1.343000e-01  8.953333e-02  5.000000e-01 4.068095e-06 8.000000e-04 3.919635e-02 3.178264e+01 2.015620e+01 6.772687e+01 2.104701e-01 1.085128e+01 9.772290e-01 3.213782e+00 6.017244e+01
6.000000e-02 1.343000e-01  8.953333e-02  5.000000e-01 4.176494e-06 8.000000e-04 3.919635e-02 3.178181e+01 2.002224e+01 6.765512e+01 2.203166e-01 1.137520e+01 1.030002e+00 3.387333e+00 6.342189e+01
6.000000e-02 1.343000e-01  8.953333e-02  5.000000e-01 4.287782e-06 8.000000e-04 3.919635e-02 3.178081e+01 1.986234e+01 6.760112e+01 2.309581e-01 1.207885e+01 1.085624e+00 3.570257e+00 6.684682e+01
6.000000e-02 1.343000e-01  8.953333e-02  5.000000e-01 4.402035e-06 8.000000e-04 3.919635e-02 3.177950e+01 1.973067e+01 6.754695e+01 2.460224e-01 1.272486e+01 1.144250e+00 3.763059e+00 7.045671e+01
6.000000e-02 1.343000e-01  8.953333e-02  5.000000e-01 4.519332e-06 8.000000e-04 3.919635e-02 3.177853e+01 1.956663e+01 6.746145e+01 2.582198e-01 1.338347e+01 1.206043e+00 3.966273e+00 7.426153e+01
6.000000e-02 1.343000e-01  8.953333e-02  5.000000e-01 4.639755e-06 8.000000e-04 3.919635e-02 3.177723e+01 1.942060e+01 6.742266e+01 2.716600e-01 1.406971e+01 1.271172e+00 4.180461e+00 7.827183e+01
6.000000e-02 1.343000e-01  8.953333e-02  5.000000e-01 4.763386e-06 8.000000e-04 3.919635e-02 3.177520e+01 1.925646e+01 6.732126e+01 2.876100e-01 1.481271e+01 1.339818e+00 4.406216e+00 8.249869e+01
6.000000e-02 1.343000e-01  8.953333e-02  5.000000e-01 4.890312e-06 8.000000e-04 3.919635e-02 3.177469e+01 1.909188e+01 6.726222e+01 2.990558e-01 1.561169e+01 1.412171e+00 4.644162e+00 8.695381e+01
6.000000e-02 1.343000e-01  8.953333e-02  5.000000e-01 5.020620e-06 8.000000e-04 3.919635e-02 3.177291e+01 1.891242e+01 6.721176e+01 3.166066e-01 1.655120e+01 1.488432e+00 4.894957e+00 9.164951e+01
6.000000e-02 1.343000e-01  8.953333e-02  5.000000e-01 5.154400e-06 8.000000e-04 3.919635e-02 3.177106e+01 1.874076e+01 6.715673e+01 3.375433e-01 1.732489e+01 1.568810e+00 5.159296e+00 9.659880e+01
6.000000e-02 1.343000e-01  8.953333e-02  5.000000e-01 5.291745e-06 8.000000e-04 3.919635e-02 3.176978e+01 1.853266e+01 6.709253e+01 3.533082e-01 1.833741e+01 1.653530e+00 5.437910e+00 1.018154e+02
6.000000e-02 1.343000e-01  8.953333e-02  5.000000e-01 5.432750e-06 8.000000e-04 3.919635e-02 3.176813e+01 1.836392e+01 6.702693e+01 3.698774e-01 1.926908e+01 1.742824e+00 5.731570e+00 1.073136e+02
6.000000e-02 1.343000e-01  8.953333e-02  5.000000e-01 5.577512e-06 8.000000e-04 3.919635e-02 3.176620e+01 1.814244e+01 6.693027e+01 3.933044e-01 2.033286e+01 1.836941e+00 6.041088e+00 1.131088e+02
6.000000e-02 1.343000e-01  8.953333e-02  5.000000e-01 5.726131e-06 8.000000e-04 3.919635e-02 3.176443e+01 1.792667e+01 6.687847e+01 4.118300e-01 2.149109e+01 1.936140e+00 6.367320e+00 1.192169e+02
6.000000e-02 1.343000e-01  8.953333e-02  5.000000e-01 5.878710e-06 8.000000e-04 3.919635e-02 3.176178e+01 1.772066e+01 6.683829e+01 4.359362e-01 2.255546e+01 2.040696e+00 6.711170e+00 1.256549e+02
6.000000e-02 1.343000e-01  8.953333e-02  5.000000e-01 6.035355e-06 8.000000e-04 3.919635e-02 3.175908e+01 1.755014e+01 6.678432e+01 4.623924e-01 2.368166e+01 2.150898e+00 7.073589e+00 1.324406e+02
6.000000e-02 1.343000e-01  8.953333e-02  5.000000e-01 6.196174e-06 8.000000e-04 3.919635e-02 3.175737e+01 1.729867e+01 6.673675e+01 4.866033e-01 2.526481e+01 2.267051e+00 7.455579e+00 1.395927e+02
6.000000e-02 1.343000e-01  8.953333e-02  5.000000e-01 6.361278e-06 8.000000e-04 3.919635e-02 3.175511e+01 1.709360e+01 6.670765e+01 5.105365e-01 2.636267e+01 2.389477e+00 7.858198e+00 1.471310e+02
6.000000e-02 1.343000e-01  8.953333e-02  5.000000e-01 6.530782e-06 8.000000e-04 3.919635e-02 3.175300e+01 1.683894e+01 6.662437e+01 5.357725e-01 2.777204e+01 2.518515e+00 8.282558e+00 1.550764e+02
6.000000e-02 1.343000e-01  8.953333e-02  5.000000e-01 6.704802e-06 8.000000e-04 3.919635e-02 3.174996e+01 1.656437e+01 6.663570e+01 5.682397e-01 2.945312e+01 2.654520e+00 8.729836e+00 1.634509e+02
6.000000e-02 1.343000e-01  8.953333e-02  5.000000e-01 6.883459e-06 8.000000e-04 3.919635e-02 3.174670e+01 1.632670e+01 6.660697e+01 5.983585e-01 3.105139e+01 2.797871e+00 9.201267e+00 1.722776e+02
6.000000e-02 1.343000e-01  8.953333e-02  5.000000e-01 7.066877e-06 8.000000e-04 3.919635e-02 3.174382e+01 1.610179e+01 6.661913e+01 6.314434e-01 3.267195e+01 2.948962e+00 9.698157e+00 1.815810e+02
6.000000e-02 1.343000e-01  8.953333e-02  5.000000e-01 7.255182e-06 8.000000e-04 3.919635e-02 3.174193e+01 1.583789e+01 6.663926e+01 6.647456e-01 3.455252e+01 3.108213e+00 1.022188e+01 1.913868e+02
6.000000e-02 1.343000e-01  8.953333e-02  5.000000e-01 7.448504e-06 8.000000e-04 3.919635e-02 3.173758e+01 1.558939e+01 6.666600e+01 7.017929e-01 3.626650e+01 3.276064e+00 1.077388e+01 2.017222e+02
6.000000e-02 1.343000e-01  8.953333e-02  5.000000e-01 7.646978e-06 8.000000e-04 3.919635e-02 3.173479e+01 1.531859e+01 6.659751e+01 7.347333e-01 3.827745e+01 3.452979e+00 1.135570e+01 2.126156e+02
6.000000e-02 1.343000e-01  8.953333e-02  5.000000e-01 7.850741e-06 8.000000e-04 3.919635e-02 3.173115e+01 1.505842e+01 6.673191e+01 7.775751e-01 4.038419e+01 3.639447e+00 1.196893e+01 2.240974e+02
6.000000e-02 1.343000e-01  8.953333e-02  5.000000e-01 8.059933e-06 8.000000e-04 3.919635e-02 3.172569e+01 1.485642e+01 6.679916e+01 8.273578e-01 4.246281e+01 3.835986e+00 1.261528e+01 2.361991e+02
6.000000e-02 1.343000e-01  8.953333e-02  5.000000e-01 8.274699e-06 8.000000e-04 3.919635e-02 3.172329e+01 1.460680e+01 6.695705e+01 8.600554e-01 4.491197e+01 4.043138e+00 1.329654e+01 2.489544e+02
6.000000e-02 1.343000e-01  8.953333e-02  5.000000e-01 8.495188e-06 8.000000e-04 3.919635e-02 3.171841e+01 1.432221e+01 6.701051e+01 9.142125e-01 4.743530e+01 4.261477e+00 1.401458e+01 2.623985e+02
6.000000e-02 1.343000e-01  8.953333e-02  5.000000e-01 8.721552e-06 8.000000e-04 3.919635e-02 3.171356e+01 1.414775e+01 6.724170e+01 9.625679e-01 4.973322e+01 4.491606e+00 1.477140e+01 2.765687e+02
6.000000e-02 1.343000e-01  8.953333e-02  5.000000e-01 8.953948e-06 8.000000e-04 3.919635e-02 3.170940e+01 1.387812e+01 6.733936e+01 1.015530e+00 5.271128e+01 4.734164e+00 1.556909e+01 2.915040e+02
6.000000e-02 1.343000e-01  8.953333e-02  5.000000e-01 9.192536e-06 8.000000e-04 3.919635e-02 3.170417e+01 1.366057e+01 6.763949e+01 1.065267e+00 5.531375e+01 4.989819e+00 1.640986e+01 3.072459e+02
6.000000e-02 1.343000e-01  8.953333e-02  5.000000e-01 9.437481e-06 8.000000e-04 3.919635e-02 3.169957e+01 1.343427e+01 6.794129e+01 1.128238e+00 5.861079e+01 5.259281e+00 1.729603e+01 3.238379e+02
6.000000e-02 1.343000e-01  8.953333e-02  5.000000e-01 9.688954e-06 8.000000e-04 3.919635e-02 3.169310e+01 1.326026e+01 6.819196e+01 1.184716e+00 6.158482e+01 5.543294e+00 1.823005e+01 3.413259e+02
6.000000e-02 1.343000e-01  8.953333e-02  5.000000e-01 9.947127e-06 8.000000e-04 3.919635e-02 3.168832e+01 1.307525e+01 6.853934e+01 1.253040e+00 6.512188e+01 5.842645e+00 1.921452e+01 3.597583e+02
6.000000e-02 1.343000e-01  8.953333e-02  5.000000e-01 1.021218e-05 8.000000e-04 3.919635e-02 3.168081e+01 1.291663e+01 6.874065e+01 1.314014e+00 6.820399e+01 6.158162e+00 2.025215e+01 3.791861e+02
6.000000e-02 1.343000e-01  8.953333e-02  5.000000e-01 1.048430e-05 8.000000e-04 3.919635e-02 3.167459e+01 1.283193e+01 6.928056e+01 1.385260e+00 7.174109e+01 6.490717e+00 2.134581e+01 3.996630e+02
6.000000e-02 1.343000e-01  8.953333e-02  5.000000e-01 1.076366e-05 8.000000e-04 3.919635e-02 3.166854e+01 1.268224e+01 6.965455e+01 1.458632e+00 7.549650e+01 6.841230e+00 2.249853e+01 4.212457e+02
6.000000e-02 1.343000e-01  8.953333e-02  5.000000e-01 1.105047e-05 8.000000e-04 3.919635e-02 3.166089e+01 1.252439e+01 7.012911e+01 1.540948e+00 7.990265e+01 7.210672e+00 2.371351e+01 4.439939e+02
6.000000e-02 1.343000e-01  8.953333e-02  5.000000e-01 1.134492e-05 8.000000e-04 3.919635e-02 3.165345e+01 1.254669e+01 7.067806e+01 1.625351e+00 8.400577e+01 7.600065e+00 2.499409e+01 4.679706e+02
6.000000e-02 1.343000e-01  8.953333e-02  5.000000e-01 1.164722e-05 8.000000e-04 3.919635e-02 3.164703e+01 1.253906e+01 7.153410e+01 1.699921e+00 8.876634e+01 8.010487e+00 2.634383e+01 4.932421e+02
6.000000e-02 1.343000e-01  8.953333e-02  5.000000e-01 1.195758e-05 8.000000e-04 3.919635e-02 3.163884e+01 1.250536e+01 7.205043e+01 1.796916e+00 9.319977e+01 8.443071e+00 2.776646e+01 5.198784e+02
6.000000e-02 1.343000e-01  8.953333e-02  5.000000e-01 1.227620e-05 8.000000e-04 3.919635e-02 3.162855e+01 1.254935e+01 7.303455e+01 1.884629e+00 9.871786e+01 8.899017e+00 2.926591e+01 5.479530e+02
6.000000e-02 1.343000e-01  8.953333e-02  5.000000e-01 1.260331e-05 8.000000e-04 3.919635e-02 3.161754e+01 1.257817e+01 7.371356e+01 2.007904e+00 1.041275e+02 9.379584e+00 3.084634e+01 5.775437e+02
6.000000e-02 1.343000e-01  8.953333e-02  5.000000e-01 1.293914e-05 8.000000e-04 3.919635e-02 3.161087e+01 1.273247e+01 7.466931e+01 2.110069e+00 1.098202e+02 9.886103e+00 3.251211e+01 6.087324e+02
6.000000e-02 1.343000e-01  8.953333e-02  5.000000e-01 1.328392e-05 8.000000e-04 3.919635e-02 3.160080e+01 1.291415e+01 7.575926e+01 2.223221e+00 1.161172e+02 1.041998e+01 3.426784e+01 6.416054e+02
6.000000e-02 1.343000e-01  8.953333e-02  5.000000e-01 1.363789e-05 8.000000e-04 3.919635e-02 3.158549e+01 1.311574e+01 7.675102e+01 2.360483e+00 1.219955e+02 1.098268e+01 3.611838e+01 6.762535e+02
6.000000e-02 1.343000e-01  8.953333e-02  5.000000e-01 1.400128e-05 8.000000e-04 3.919635e-02 3.157643e+01 1.336603e+01 7.799335e+01 2.465973e+00 1.283816e+02 1.157577e+01 3.806886e+01 7.127728e+02
6.000000e-02 1.343000e-01  8.953333e-02  5.000000e-01 1.437436e-05 8.000000e-04 3.919635e-02 3.156156e+01 1.365725e+01 7.904347e+01 2.614285e+00 1.352177e+02 1.220089e+01 4.012466e+01 7.512642e+02
6.000000e-02 1.343000e-01  8.953333e-02  5.000000e-01 1.475738e-05 8.000000e-04 3.919635e-02 3.155317e+01 1.406193e+01 8.057989e+01 2.734577e+00 1.430380e+02 1.285976e+01 4.229149e+01 7.918342e+02
6.000000e-02 1.343000e-01  8.953333e-02  5.000000e-01 1.515061e-05 8.000000e-04 3.919635e-02 3.153634e+01 1.439181e+01 8.157259e+01 2.901819e+00 1.507227e+02 1.355422e+01 4.457533e+01 8.345951e+02
6.000000e-02 1.343000e-01  8.953333e-02  5.000000e-01 1.555432e-05 8.000000e-04 3.919635e-02 3.152305e+01 1.476526e+01 8.284302e+01 3.049481e+00 1.581493e+02 1.428618e+01 4.698250e+01 8.796651e+02
6.000000e-02 1.343000e-01  8.953333e-02  5.000000e-01 1.596878e-05 8.000000e-04 3.919635e-02 3.150904e+01 1.536475e+01 8.448054e+01 3.210907e+00 1.668710e+02 1.505767e+01 4.951966e+01 9.271691e+02
6.000000e-02 1.343000e-01  8.953333e-02  5.000000e-01 1.639429e-05 8.000000e-04 3.919635e-02 3.149131e+01 1.577438e+01 8.586677e+01 3.394140e+00 1.755671e+02 1.587081e+01 5.219384e+01 9.772383e+02
6.000000e-02 1.343000e-01  8.953333e-02  5.000000e-01 1.683113e-05 8.000000e-04 3.919635e-02 3.147851e+01 1.649929e+01 8.775492e+01 3.586649e+00 1.849509e+02 1.672788e+01 5.501242e+01 1.030011e+03
6.000000e-02 1.343000e-01  8.953333e-02  5.000000e-01 1.727962e-05 8.000000e-04 3.919635e-02 3.146381e+01 1.717179e+01 8.942796e+01 3.747061e+00 1.959358e+02 1.763122e+01 5.798322e+01 1.085634e+03
