8.000000e-01 6.615000e-02  4.410000e-02  5.000000e-01 2.000000e-06 8.000000e-04 8.349329e+04 3.180203e+01 2.288802e+01 6.923341e+01 1.687321e-07 4.654143e-07 1.752838e-07 3.555008e-06 1.376577e-05
8.000000e-01 6.615000e-02  4.410000e-02  5.000000e-01 2.053292e-06 8.000000e-04 8.349329e+04 3.180203e+01 2.288802e+01 6.923341e+01 1.730689e-07 4.919681e-07 1.847495e-07 3.746986e-06 1.450916e-05
8.000000e-01 6.615000e-02  4.410000e-02  5.000000e-01 2.108005e-06 8.000000e-04 8.349329e+04 3.180203e+01 2.288802e+01 6.923341e+01 1.846119e-07 5.174490e-07 1.947264e-07 3.949332e-06 1.529268e-05
8.000000e-01 6.615000e-02  4.410000e-02  5.000000e-01 2.164175e-06 8.000000e-04 8.349329e+04 3.180203e+01 2.288802e+01 6.923341e+01 1.899059e-07 5.465795e-07 2.052421e-07 4.162605e-06 1.611852e-05
8.000000e-01 6.615000e-02  4.410000e-02  5.000000e-01 2.221842e-06 8.000000e-04 8.349329e+04 3.180203e+01 2.288802e+01 6.923341e+01 2.026302e-07 5.730448e-07 2.163257e-07 4.387395e-06 1.698896e-05
8.000000e-01 6.615000e-02  4.410000e-02  5.000000e-01 2.281045e-06 8.000000e-04 8.349329e+04 3.180203e+01 2.288802e+01 6.923341e+01 2.153576e-07 6.039638e-07 2.280078e-07 4.624325e-06 1.790640e-05
8.000000e-01 6.615000e-02  4.410000e-02  5.000000e-01 2.341826e-06 8.000000e-04 8.349329e+04 3.180203e+01 2.288802e+01 6.923341e+01 2.243731e-07 6.384771e-07 2.403207e-07 4.874049e-06 1.887339e-05
8.000000e-01 6.615000e-02  4.410000e-02  5.000000e-01 2.404227e-06 8.000000e-04 8.349329e+04 3.180203e+01 2.288802e+01 6.923341e+01 2.375992e-07 6.722616e-07 2.532986e-07 5.137259e-06 1.989260e-05
8.000000e-01 6.615000e-02  4.410000e-02  5.000000e-01 2.468290e-06 8.000000e-04 8.349329e+04 3.180203e+01 2.288802e+01 6.923341e+01 2.517563e-07 7.087342e-07 2.669773e-07 5.414683e-06 2.096684e-05
8.000000e-01 6.615000e-02  4.410000e-02  5.000000e-01 2.534061e-06 8.000000e-04 8.349329e+04 3.180203e+01 2.288802e+01 6.923341e+01 2.629793e-07 7.481631e-07 2.813947e-07 5.707088e-06 2.209910e-05
8.000000e-01 6.615000e-02  4.410000e-02  5.000000e-01 2.601584e-06 8.000000e-04 8.349329e+04 3.180203e+01 2.288802e+01 6.923341e+01 2.798179e-07 7.892291e-07 2.965906e-07 6.015284e-06 2.329251e-05
8.000000e-01 6.615000e-02  4.410000e-02  5.000000e-01 2.670906e-06 8.000000e-04 8.349329e+04 3.180203e+01 2.288802e+01 6.923341e+01 2.917746e-07 8.309510e-07 3.126072e-07 6.340124e-06 2.455035e-05
8.000000e-01 6.615000e-02  4.410000e-02  5.000000e-01 2.742075e-06 8.000000e-04 8.349329e+04 3.180203e+01 2.288802e+01 6.923341e+01 3.064342e-07 8.768291e-07 3.294887e-07 6.682505e-06 2.587613e-05
8.000000e-01 6.615000e-02  4.410000e-02  5.000000e-01 2.815141e-06 8.000000e-04 8.349329e+04 3.180203e+01 2.288802e+01 6.923341e+01 3.195641e-07 9.224161e-07 3.472819e-07 7.043376e-06 2.727350e-05
8.000000e-01 6.615000e-02  4.410000e-02  5.000000e-01 2.890154e-06 8.000000e-04 8.349329e+04 3.180203e+01 2.288802e+01 6.923341e+01 3.446106e-07 9.710664e-07 3.660359e-07 7.423734e-06 2.874633e-05
8.000000e-01 6.615000e-02  4.410000e-02  5.000000e-01 2.967165e-06 8.000000e-04 8.349329e+04 3.180203e+01 2.288802e+01 6.923341e+01 3.594804e-07 1.024933e-06 3.858027e-07 7.824633e-06 3.029870e-05
8.000000e-01 6.615000e-02  4.410000e-02  5.000000e-01 3.046229e-06 8.000000e-04 8.349329e+04 3.180203e+01 2.288802e+01 6.923341e+01 3.870572e-07 1.077148e-06 4.066369e-07 8.247181e-06 3.193490e-05
8.000000e-01 6.615000e-02  4.410000e-02  5.000000e-01 3.127399e-06 8.000000e-04 8.349329e+04 3.180203e+01 2.288802e+01 6.923341e+01 4.029053e-07 1.136410e-06 4.285963e-07 8.692548e-06 3.365946e-05
8.000000e-01 6.615000e-02  4.410000e-02  5.000000e-01 3.210732e-06 8.000000e-04 8.349329e+04 3.180203e+01 2.288802e+01 6.923341e+01 4.241187e-07 1.192313e-06 4.517414e-07 9.161966e-06 3.547715e-05
8.000000e-01 6.615000e-02  4.410000e-02  5.000000e-01 3.296286e-06 8.000000e-04 8.349329e+04 3.180203e+01 2.288802e+01 6.923341e+01 4.474116e-07 1.265418e-06 4.761365e-07 9.656733e-06 3.739300e-05
8.000000e-01 6.615000e-02  4.410000e-02  5.000000e-01 3.384119e-06 8.000000e-04 8.349329e+04 3.180203e+01 2.288802e+01 6.923341e+01 4.788180e-07 1.336352e-06 5.018490e-07 1.017822e-05 3.941230e-05
8.000000e-01 6.615000e-02  4.410000e-02  5.000000e-01 3.474293e-06 8.000000e-04 8.349329e+04 3.180203e+01 2.288802e+01 6.923341e+01 4.954737e-07 1.408354e-06 5.289500e-07 1.072787e-05 4.154066e-05
8.000000e-01 6.615000e-02  4.410000e-02  5.000000e-01 3.566869e-06 8.000000e-04 8.349329e+04 3.180203e+01 2.288802e+01 6.923341e+01 5.180416e-07 1.481833e-06 5.575145e-07 1.130720e-05 4.378395e-05
8.000000e-01 6.615000e-02  4.410000e-02  5.000000e-01 3.661913e-06 8.000000e-04 8.349329e+04 3.180203e+01 2.288802e+01 6.923341e+01 5.541693e-07 1.562139e-06 5.876216e-07 1.191781e-05 4.614839e-05
8.000000e-01 6.615000e-02  4.410000e-02  5.000000e-01 3.759488e-06 8.000000e-04 8.349329e+04 3.180203e+01 2.288802e+01 6.923341e+01 5.806359e-07 1.643917e-06 6.193545e-07 1.256140e-05 4.864051e-05
8.000000e-01 6.615000e-02  4.410000e-02  5.000000e-01 3.859664e-06 8.000000e-04 8.349329e+04 3.180203e+01 2.288802e+01 6.923341e+01 6.015219e-07 1.735013e-06 6.528011e-07 1.323974e-05 5.126721e-05
8.000000e-01 6.615000e-02  4.410000e-02  5.000000e-01 3.962510e-06 8.000000e-04 8.349329e+04 3.180203e+01 2.288802e+01 6.923341e+01 6.335769e-07 1.832590e-06 6.880539e-07 1.395472e-05 5.403575e-05
8.000000e-01 6.615000e-02  4.410000e-02  5.000000e-01 4.068095e-06 8.000000e-04 8.349329e+04 3.180203e+01 2.288802e+01 6.923341e+01 6.687357e-07 1.924818e-06 7.252104e-07 1.470831e-05 5.695381e-05
8.000000e-01 6.615000e-02  4.410000e-02  5.000000e-01 4.176494e-06 8.000000e-04 8.349329e+04 3.180203e+01 2.288802e+01 6.923341e+01 7.178103e-07 2.024252e-06 7.643734e-07 1.550259e-05 6.002945e-05
8.000000e-01 6.615000e-02  4.410000e-02  5.000000e-01 4.287782e-06 8.000000e-04 8.349329e+04 3.180203e+01 2.288802e+01 6.923341e+01 7.575091e-07 2.135753e-06 8.056513e-07 1.633977e-05 6.327118e-05
8.000000e-01 6.615000e-02  4.410000e-02  5.000000e-01 4.402035e-06 8.000000e-04 8.349329e+04 3.180203e+01 2.288802e+01 6.923341e+01 8.028038e-07 2.255678e-06 8.491584e-07 1.722215e-05 6.668796e-05
8.000000e-01 6.615000e-02  4.410000e-02  5.000000e-01 4.519332e-06 8.000000e-04 8.349329e+04 3.180203e+01 2.288802e+01 6.923341e+01 8.493429e-07 2.381706e-06 8.950149e-07 1.815219e-05 7.028927e-05
8.000000e-01 6.615000e-02  4.410000e-02  5.000000e-01 4.639755e-06 8.000000e-04 8.349329e+04 3.180203e+01 2.288802e+01 6.923341e+01 8.915652e-07 2.507906e-06 9.433477e-07 1.913245e-05 7.408505e-05
8.000000e-01 6.615000e-02  4.410000e-02  5.000000e-01 4.763386e-06 8.000000e-04 8.349329e+04 3.180203e+01 2.288802e+01 6.923341e+01 9.578553e-07 2.632576e-06 9.942907e-07 2.016564e-05 7.808582e-05
8.000000e-01 6.615000e-02  4.410000e-02  5.000000e-01 4.890312e-06 8.000000e-04 8.349329e+04 3.180203e+01 2.288802e+01 6.923341e+01 9.997205e-07 2.799768e-06 1.047985e-06 2.125464e-05 8.230263e-05
8.000000e-01 6.615000e-02  4.410000e-02  5.000000e-01 5.020620e-06 8.000000e-04 8.349329e+04 3.180203e+01 2.288802e+01 6.923341e+01 1.033944e-06 2.938766e-06 1.104578e-06 2.240244e-05 8.674716e-05
8.000000e-01 6.615000e-02  4.410000e-02  5.000000e-01 5.154400e-06 8.000000e-04 8.349329e+04 3.180203e+01 2.288802e+01 6.923341e+01 1.099329e-06 3.088503e-06 1.164228e-06 2.361222e-05 9.143171e-05
8.000000e-01 6.615000e-02  4.410000e-02  5.000000e-01 5.291745e-06 8.000000e-04 8.349329e+04 3.180203e+01 2.288802e+01 6.923341e+01 1.140956e-06 3.280005e-06 1.227099e-06 2.488733e-05 9.636923e-05
8.000000e-01 6.615000e-02  4.410000e-02  5.000000e-01 5.432750e-06 8.000000e-04 8.349329e+04 3.180203e+01 2.288802e+01 6.923341e+01 1.208919e-06 3.425384e-06 1.293365e-06 2.623131e-05 1.015734e-04
8.000000e-01 6.615000e-02  4.410000e-02  5.000000e-01 5.577512e-06 8.000000e-04 8.349329e+04 3.180203e+01 2.288802e+01 6.923341e+01 1.281013e-06 3.601678e-06 1.363210e-06 2.764786e-05 1.070586e-04
8.000000e-01 6.615000e-02  4.410000e-02  5.000000e-01 5.726131e-06 8.000000e-04 8.349329e+04 3.180203e+01 2.288802e+01 6.923341e+01 1.338738e-06 3.805581e-06 1.436826e-06 2.914091e-05 1.128400e-04
8.000000e-01 6.615000e-02  4.410000e-02  5.000000e-01 5.878710e-06 8.000000e-04 8.349329e+04 3.180203e+01 2.288802e+01 6.923341e+01 1.387569e-06 4.025098e-06 1.514418e-06 3.071458e-05 1.189336e-04
8.000000e-01 6.615000e-02  4.410000e-02  5.000000e-01 6.035355e-06 8.000000e-04 8.349329e+04 3.180203e+01 2.288802e+01 6.923341e+01 1.498676e-06 4.228693e-06 1.596201e-06 3.237324e-05 1.253563e-04
8.000000e-01 6.615000e-02  4.410000e-02  5.000000e-01 6.196174e-06 8.000000e-04 8.349329e+04 3.180203e+01 2.288802e+01 6.923341e+01 1.594248e-06 4.458422e-06 1.682399e-06 3.412147e-05 1.321258e-04
8.000000e-01 6.615000e-02  4.410000e-02  5.000000e-01 6.361278e-06 8.000000e-04 8.349329e+04 3.180203e+01 2.288802e+01 6.923341e+01 1.681121e-06 4.693603e-06 1.773252e-06 3.596411e-05 1.392609e-04
8.000000e-01 6.615000e-02  4.410000e-02  5.000000e-01 6.530782e-06 8.000000e-04 8.349329e+04 3.180203e+01 2.288802e+01 6.923341e+01 1.744685e-06 4.972126e-06 1.869012e-06 3.790625e-05 1.467814e-04
8.000000e-01 6.615000e-02  4.410000e-02  5.000000e-01 6.704802e-06 8.000000e-04 8.349329e+04 3.180203e+01 2.288802e+01 6.923341e+01 1.874373e-06 5.221447e-06 1.969943e-06 3.995328e-05 1.547079e-04
8.000000e-01 6.615000e-02  4.410000e-02  5.000000e-01 6.883459e-06 8.000000e-04 8.349329e+04 3.180203e+01 2.288802e+01 6.923341e+01 1.971191e-06 5.514969e-06 2.076325e-06 4.211085e-05 1.630625e-04
8.000000e-01 6.615000e-02  4.410000e-02  5.000000e-01 7.066877e-06 8.000000e-04 8.349329e+04 3.180203e+01 2.288802e+01 6.923341e+01 2.054110e-06 5.798043e-06 2.188451e-06 4.438493e-05 1.718682e-04
8.000000e-01 6.615000e-02  4.410000e-02  5.000000e-01 7.255182e-06 8.000000e-04 8.349329e+04 3.180203e+01 2.288802e+01 6.923341e+01 2.162287e-06 6.126725e-06 2.306632e-06 4.678182e-05 1.811495e-04
8.000000e-01 6.615000e-02  4.410000e-02  5.000000e-01 7.448504e-06 8.000000e-04 8.349329e+04 3.180203e+01 2.288802e+01 6.923341e+01 2.327691e-06 6.449046e-06 2.431196e-06 4.930815e-05 1.909320e-04
8.000000e-01 6.615000e-02  4.410000e-02  5.000000e-01 7.646978e-06 8.000000e-04 8.349329e+04 3.180203e+01 2.288802e+01 6.923341e+01 2.415589e-06 6.830105e-06 2.562486e-06 5.197090e-05 2.012428e-04
8.000000e-01 6.615000e-02  4.410000e-02  5.000000e-01 7.850741e-06 8.000000e-04 8.349329e+04 3.180203e+01 2.288802e+01 6.923341e+01 2.539661e-06 7.170397e-06 2.700866e-06 5.477745e-05 2.121103e-04
8.000000e-01 6.615000e-02  4.410000e-02  5.000000e-01 8.059933e-06 8.000000e-04 8.349329e+04 3.180203e+01 2.288802e+01 6.923341e+01 2.691418e-06 7.539376e-06 2.846719e-06 5.773556e-05 2.235648e-04
8.000000e-01 6.615000e-02  4.410000e-02  5.000000e-01 8.274699e-06 8.000000e-04 8.349329e+04 3.180203e+01 2.288802e+01 6.923341e+01 2.851790e-06 7.976471e-06 3.000449e-06 6.085341e-05 2.356378e-04
8.000000e-01 6.615000e-02  4.410000e-02  5.000000e-01 8.495188e-06 8.000000e-04 8.349329e+04 3.180203e+01 2.288802e+01 6.923341e+01 2.977020e-06 8.404789e-06 3.162480e-06 6.413964e-05 2.483628e-04
8.000000e-01 6.615000e-02  4.410000e-02  5.000000e-01 8.721552e-06 8.000000e-04 8.349329e+04 3.180203e+01 2.288802e+01 6.923341e+01 3.098405e-06 8.853126e-06 3.333261e-06 6.760333e-05 2.617750e-04
8.000000e-01 6.615000e-02  4.410000e-02  5.000000e-01 8.953948e-06 8.000000e-04 8.349329e+04 3.180203e+01 2.288802e+01 6.923341e+01 3.292915e-06 9.334071e-06 3.513265e-06 7.125406e-05 2.759114e-04
8.000000e-01 6.615000e-02  4.410000e-02  5.000000e-01 9.192536e-06 8.000000e-04 8.349329e+04 3.180203e+01 2.288802e+01 6.923341e+01 3.452393e-06 9.839130e-06 3.702989e-06 7.510195e-05 2.908113e-04
8.000000e-01 6.615000e-02  4.410000e-02  5.000000e-01 9.437481e-06 8.000000e-04 8.349329e+04 3.180203e+01 2.288802e+01 6.923341e+01 3.626038e-06 1.036222e-05 3.902959e-06 7.915762e-05 3.065158e-04
8.000000e-01 6.615000e-02  4.410000e-02  5.000000e-01 9.688954e-06 8.000000e-04 8.349329e+04 3.180203e+01 2.288802e+01 6.923341e+01 3.888805e-06 1.090095e-05 4.113728e-06 8.343232e-05 3.230683e-04
8.000000e-01 6.615000e-02  4.410000e-02  5.000000e-01 9.947127e-06 8.000000e-04 8.349329e+04 3.180203e+01 2.288802e+01 6.923341e+01 4.101982e-06 1.146923e-05 4.335879e-06 8.793786e-05 3.405147e-04
8.000000e-01 6.615000e-02  4.410000e-02  5.000000e-01 1.021218e-05 8.000000e-04 8.349329e+04 3.180203e+01 2.288802e+01 6.923341e+01 4.261674e-06 1.211679e-05 4.570026e-06 9.268670e-05 3.589033e-04
8.000000e-01 6.615000e-02  4.410000e-02  5.000000e-01 1.048430e-05 8.000000e-04 8.349329e+04 3.180203e+01 2.288802e+01 6.923341e+01 4.513029e-06 1.278974e-05 4.816818e-06 9.769200e-05 3.782849e-04
8.000000e-01 6.615000e-02  4.410000e-02  5.000000e-01 1.076366e-05 8.000000e-04 8.349329e+04 3.180203e+01 2.288802e+01 6.923341e+01 4.782875e-06 1.348536e-05 5.076938e-06 1.029676e-04 3.987132e-04
8.000000e-01 6.615000e-02  4.410000e-02  5.000000e-01 1.105047e-05 8.000000e-04 8.349329e+04 3.180203e+01 2.288802e+01 6.923341e+01 5.036552e-06 1.414824e-05 5.351104e-06 1.085281e-04 4.202446e-04
8.000000e-01 6.615000e-02  4.410000e-02  5.000000e-01 1.134492e-05 8.000000e-04 8.349329e+04 3.180203e+01 2.288802e+01 6.923341e+01 5.332671e-06 1.500945e-05 5.640076e-06 1.143889e-04 4.429388e-04
8.000000e-01 6.615000e-02  4.410000e-02  5.000000e-01 1.164722e-05 8.000000e-04 8.349329e+04 3.180203e+01 2.288802e+01 6.923341e+01 5.725927e-06 1.586157e-05 5.944653e-06 1.205661e-04 4.668585e-04
8.000000e-01 6.615000e-02  4.410000e-02  5.000000e-01 1.195758e-05 8.000000e-04 8.349329e+04 3.180203e+01 2.288802e+01 6.923341e+01 5.897732e-06 1.667279e-05 6.265678e-06 1.270770e-04 4.920700e-04
8.000000e-01 6.615000e-02  4.410000e-02  5.000000e-01 1.227620e-05 8.000000e-04 8.349329e+04 3.180203e+01 2.288802e+01 6.923341e+01 6.270572e-06 1.754083e-05 6.604039e-06 1.339394e-04 5.186429e-04
8.000000e-01 6.615000e-02  4.410000e-02  5.000000e-01 1.260331e-05 8.000000e-04 8.349329e+04 3.180203e+01 2.288802e+01 6.923341e+01 6.709110e-06 1.853413e-05 6.960673e-06 1.411724e-04 5.466508e-04
8.000000e-01 6.615000e-02  4.410000e-02  5.000000e-01 1.293914e-05 8.000000e-04 8.349329e+04 3.180203e+01 2.288802e+01 6.923341e+01 6.833723e-06 1.944471e-05 7.336565e-06 1.487961e-04 5.761712e-04
8.000000e-01 6.615000e-02  4.410000e-02  5.000000e-01 1.328392e-05 8.000000e-04 8.349329e+04 3.180203e+01 2.288801e+01 6.923341e+01 7.334824e-06 2.054911e-05 7.732757e-06 1.568314e-04 6.072858e-04
8.000000e-01 6.615000e-02  4.410000e-02  5.000000e-01 1.363789e-05 8.000000e-04 8.349329e+04 3.180203e+01 2.288801e+01 6.923341e+01 7.690310e-06 2.165677e-05 8.150343e-06 1.653007e-04 6.400806e-04
8.000000e-01 6.615000e-02  4.410000e-02  5.000000e-01 1.400128e-05 8.000000e-04 8.349329e+04 3.180203e+01 2.288801e+01 6.923341e+01 8.086962e-06 2.290861e-05 8.590481e-06 1.742273e-04 6.746465e-04
8.000000e-01 6.615000e-02  4.410000e-02  5.000000e-01 1.437436e-05 8.000000e-04 8.349329e+04 3.180203e+01 2.288801e+01 6.923341e+01 8.593743e-06 2.402935e-05 9.054387e-06 1.836360e-04 7.110789e-04
8.000000e-01 6.615000e-02  4.410000e-02  5.000000e-01 1.475738e-05 8.000000e-04 8.349329e+04 3.180203e+01 2.288801e+01 6.923341e+01 9.016973e-06 2.538746e-05 9.543344e-06 1.935527e-04 7.494788e-04
8.000000e-01 6.615000e-02  4.410000e-02  5.000000e-01 1.515061e-05 8.000000e-04 8.349329e+04 3.180203e+01 2.288801e+01 6.923341e+01 9.636698e-06 2.670481e-05 1.005871e-05 2.040050e-04 7.899524e-04
8.000000e-01 6.615000e-02  4.410000e-02  5.000000e-01 1.555432e-05 8.000000e-04 8.349329e+04 3.180203e+01 2.288801e+01 6.923341e+01 1.000415e-05 2.811911e-05 1.060190e-05 2.150218e-04 8.326117e-04
8.000000e-01 6.615000e-02  4.410000e-02  5.000000e-01 1.596878e-05 8.000000e-04 8.349329e+04 3.180203e+01 2.288801e+01 6.923341e+01 1.064617e-05 2.958681e-05 1.117443e-05 2.266335e-04 8.775746e-04
