1.000000e-01 1.343000e-01  8.953333e-02  5.000000e-01 2.000000e-06 8.000000e-04 4.882217e-01 3.180077e+01 2.270321e+01 6.911916e+01 1.404835e-02 6.802166e-01 6.150581e-02 2.010623e-01 3.769829e+00
1.000000e-01 1.343000e-01  8.953333e-02  5.000000e-01 2.053292e-06 8.000000e-04 4.882217e-01 3.180068e+01 2.269294e+01 6.911202e+01 1.495128e-02 7.181657e-01 6.482726e-02 2.119201e-01 3.973408e+00
1.000000e-01 1.343000e-01  8.953333e-02  5.000000e-01 2.108005e-06 8.000000e-04 4.882217e-01 3.180061e+01 2.268322e+01 6.910890e+01 1.570251e-02 7.608389e-01 6.832809e-02 2.233643e-01 4.187981e+00
1.000000e-01 1.343000e-01  8.953333e-02  5.000000e-01 2.164175e-06 8.000000e-04 4.882217e-01 3.180053e+01 2.267172e+01 6.909978e+01 1.656961e-02 7.979496e-01 7.201796e-02 2.354265e-01 4.414142e+00
1.000000e-01 1.343000e-01  8.953333e-02  5.000000e-01 2.221842e-06 8.000000e-04 4.882217e-01 3.180047e+01 2.266127e+01 6.909484e+01 1.734996e-02 8.353723e-01 7.590710e-02 2.481400e-01 4.652516e+00
1.000000e-01 1.343000e-01  8.953333e-02  5.000000e-01 2.281045e-06 8.000000e-04 4.882217e-01 3.180038e+01 2.264725e+01 6.908442e+01 1.835723e-02 8.845708e-01 8.000626e-02 2.615402e-01 4.903763e+00
1.000000e-01 1.343000e-01  8.953333e-02  5.000000e-01 2.341826e-06 8.000000e-04 4.882217e-01 3.180027e+01 2.263695e+01 6.908037e+01 1.937697e-02 9.283698e-01 8.432678e-02 2.756640e-01 5.168577e+00
1.000000e-01 1.343000e-01  8.953333e-02  5.000000e-01 2.404227e-06 8.000000e-04 4.882217e-01 3.180018e+01 2.262043e+01 6.907120e+01 2.042894e-02 9.896379e-01 8.888062e-02 2.905505e-01 5.447692e+00
1.000000e-01 1.343000e-01  8.953333e-02  5.000000e-01 2.468290e-06 8.000000e-04 4.882217e-01 3.180010e+01 2.260860e+01 6.906180e+01 2.138562e-02 1.032128e+00 9.368038e-02 3.062408e-01 5.741880e+00
1.000000e-01 1.343000e-01  8.953333e-02  5.000000e-01 2.534061e-06 8.000000e-04 4.882217e-01 3.179998e+01 2.259324e+01 6.905395e+01 2.276549e-02 1.093946e+00 9.873933e-02 3.227786e-01 6.051955e+00
1.000000e-01 1.343000e-01  8.953333e-02  5.000000e-01 2.601584e-06 8.000000e-04 4.882217e-01 3.179988e+01 2.257601e+01 6.904125e+01 2.389538e-02 1.150963e+00 1.040715e-01 3.402093e-01 6.378775e+00
1.000000e-01 1.343000e-01  8.953333e-02  5.000000e-01 2.670906e-06 8.000000e-04 4.882217e-01 3.179974e+01 2.256122e+01 6.903700e+01 2.505955e-02 1.208951e+00 1.096916e-01 3.585814e-01 6.723243e+00
1.000000e-01 1.343000e-01  8.953333e-02  5.000000e-01 2.742075e-06 8.000000e-04 4.882217e-01 3.179963e+01 2.254465e+01 6.902662e+01 2.655045e-02 1.268712e+00 1.156152e-01 3.779457e-01 7.086314e+00
1.000000e-01 1.343000e-01  8.953333e-02  5.000000e-01 2.815141e-06 8.000000e-04 4.882217e-01 3.179946e+01 2.252350e+01 6.901143e+01 2.821149e-02 1.346122e+00 1.218587e-01 3.983556e-01 7.468991e+00
1.000000e-01 1.343000e-01  8.953333e-02  5.000000e-01 2.890154e-06 8.000000e-04 4.882217e-01 3.179934e+01 2.250526e+01 6.899993e+01 2.965620e-02 1.418822e+00 1.284393e-01 4.198677e-01 7.872334e+00
1.000000e-01 1.343000e-01  8.953333e-02  5.000000e-01 2.967165e-06 8.000000e-04 4.882217e-01 3.179923e+01 2.248828e+01 6.899108e+01 3.098827e-02 1.492481e+00 1.353753e-01 4.425416e-01 8.297458e+00
1.000000e-01 1.343000e-01  8.953333e-02  5.000000e-01 3.046229e-06 8.000000e-04 4.882217e-01 3.179899e+01 2.246460e+01 6.897617e+01 3.298216e-02 1.579051e+00 1.426859e-01 4.664398e-01 8.745540e+00
1.000000e-01 1.343000e-01  8.953333e-02  5.000000e-01 3.127399e-06 8.000000e-04 4.882217e-01 3.179891e+01 2.243880e+01 6.896048e+01 3.445262e-02 1.665164e+00 1.503913e-01 4.916287e-01 9.217819e+00
1.000000e-01 1.343000e-01  8.953333e-02  5.000000e-01 3.210732e-06 8.000000e-04 4.882217e-01 3.179872e+01 2.241868e+01 6.895249e+01 3.660775e-02 1.749467e+00 1.585128e-01 5.181777e-01 9.715603e+00
1.000000e-01 1.343000e-01  8.953333e-02  5.000000e-01 3.296286e-06 8.000000e-04 4.882217e-01 3.179860e+01 2.239280e+01 6.893685e+01 3.836746e-02 1.843870e+00 1.670728e-01 5.461605e-01 1.024027e+01
1.000000e-01 1.343000e-01  8.953333e-02  5.000000e-01 3.384119e-06 8.000000e-04 4.882217e-01 3.179840e+01 2.236603e+01 6.891700e+01 4.041091e-02 1.942348e+00 1.760951e-01 5.756545e-01 1.079327e+01
1.000000e-01 1.343000e-01  8.953333e-02  5.000000e-01 3.474293e-06 8.000000e-04 4.882217e-01 3.179812e+01 2.233672e+01 6.889750e+01 4.274807e-02 2.050655e+00 1.856047e-01 6.067411e-01 1.137613e+01
1.000000e-01 1.343000e-01  8.953333e-02  5.000000e-01 3.566869e-06 8.000000e-04 4.882217e-01 3.179792e+01 2.231213e+01 6.888382e+01 4.492136e-02 2.160147e+00 1.956278e-01 6.395066e-01 1.199046e+01
1.000000e-01 1.343000e-01  8.953333e-02  5.000000e-01 3.661913e-06 8.000000e-04 4.882217e-01 3.179771e+01 2.227878e+01 6.886440e+01 4.763153e-02 2.283730e+00 2.061921e-01 6.740414e-01 1.263798e+01
1.000000e-01 1.343000e-01  8.953333e-02  5.000000e-01 3.759488e-06 8.000000e-04 4.882217e-01 3.179753e+01 2.224529e+01 6.884540e+01 5.019067e-02 2.394776e+00 2.173270e-01 7.104412e-01 1.332046e+01
1.000000e-01 1.343000e-01  8.953333e-02  5.000000e-01 3.859664e-06 8.000000e-04 4.882217e-01 3.179729e+01 2.221150e+01 6.882914e+01 5.276488e-02 2.525657e+00 2.290631e-01 7.488066e-01 1.403979e+01
1.000000e-01 1.343000e-01  8.953333e-02  5.000000e-01 3.962510e-06 8.000000e-04 4.882217e-01 3.179700e+01 2.217366e+01 6.880478e+01 5.598983e-02 2.672619e+00 2.414331e-01 7.892439e-01 1.479797e+01
1.000000e-01 1.343000e-01  8.953333e-02  5.000000e-01 4.068095e-06 8.000000e-04 4.882217e-01 3.179677e+01 2.213912e+01 6.878290e+01 5.856020e-02 2.806332e+00 2.544710e-01 8.318649e-01 1.559710e+01
1.000000e-01 1.343000e-01  8.953333e-02  5.000000e-01 4.176494e-06 8.000000e-04 4.882217e-01 3.179651e+01 2.210180e+01 6.876155e+01 6.182127e-02 2.959129e+00 2.682130e-01 8.767876e-01 1.643938e+01
1.000000e-01 1.343000e-01  8.953333e-02  5.000000e-01 4.287782e-06 8.000000e-04 4.882217e-01 3.179611e+01 2.205758e+01 6.874106e+01 6.520822e-02 3.131413e+00 2.826972e-01 9.241361e-01 1.732714e+01
1.000000e-01 1.343000e-01  8.953333e-02  5.000000e-01 4.402035e-06 8.000000e-04 4.882217e-01 3.179583e+01 2.201167e+01 6.871649e+01 6.903884e-02 3.306212e+00 2.979635e-01 9.740416e-01 1.826285e+01
1.000000e-01 1.343000e-01  8.953333e-02  5.000000e-01 4.519332e-06 8.000000e-04 4.882217e-01 3.179557e+01 2.196845e+01 6.868234e+01 7.161972e-02 3.467930e+00 3.140542e-01 1.026642e+00 1.924908e+01
1.000000e-01 1.343000e-01  8.953333e-02  5.000000e-01 4.639755e-06 8.000000e-04 4.882217e-01 3.179510e+01 2.192180e+01 6.865850e+01 7.612746e-02 3.641103e+00 3.310138e-01 1.082083e+00 2.028858e+01
1.000000e-01 1.343000e-01  8.953333e-02  5.000000e-01 4.763386e-06 8.000000e-04 4.882217e-01 3.179469e+01 2.185914e+01 6.862320e+01 8.076308e-02 3.871252e+00 3.488894e-01 1.140518e+00 2.138421e+01
1.000000e-01 1.343000e-01  8.953333e-02  5.000000e-01 4.890312e-06 8.000000e-04 4.882217e-01 3.179448e+01 2.181658e+01 6.860016e+01 8.374661e-02 4.064709e+00 3.677302e-01 1.202109e+00 2.253901e+01
1.000000e-01 1.343000e-01  8.953333e-02  5.000000e-01 5.020620e-06 8.000000e-04 4.882217e-01 3.179391e+01 2.176099e+01 6.856747e+01 8.922544e-02 4.274318e+00 3.875885e-01 1.267025e+00 2.375616e+01
1.000000e-01 1.343000e-01  8.953333e-02  5.000000e-01 5.154400e-06 8.000000e-04 4.882217e-01 3.179357e+01 2.170131e+01 6.853194e+01 9.379563e-02 4.539008e+00 4.085191e-01 1.335448e+00 2.503905e+01
1.000000e-01 1.343000e-01  8.953333e-02  5.000000e-01 5.291745e-06 8.000000e-04 4.882217e-01 3.179322e+01 2.162774e+01 6.849838e+01 9.837410e-02 4.763008e+00 4.305801e-01 1.407565e+00 2.639122e+01
1.000000e-01 1.343000e-01  8.953333e-02  5.000000e-01 5.432750e-06 8.000000e-04 4.882217e-01 3.179265e+01 2.158203e+01 6.848232e+01 1.032304e-01 5.015011e+00 4.538324e-01 1.483577e+00 2.781641e+01
1.000000e-01 1.343000e-01  8.953333e-02  5.000000e-01 5.577512e-06 8.000000e-04 4.882217e-01 3.179211e+01 2.151400e+01 6.843281e+01 1.090529e-01 5.281586e+00 4.783404e-01 1.563693e+00 2.931856e+01
1.000000e-01 1.343000e-01  8.953333e-02  5.000000e-01 5.726131e-06 8.000000e-04 4.882217e-01 3.179155e+01 2.144254e+01 6.838094e+01 1.164300e-01 5.569615e+00 5.041719e-01 1.648136e+00 3.090183e+01
1.000000e-01 1.343000e-01  8.953333e-02  5.000000e-01 5.878710e-06 8.000000e-04 4.882217e-01 3.179102e+01 2.135014e+01 6.834248e+01 1.224840e-01 5.891499e+00 5.313984e-01 1.737140e+00 3.257060e+01
1.000000e-01 1.343000e-01  8.953333e-02  5.000000e-01 6.035355e-06 8.000000e-04 4.882217e-01 3.179032e+01 2.127899e+01 6.830846e+01 1.288016e-01 6.221717e+00 5.600951e-01 1.830949e+00 3.432948e+01
1.000000e-01 1.343000e-01  8.953333e-02  5.000000e-01 6.196174e-06 8.000000e-04 4.882217e-01 3.178971e+01 2.121155e+01 6.827449e+01 1.354444e-01 6.495303e+00 5.903415e-01 1.929825e+00 3.618336e+01
1.000000e-01 1.343000e-01  8.953333e-02  5.000000e-01 6.361278e-06 8.000000e-04 4.882217e-01 3.178910e+01 2.112114e+01 6.821862e+01 1.427975e-01 6.891747e+00 6.222213e-01 2.034040e+00 3.813734e+01
1.000000e-01 1.343000e-01  8.953333e-02  5.000000e-01 6.530782e-06 8.000000e-04 4.882217e-01 3.178851e+01 2.103458e+01 6.817280e+01 1.507883e-01 7.221596e+00 6.558227e-01 2.143882e+00 4.019684e+01
1.000000e-01 1.343000e-01  8.953333e-02  5.000000e-01 6.704802e-06 8.000000e-04 4.882217e-01 3.178779e+01 2.092826e+01 6.812108e+01 1.586952e-01 7.670894e+00 6.912387e-01 2.259657e+00 4.236757e+01
1.000000e-01 1.343000e-01  8.953333e-02  5.000000e-01 6.883459e-06 8.000000e-04 4.882217e-01 3.178682e+01 2.083980e+01 6.809007e+01 1.677790e-01 8.059801e+00 7.285672e-01 2.381684e+00 4.465551e+01
1.000000e-01 1.343000e-01  8.953333e-02  5.000000e-01 7.066877e-06 8.000000e-04 4.882217e-01 3.178602e+01 2.071609e+01 6.803149e+01 1.768260e-01 8.519078e+00 7.679115e-01 2.510300e+00 4.706701e+01
1.000000e-01 1.343000e-01  8.953333e-02  5.000000e-01 7.255182e-06 8.000000e-04 4.882217e-01 3.178515e+01 2.061109e+01 6.796974e+01 1.866823e-01 8.986341e+00 8.093805e-01 2.645862e+00 4.960874e+01
1.000000e-01 1.343000e-01  8.953333e-02  5.000000e-01 7.448504e-06 8.000000e-04 4.882217e-01 3.178448e+01 2.050467e+01 6.792020e+01 1.947531e-01 9.397709e+00 8.530889e-01 2.788745e+00 5.228773e+01
1.000000e-01 1.343000e-01  8.953333e-02  5.000000e-01 7.646978e-06 8.000000e-04 4.882217e-01 3.178338e+01 2.037725e+01 6.784058e+01 2.056880e-01 9.923915e+00 8.991577e-01 2.939343e+00 5.511139e+01
1.000000e-01 1.343000e-01  8.953333e-02  5.000000e-01 7.850741e-06 8.000000e-04 4.882217e-01 3.178240e+01 2.025763e+01 6.780902e+01 2.175329e-01 1.046379e+01 9.477143e-01 3.098075e+00 5.808753e+01
1.000000e-01 1.343000e-01  8.953333e-02  5.000000e-01 8.059933e-06 8.000000e-04 4.882217e-01 3.178136e+01 2.011917e+01 6.771910e+01 2.307095e-01 1.114716e+01 9.988930e-01 3.265378e+00 6.122439e+01
1.000000e-01 1.343000e-01  8.953333e-02  5.000000e-01 8.274699e-06 8.000000e-04 4.882217e-01 3.178025e+01 1.999779e+01 6.768928e+01 2.409240e-01 1.160378e+01 1.052836e+00 3.441716e+00 6.453065e+01
1.000000e-01 1.343000e-01  8.953333e-02  5.000000e-01 8.495188e-06 8.000000e-04 4.882217e-01 3.177899e+01 1.988449e+01 6.765365e+01 2.548198e-01 1.222368e+01 1.109691e+00 3.627577e+00 6.801545e+01
1.000000e-01 1.343000e-01  8.953333e-02  5.000000e-01 8.721552e-06 8.000000e-04 4.882217e-01 3.177792e+01 1.968630e+01 6.753170e+01 2.690072e-01 1.300237e+01 1.169617e+00 3.823474e+00 7.168844e+01
1.000000e-01 1.343000e-01  8.953333e-02  5.000000e-01 8.953948e-06 8.000000e-04 4.882217e-01 3.177625e+01 1.954676e+01 6.746102e+01 2.840135e-01 1.367596e+01 1.232779e+00 4.029950e+00 7.555979e+01
1.000000e-01 1.343000e-01  8.953333e-02  5.000000e-01 9.192536e-06 8.000000e-04 4.882217e-01 3.177512e+01 1.943102e+01 6.743993e+01 2.956867e-01 1.432106e+01 1.299352e+00 4.247577e+00 7.964019e+01
1.000000e-01 1.343000e-01  8.953333e-02  5.000000e-01 9.437481e-06 8.000000e-04 4.882217e-01 3.177341e+01 1.925947e+01 6.740415e+01 3.165855e-01 1.510560e+01 1.369520e+00 4.476956e+00 8.394094e+01
1.000000e-01 1.343000e-01  8.953333e-02  5.000000e-01 9.688954e-06 8.000000e-04 4.882217e-01 3.177269e+01 1.909495e+01 6.731761e+01 3.281258e-01 1.595293e+01 1.443477e+00 4.718722e+00 8.847395e+01
1.000000e-01 1.343000e-01  8.953333e-02  5.000000e-01 9.947127e-06 8.000000e-04 4.882217e-01 3.177029e+01 1.889758e+01 6.723501e+01 3.500894e-01 1.685016e+01 1.521428e+00 4.973544e+00 9.325175e+01
1.000000e-01 1.343000e-01  8.953333e-02  5.000000e-01 1.021218e-05 8.000000e-04 4.882217e-01 3.176846e+01 1.872678e+01 6.717795e+01 3.709314e-01 1.770837e+01 1.603589e+00 5.242127e+00 9.828756e+01
1.000000e-01 1.343000e-01  8.953333e-02  5.000000e-01 1.048430e-05 8.000000e-04 4.882217e-01 3.176675e+01 1.854041e+01 6.707684e+01 3.883439e-01 1.859451e+01 1.690186e+00 5.525214e+00 1.035953e+02
1.000000e-01 1.343000e-01  8.953333e-02  5.000000e-01 1.076366e-05 8.000000e-04 4.882217e-01 3.176489e+01 1.834169e+01 6.709464e+01 4.095328e-01 1.975725e+01 1.781460e+00 5.823588e+00 1.091897e+02
1.000000e-01 1.343000e-01  8.953333e-02  5.000000e-01 1.105047e-05 8.000000e-04 4.882217e-01 3.176321e+01 1.813402e+01 6.696967e+01 4.315443e-01 2.078567e+01 1.877663e+00 6.138075e+00 1.150862e+02
1.000000e-01 1.343000e-01  8.953333e-02  5.000000e-01 1.134492e-05 8.000000e-04 4.882217e-01 3.176080e+01 1.790377e+01 6.693641e+01 4.552345e-01 2.200456e+01 1.979062e+00 6.469546e+00 1.213011e+02
1.000000e-01 1.343000e-01  8.953333e-02  5.000000e-01 1.164722e-05 8.000000e-04 4.882217e-01 3.175863e+01 1.774267e+01 6.694012e+01 4.814903e-01 2.305223e+01 2.085935e+00 6.818916e+00 1.278517e+02
1.000000e-01 1.343000e-01  8.953333e-02  5.000000e-01 1.195758e-05 8.000000e-04 4.882217e-01 3.175654e+01 1.747783e+01 6.688849e+01 5.028727e-01 2.428568e+01 2.198581e+00 7.187153e+00 1.347559e+02
1.000000e-01 1.343000e-01  8.953333e-02  5.000000e-01 1.227620e-05 8.000000e-04 4.882217e-01 3.175372e+01 1.729440e+01 6.685851e+01 5.342654e-01 2.552937e+01 2.317309e+00 7.575276e+00 1.420331e+02
1.000000e-01 1.343000e-01  8.953333e-02  5.000000e-01 1.260331e-05 8.000000e-04 4.882217e-01 3.175090e+01 1.705463e+01 6.680392e+01 5.659515e-01 2.712421e+01 2.442449e+00 7.984359e+00 1.497032e+02
1.000000e-01 1.343000e-01  8.953333e-02  5.000000e-01 1.293914e-05 8.000000e-04 4.882217e-01 3.174851e+01 1.681577e+01 6.670087e+01 5.905563e-01 2.852001e+01 2.574347e+00 8.415532e+00 1.577875e+02
1.000000e-01 1.343000e-01  8.953333e-02  5.000000e-01 1.328392e-05 8.000000e-04 4.882217e-01 3.174568e+01 1.660186e+01 6.680864e+01 6.238362e-01 2.990120e+01 2.713368e+00 8.869991e+00 1.663084e+02
1.000000e-01 1.343000e-01  8.953333e-02  5.000000e-01 1.363789e-05 8.000000e-04 4.882217e-01 3.174265e+01 1.634878e+01 6.679992e+01 6.614047e-01 3.178649e+01 2.859896e+00 9.348991e+00 1.752894e+02
1.000000e-01 1.343000e-01  8.953333e-02  5.000000e-01 1.400128e-05 8.000000e-04 4.882217e-01 3.173979e+01 1.608193e+01 6.671402e+01 6.860709e-01 3.342842e+01 3.014337e+00 9.853858e+00 1.847555e+02
1.000000e-01 1.343000e-01  8.953333e-02  5.000000e-01 1.437436e-05 8.000000e-04 4.882217e-01 3.173671e+01 1.586653e+01 6.672542e+01 7.221626e-01 3.521047e+01 3.177118e+00 1.038599e+01 1.947327e+02
1.000000e-01 1.343000e-01  8.953333e-02  5.000000e-01 1.475738e-05 8.000000e-04 4.882217e-01 3.173227e+01 1.562595e+01 6.689092e+01 7.763189e-01 3.721753e+01 3.348690e+00 1.094686e+01 2.052487e+02
1.000000e-01 1.343000e-01  8.953333e-02  5.000000e-01 1.515061e-05 8.000000e-04 4.882217e-01 3.172931e+01 1.535404e+01 6.686937e+01 8.090538e-01 3.908005e+01 3.529527e+00 1.153801e+01 2.163326e+02
1.000000e-01 1.343000e-01  8.953333e-02  5.000000e-01 1.555432e-05 8.000000e-04 4.882217e-01 3.172532e+01 1.514771e+01 6.682340e+01 8.566481e-01 4.102054e+01 3.720129e+00 1.216109e+01 2.280151e+02
1.000000e-01 1.343000e-01  8.953333e-02  5.000000e-01 1.596878e-05 8.000000e-04 4.882217e-01 3.172145e+01 1.488041e+01 6.703427e+01 8.943174e-01 4.336749e+01 3.921025e+00 1.281782e+01 2.403284e+02
1.000000e-01 1.343000e-01  8.953333e-02  5.000000e-01 1.639429e-05 8.000000e-04 4.882217e-01 3.171633e+01 1.463780e+01 6.717236e+01 9.522139e-01 4.555091e+01 4.132769e+00 1.351001e+01 2.533067e+02
1.000000e-01 1.343000e-01  8.953333e-02  5.000000e-01 1.683113e-05 8.000000e-04 4.882217e-01 3.171118e+01 1.436773e+01 6.720309e+01 1.001849e+00 4.831696e+01 4.355949e+00 1.423958e+01 2.669858e+02
1.000000e-01 1.343000e-01  8.953333e-02  5.000000e-01 1.727962e-05 8.000000e-04 4.882217e-01 3.170704e+01 1.411189e+01 6.731526e+01 1.055696e+00 5.096143e+01 4.591180e+00 1.500855e+01 2.814037e+02
1.000000e-01 1.343000e-01  8.953333e-02  5.000000e-01 1.774005e-05 8.000000e-04 4.882217e-01 3.170335e+01 1.395617e+01 6.754344e+01 1.099685e+00 5.314016e+01 4.839114e+00 1.581905e+01 2.966001e+02
