1.250000e+00 5.541000e-01  3.694000e-01  5.000000e-01 2.000000e-06 8.000000e-04 1.180333e+01 3.180203e+01 2.288802e+01 6.923341e+01 5.577829e-07 1.144684e-05 2.600653e-06 8.518831e-06 1.148892e-04
1.250000e+00 5.541000e-01  3.694000e-01  5.000000e-01 2.053292e-06 8.000000e-04 1.180333e+01 3.180203e+01 2.288802e+01 6.923341e+01 5.778019e-07 1.214497e-05 2.741095e-06 8.978867e-06 1.210935e-04
1.250000e+00 5.541000e-01  3.694000e-01  5.000000e-01 2.108005e-06 8.000000e-04 1.180333e+01 3.180203e+01 2.288802e+01 6.923341e+01 6.113862e-07 1.267205e-05 2.889120e-06 9.463747e-06 1.276328e-04
1.250000e+00 5.541000e-01  3.694000e-01  5.000000e-01 2.164175e-06 8.000000e-04 1.180333e+01 3.180203e+01 2.288802e+01 6.923341e+01 6.387600e-07 1.350526e-05 3.045139e-06 9.974811e-06 1.345253e-04
1.250000e+00 5.541000e-01  3.694000e-01  5.000000e-01 2.221842e-06 8.000000e-04 1.180333e+01 3.180203e+01 2.288802e+01 6.923341e+01 6.788726e-07 1.422267e-05 3.209584e-06 1.051347e-05 1.417900e-04
1.250000e+00 5.541000e-01  3.694000e-01  5.000000e-01 2.281045e-06 8.000000e-04 1.180333e+01 3.180203e+01 2.288802e+01 6.923341e+01 7.168787e-07 1.485198e-05 3.382909e-06 1.108123e-05 1.494469e-04
1.250000e+00 5.541000e-01  3.694000e-01  5.000000e-01 2.341826e-06 8.000000e-04 1.180333e+01 3.180203e+01 2.288802e+01 6.923341e+01 7.585829e-07 1.574253e-05 3.565594e-06 1.167964e-05 1.575174e-04
1.250000e+00 5.541000e-01  3.694000e-01  5.000000e-01 2.404227e-06 8.000000e-04 1.180333e+01 3.180203e+01 2.288802e+01 6.923341e+01 8.032799e-07 1.657983e-05 3.758144e-06 1.231036e-05 1.660237e-04
1.250000e+00 5.541000e-01  3.694000e-01  5.000000e-01 2.468290e-06 8.000000e-04 1.180333e+01 3.180203e+01 2.288802e+01 6.923341e+01 8.376799e-07 1.740149e-05 3.961092e-06 1.297515e-05 1.749894e-04
1.250000e+00 5.541000e-01  3.694000e-01  5.000000e-01 2.534061e-06 8.000000e-04 1.180333e+01 3.180203e+01 2.288801e+01 6.923341e+01 8.846557e-07 1.839003e-05 4.175000e-06 1.367584e-05 1.844392e-04
1.250000e+00 5.541000e-01  3.694000e-01  5.000000e-01 2.601584e-06 8.000000e-04 1.180333e+01 3.180203e+01 2.288801e+01 6.923341e+01 9.342063e-07 1.920505e-05 4.400460e-06 1.441437e-05 1.943994e-04
1.250000e+00 5.541000e-01  3.694000e-01  5.000000e-01 2.670906e-06 8.000000e-04 1.180333e+01 3.180203e+01 2.288801e+01 6.923341e+01 9.827763e-07 2.044073e-05 4.638095e-06 1.519278e-05 2.048974e-04
1.250000e+00 5.541000e-01  3.694000e-01  5.000000e-01 2.742075e-06 8.000000e-04 1.180333e+01 3.180203e+01 2.288801e+01 6.923341e+01 1.029300e-06 2.137974e-05 4.888563e-06 1.601322e-05 2.159623e-04
1.250000e+00 5.541000e-01  3.694000e-01  5.000000e-01 2.815141e-06 8.000000e-04 1.180333e+01 3.180203e+01 2.288801e+01 6.923341e+01 1.106741e-06 2.271752e-05 5.152557e-06 1.687797e-05 2.276248e-04
1.250000e+00 5.541000e-01  3.694000e-01  5.000000e-01 2.890154e-06 8.000000e-04 1.180333e+01 3.180203e+01 2.288801e+01 6.923341e+01 1.157093e-06 2.397756e-05 5.430807e-06 1.778942e-05 2.399170e-04
1.250000e+00 5.541000e-01  3.694000e-01  5.000000e-01 2.967165e-06 8.000000e-04 1.180333e+01 3.180203e+01 2.288801e+01 6.923341e+01 1.217227e-06 2.510247e-05 5.724083e-06 1.875009e-05 2.528731e-04
1.250000e+00 5.541000e-01  3.694000e-01  5.000000e-01 3.046229e-06 8.000000e-04 1.180333e+01 3.180203e+01 2.288801e+01 6.923341e+01 1.268067e-06 2.669165e-05 6.033196e-06 1.976264e-05 2.665288e-04
1.250000e+00 5.541000e-01  3.694000e-01  5.000000e-01 3.127399e-06 8.000000e-04 1.180333e+01 3.180203e+01 2.288801e+01 6.923341e+01 1.357022e-06 2.810851e-05 6.359003e-06 2.082987e-05 2.809220e-04
1.250000e+00 5.541000e-01  3.694000e-01  5.000000e-01 3.210732e-06 8.000000e-04 1.180333e+01 3.180203e+01 2.288801e+01 6.923341e+01 1.417727e-06 2.918918e-05 6.702404e-06 2.195473e-05 2.960925e-04
1.250000e+00 5.541000e-01  3.694000e-01  5.000000e-01 3.296286e-06 8.000000e-04 1.180333e+01 3.180203e+01 2.288801e+01 6.923341e+01 1.492263e-06 3.126202e-05 7.064349e-06 2.314034e-05 3.120821e-04
1.250000e+00 5.541000e-01  3.694000e-01  5.000000e-01 3.384119e-06 8.000000e-04 1.180333e+01 3.180203e+01 2.288801e+01 6.923341e+01 1.574658e-06 3.286615e-05 7.445840e-06 2.438997e-05 3.289353e-04
1.250000e+00 5.541000e-01  3.694000e-01  5.000000e-01 3.474293e-06 8.000000e-04 1.180333e+01 3.180203e+01 2.288801e+01 6.923341e+01 1.669393e-06 3.436528e-05 7.847933e-06 2.570708e-05 3.466986e-04
1.250000e+00 5.541000e-01  3.694000e-01  5.000000e-01 3.566869e-06 8.000000e-04 1.180333e+01 3.180203e+01 2.288801e+01 6.923340e+01 1.757904e-06 3.654488e-05 8.271739e-06 2.709533e-05 3.654211e-04
1.250000e+00 5.541000e-01  3.694000e-01  5.000000e-01 3.661913e-06 8.000000e-04 1.180333e+01 3.180203e+01 2.288801e+01 6.923340e+01 1.856436e-06 3.828459e-05 8.718433e-06 2.855854e-05 3.851547e-04
1.250000e+00 5.541000e-01  3.694000e-01  5.000000e-01 3.759488e-06 8.000000e-04 1.180333e+01 3.180203e+01 2.288801e+01 6.923340e+01 1.948063e-06 4.030493e-05 9.189248e-06 3.010076e-05 4.059539e-04
1.250000e+00 5.541000e-01  3.694000e-01  5.000000e-01 3.859664e-06 8.000000e-04 1.180333e+01 3.180203e+01 2.288801e+01 6.923340e+01 2.034940e-06 4.212976e-05 9.685489e-06 3.172627e-05 4.278763e-04
1.250000e+00 5.541000e-01  3.694000e-01  5.000000e-01 3.962510e-06 8.000000e-04 1.180333e+01 3.180203e+01 2.288801e+01 6.923340e+01 2.151343e-06 4.510518e-05 1.020853e-05 3.343957e-05 4.509827e-04
1.250000e+00 5.541000e-01  3.694000e-01  5.000000e-01 4.068095e-06 8.000000e-04 1.180333e+01 3.180203e+01 2.288801e+01 6.923340e+01 2.254560e-06 4.756893e-05 1.075981e-05 3.524538e-05 4.753368e-04
1.250000e+00 5.541000e-01  3.694000e-01  5.000000e-01 4.176494e-06 8.000000e-04 1.180333e+01 3.180203e+01 2.288801e+01 6.923340e+01 2.412938e-06 4.993711e-05 1.134087e-05 3.714871e-05 5.010060e-04
1.250000e+00 5.541000e-01  3.694000e-01  5.000000e-01 4.287782e-06 8.000000e-04 1.180333e+01 3.180203e+01 2.288800e+01 6.923340e+01 2.528855e-06 5.249066e-05 1.195330e-05 3.915483e-05 5.280615e-04
1.250000e+00 5.541000e-01  3.694000e-01  5.000000e-01 4.402035e-06 8.000000e-04 1.180333e+01 3.180203e+01 2.288800e+01 6.923340e+01 2.687632e-06 5.566080e-05 1.259880e-05 4.126928e-05 5.565781e-04
1.250000e+00 5.541000e-01  3.694000e-01  5.000000e-01 4.519332e-06 8.000000e-04 1.180333e+01 3.180203e+01 2.288800e+01 6.923340e+01 2.812198e-06 5.842268e-05 1.327917e-05 4.349791e-05 5.866346e-04
1.250000e+00 5.541000e-01  3.694000e-01  5.000000e-01 4.639755e-06 8.000000e-04 1.180333e+01 3.180203e+01 2.288800e+01 6.923340e+01 2.945564e-06 6.128469e-05 1.399628e-05 4.584690e-05 6.183142e-04
1.250000e+00 5.541000e-01  3.694000e-01  5.000000e-01 4.763386e-06 8.000000e-04 1.180333e+01 3.180203e+01 2.288800e+01 6.923340e+01 3.114519e-06 6.505903e-05 1.475211e-05 4.832274e-05 6.517046e-04
1.250000e+00 5.541000e-01  3.694000e-01  5.000000e-01 4.890312e-06 8.000000e-04 1.180333e+01 3.180203e+01 2.288800e+01 6.923340e+01 3.287119e-06 6.847222e-05 1.554875e-05 5.093228e-05 6.868982e-04
1.250000e+00 5.541000e-01  3.694000e-01  5.000000e-01 5.020620e-06 8.000000e-04 1.180333e+01 3.180203e+01 2.288800e+01 6.923340e+01 3.517125e-06 7.136170e-05 1.638842e-05 5.368274e-05 7.239922e-04
1.250000e+00 5.541000e-01  3.694000e-01  5.000000e-01 5.154400e-06 8.000000e-04 1.180333e+01 3.180203e+01 2.288800e+01 6.923340e+01 3.670849e-06 7.631910e-05 1.727344e-05 5.658173e-05 7.630895e-04
1.250000e+00 5.541000e-01  3.694000e-01  5.000000e-01 5.291745e-06 8.000000e-04 1.180333e+01 3.180203e+01 2.288800e+01 6.923340e+01 3.838810e-06 7.945576e-05 1.820624e-05 5.963728e-05 8.042981e-04
1.250000e+00 5.541000e-01  3.694000e-01  5.000000e-01 5.432750e-06 8.000000e-04 1.180333e+01 3.180203e+01 2.288800e+01 6.923340e+01 4.075730e-06 8.493468e-05 1.918942e-05 6.285783e-05 8.477320e-04
1.250000e+00 5.541000e-01  3.694000e-01  5.000000e-01 5.577512e-06 8.000000e-04 1.180333e+01 3.180203e+01 2.288799e+01 6.923340e+01 4.299238e-06 8.844219e-05 2.022569e-05 6.625230e-05 8.935115e-04
1.250000e+00 5.541000e-01  3.694000e-01  5.000000e-01 5.726131e-06 8.000000e-04 1.180333e+01 3.180203e+01 2.288799e+01 6.923339e+01 4.497607e-06 9.402004e-05 2.131793e-05 6.983007e-05 9.417632e-04
1.250000e+00 5.541000e-01  3.694000e-01  5.000000e-01 5.878710e-06 8.000000e-04 1.180333e+01 3.180203e+01 2.288799e+01 6.923339e+01 4.776156e-06 9.885483e-05 2.246915e-05 7.360106e-05 9.926206e-04
1.250000e+00 5.541000e-01  3.694000e-01  5.000000e-01 6.035355e-06 8.000000e-04 1.180333e+01 3.180203e+01 2.288799e+01 6.923339e+01 4.994752e-06 1.044424e-04 2.368253e-05 7.757569e-05 1.046224e-03
1.250000e+00 5.541000e-01  3.694000e-01  5.000000e-01 6.196174e-06 8.000000e-04 1.180333e+01 3.180203e+01 2.288799e+01 6.923339e+01 5.279465e-06 1.098424e-04 2.496144e-05 8.176495e-05 1.102723e-03
1.250000e+00 5.541000e-01  3.694000e-01  5.000000e-01 6.361278e-06 8.000000e-04 1.180333e+01 3.180203e+01 2.288799e+01 6.923339e+01 5.542656e-06 1.148994e-04 2.630942e-05 8.618045e-05 1.162273e-03
1.250000e+00 5.541000e-01  3.694000e-01  5.000000e-01 6.530782e-06 8.000000e-04 1.180333e+01 3.180203e+01 2.288798e+01 6.923339e+01 5.884001e-06 1.218304e-04 2.773019e-05 9.083439e-05 1.225038e-03
1.250000e+00 5.541000e-01  3.694000e-01  5.000000e-01 6.704802e-06 8.000000e-04 1.180333e+01 3.180203e+01 2.288798e+01 6.923339e+01 6.247083e-06 1.277869e-04 2.922768e-05 9.573966e-05 1.291193e-03
1.250000e+00 5.541000e-01  3.694000e-01  5.000000e-01 6.883459e-06 8.000000e-04 1.180333e+01 3.180203e+01 2.288798e+01 6.923339e+01 6.552988e-06 1.357677e-04 3.080604e-05 1.009098e-04 1.360920e-03
1.250000e+00 5.541000e-01  3.694000e-01  5.000000e-01 7.066877e-06 8.000000e-04 1.180333e+01 3.180203e+01 2.288798e+01 6.923338e+01 6.879323e-06 1.435422e-04 3.246964e-05 1.063592e-04 1.434413e-03
1.250000e+00 5.541000e-01  3.694000e-01  5.000000e-01 7.255182e-06 8.000000e-04 1.180333e+01 3.180203e+01 2.288798e+01 6.923338e+01 7.254719e-06 1.490267e-04 3.422308e-05 1.121028e-04 1.511875e-03
1.250000e+00 5.541000e-01  3.694000e-01  5.000000e-01 7.448504e-06 8.000000e-04 1.180333e+01 3.180203e+01 2.288797e+01 6.923338e+01 7.643160e-06 1.593689e-04 3.607120e-05 1.181566e-04 1.593519e-03
1.250000e+00 5.541000e-01  3.694000e-01  5.000000e-01 7.646978e-06 8.000000e-04 1.180333e+01 3.180203e+01 2.288797e+01 6.923338e+01 8.079659e-06 1.673305e-04 3.801913e-05 1.245374e-04 1.679573e-03
1.250000e+00 5.541000e-01  3.694000e-01  5.000000e-01 7.850741e-06 8.000000e-04 1.180333e+01 3.180203e+01 2.288797e+01 6.923338e+01 8.561871e-06 1.761475e-04 4.007225e-05 1.312627e-04 1.770274e-03
1.250000e+00 5.541000e-01  3.694000e-01  5.000000e-01 8.059933e-06 8.000000e-04 1.180333e+01 3.180203e+01 2.288797e+01 6.923338e+01 8.928233e-06 1.838240e-04 4.223625e-05 1.383512e-04 1.865873e-03
1.250000e+00 5.541000e-01  3.694000e-01  5.000000e-01 8.274699e-06 8.000000e-04 1.180333e+01 3.180203e+01 2.288796e+01 6.923338e+01 9.390881e-06 1.954120e-04 4.451710e-05 1.458225e-04 1.966634e-03
1.250000e+00 5.541000e-01  3.694000e-01  5.000000e-01 8.495188e-06 8.000000e-04 1.180333e+01 3.180203e+01 2.288796e+01 6.923337e+01 1.011531e-05 2.065800e-04 4.692113e-05 1.536972e-04 2.072837e-03
1.250000e+00 5.541000e-01  3.694000e-01  5.000000e-01 8.721552e-06 8.000000e-04 1.180333e+01 3.180203e+01 2.288796e+01 6.923337e+01 1.043982e-05 2.176928e-04 4.945498e-05 1.619972e-04 2.184775e-03
1.250000e+00 5.541000e-01  3.694000e-01  5.000000e-01 8.953948e-06 8.000000e-04 1.180333e+01 3.180203e+01 2.288795e+01 6.923337e+01 1.091649e-05 2.270785e-04 5.212566e-05 1.707454e-04 2.302758e-03
1.250000e+00 5.541000e-01  3.694000e-01  5.000000e-01 9.192536e-06 8.000000e-04 1.180333e+01 3.180203e+01 2.288795e+01 6.923337e+01 1.170452e-05 2.424002e-04 5.494056e-05 1.799661e-04 2.427112e-03
1.250000e+00 5.541000e-01  3.694000e-01  5.000000e-01 9.437481e-06 8.000000e-04 1.180333e+01 3.180203e+01 2.288795e+01 6.923337e+01 1.214033e-05 2.533670e-04 5.790748e-05 1.896847e-04 2.558182e-03
1.250000e+00 5.541000e-01  3.694000e-01  5.000000e-01 9.688954e-06 8.000000e-04 1.180333e+01 3.180203e+01 2.288794e+01 6.923336e+01 1.294875e-05 2.709141e-04 6.103462e-05 1.999281e-04 2.696330e-03
1.250000e+00 5.541000e-01  3.694000e-01  5.000000e-01 9.947127e-06 8.000000e-04 1.180333e+01 3.180203e+01 2.288794e+01 6.923336e+01 1.363809e-05 2.827301e-04 6.433063e-05 2.107246e-04 2.841938e-03
1.250000e+00 5.541000e-01  3.694000e-01  5.000000e-01 1.021218e-05 8.000000e-04 1.180333e+01 3.180203e+01 2.288793e+01 6.923336e+01 1.440862e-05 2.972798e-04 6.780463e-05 2.221043e-04 2.995409e-03
1.250000e+00 5.541000e-01  3.694000e-01  5.000000e-01 1.048430e-05 8.000000e-04 1.180333e+01 3.180203e+01 2.288793e+01 6.923335e+01 1.511133e-05 3.137796e-04 7.146624e-05 2.340984e-04 3.157168e-03
1.250000e+00 5.541000e-01  3.694000e-01  5.000000e-01 1.076366e-05 8.000000e-04 1.180333e+01 3.180203e+01 2.288792e+01 6.923335e+01 1.600972e-05 3.327169e-04 7.532558e-05 2.467403e-04 3.327662e-03
1.250000e+00 5.541000e-01  3.694000e-01  5.000000e-01 1.105047e-05 8.000000e-04 1.180333e+01 3.180203e+01 2.288792e+01 6.923335e+01 1.668877e-05 3.473470e-04 7.939334e-05 2.600648e-04 3.507364e-03
1.250000e+00 5.541000e-01  3.694000e-01  5.000000e-01 1.134492e-05 8.000000e-04 1.180333e+01 3.180203e+01 2.288791e+01 6.923334e+01 1.781476e-05 3.687493e-04 8.368076e-05 2.741089e-04 3.696769e-03
1.250000e+00 5.541000e-01  3.694000e-01  5.000000e-01 1.164722e-05 8.000000e-04 1.180333e+01 3.180203e+01 2.288791e+01 6.923334e+01 1.875430e-05 3.884402e-04 8.819972e-05 2.889114e-04 3.896404e-03
1.250000e+00 5.541000e-01  3.694000e-01  5.000000e-01 1.195758e-05 8.000000e-04 1.180333e+01 3.180203e+01 2.288790e+01 6.923334e+01 1.974290e-05 4.083800e-04 9.296270e-05 3.045133e-04 4.106818e-03
1.250000e+00 5.541000e-01  3.694000e-01  5.000000e-01 1.227620e-05 8.000000e-04 1.180333e+01 3.180203e+01 2.288789e+01 6.923333e+01 2.085036e-05 4.368983e-04 9.798291e-05 3.209577e-04 4.328596e-03
1.250000e+00 5.541000e-01  3.694000e-01  5.000000e-01 1.260331e-05 8.000000e-04 1.180333e+01 3.180203e+01 2.288789e+01 6.923333e+01 2.203155e-05 4.514166e-04 1.032742e-04 3.382902e-04 4.562350e-03
1.250000e+00 5.541000e-01  3.694000e-01  5.000000e-01 1.293914e-05 8.000000e-04 1.180333e+01 3.180203e+01 2.288788e+01 6.923332e+01 2.301487e-05 4.724439e-04 1.088513e-04 3.565586e-04 4.808728e-03
1.250000e+00 5.541000e-01  3.694000e-01  5.000000e-01 1.328392e-05 8.000000e-04 1.180333e+01 3.180203e+01 2.288787e+01 6.923332e+01 2.404648e-05 5.044476e-04 1.147295e-04 3.758136e-04 5.068410e-03
1.250000e+00 5.541000e-01  3.694000e-01  5.000000e-01 1.363789e-05 8.000000e-04 1.180333e+01 3.180203e+01 2.288787e+01 6.923332e+01 2.567054e-05 5.317787e-04 1.209251e-04 3.961084e-04 5.342116e-03
1.250000e+00 5.541000e-01  3.694000e-01  5.000000e-01 1.400128e-05 8.000000e-04 1.180333e+01 3.180203e+01 2.288786e+01 6.923331e+01 2.734141e-05 5.598835e-04 1.274554e-04 4.174992e-04 5.630603e-03
1.250000e+00 5.541000e-01  3.694000e-01  5.000000e-01 1.437436e-05 8.000000e-04 1.180333e+01 3.180203e+01 2.288785e+01 6.923330e+01 2.835110e-05 5.919058e-04 1.343383e-04 4.400451e-04 5.934668e-03
