1.250000e+00 5.223000e-02  3.482000e-02  5.000000e-01 2.000000e-06 8.000000e-04 1.626190e+06 3.180203e+01 2.288802e+01 6.923341e+01 1.160435e-09 3.619180e-09 1.209326e-09 2.446043e-08 9.585338e-08
1.250000e+00 5.223000e-02  3.482000e-02  5.000000e-01 2.053292e-06 8.000000e-04 1.626190e+06 3.180203e+01 2.288802e+01 6.923341e+01 1.212704e-09 3.814163e-09 1.274633e-09 2.578135e-08 1.010297e-07
1.250000e+00 5.223000e-02  3.482000e-02  5.000000e-01 2.108005e-06 8.000000e-04 1.626190e+06 3.180203e+01 2.288802e+01 6.923341e+01 1.344693e-09 3.994133e-09 1.343466e-09 2.717360e-08 1.064855e-07
1.250000e+00 5.223000e-02  3.482000e-02  5.000000e-01 2.164175e-06 8.000000e-04 1.626190e+06 3.180203e+01 2.288802e+01 6.923341e+01 1.383118e-09 4.204236e-09 1.416016e-09 2.864104e-08 1.122360e-07
1.250000e+00 5.223000e-02  3.482000e-02  5.000000e-01 2.221842e-06 8.000000e-04 1.626190e+06 3.180203e+01 2.288802e+01 6.923341e+01 1.441898e-09 4.476023e-09 1.492484e-09 3.018772e-08 1.182970e-07
1.250000e+00 5.223000e-02  3.482000e-02  5.000000e-01 2.281045e-06 8.000000e-04 1.626190e+06 3.180203e+01 2.288802e+01 6.923341e+01 1.529797e-09 4.689639e-09 1.573082e-09 3.181793e-08 1.246853e-07
1.250000e+00 5.223000e-02  3.482000e-02  5.000000e-01 2.341826e-06 8.000000e-04 1.626190e+06 3.180203e+01 2.288802e+01 6.923341e+01 1.612612e-09 4.965827e-09 1.658032e-09 3.353617e-08 1.314186e-07
1.250000e+00 5.223000e-02  3.482000e-02  5.000000e-01 2.404227e-06 8.000000e-04 1.626190e+06 3.180203e+01 2.288802e+01 6.923341e+01 1.677669e-09 5.247371e-09 1.747569e-09 3.534720e-08 1.385155e-07
1.250000e+00 5.223000e-02  3.482000e-02  5.000000e-01 2.468290e-06 8.000000e-04 1.626190e+06 3.180203e+01 2.288802e+01 6.923341e+01 1.770495e-09 5.512536e-09 1.841942e-09 3.725603e-08 1.459957e-07
1.250000e+00 5.223000e-02  3.482000e-02  5.000000e-01 2.534061e-06 8.000000e-04 1.626190e+06 3.180203e+01 2.288802e+01 6.923341e+01 1.838318e-09 5.772138e-09 1.941411e-09 3.926795e-08 1.538798e-07
1.250000e+00 5.223000e-02  3.482000e-02  5.000000e-01 2.601584e-06 8.000000e-04 1.626190e+06 3.180203e+01 2.288802e+01 6.923341e+01 1.973116e-09 6.089930e-09 2.046252e-09 4.138851e-08 1.621896e-07
1.250000e+00 5.223000e-02  3.482000e-02  5.000000e-01 2.670906e-06 8.000000e-04 1.626190e+06 3.180203e+01 2.288802e+01 6.923341e+01 2.106306e-09 6.439289e-09 2.156754e-09 4.362358e-08 1.709482e-07
1.250000e+00 5.223000e-02  3.482000e-02  5.000000e-01 2.742075e-06 8.000000e-04 1.626190e+06 3.180203e+01 2.288802e+01 6.923341e+01 2.154885e-09 6.816455e-09 2.273224e-09 4.597935e-08 1.801798e-07
1.250000e+00 5.223000e-02  3.482000e-02  5.000000e-01 2.815141e-06 8.000000e-04 1.626190e+06 3.180203e+01 2.288802e+01 6.923341e+01 2.327025e-09 7.172262e-09 2.395983e-09 4.846235e-08 1.899100e-07
1.250000e+00 5.223000e-02  3.482000e-02  5.000000e-01 2.890154e-06 8.000000e-04 1.626190e+06 3.180203e+01 2.288802e+01 6.923341e+01 2.427989e-09 7.547670e-09 2.525372e-09 5.107942e-08 2.001655e-07
1.250000e+00 5.223000e-02  3.482000e-02  5.000000e-01 2.967165e-06 8.000000e-04 1.626190e+06 3.180203e+01 2.288802e+01 6.923341e+01 2.627318e-09 7.944942e-09 2.661748e-09 5.383783e-08 2.109750e-07
1.250000e+00 5.223000e-02  3.482000e-02  5.000000e-01 3.046229e-06 8.000000e-04 1.626190e+06 3.180203e+01 2.288802e+01 6.923341e+01 2.691648e-09 8.328327e-09 2.805488e-09 5.674520e-08 2.223681e-07
1.250000e+00 5.223000e-02  3.482000e-02  5.000000e-01 3.127399e-06 8.000000e-04 1.626190e+06 3.180203e+01 2.288802e+01 6.923341e+01 2.905387e-09 8.833859e-09 2.956991e-09 5.980957e-08 2.343765e-07
1.250000e+00 5.223000e-02  3.482000e-02  5.000000e-01 3.210732e-06 8.000000e-04 1.626190e+06 3.180203e+01 2.288802e+01 6.923341e+01 3.125788e-09 9.295975e-09 3.116676e-09 6.303943e-08 2.470333e-07
1.250000e+00 5.223000e-02  3.482000e-02  5.000000e-01 3.296286e-06 8.000000e-04 1.626190e+06 3.180203e+01 2.288802e+01 6.923341e+01 3.277160e-09 9.814086e-09 3.284983e-09 6.644370e-08 2.603737e-07
1.250000e+00 5.223000e-02  3.482000e-02  5.000000e-01 3.384119e-06 8.000000e-04 1.626190e+06 3.180203e+01 2.288802e+01 6.923341e+01 3.339375e-09 1.035639e-08 3.462380e-09 7.003181e-08 2.744345e-07
1.250000e+00 5.223000e-02  3.482000e-02  5.000000e-01 3.474293e-06 8.000000e-04 1.626190e+06 3.180203e+01 2.288802e+01 6.923341e+01 3.408264e-09 1.087259e-08 3.649356e-09 7.381369e-08 2.892546e-07
1.250000e+00 5.223000e-02  3.482000e-02  5.000000e-01 3.566869e-06 8.000000e-04 1.626190e+06 3.180203e+01 2.288802e+01 6.923341e+01 3.739641e-09 1.145931e-08 3.846430e-09 7.779980e-08 3.048750e-07
1.250000e+00 5.223000e-02  3.482000e-02  5.000000e-01 3.661913e-06 8.000000e-04 1.626190e+06 3.180203e+01 2.288802e+01 6.923341e+01 3.850218e-09 1.205743e-08 4.054146e-09 8.200117e-08 3.213390e-07
1.250000e+00 5.223000e-02  3.482000e-02  5.000000e-01 3.759488e-06 8.000000e-04 1.626190e+06 3.180203e+01 2.288802e+01 6.923341e+01 4.099630e-09 1.268211e-08 4.273080e-09 8.642943e-08 3.386920e-07
1.250000e+00 5.223000e-02  3.482000e-02  5.000000e-01 3.859664e-06 8.000000e-04 1.626190e+06 3.180203e+01 2.288802e+01 6.923341e+01 4.392511e-09 1.339932e-08 4.503836e-09 9.109682e-08 3.569822e-07
1.250000e+00 5.223000e-02  3.482000e-02  5.000000e-01 3.962510e-06 8.000000e-04 1.626190e+06 3.180203e+01 2.288802e+01 6.923341e+01 4.621524e-09 1.417390e-08 4.747053e-09 9.601625e-08 3.762600e-07
1.250000e+00 5.223000e-02  3.482000e-02  5.000000e-01 4.068095e-06 8.000000e-04 1.626190e+06 3.180203e+01 2.288802e+01 6.923341e+01 4.852445e-09 1.484814e-08 5.003405e-09 1.012014e-07 3.965789e-07
1.250000e+00 5.223000e-02  3.482000e-02  5.000000e-01 4.176494e-06 8.000000e-04 1.626190e+06 3.180203e+01 2.288802e+01 6.923341e+01 5.002281e-09 1.580577e-08 5.273601e-09 1.066665e-07 4.179951e-07
1.250000e+00 5.223000e-02  3.482000e-02  5.000000e-01 4.287782e-06 8.000000e-04 1.626190e+06 3.180203e+01 2.288802e+01 6.923341e+01 5.395471e-09 1.658853e-08 5.558387e-09 1.124267e-07 4.405678e-07
1.250000e+00 5.223000e-02  3.482000e-02  5.000000e-01 4.402035e-06 8.000000e-04 1.626190e+06 3.180203e+01 2.288802e+01 6.923341e+01 5.778500e-09 1.756043e-08 5.858553e-09 1.184980e-07 4.643595e-07
1.250000e+00 5.223000e-02  3.482000e-02  5.000000e-01 4.519332e-06 8.000000e-04 1.626190e+06 3.180203e+01 2.288802e+01 6.923341e+01 5.982143e-09 1.850999e-08 6.174928e-09 1.248972e-07 4.894360e-07
1.250000e+00 5.223000e-02  3.482000e-02  5.000000e-01 4.639755e-06 8.000000e-04 1.626190e+06 3.180203e+01 2.288802e+01 6.923341e+01 6.186444e-09 1.935505e-08 6.508389e-09 1.316419e-07 5.158667e-07
1.250000e+00 5.223000e-02  3.482000e-02  5.000000e-01 4.763386e-06 8.000000e-04 1.626190e+06 3.180203e+01 2.288802e+01 6.923341e+01 6.612227e-09 2.045650e-08 6.859857e-09 1.387509e-07 5.437247e-07
1.250000e+00 5.223000e-02  3.482000e-02  5.000000e-01 4.890312e-06 8.000000e-04 1.626190e+06 3.180203e+01 2.288802e+01 6.923341e+01 6.924064e-09 2.161619e-08 7.230305e-09 1.462437e-07 5.730871e-07
1.250000e+00 5.223000e-02  3.482000e-02  5.000000e-01 5.020620e-06 8.000000e-04 1.626190e+06 3.180203e+01 2.288802e+01 6.923341e+01 7.368470e-09 2.272433e-08 7.620758e-09 1.541412e-07 6.040351e-07
1.250000e+00 5.223000e-02  3.482000e-02  5.000000e-01 5.154400e-06 8.000000e-04 1.626190e+06 3.180203e+01 2.288802e+01 6.923341e+01 7.674013e-09 2.397249e-08 8.032297e-09 1.624652e-07 6.366544e-07
1.250000e+00 5.223000e-02  3.482000e-02  5.000000e-01 5.291745e-06 8.000000e-04 1.626190e+06 3.180203e+01 2.288802e+01 6.923341e+01 8.327689e-09 2.527221e-08 8.466059e-09 1.712387e-07 6.710352e-07
1.250000e+00 5.223000e-02  3.482000e-02  5.000000e-01 5.432750e-06 8.000000e-04 1.626190e+06 3.180203e+01 2.288802e+01 6.923341e+01 8.492369e-09 2.647697e-08 8.923246e-09 1.804860e-07 7.072726e-07
1.250000e+00 5.223000e-02  3.482000e-02  5.000000e-01 5.577512e-06 8.000000e-04 1.626190e+06 3.180203e+01 2.288802e+01 6.923341e+01 8.956894e-09 2.818227e-08 9.405122e-09 1.902327e-07 7.454670e-07
1.250000e+00 5.223000e-02  3.482000e-02  5.000000e-01 5.726131e-06 8.000000e-04 1.626190e+06 3.180203e+01 2.288802e+01 6.923341e+01 9.617662e-09 2.945366e-08 9.913020e-09 2.005057e-07 7.857239e-07
1.250000e+00 5.223000e-02  3.482000e-02  5.000000e-01 5.878710e-06 8.000000e-04 1.626190e+06 3.180203e+01 2.288802e+01 6.923341e+01 9.895759e-09 3.096983e-08 1.044835e-08 2.113334e-07 8.281548e-07
1.250000e+00 5.223000e-02  3.482000e-02  5.000000e-01 6.035355e-06 8.000000e-04 1.626190e+06 3.180203e+01 2.288802e+01 6.923341e+01 1.079040e-08 3.285071e-08 1.101258e-08 2.227459e-07 8.728771e-07
1.250000e+00 5.223000e-02  3.482000e-02  5.000000e-01 6.196174e-06 8.000000e-04 1.626190e+06 3.180203e+01 2.288802e+01 6.923341e+01 1.122463e-08 3.455700e-08 1.160729e-08 2.347747e-07 9.200145e-07
1.250000e+00 5.223000e-02  3.482000e-02  5.000000e-01 6.361278e-06 8.000000e-04 1.626190e+06 3.180203e+01 2.288802e+01 6.923341e+01 1.186335e-08 3.651626e-08 1.223411e-08 2.474531e-07 9.696974e-07
1.250000e+00 5.223000e-02  3.482000e-02  5.000000e-01 6.530782e-06 8.000000e-04 1.626190e+06 3.180203e+01 2.288802e+01 6.923341e+01 1.226337e-08 3.849386e-08 1.289478e-08 2.608161e-07 1.022063e-06
1.250000e+00 5.223000e-02  3.482000e-02  5.000000e-01 6.704802e-06 8.000000e-04 1.626190e+06 3.180203e+01 2.288802e+01 6.923341e+01 1.341903e-08 4.043126e-08 1.359112e-08 2.749008e-07 1.077257e-06
1.250000e+00 5.223000e-02  3.482000e-02  5.000000e-01 6.883459e-06 8.000000e-04 1.626190e+06 3.180203e+01 2.288802e+01 6.923341e+01 1.376954e-08 4.269159e-08 1.432508e-08 2.897461e-07 1.135431e-06
1.250000e+00 5.223000e-02  3.482000e-02  5.000000e-01 7.066877e-06 8.000000e-04 1.626190e+06 3.180203e+01 2.288802e+01 6.923341e+01 1.464813e-08 4.509768e-08 1.509866e-08 3.053930e-07 1.196747e-06
1.250000e+00 5.223000e-02  3.482000e-02  5.000000e-01 7.255182e-06 8.000000e-04 1.626190e+06 3.180203e+01 2.288802e+01 6.923341e+01 1.548412e-08 4.752197e-08 1.591403e-08 3.218850e-07 1.261374e-06
1.250000e+00 5.223000e-02  3.482000e-02  5.000000e-01 7.448504e-06 8.000000e-04 1.626190e+06 3.180203e+01 2.288802e+01 6.923341e+01 1.622821e-08 4.975969e-08 1.677342e-08 3.392675e-07 1.329492e-06
1.250000e+00 5.223000e-02  3.482000e-02  5.000000e-01 7.646978e-06 8.000000e-04 1.626190e+06 3.180203e+01 2.288802e+01 6.923341e+01 1.781758e-08 5.270679e-08 1.767922e-08 3.575887e-07 1.401287e-06
1.250000e+00 5.223000e-02  3.482000e-02  5.000000e-01 7.850741e-06 8.000000e-04 1.626190e+06 3.180203e+01 2.288802e+01 6.923341e+01 1.838541e-08 5.582395e-08 1.863394e-08 3.768994e-07 1.476960e-06
1.250000e+00 5.223000e-02  3.482000e-02  5.000000e-01 8.059933e-06 8.000000e-04 1.626190e+06 3.180203e+01 2.288802e+01 6.923341e+01 1.923197e-08 5.890028e-08 1.964022e-08 3.972528e-07 1.556719e-06
1.250000e+00 5.223000e-02  3.482000e-02  5.000000e-01 8.274699e-06 8.000000e-04 1.626190e+06 3.180203e+01 2.288802e+01 6.923341e+01 2.039393e-08 6.162792e-08 2.070084e-08 4.187054e-07 1.640786e-06
1.250000e+00 5.223000e-02  3.482000e-02  5.000000e-01 8.495188e-06 8.000000e-04 1.626190e+06 3.180203e+01 2.288802e+01 6.923341e+01 2.119779e-08 6.496999e-08 2.181873e-08 4.413164e-07 1.729392e-06
1.250000e+00 5.223000e-02  3.482000e-02  5.000000e-01 8.721552e-06 8.000000e-04 1.626190e+06 3.180203e+01 2.288802e+01 6.923341e+01 2.225417e-08 6.832589e-08 2.299699e-08 4.651485e-07 1.822783e-06
1.250000e+00 5.223000e-02  3.482000e-02  5.000000e-01 8.953948e-06 8.000000e-04 1.626190e+06 3.180203e+01 2.288802e+01 6.923341e+01 2.360217e-08 7.238877e-08 2.423888e-08 4.902676e-07 1.921218e-06
1.250000e+00 5.223000e-02  3.482000e-02  5.000000e-01 9.192536e-06 8.000000e-04 1.626190e+06 3.180203e+01 2.288802e+01 6.923341e+01 2.423404e-08 7.614833e-08 2.554784e-08 5.167432e-07 2.024968e-06
1.250000e+00 5.223000e-02  3.482000e-02  5.000000e-01 9.437481e-06 8.000000e-04 1.626190e+06 3.180203e+01 2.288802e+01 6.923341e+01 2.607968e-08 8.006556e-08 2.692748e-08 5.446485e-07 2.134321e-06
1.250000e+00 5.223000e-02  3.482000e-02  5.000000e-01 9.688954e-06 8.000000e-04 1.626190e+06 3.180203e+01 2.288802e+01 6.923341e+01 2.781857e-08 8.461823e-08 2.838162e-08 5.740608e-07 2.249579e-06
1.250000e+00 5.223000e-02  3.482000e-02  5.000000e-01 9.947127e-06 8.000000e-04 1.626190e+06 3.180203e+01 2.288802e+01 6.923341e+01 2.869865e-08 8.961672e-08 2.991430e-08 6.050614e-07 2.371061e-06
1.250000e+00 5.223000e-02  3.482000e-02  5.000000e-01 1.021218e-05 8.000000e-04 1.626190e+06 3.180203e+01 2.288802e+01 6.923341e+01 3.118967e-08 9.410641e-08 3.152974e-08 6.377361e-07 2.499104e-06
1.250000e+00 5.223000e-02  3.482000e-02  5.000000e-01 1.048430e-05 8.000000e-04 1.626190e+06 3.180203e+01 2.288802e+01 6.923341e+01 3.251644e-08 9.860465e-08 3.323242e-08 6.721754e-07 2.634062e-06
1.250000e+00 5.223000e-02  3.482000e-02  5.000000e-01 1.076366e-05 8.000000e-04 1.626190e+06 3.180203e+01 2.288802e+01 6.923341e+01 3.390456e-08 1.042106e-07 3.502705e-08 7.084744e-07 2.776307e-06
1.250000e+00 5.223000e-02  3.482000e-02  5.000000e-01 1.105047e-05 8.000000e-04 1.626190e+06 3.180203e+01 2.288802e+01 6.923341e+01 3.577410e-08 1.102184e-07 3.691859e-08 7.467336e-07 2.926234e-06
1.250000e+00 5.223000e-02  3.482000e-02  5.000000e-01 1.134492e-05 8.000000e-04 1.626190e+06 3.180203e+01 2.288802e+01 6.923341e+01 3.835424e-08 1.162285e-07 3.891228e-08 7.870590e-07 3.084257e-06
1.250000e+00 5.223000e-02  3.482000e-02  5.000000e-01 1.164722e-05 8.000000e-04 1.626190e+06 3.180203e+01 2.288802e+01 6.923341e+01 3.972850e-08 1.221681e-07 4.101363e-08 8.295620e-07 3.250814e-06
1.250000e+00 5.223000e-02  3.482000e-02  5.000000e-01 1.195758e-05 8.000000e-04 1.626190e+06 3.180203e+01 2.288802e+01 6.923341e+01 4.198002e-08 1.294691e-07 4.322846e-08 8.743603e-07 3.426366e-06
1.250000e+00 5.223000e-02  3.482000e-02  5.000000e-01 1.227620e-05 8.000000e-04 1.626190e+06 3.180203e+01 2.288802e+01 6.923341e+01 4.467310e-08 1.355331e-07 4.556290e-08 9.215777e-07 3.611398e-06
1.250000e+00 5.223000e-02  3.482000e-02  5.000000e-01 1.260331e-05 8.000000e-04 1.626190e+06 3.180203e+01 2.288802e+01 6.923341e+01 4.713118e-08 1.434026e-07 4.802340e-08 9.713451e-07 3.806421e-06
1.250000e+00 5.223000e-02  3.482000e-02  5.000000e-01 1.293914e-05 8.000000e-04 1.626190e+06 3.180203e+01 2.288802e+01 6.923341e+01 4.934810e-08 1.512344e-07 5.061677e-08 1.023800e-06 4.011977e-06
1.250000e+00 5.223000e-02  3.482000e-02  5.000000e-01 1.328392e-05 8.000000e-04 1.626190e+06 3.180203e+01 2.288802e+01 6.923341e+01 5.363926e-08 1.589982e-07 5.335019e-08 1.079087e-06 4.228633e-06
1.250000e+00 5.223000e-02  3.482000e-02  5.000000e-01 1.363789e-05 8.000000e-04 1.626190e+06 3.180203e+01 2.288802e+01 6.923341e+01 5.433790e-08 1.677914e-07 5.623123e-08 1.137361e-06 4.456989e-06
