6.000000e-02 1.000000e+00  6.666667e-01  5.000000e-01 2.000000e-06 8.000000e-04 4.166974e-14 3.180203e+01 2.288801e+01 6.923341e+01 2.023803e-05 5.065398e-05 5.083598e-05 1.668152e-04 4.579396e-04
6.000000e-02 1.000000e+00  6.666667e-01  5.000000e-01 2.053292e-06 8.000000e-04 4.166974e-14 3.180203e+01 2.288801e+01 6.923341e+01 2.150138e-05 5.366120e-05 5.358124e-05 1.758237e-04 4.826694e-04
6.000000e-02 1.000000e+00  6.666667e-01  5.000000e-01 2.108005e-06 8.000000e-04 4.166974e-14 3.180203e+01 2.288801e+01 6.923341e+01 2.251838e-05 5.610739e-05 5.647475e-05 1.853185e-04 5.087347e-04
6.000000e-02 1.000000e+00  6.666667e-01  5.000000e-01 2.164175e-06 8.000000e-04 4.166974e-14 3.180203e+01 2.288801e+01 6.923341e+01 2.394080e-05 5.919459e-05 5.952452e-05 1.953262e-04 5.362075e-04
6.000000e-02 1.000000e+00  6.666667e-01  5.000000e-01 2.221842e-06 8.000000e-04 4.166974e-14 3.180203e+01 2.288801e+01 6.923341e+01 2.504424e-05 6.252826e-05 6.273898e-05 2.058742e-04 5.651640e-04
6.000000e-02 1.000000e+00  6.666667e-01  5.000000e-01 2.281045e-06 8.000000e-04 4.166974e-14 3.180203e+01 2.288801e+01 6.923341e+01 2.649357e-05 6.537640e-05 6.612703e-05 2.169919e-04 5.956841e-04
6.000000e-02 1.000000e+00  6.666667e-01  5.000000e-01 2.341826e-06 8.000000e-04 4.166974e-14 3.180203e+01 2.288801e+01 6.923341e+01 2.774273e-05 6.978288e-05 6.969804e-05 2.287100e-04 6.278524e-04
6.000000e-02 1.000000e+00  6.666667e-01  5.000000e-01 2.404227e-06 8.000000e-04 4.166974e-14 3.180203e+01 2.288801e+01 6.923341e+01 2.949037e-05 7.296657e-05 7.346190e-05 2.410608e-04 6.617579e-04
6.000000e-02 1.000000e+00  6.666667e-01  5.000000e-01 2.468290e-06 8.000000e-04 4.166974e-14 3.180203e+01 2.288801e+01 6.923341e+01 3.106423e-05 7.708102e-05 7.742901e-05 2.540787e-04 6.974944e-04
6.000000e-02 1.000000e+00  6.666667e-01  5.000000e-01 2.534061e-06 8.000000e-04 4.166974e-14 3.180203e+01 2.288801e+01 6.923341e+01 3.244840e-05 8.074924e-05 8.161035e-05 2.677995e-04 7.351607e-04
6.000000e-02 1.000000e+00  6.666667e-01  5.000000e-01 2.601584e-06 8.000000e-04 4.166974e-14 3.180203e+01 2.288801e+01 6.923341e+01 3.449913e-05 8.536292e-05 8.601750e-05 2.822613e-04 7.748611e-04
6.000000e-02 1.000000e+00  6.666667e-01  5.000000e-01 2.670906e-06 8.000000e-04 4.166974e-14 3.180203e+01 2.288801e+01 6.923341e+01 3.631040e-05 9.024104e-05 9.066264e-05 2.975041e-04 8.167054e-04
6.000000e-02 1.000000e+00  6.666667e-01  5.000000e-01 2.742075e-06 8.000000e-04 4.166974e-14 3.180203e+01 2.288801e+01 6.923341e+01 3.823494e-05 9.526285e-05 9.555864e-05 3.135700e-04 8.608093e-04
6.000000e-02 1.000000e+00  6.666667e-01  5.000000e-01 2.815141e-06 8.000000e-04 4.166974e-14 3.180203e+01 2.288800e+01 6.923341e+01 4.008717e-05 1.005530e-04 1.007190e-04 3.305035e-04 9.072950e-04
6.000000e-02 1.000000e+00  6.666667e-01  5.000000e-01 2.890154e-06 8.000000e-04 4.166974e-14 3.180203e+01 2.288800e+01 6.923341e+01 4.211779e-05 1.060269e-04 1.061581e-04 3.483514e-04 9.562911e-04
6.000000e-02 1.000000e+00  6.666667e-01  5.000000e-01 2.967165e-06 8.000000e-04 4.166974e-14 3.180203e+01 2.288800e+01 6.923341e+01 4.465308e-05 1.112850e-04 1.118909e-04 3.671632e-04 1.007933e-03
6.000000e-02 1.000000e+00  6.666667e-01  5.000000e-01 3.046229e-06 8.000000e-04 4.166974e-14 3.180203e+01 2.288800e+01 6.923340e+01 4.724764e-05 1.175964e-04 1.179332e-04 3.869909e-04 1.062364e-03
6.000000e-02 1.000000e+00  6.666667e-01  5.000000e-01 3.127399e-06 8.000000e-04 4.166974e-14 3.180203e+01 2.288800e+01 6.923340e+01 4.962756e-05 1.237729e-04 1.243019e-04 4.078893e-04 1.119734e-03
6.000000e-02 1.000000e+00  6.666667e-01  5.000000e-01 3.210732e-06 8.000000e-04 4.166974e-14 3.180203e+01 2.288800e+01 6.923340e+01 5.245104e-05 1.299717e-04 1.310145e-04 4.299163e-04 1.180202e-03
6.000000e-02 1.000000e+00  6.666667e-01  5.000000e-01 3.296286e-06 8.000000e-04 4.166974e-14 3.180203e+01 2.288800e+01 6.923340e+01 5.528895e-05 1.369866e-04 1.380896e-04 4.531327e-04 1.243936e-03
6.000000e-02 1.000000e+00  6.666667e-01  5.000000e-01 3.384119e-06 8.000000e-04 4.166974e-14 3.180203e+01 2.288800e+01 6.923340e+01 5.790209e-05 1.438305e-04 1.455467e-04 4.776029e-04 1.311111e-03
6.000000e-02 1.000000e+00  6.666667e-01  5.000000e-01 3.474293e-06 8.000000e-04 4.166974e-14 3.180203e+01 2.288800e+01 6.923340e+01 6.118421e-05 1.529904e-04 1.534066e-04 5.033946e-04 1.381914e-03
6.000000e-02 1.000000e+00  6.666667e-01  5.000000e-01 3.566869e-06 8.000000e-04 4.166974e-14 3.180203e+01 2.288799e+01 6.923340e+01 6.464474e-05 1.603711e-04 1.616909e-04 5.305791e-04 1.456541e-03
6.000000e-02 1.000000e+00  6.666667e-01  5.000000e-01 3.661913e-06 8.000000e-04 4.166974e-14 3.180203e+01 2.288799e+01 6.923340e+01 6.787072e-05 1.695258e-04 1.704226e-04 5.592316e-04 1.535197e-03
6.000000e-02 1.000000e+00  6.666667e-01  5.000000e-01 3.759488e-06 8.000000e-04 4.166974e-14 3.180203e+01 2.288799e+01 6.923340e+01 7.147172e-05 1.790340e-04 1.796258e-04 5.894314e-04 1.618101e-03
6.000000e-02 1.000000e+00  6.666667e-01  5.000000e-01 3.859664e-06 8.000000e-04 4.166974e-14 3.180203e+01 2.288799e+01 6.923340e+01 7.540010e-05 1.886443e-04 1.893260e-04 6.212620e-04 1.705483e-03
6.000000e-02 1.000000e+00  6.666667e-01  5.000000e-01 3.962510e-06 8.000000e-04 4.166974e-14 3.180203e+01 2.288799e+01 6.923340e+01 8.019524e-05 1.981560e-04 1.995500e-04 6.548116e-04 1.797583e-03
6.000000e-02 1.000000e+00  6.666667e-01  5.000000e-01 4.068095e-06 8.000000e-04 4.166974e-14 3.180203e+01 2.288799e+01 6.923340e+01 8.353629e-05 2.086652e-04 2.103262e-04 6.901730e-04 1.894656e-03
6.000000e-02 1.000000e+00  6.666667e-01  5.000000e-01 4.176494e-06 8.000000e-04 4.166974e-14 3.180203e+01 2.288799e+01 6.923340e+01 8.834856e-05 2.206571e-04 2.216843e-04 7.274439e-04 1.996972e-03
6.000000e-02 1.000000e+00  6.666667e-01  5.000000e-01 4.287782e-06 8.000000e-04 4.166974e-14 3.180203e+01 2.288798e+01 6.923340e+01 9.360008e-05 2.323264e-04 2.336558e-04 7.667275e-04 2.104813e-03
6.000000e-02 1.000000e+00  6.666667e-01  5.000000e-01 4.402035e-06 8.000000e-04 4.166974e-14 3.180203e+01 2.288798e+01 6.923340e+01 9.862488e-05 2.442080e-04 2.462737e-04 8.081326e-04 2.218478e-03
6.000000e-02 1.000000e+00  6.666667e-01  5.000000e-01 4.519332e-06 8.000000e-04 4.166974e-14 3.180203e+01 2.288798e+01 6.923340e+01 1.040261e-04 2.573420e-04 2.595731e-04 8.517736e-04 2.338281e-03
6.000000e-02 1.000000e+00  6.666667e-01  5.000000e-01 4.639755e-06 8.000000e-04 4.166974e-14 3.180203e+01 2.288798e+01 6.923340e+01 1.092775e-04 2.716845e-04 2.735906e-04 8.977714e-04 2.464553e-03
6.000000e-02 1.000000e+00  6.666667e-01  5.000000e-01 4.763386e-06 8.000000e-04 4.166974e-14 3.180203e+01 2.288797e+01 6.923339e+01 1.148480e-04 2.881283e-04 2.883652e-04 9.462531e-04 2.597645e-03
6.000000e-02 1.000000e+00  6.666667e-01  5.000000e-01 4.890312e-06 8.000000e-04 4.166974e-14 3.180203e+01 2.288797e+01 6.923339e+01 1.217835e-04 3.023617e-04 3.039375e-04 9.973530e-04 2.737924e-03
6.000000e-02 1.000000e+00  6.666667e-01  5.000000e-01 5.020620e-06 8.000000e-04 4.166974e-14 3.180203e+01 2.288797e+01 6.923339e+01 1.283976e-04 3.177774e-04 3.203509e-04 1.051212e-03 2.885778e-03
6.000000e-02 1.000000e+00  6.666667e-01  5.000000e-01 5.154400e-06 8.000000e-04 4.166974e-14 3.180203e+01 2.288797e+01 6.923339e+01 1.348980e-04 3.359717e-04 3.376506e-04 1.107980e-03 3.041617e-03
6.000000e-02 1.000000e+00  6.666667e-01  5.000000e-01 5.291745e-06 8.000000e-04 4.166974e-14 3.180202e+01 2.288796e+01 6.923339e+01 1.421563e-04 3.545696e-04 3.558845e-04 1.167814e-03 3.205871e-03
6.000000e-02 1.000000e+00  6.666667e-01  5.000000e-01 5.432750e-06 8.000000e-04 4.166974e-14 3.180202e+01 2.288796e+01 6.923339e+01 1.492574e-04 3.713676e-04 3.751030e-04 1.230878e-03 3.378995e-03
6.000000e-02 1.000000e+00  6.666667e-01  5.000000e-01 5.577512e-06 8.000000e-04 4.166974e-14 3.180202e+01 2.288796e+01 6.923339e+01 1.586370e-04 3.931681e-04 3.953595e-04 1.297349e-03 3.561469e-03
6.000000e-02 1.000000e+00  6.666667e-01  5.000000e-01 5.726131e-06 8.000000e-04 4.166974e-14 3.180202e+01 2.288796e+01 6.923339e+01 1.668710e-04 4.143146e-04 4.167098e-04 1.367408e-03 3.753797e-03
6.000000e-02 1.000000e+00  6.666667e-01  5.000000e-01 5.878710e-06 8.000000e-04 4.166974e-14 3.180202e+01 2.288795e+01 6.923339e+01 1.751861e-04 4.373592e-04 4.392131e-04 1.441252e-03 3.956510e-03
6.000000e-02 1.000000e+00  6.666667e-01  5.000000e-01 6.035355e-06 8.000000e-04 4.166974e-14 3.180202e+01 2.288795e+01 6.923339e+01 1.842459e-04 4.628510e-04 4.629316e-04 1.519083e-03 4.170171e-03
6.000000e-02 1.000000e+00  6.666667e-01  5.000000e-01 6.196174e-06 8.000000e-04 4.166974e-14 3.180202e+01 2.288794e+01 6.923338e+01 1.956656e-04 4.851958e-04 4.879310e-04 1.601117e-03 4.395370e-03
6.000000e-02 1.000000e+00  6.666667e-01  5.000000e-01 6.361278e-06 8.000000e-04 4.166974e-14 3.180202e+01 2.288794e+01 6.923338e+01 2.048858e-04 5.126546e-04 5.142804e-04 1.687581e-03 4.632730e-03
6.000000e-02 1.000000e+00  6.666667e-01  5.000000e-01 6.530782e-06 8.000000e-04 4.166974e-14 3.180202e+01 2.288794e+01 6.923338e+01 2.166747e-04 5.383122e-04 5.420527e-04 1.778714e-03 4.882908e-03
6.000000e-02 1.000000e+00  6.666667e-01  5.000000e-01 6.704802e-06 8.000000e-04 4.166974e-14 3.180202e+01 2.288793e+01 6.923338e+01 2.303044e-04 5.683002e-04 5.713248e-04 1.874768e-03 5.146596e-03
6.000000e-02 1.000000e+00  6.666667e-01  5.000000e-01 6.883459e-06 8.000000e-04 4.166974e-14 3.180202e+01 2.288793e+01 6.923338e+01 2.404175e-04 5.975815e-04 6.021777e-04 1.976010e-03 5.424525e-03
6.000000e-02 1.000000e+00  6.666667e-01  5.000000e-01 7.066877e-06 8.000000e-04 4.166974e-14 3.180202e+01 2.288792e+01 6.923337e+01 2.533323e-04 6.332065e-04 6.346967e-04 2.082719e-03 5.717461e-03
6.000000e-02 1.000000e+00  6.666667e-01  5.000000e-01 7.255182e-06 8.000000e-04 4.166974e-14 3.180202e+01 2.288792e+01 6.923337e+01 2.648497e-04 6.644558e-04 6.689718e-04 2.195191e-03 6.026217e-03
6.000000e-02 1.000000e+00  6.666667e-01  5.000000e-01 7.448504e-06 8.000000e-04 4.166974e-14 3.180202e+01 2.288791e+01 6.923337e+01 2.826555e-04 6.998510e-04 7.050978e-04 2.313736e-03 6.351647e-03
6.000000e-02 1.000000e+00  6.666667e-01  5.000000e-01 7.646978e-06 8.000000e-04 4.166974e-14 3.180202e+01 2.288790e+01 6.923337e+01 2.964723e-04 7.374928e-04 7.431747e-04 2.438684e-03 6.694651e-03
6.000000e-02 1.000000e+00  6.666667e-01  5.000000e-01 7.850741e-06 8.000000e-04 4.166974e-14 3.180202e+01 2.288790e+01 6.923337e+01 3.134226e-04 7.779071e-04 7.833078e-04 2.570378e-03 7.056177e-03
6.000000e-02 1.000000e+00  6.666667e-01  5.000000e-01 8.059933e-06 8.000000e-04 4.166974e-14 3.180202e+01 2.288789e+01 6.923336e+01 3.300802e-04 8.196116e-04 8.256083e-04 2.709184e-03 7.437227e-03
6.000000e-02 1.000000e+00  6.666667e-01  5.000000e-01 8.274699e-06 8.000000e-04 4.166974e-14 3.180202e+01 2.288789e+01 6.923336e+01 3.496664e-04 8.644505e-04 8.701930e-04 2.855487e-03 7.838855e-03
6.000000e-02 1.000000e+00  6.666667e-01  5.000000e-01 8.495188e-06 8.000000e-04 4.166974e-14 3.180201e+01 2.288788e+01 6.923336e+01 3.663699e-04 9.116474e-04 9.171855e-04 3.009690e-03 8.262171e-03
6.000000e-02 1.000000e+00  6.666667e-01  5.000000e-01 8.721552e-06 8.000000e-04 4.166974e-14 3.180201e+01 2.288787e+01 6.923336e+01 3.853900e-04 9.620397e-04 9.667156e-04 3.172220e-03 8.708347e-03
6.000000e-02 1.000000e+00  6.666667e-01  5.000000e-01 8.953948e-06 8.000000e-04 4.166974e-14 3.180201e+01 2.288786e+01 6.923335e+01 4.078449e-04 1.019470e-03 1.018920e-03 3.343527e-03 9.178618e-03
6.000000e-02 1.000000e+00  6.666667e-01  5.000000e-01 9.192536e-06 8.000000e-04 4.166974e-14 3.180201e+01 2.288785e+01 6.923335e+01 4.282085e-04 1.066073e-03 1.073945e-03 3.524085e-03 9.674285e-03
6.000000e-02 1.000000e+00  6.666667e-01  5.000000e-01 9.437481e-06 8.000000e-04 4.166974e-14 3.180201e+01 2.288784e+01 6.923335e+01 4.511029e-04 1.125435e-03 1.131940e-03 3.714394e-03 1.019672e-02
6.000000e-02 1.000000e+00  6.666667e-01  5.000000e-01 9.688954e-06 8.000000e-04 4.166974e-14 3.180201e+01 2.288784e+01 6.923334e+01 4.779124e-04 1.184871e-03 1.193067e-03 3.914980e-03 1.074736e-02
6.000000e-02 1.000000e+00  6.666667e-01  5.000000e-01 9.947127e-06 8.000000e-04 4.166974e-14 3.180201e+01 2.288782e+01 6.923334e+01 5.045753e-04 1.249061e-03 1.257496e-03 4.126398e-03 1.132775e-02
6.000000e-02 1.000000e+00  6.666667e-01  5.000000e-01 1.021218e-05 8.000000e-04 4.166974e-14 3.180201e+01 2.288781e+01 6.923333e+01 5.288591e-04 1.322715e-03 1.325403e-03 4.349233e-03 1.193947e-02
6.000000e-02 1.000000e+00  6.666667e-01  5.000000e-01 1.048430e-05 8.000000e-04 4.166974e-14 3.180201e+01 2.288780e+01 6.923333e+01 5.570253e-04 1.389954e-03 1.396978e-03 4.584101e-03 1.258423e-02
6.000000e-02 1.000000e+00  6.666667e-01  5.000000e-01 1.076366e-05 8.000000e-04 4.166974e-14 3.180200e+01 2.288779e+01 6.923333e+01 5.866516e-04 1.462915e-03 1.472418e-03 4.831653e-03 1.326381e-02
6.000000e-02 1.000000e+00  6.666667e-01  5.000000e-01 1.105047e-05 8.000000e-04 4.166974e-14 3.180200e+01 2.288778e+01 6.923332e+01 6.199483e-04 1.543355e-03 1.551932e-03 5.092574e-03 1.398009e-02
6.000000e-02 1.000000e+00  6.666667e-01  5.000000e-01 1.134492e-05 8.000000e-04 4.166974e-14 3.180200e+01 2.288777e+01 6.923332e+01 6.507150e-04 1.624316e-03 1.635740e-03 5.367585e-03 1.473504e-02
6.000000e-02 1.000000e+00  6.666667e-01  5.000000e-01 1.164722e-05 8.000000e-04 4.166974e-14 3.180200e+01 2.288775e+01 6.923331e+01 6.888882e-04 1.716841e-03 1.724074e-03 5.657447e-03 1.553077e-02
6.000000e-02 1.000000e+00  6.666667e-01  5.000000e-01 1.195758e-05 8.000000e-04 4.166974e-14 3.180200e+01 2.288774e+01 6.923331e+01 7.242559e-04 1.807141e-03 1.817178e-03 5.962962e-03 1.636947e-02
6.000000e-02 1.000000e+00  6.666667e-01  5.000000e-01 1.227620e-05 8.000000e-04 4.166974e-14 3.180200e+01 2.288772e+01 6.923330e+01 7.633287e-04 1.908312e-03 1.915310e-03 6.284976e-03 1.725345e-02
6.000000e-02 1.000000e+00  6.666667e-01  5.000000e-01 1.260331e-05 8.000000e-04 4.166974e-14 3.180200e+01 2.288771e+01 6.923330e+01 8.045621e-04 2.007384e-03 2.018741e-03 6.624379e-03 1.818518e-02
6.000000e-02 1.000000e+00  6.666667e-01  5.000000e-01 1.293914e-05 8.000000e-04 4.166974e-14 3.180199e+01 2.288769e+01 6.923329e+01 8.505501e-04 2.109477e-03 2.127758e-03 6.982111e-03 1.916722e-02
6.000000e-02 1.000000e+00  6.666667e-01  5.000000e-01 1.328392e-05 8.000000e-04 4.166974e-14 3.180199e+01 2.288767e+01 6.923328e+01 8.967734e-04 2.229427e-03 2.242662e-03 7.359161e-03 2.020230e-02
6.000000e-02 1.000000e+00  6.666667e-01  5.000000e-01 1.363789e-05 8.000000e-04 4.166974e-14 3.180199e+01 2.288765e+01 6.923328e+01 9.407014e-04 2.353851e-03 2.363770e-03 7.756572e-03 2.129327e-02
6.000000e-02 1.000000e+00  6.666667e-01  5.000000e-01 1.400128e-05 8.000000e-04 4.166974e-14 3.180199e+01 2.288764e+01 6.923327e+01 9.965101e-04 2.486815e-03 2.491420e-03 8.175445e-03 2.244315e-02
6.000000e-02 1.000000e+00  6.666667e-01  5.000000e-01 1.437436e-05 8.000000e-04 4.166974e-14 3.180199e+01 2.288761e+01 6.923326e+01 1.048813e-03 2.619553e-03 2.625962e-03 8.616938e-03 2.365514e-02
6.000000e-02 1.000000e+00  6.666667e-01  5.000000e-01 1.475738e-05 8.000000e-04 4.166974e-14 3.180198e+01 2.288758e+01 6.923325e+01 1.108520e-03 2.774868e-03 2.767770e-03 9.082273e-03 2.493257e-02
6.000000e-02 1.000000e+00  6.666667e-01  5.000000e-01 1.515061e-05 8.000000e-04 4.166974e-14 3.180198e+01 2.288756e+01 6.923324e+01 1.163367e-03 2.897346e-03 2.917236e-03 9.572736e-03 2.627898e-02
6.000000e-02 1.000000e+00  6.666667e-01  5.000000e-01 1.555432e-05 8.000000e-04 4.166974e-14 3.180198e+01 2.288754e+01 6.923323e+01 1.229639e-03 3.060363e-03 3.074773e-03 1.008969e-02 2.769811e-02
6.000000e-02 1.000000e+00  6.666667e-01  5.000000e-01 1.596878e-05 8.000000e-04 4.166974e-14 3.180198e+01 2.288752e+01 6.923323e+01 1.295825e-03 3.227885e-03 3.240818e-03 1.063455e-02 2.919387e-02
6.000000e-02 1.000000e+00  6.666667e-01  5.000000e-01 1.639429e-05 8.000000e-04 4.166974e-14 3.180197e+01 2.288748e+01 6.923321e+01 1.360548e-03 3.403578e-03 3.415830e-03 1.120884e-02 3.077041e-02
6.000000e-02 1.000000e+00  6.666667e-01  5.000000e-01 1.683113e-05 8.000000e-04 4.166974e-14 3.180197e+01 2.288746e+01 6.923320e+01 1.433028e-03 3.568484e-03 3.600293e-03 1.181415e-02 3.243208e-02
6.000000e-02 1.000000e+00  6.666667e-01  5.000000e-01 1.727962e-05 8.000000e-04 4.166974e-14 3.180196e+01 2.288742e+01 6.923318e+01 1.508418e-03 3.770276e-03 3.794717e-03 1.245214e-02 3.418349e-02
6.000000e-02 1.000000e+00  6.666667e-01  5.000000e-01 1.774005e-05 8.000000e-04 4.166974e-14 3.180196e+01 2.288739e+01 6.923318e+01 1.597359e-03 3.980868e-03 3.999640e-03 1.312458e-02 3.602948e-02
6.000000e-02 1.000000e+00  6.666667e-01  5.000000e-01 1.821276e-05 8.000000e-04 4.166974e-14 3.180195e+01 2.288736e+01 6.923316e+01 1.692945e-03 4.196235e-03 4.215630e-03 1.383334e-02 3.797515e-02
