3.000000e-02 5.541000e-01  3.694000e-01  5.000000e-01 2.000000e-06 8.000000e-04 6.122470e-14 3.180184e+01 2.287630e+01 6.922645e+01 2.252875e-03 4.363742e-02 7.395331e-03 2.432364e-02 2.225518e-01
3.000000e-02 5.541000e-01  3.694000e-01  5.000000e-01 2.053292e-06 8.000000e-04 6.122470e-14 3.180183e+01 2.287581e+01 6.922614e+01 2.370373e-03 4.605678e-02 7.794696e-03 2.563718e-02 2.345701e-01
3.000000e-02 5.541000e-01  3.694000e-01  5.000000e-01 2.108005e-06 8.000000e-04 6.122470e-14 3.180182e+01 2.287498e+01 6.922563e+01 2.492480e-03 4.870908e-02 8.215627e-03 2.702164e-02 2.472375e-01
3.000000e-02 5.541000e-01  3.694000e-01  5.000000e-01 2.164175e-06 8.000000e-04 6.122470e-14 3.180181e+01 2.287435e+01 6.922530e+01 2.630208e-03 5.098616e-02 8.659290e-03 2.848088e-02 2.605889e-01
3.000000e-02 5.541000e-01  3.694000e-01  5.000000e-01 2.221842e-06 8.000000e-04 6.122470e-14 3.180180e+01 2.287372e+01 6.922485e+01 2.762532e-03 5.378390e-02 9.126912e-03 3.001891e-02 2.746613e-01
3.000000e-02 5.541000e-01  3.694000e-01  5.000000e-01 2.281045e-06 8.000000e-04 6.122470e-14 3.180178e+01 2.287276e+01 6.922431e+01 2.934965e-03 5.686937e-02 9.619786e-03 3.164000e-02 2.894936e-01
3.000000e-02 5.541000e-01  3.694000e-01  5.000000e-01 2.341826e-06 8.000000e-04 6.122470e-14 3.180177e+01 2.287218e+01 6.922394e+01 3.093821e-03 5.956196e-02 1.013928e-02 3.334863e-02 3.051269e-01
3.000000e-02 5.541000e-01  3.694000e-01  5.000000e-01 2.404227e-06 8.000000e-04 6.122470e-14 3.180175e+01 2.287125e+01 6.922338e+01 3.248336e-03 6.307131e-02 1.068682e-02 3.514954e-02 3.216045e-01
3.000000e-02 5.541000e-01  3.694000e-01  5.000000e-01 2.468290e-06 8.000000e-04 6.122470e-14 3.180174e+01 2.287045e+01 6.922301e+01 3.406431e-03 6.607708e-02 1.126393e-02 3.704769e-02 3.389719e-01
3.000000e-02 5.541000e-01  3.694000e-01  5.000000e-01 2.534061e-06 8.000000e-04 6.122470e-14 3.180172e+01 2.286928e+01 6.922228e+01 3.596089e-03 7.026389e-02 1.187221e-02 3.904835e-02 3.572771e-01
3.000000e-02 5.541000e-01  3.694000e-01  5.000000e-01 2.601584e-06 8.000000e-04 6.122470e-14 3.180171e+01 2.286836e+01 6.922174e+01 3.802906e-03 7.384447e-02 1.251334e-02 4.115705e-02 3.765709e-01
3.000000e-02 5.541000e-01  3.694000e-01  5.000000e-01 2.670906e-06 8.000000e-04 6.122470e-14 3.180169e+01 2.286733e+01 6.922106e+01 4.027890e-03 7.792667e-02 1.318909e-02 4.337963e-02 3.969066e-01
3.000000e-02 5.541000e-01  3.694000e-01  5.000000e-01 2.742075e-06 8.000000e-04 6.122470e-14 3.180167e+01 2.286606e+01 6.922033e+01 4.216721e-03 8.227959e-02 1.390133e-02 4.572223e-02 4.183405e-01
3.000000e-02 5.541000e-01  3.694000e-01  5.000000e-01 2.815141e-06 8.000000e-04 6.122470e-14 3.180165e+01 2.286498e+01 6.921956e+01 4.465688e-03 8.678183e-02 1.465203e-02 4.819134e-02 4.409319e-01
3.000000e-02 5.541000e-01  3.694000e-01  5.000000e-01 2.890154e-06 8.000000e-04 6.122470e-14 3.180163e+01 2.286372e+01 6.921917e+01 4.683383e-03 9.090875e-02 1.544328e-02 5.079378e-02 4.647432e-01
3.000000e-02 5.541000e-01  3.694000e-01  5.000000e-01 2.967165e-06 8.000000e-04 6.122470e-14 3.180161e+01 2.286222e+01 6.921807e+01 4.935231e-03 9.606247e-02 1.627725e-02 5.353676e-02 4.898404e-01
3.000000e-02 5.541000e-01  3.694000e-01  5.000000e-01 3.046229e-06 8.000000e-04 6.122470e-14 3.180158e+01 2.286100e+01 6.921726e+01 5.237003e-03 1.020241e-01 1.715626e-02 5.642787e-02 5.162929e-01
3.000000e-02 5.541000e-01  3.694000e-01  5.000000e-01 3.127399e-06 8.000000e-04 6.122470e-14 3.180158e+01 2.285939e+01 6.921629e+01 5.494344e-03 1.068949e-01 1.808274e-02 5.947511e-02 5.441739e-01
3.000000e-02 5.541000e-01  3.694000e-01  5.000000e-01 3.210732e-06 8.000000e-04 6.122470e-14 3.180154e+01 2.285783e+01 6.921551e+01 5.719751e-03 1.122069e-01 1.905925e-02 6.268690e-02 5.735606e-01
3.000000e-02 5.541000e-01  3.694000e-01  5.000000e-01 3.296286e-06 8.000000e-04 6.122470e-14 3.180150e+01 2.285623e+01 6.921411e+01 6.135747e-03 1.186905e-01 2.008849e-02 6.607214e-02 6.045342e-01
3.000000e-02 5.541000e-01  3.694000e-01  5.000000e-01 3.384119e-06 8.000000e-04 6.122470e-14 3.180148e+01 2.285433e+01 6.921340e+01 6.476732e-03 1.253316e-01 2.117332e-02 6.964018e-02 6.371804e-01
3.000000e-02 5.541000e-01  3.694000e-01  5.000000e-01 3.474293e-06 8.000000e-04 6.122470e-14 3.180144e+01 2.285259e+01 6.921236e+01 6.803257e-03 1.325565e-01 2.231672e-02 7.340092e-02 6.715896e-01
3.000000e-02 5.541000e-01  3.694000e-01  5.000000e-01 3.566869e-06 8.000000e-04 6.122470e-14 3.180141e+01 2.285107e+01 6.921139e+01 7.139723e-03 1.391447e-01 2.352188e-02 7.736473e-02 7.078570e-01
3.000000e-02 5.541000e-01  3.694000e-01  5.000000e-01 3.661913e-06 8.000000e-04 6.122470e-14 3.180139e+01 2.284935e+01 6.921069e+01 7.528509e-03 1.460542e-01 2.479211e-02 8.154261e-02 7.460830e-01
3.000000e-02 5.541000e-01  3.694000e-01  5.000000e-01 3.759488e-06 8.000000e-04 6.122470e-14 3.180136e+01 2.284670e+01 6.920911e+01 7.967033e-03 1.541044e-01 2.613095e-02 8.594610e-02 7.863732e-01
3.000000e-02 5.541000e-01  3.694000e-01  5.000000e-01 3.859664e-06 8.000000e-04 6.122470e-14 3.180132e+01 2.284467e+01 6.920747e+01 8.384872e-03 1.625181e-01 2.754208e-02 9.058739e-02 8.288391e-01
3.000000e-02 5.541000e-01  3.694000e-01  5.000000e-01 3.962510e-06 8.000000e-04 6.122470e-14 3.180128e+01 2.284226e+01 6.920600e+01 8.812050e-03 1.715801e-01 2.902941e-02 9.547931e-02 8.735984e-01
3.000000e-02 5.541000e-01  3.694000e-01  5.000000e-01 4.068095e-06 8.000000e-04 6.122470e-14 3.180124e+01 2.284007e+01 6.920472e+01 9.332006e-03 1.809348e-01 3.059707e-02 1.006354e-01 9.207747e-01
3.000000e-02 5.541000e-01  3.694000e-01  5.000000e-01 4.176494e-06 8.000000e-04 6.122470e-14 3.180119e+01 2.283732e+01 6.920316e+01 9.851749e-03 1.900291e-01 3.224938e-02 1.060700e-01 9.704986e-01
3.000000e-02 5.541000e-01  3.694000e-01  5.000000e-01 4.287782e-06 8.000000e-04 6.122470e-14 3.180115e+01 2.283416e+01 6.920166e+01 1.021477e-02 2.014687e-01 3.399092e-02 1.117980e-01 1.022908e+00
3.000000e-02 5.541000e-01  3.694000e-01  5.000000e-01 4.402035e-06 8.000000e-04 6.122470e-14 3.180109e+01 2.283102e+01 6.919923e+01 1.086559e-02 2.128606e-01 3.582651e-02 1.178353e-01 1.078147e+00
3.000000e-02 5.541000e-01  3.694000e-01  5.000000e-01 4.519332e-06 8.000000e-04 6.122470e-14 3.180104e+01 2.282810e+01 6.919733e+01 1.145760e-02 2.241589e-01 3.776122e-02 1.241987e-01 1.136370e+00
3.000000e-02 5.541000e-01  3.694000e-01  5.000000e-01 4.639755e-06 8.000000e-04 6.122470e-14 3.180100e+01 2.282556e+01 6.919651e+01 1.213704e-02 2.343201e-01 3.980042e-02 1.309057e-01 1.197736e+00
3.000000e-02 5.541000e-01  3.694000e-01  5.000000e-01 4.763386e-06 8.000000e-04 6.122470e-14 3.180094e+01 2.282164e+01 6.919443e+01 1.272817e-02 2.478625e-01 4.194973e-02 1.379749e-01 1.262417e+00
3.000000e-02 5.541000e-01  3.694000e-01  5.000000e-01 4.890312e-06 8.000000e-04 6.122470e-14 3.180088e+01 2.281827e+01 6.919198e+01 1.340529e-02 2.616714e-01 4.421511e-02 1.454259e-01 1.330590e+00
3.000000e-02 5.541000e-01  3.694000e-01  5.000000e-01 5.020620e-06 8.000000e-04 6.122470e-14 3.180082e+01 2.281472e+01 6.918952e+01 1.409023e-02 2.753310e-01 4.660283e-02 1.532792e-01 1.402445e+00
3.000000e-02 5.541000e-01  3.694000e-01  5.000000e-01 5.154400e-06 8.000000e-04 6.122470e-14 3.180076e+01 2.281092e+01 6.918734e+01 1.489277e-02 2.891131e-01 4.911949e-02 1.615567e-01 1.478180e+00
3.000000e-02 5.541000e-01  3.694000e-01  5.000000e-01 5.291745e-06 8.000000e-04 6.122470e-14 3.180067e+01 2.280659e+01 6.918488e+01 1.583991e-02 3.054598e-01 5.177206e-02 1.702811e-01 1.558006e+00
3.000000e-02 5.541000e-01  3.694000e-01  5.000000e-01 5.432750e-06 8.000000e-04 6.122470e-14 3.180062e+01 2.280188e+01 6.918196e+01 1.670749e-02 3.215838e-01 5.456787e-02 1.794767e-01 1.642141e+00
3.000000e-02 5.541000e-01  3.694000e-01  5.000000e-01 5.577512e-06 8.000000e-04 6.122470e-14 3.180054e+01 2.279738e+01 6.918020e+01 1.748063e-02 3.400696e-01 5.751466e-02 1.891688e-01 1.730821e+00
3.000000e-02 5.541000e-01  3.694000e-01  5.000000e-01 5.726131e-06 8.000000e-04 6.122470e-14 3.180045e+01 2.279286e+01 6.917746e+01 1.836800e-02 3.574130e-01 6.062059e-02 1.993844e-01 1.824289e+00
3.000000e-02 5.541000e-01  3.694000e-01  5.000000e-01 5.878710e-06 8.000000e-04 6.122470e-14 3.180035e+01 2.278745e+01 6.917415e+01 1.956209e-02 3.768101e-01 6.389424e-02 2.101516e-01 1.922805e+00
3.000000e-02 5.541000e-01  3.694000e-01  5.000000e-01 6.035355e-06 8.000000e-04 6.122470e-14 3.180031e+01 2.278146e+01 6.917020e+01 2.030890e-02 3.987879e-01 6.734467e-02 2.215003e-01 2.026641e+00
3.000000e-02 5.541000e-01  3.694000e-01  5.000000e-01 6.196174e-06 8.000000e-04 6.122470e-14 3.180023e+01 2.277651e+01 6.916757e+01 2.160654e-02 4.190066e-01 7.098144e-02 2.334618e-01 2.136084e+00
3.000000e-02 5.541000e-01  3.694000e-01  5.000000e-01 6.361278e-06 8.000000e-04 6.122470e-14 3.180008e+01 2.276986e+01 6.916241e+01 2.275041e-02 4.437270e-01 7.481460e-02 2.460693e-01 2.251438e+00
3.000000e-02 5.541000e-01  3.694000e-01  5.000000e-01 6.530782e-06 8.000000e-04 6.122470e-14 3.179999e+01 2.276418e+01 6.916089e+01 2.408289e-02 4.661620e-01 7.885477e-02 2.593576e-01 2.373021e+00
3.000000e-02 5.541000e-01  3.694000e-01  5.000000e-01 6.704802e-06 8.000000e-04 6.122470e-14 3.179985e+01 2.275694e+01 6.915604e+01 2.531315e-02 4.923478e-01 8.311310e-02 2.733635e-01 2.501169e+00
3.000000e-02 5.541000e-01  3.694000e-01  5.000000e-01 6.883459e-06 8.000000e-04 6.122470e-14 3.179975e+01 2.274906e+01 6.915115e+01 2.680360e-02 5.177933e-01 8.760140e-02 2.881258e-01 2.636238e+00
3.000000e-02 5.541000e-01  3.694000e-01  5.000000e-01 7.066877e-06 8.000000e-04 6.122470e-14 3.179966e+01 2.274246e+01 6.914726e+01 2.806023e-02 5.468180e-01 9.233208e-02 3.036852e-01 2.778601e+00
3.000000e-02 5.541000e-01  3.694000e-01  5.000000e-01 7.255182e-06 8.000000e-04 6.122470e-14 3.179951e+01 2.273511e+01 6.914375e+01 2.961229e-02 5.740692e-01 9.731823e-02 3.200849e-01 2.928652e+00
3.000000e-02 5.541000e-01  3.694000e-01  5.000000e-01 7.448504e-06 8.000000e-04 6.122470e-14 3.179939e+01 2.272703e+01 6.913857e+01 3.108467e-02 6.039380e-01 1.025736e-01 3.373703e-01 3.086806e+00
3.000000e-02 5.541000e-01  3.694000e-01  5.000000e-01 7.646978e-06 8.000000e-04 6.122470e-14 3.179922e+01 2.271705e+01 6.913185e+01 3.277760e-02 6.377234e-01 1.081129e-01 3.555890e-01 3.253501e+00
3.000000e-02 5.541000e-01  3.694000e-01  5.000000e-01 7.850741e-06 8.000000e-04 6.122470e-14 3.179907e+01 2.270910e+01 6.912718e+01 3.456051e-02 6.730782e-01 1.139512e-01 3.747917e-01 3.429197e+00
3.000000e-02 5.541000e-01  3.694000e-01  5.000000e-01 8.059933e-06 8.000000e-04 6.122470e-14 3.179896e+01 2.269868e+01 6.911883e+01 3.644142e-02 7.096280e-01 1.201048e-01 3.950313e-01 3.614382e+00
3.000000e-02 5.541000e-01  3.694000e-01  5.000000e-01 8.274699e-06 8.000000e-04 6.122470e-14 3.179876e+01 2.268753e+01 6.911431e+01 3.848805e-02 7.515978e-01 1.265908e-01 4.163639e-01 3.809567e+00
3.000000e-02 5.541000e-01  3.694000e-01  5.000000e-01 8.495188e-06 8.000000e-04 6.122470e-14 3.179856e+01 2.267823e+01 6.910915e+01 4.069731e-02 7.897506e-01 1.334270e-01 4.388485e-01 4.015292e+00
3.000000e-02 5.541000e-01  3.694000e-01  5.000000e-01 8.721552e-06 8.000000e-04 6.122470e-14 3.179833e+01 2.266931e+01 6.910590e+01 4.300558e-02 8.288208e-01 1.406323e-01 4.625473e-01 4.232127e+00
3.000000e-02 5.541000e-01  3.694000e-01  5.000000e-01 8.953948e-06 8.000000e-04 6.122470e-14 3.179822e+01 2.265441e+01 6.909564e+01 4.473481e-02 8.767140e-01 1.482268e-01 4.875260e-01 4.460672e+00
3.000000e-02 5.541000e-01  3.694000e-01  5.000000e-01 9.192536e-06 8.000000e-04 6.122470e-14 3.179803e+01 2.264428e+01 6.909231e+01 4.759644e-02 9.207370e-01 1.562314e-01 5.138535e-01 4.701558e+00
3.000000e-02 5.541000e-01  3.694000e-01  5.000000e-01 9.437481e-06 8.000000e-04 6.122470e-14 3.179783e+01 2.262990e+01 6.908209e+01 4.978268e-02 9.728313e-01 1.646682e-01 5.416028e-01 4.955453e+00
3.000000e-02 5.541000e-01  3.694000e-01  5.000000e-01 9.688954e-06 8.000000e-04 6.122470e-14 3.179757e+01 2.261758e+01 6.907542e+01 5.280368e-02 1.022028e+00 1.735607e-01 5.708506e-01 5.223059e+00
3.000000e-02 5.541000e-01  3.694000e-01  5.000000e-01 9.947127e-06 8.000000e-04 6.122470e-14 3.179723e+01 2.260119e+01 6.906204e+01 5.568848e-02 1.081001e+00 1.829334e-01 6.016778e-01 5.505117e+00
3.000000e-02 5.541000e-01  3.694000e-01  5.000000e-01 1.021218e-05 8.000000e-04 6.122470e-14 3.179709e+01 2.258621e+01 6.905486e+01 5.812475e-02 1.140602e+00 1.928122e-01 6.341698e-01 5.802406e+00
3.000000e-02 5.541000e-01  3.694000e-01  5.000000e-01 1.048430e-05 8.000000e-04 6.122470e-14 3.179673e+01 2.256877e+01 6.904530e+01 6.185684e-02 1.203563e+00 2.032245e-01 6.684165e-01 6.115749e+00
3.000000e-02 5.541000e-01  3.694000e-01  5.000000e-01 1.076366e-05 8.000000e-04 6.122470e-14 3.179642e+01 2.255260e+01 6.903768e+01 6.551747e-02 1.266173e+00 2.141991e-01 7.045125e-01 6.446013e+00
3.000000e-02 5.541000e-01  3.694000e-01  5.000000e-01 1.105047e-05 8.000000e-04 6.122470e-14 3.179614e+01 2.253281e+01 6.902434e+01 6.910466e-02 1.338743e+00 2.257663e-01 7.425578e-01 6.794113e+00
3.000000e-02 5.541000e-01  3.694000e-01  5.000000e-01 1.134492e-05 8.000000e-04 6.122470e-14 3.179586e+01 2.251132e+01 6.901023e+01 7.209028e-02 1.408121e+00 2.379583e-01 7.826576e-01 7.161011e+00
3.000000e-02 5.541000e-01  3.694000e-01  5.000000e-01 1.164722e-05 8.000000e-04 6.122470e-14 3.179555e+01 2.249549e+01 6.900358e+01 7.614502e-02 1.479611e+00 2.508085e-01 8.249229e-01 7.547722e+00
3.000000e-02 5.541000e-01  3.694000e-01  5.000000e-01 1.195758e-05 8.000000e-04 6.122470e-14 3.179508e+01 2.247043e+01 6.898779e+01 8.031034e-02 1.568677e+00 2.643528e-01 8.694707e-01 7.955316e+00
3.000000e-02 5.541000e-01  3.694000e-01  5.000000e-01 1.227620e-05 8.000000e-04 6.122470e-14 3.179470e+01 2.245256e+01 6.897693e+01 8.502071e-02 1.647178e+00 2.786284e-01 9.164241e-01 8.384922e+00
3.000000e-02 5.541000e-01  3.694000e-01  5.000000e-01 1.260331e-05 8.000000e-04 6.122470e-14 3.179435e+01 2.242967e+01 6.896125e+01 8.970319e-02 1.730221e+00 2.936750e-01 9.659131e-01 8.837727e+00
3.000000e-02 5.541000e-01  3.694000e-01  5.000000e-01 1.293914e-05 8.000000e-04 6.122470e-14 3.179392e+01 2.240635e+01 6.894961e+01 9.359787e-02 1.836487e+00 3.095342e-01 1.018075e+00 9.314985e+00
3.000000e-02 5.541000e-01  3.694000e-01  5.000000e-01 1.328392e-05 8.000000e-04 6.122470e-14 3.179353e+01 2.238302e+01 6.893804e+01 9.949876e-02 1.931787e+00 3.262497e-01 1.073053e+00 9.818015e+00
3.000000e-02 5.541000e-01  3.694000e-01  5.000000e-01 1.363789e-05 8.000000e-04 6.122470e-14 3.179320e+01 2.235961e+01 6.892469e+01 1.043620e-01 2.031927e+00 3.438680e-01 1.131000e+00 1.034821e+01
3.000000e-02 5.541000e-01  3.694000e-01  5.000000e-01 1.400128e-05 8.000000e-04 6.122470e-14 3.179266e+01 2.232416e+01 6.890694e+01 1.093500e-01 2.148321e+00 3.624376e-01 1.192077e+00 1.090704e+01
3.000000e-02 5.541000e-01  3.694000e-01  5.000000e-01 1.437436e-05 8.000000e-04 6.122470e-14 3.179213e+01 2.229721e+01 6.888784e+01 1.157228e-01 2.257619e+00 3.820101e-01 1.256452e+00 1.149604e+01
3.000000e-02 5.541000e-01  3.694000e-01  5.000000e-01 1.475738e-05 8.000000e-04 6.122470e-14 3.179166e+01 2.225706e+01 6.886485e+01 1.226952e-01 2.383009e+00 4.026395e-01 1.324303e+00 1.211686e+01
3.000000e-02 5.541000e-01  3.694000e-01  5.000000e-01 1.515061e-05 8.000000e-04 6.122470e-14 3.179101e+01 2.222614e+01 6.885168e+01 1.286619e-01 2.511515e+00 4.243830e-01 1.395819e+00 1.277119e+01
3.000000e-02 5.541000e-01  3.694000e-01  5.000000e-01 1.555432e-05 8.000000e-04 6.122470e-14 3.179056e+01 2.219745e+01 6.883145e+01 1.359682e-01 2.648387e+00 4.473006e-01 1.471196e+00 1.346087e+01
3.000000e-02 5.541000e-01  3.694000e-01  5.000000e-01 1.596878e-05 8.000000e-04 6.122470e-14 3.178986e+01 2.215741e+01 6.880765e+01 1.421861e-01 2.775899e+00 4.714559e-01 1.550644e+00 1.418779e+01
3.000000e-02 5.541000e-01  3.694000e-01  5.000000e-01 1.639429e-05 8.000000e-04 6.122470e-14 3.178918e+01 2.212551e+01 6.879150e+01 1.511745e-01 2.937522e+00 4.969156e-01 1.634382e+00 1.495396e+01
3.000000e-02 5.541000e-01  3.694000e-01  5.000000e-01 1.683113e-05 8.000000e-04 6.122470e-14 3.178846e+01 2.207677e+01 6.876393e+01 1.594733e-01 3.093265e+00 5.237502e-01 1.722643e+00 1.576151e+01
3.000000e-02 5.541000e-01  3.694000e-01  5.000000e-01 1.727962e-05 8.000000e-04 6.122470e-14 3.178757e+01 2.203924e+01 6.874547e+01 1.682073e-01 3.260130e+00 5.520339e-01 1.815670e+00 1.661267e+01
3.000000e-02 5.541000e-01  3.694000e-01  5.000000e-01 1.774005e-05 8.000000e-04 6.122470e-14 3.178699e+01 2.199020e+01 6.871239e+01 1.765613e-01 3.435960e+00 5.818450e-01 1.913720e+00 1.750979e+01
3.000000e-02 5.541000e-01  3.694000e-01  5.000000e-01 1.821276e-05 8.000000e-04 6.122470e-14 3.178626e+01 2.193792e+01 6.868505e+01 1.868339e-01 3.626106e+00 6.132660e-01 2.017065e+00 1.845536e+01
3.000000e-02 5.541000e-01  3.694000e-01  5.000000e-01 1.869805e-05 8.000000e-04 6.122470e-14 3.178536e+01 2.188979e+01 6.866110e+01 1.958029e-01 3.829609e+00 6.463838e-01 2.125991e+00 1.945199e+01
3.000000e-02 5.541000e-01  3.694000e-01  5.000000e-01 1.919629e-05 8.000000e-04 6.122470e-14 3.178438e+01 2.184438e+01 6.862605e+01 2.060825e-01 4.025023e+00 6.812900e-01 2.240800e+00 2.050244e+01
3.000000e-02 5.541000e-01  3.694000e-01  5.000000e-01 1.970779e-05 8.000000e-04 6.122470e-14 3.178327e+01 2.178404e+01 6.859866e+01 2.190634e-01 4.239445e+00 7.180813e-01 2.361808e+00 2.160962e+01
3.000000e-02 5.541000e-01  3.694000e-01  5.000000e-01 2.023293e-05 8.000000e-04 6.122470e-14 3.178247e+01 2.172956e+01 6.857217e+01 2.300365e-01 4.475338e+00 7.568593e-01 2.489351e+00 2.277659e+01
3.000000e-02 5.541000e-01  3.694000e-01  5.000000e-01 2.077206e-05 8.000000e-04 6.122470e-14 3.178105e+01 2.168133e+01 6.855045e+01 2.441570e-01 4.707624e+00 7.977315e-01 2.623782e+00 2.400658e+01
3.000000e-02 5.541000e-01  3.694000e-01  5.000000e-01 2.132555e-05 8.000000e-04 6.122470e-14 3.178011e+01 2.160682e+01 6.850420e+01 2.565419e-01 4.967243e+00 8.408108e-01 2.765472e+00 2.530299e+01
3.000000e-02 5.541000e-01  3.694000e-01  5.000000e-01 2.189380e-05 8.000000e-04 6.122470e-14 3.177898e+01 2.154162e+01 6.846894e+01 2.713352e-01 5.248947e+00 8.862165e-01 2.914814e+00 2.666941e+01
3.000000e-02 5.541000e-01  3.694000e-01  5.000000e-01 2.247718e-05 8.000000e-04 6.122470e-14 3.177774e+01 2.146346e+01 6.841677e+01 2.833072e-01 5.529569e+00 9.340743e-01 3.072221e+00 2.810962e+01
3.000000e-02 5.541000e-01  3.694000e-01  5.000000e-01 2.307611e-05 8.000000e-04 6.122470e-14 3.177659e+01 2.140776e+01 6.839162e+01 2.990533e-01 5.816067e+00 9.845164e-01 3.238128e+00 2.962760e+01
3.000000e-02 5.541000e-01  3.694000e-01  5.000000e-01 2.369100e-05 8.000000e-04 6.122470e-14 3.177531e+01 2.131336e+01 6.834129e+01 3.155295e-01 6.112689e+00 1.037683e+00 3.412994e+00 3.122756e+01
3.000000e-02 5.541000e-01  3.694000e-01  5.000000e-01 2.432228e-05 8.000000e-04 6.122470e-14 3.177369e+01 2.125390e+01 6.831772e+01 3.331236e-01 6.465752e+00 1.093720e+00 3.597304e+00 3.291392e+01
3.000000e-02 5.541000e-01  3.694000e-01  5.000000e-01 2.497037e-05 8.000000e-04 6.122470e-14 3.177171e+01 2.114773e+01 6.825178e+01 3.506834e-01 6.840032e+00 1.152783e+00 3.791567e+00 3.469135e+01
3.000000e-02 5.541000e-01  3.694000e-01  5.000000e-01 2.563574e-05 8.000000e-04 6.122470e-14 3.177006e+01 2.106772e+01 6.822013e+01 3.698451e-01 7.179909e+00 1.215036e+00 3.996320e+00 3.656477e+01
3.000000e-02 5.541000e-01  3.694000e-01  5.000000e-01 2.631883e-05 8.000000e-04 6.122470e-14 3.176858e+01 2.100663e+01 6.819480e+01 3.887372e-01 7.565325e+00 1.280651e+00 4.212131e+00 3.853935e+01
3.000000e-02 5.541000e-01  3.694000e-01  5.000000e-01 2.702013e-05 8.000000e-04 6.122470e-14 3.176715e+01 2.087959e+01 6.811645e+01 4.103888e-01 7.977680e+00 1.349809e+00 4.439596e+00 4.062056e+01
3.000000e-02 5.541000e-01  3.694000e-01  5.000000e-01 2.774011e-05 8.000000e-04 6.122470e-14 3.176516e+01 2.077364e+01 6.806241e+01 4.311723e-01 8.429701e+00 1.422702e+00 4.679344e+00 4.281417e+01
3.000000e-02 5.541000e-01  3.694000e-01  5.000000e-01 2.847928e-05 8.000000e-04 6.122470e-14 3.176252e+01 2.065651e+01 6.800443e+01 4.578980e-01 8.861248e+00 1.499531e+00 4.932039e+00 4.512623e+01
3.000000e-02 5.541000e-01  3.694000e-01  5.000000e-01 2.923814e-05 8.000000e-04 6.122470e-14 3.176137e+01 2.056881e+01 6.796197e+01 4.802620e-01 9.301241e+00 1.580509e+00 5.198381e+00 4.756315e+01
3.000000e-02 5.541000e-01  3.694000e-01  5.000000e-01 3.001722e-05 8.000000e-04 6.122470e-14 3.175859e+01 2.045885e+01 6.790229e+01 5.083076e-01 9.840756e+00 1.665860e+00 5.479105e+00 5.013167e+01
3.000000e-02 5.541000e-01  3.694000e-01  5.000000e-01 3.081707e-05 8.000000e-04 6.122470e-14 3.175561e+01 2.033395e+01 6.785505e+01 5.364918e-01 1.037056e+01 1.755821e+00 5.774990e+00 5.283890e+01
3.000000e-02 5.541000e-01  3.694000e-01  5.000000e-01 3.163822e-05 8.000000e-04 6.122470e-14 3.175463e+01 2.020544e+01 6.779429e+01 5.612231e-01 1.093534e+01 1.850639e+00 6.086853e+00 5.569232e+01
3.000000e-02 5.541000e-01  3.694000e-01  5.000000e-01 3.248126e-05 8.000000e-04 6.122470e-14 3.175184e+01 2.006528e+01 6.773650e+01 5.901247e-01 1.149999e+01 1.950578e+00 6.415557e+00 5.869983e+01
3.000000e-02 5.541000e-01  3.694000e-01  5.000000e-01 3.334676e-05 8.000000e-04 6.122470e-14 3.174933e+01 1.992987e+01 6.765844e+01 6.261176e-01 1.215277e+01 2.055914e+00 6.762012e+00 6.186976e+01
3.000000e-02 5.541000e-01  3.694000e-01  5.000000e-01 3.423532e-05 8.000000e-04 6.122470e-14 3.174601e+01 1.978709e+01 6.758228e+01 6.543989e-01 1.279452e+01 2.166938e+00 7.127176e+00 6.521087e+01
3.000000e-02 5.541000e-01  3.694000e-01  5.000000e-01 3.514756e-05 8.000000e-04 6.122470e-14 3.174301e+01 1.963841e+01 6.754131e+01 6.900246e-01 1.351523e+01 2.283957e+00 7.512060e+00 6.873241e+01
3.000000e-02 5.541000e-01  3.694000e-01  5.000000e-01 3.608411e-05 8.000000e-04 6.122470e-14 3.174042e+01 1.949221e+01 6.748899e+01 7.310322e-01 1.422249e+01 2.407296e+00 7.917728e+00 7.244412e+01
3.000000e-02 5.541000e-01  3.694000e-01  5.000000e-01 3.704561e-05 8.000000e-04 6.122470e-14 3.173832e+01 1.936052e+01 6.742464e+01 7.664478e-01 1.494731e+01 2.537296e+00 8.345304e+00 7.635626e+01
3.000000e-02 5.541000e-01  3.694000e-01  5.000000e-01 3.803273e-05 8.000000e-04 6.122470e-14 3.173332e+01 1.914221e+01 6.732691e+01 8.106609e-01 1.582734e+01 2.674316e+00 8.795970e+00 8.047968e+01
3.000000e-02 5.541000e-01  3.694000e-01  5.000000e-01 3.904616e-05 8.000000e-04 6.122470e-14 3.172860e+01 1.892524e+01 6.722548e+01 8.569484e-01 1.667729e+01 2.818735e+00 9.270972e+00 8.482577e+01
3.000000e-02 5.541000e-01  3.694000e-01  5.000000e-01 4.008659e-05 8.000000e-04 6.122470e-14 3.172452e+01 1.877909e+01 6.720114e+01 9.057639e-01 1.752877e+01 2.970953e+00 9.771626e+00 8.940656e+01
3.000000e-02 5.541000e-01  3.694000e-01  5.000000e-01 4.115474e-05 8.000000e-04 6.122470e-14 3.172214e+01 1.860018e+01 6.711732e+01 9.514990e-01 1.856192e+01 3.131391e+00 1.029932e+01 9.423472e+01
3.000000e-02 5.541000e-01  3.694000e-01  5.000000e-01 4.225136e-05 8.000000e-04 6.122470e-14 3.171633e+01 1.842067e+01 6.705782e+01 9.963248e-01 1.947053e+01 3.300494e+00 1.085550e+01 9.932361e+01
3.000000e-02 5.541000e-01  3.694000e-01  5.000000e-01 4.337719e-05 8.000000e-04 6.122470e-14 3.171183e+01 1.821132e+01 6.698627e+01 1.057468e+00 2.053829e+01 3.478728e+00 1.144173e+01 1.046873e+02
3.000000e-02 5.541000e-01  3.694000e-01  5.000000e-01 4.453303e-05 8.000000e-04 6.122470e-14 3.170770e+01 1.797964e+01 6.689999e+01 1.114843e+00 2.160229e+01 3.666587e+00 1.205961e+01 1.103407e+02
3.000000e-02 5.541000e-01  3.694000e-01  5.000000e-01 4.571966e-05 8.000000e-04 6.122470e-14 3.170215e+01 1.775985e+01 6.682399e+01 1.185929e+00 2.284326e+01 3.864592e+00 1.271085e+01 1.162993e+02
3.000000e-02 5.541000e-01  3.694000e-01  5.000000e-01 4.693791e-05 8.000000e-04 6.122470e-14 3.169775e+01 1.752489e+01 6.673957e+01 1.230509e+00 2.420039e+01 4.073289e+00 1.339727e+01 1.225798e+02
3.000000e-02 5.541000e-01  3.694000e-01  5.000000e-01 4.818863e-05 8.000000e-04 6.122470e-14 3.168912e+01 1.731292e+01 6.669940e+01 1.306549e+00 2.545897e+01 4.293256e+00 1.412075e+01 1.291993e+02
3.000000e-02 5.541000e-01  3.694000e-01  5.000000e-01 4.947267e-05 8.000000e-04 6.122470e-14 3.168416e+01 1.715859e+01 6.674783e+01 1.377931e+00 2.667706e+01 4.525101e+00 1.488330e+01 1.361764e+02
3.000000e-02 5.541000e-01  3.694000e-01  5.000000e-01 5.079093e-05 8.000000e-04 6.122470e-14 3.167921e+01 1.687355e+01 6.664500e+01 1.449326e+00 2.817776e+01 4.769467e+00 1.568704e+01 1.435302e+02
3.000000e-02 5.541000e-01  3.694000e-01  5.000000e-01 5.214431e-05 8.000000e-04 6.122470e-14 3.167159e+01 1.660466e+01 6.661147e+01 1.528873e+00 2.961429e+01 5.027029e+00 1.653417e+01 1.512812e+02
3.000000e-02 5.541000e-01  3.694000e-01  5.000000e-01 5.353375e-05 8.000000e-04 6.122470e-14 3.166636e+01 1.630721e+01 6.651691e+01 1.609612e+00 3.133197e+01 5.298501e+00 1.742706e+01 1.594507e+02
3.000000e-02 5.541000e-01  3.694000e-01  5.000000e-01 5.496022e-05 8.000000e-04 6.122470e-14 3.165798e+01 1.612245e+01 6.650945e+01 1.706418e+00 3.304987e+01 5.584632e+00 1.836816e+01 1.680615e+02
3.000000e-02 5.541000e-01  3.694000e-01  5.000000e-01 5.642470e-05 8.000000e-04 6.122470e-14 3.165272e+01 1.590372e+01 6.649763e+01 1.769662e+00 3.473262e+01 5.886215e+00 1.936008e+01 1.771372e+02
3.000000e-02 5.541000e-01  3.694000e-01  5.000000e-01 5.792820e-05 8.000000e-04 6.122470e-14 3.164188e+01 1.556887e+01 6.648149e+01 1.882106e+00 3.666217e+01 6.204084e+00 2.040557e+01 1.867030e+02
3.000000e-02 5.541000e-01  3.694000e-01  5.000000e-01 5.947176e-05 8.000000e-04 6.122470e-14 3.163409e+01 1.534553e+01 6.657861e+01 1.985855e+00 3.857291e+01 6.539119e+00 2.150752e+01 1.967854e+02
3.000000e-02 5.541000e-01  3.694000e-01  5.000000e-01 6.105646e-05 8.000000e-04 6.122470e-14 3.162329e+01 1.502229e+01 6.654409e+01 2.098889e+00 4.062819e+01 6.892247e+00 2.266897e+01 2.074122e+02
3.000000e-02 5.541000e-01  3.694000e-01  5.000000e-01 6.268338e-05 8.000000e-04 6.122470e-14 3.161180e+01 1.482947e+01 6.660746e+01 2.221843e+00 4.312832e+01 7.264444e+00 2.389315e+01 2.186130e+02
3.000000e-02 5.541000e-01  3.694000e-01  5.000000e-01 6.435365e-05 8.000000e-04 6.122470e-14 3.160243e+01 1.451608e+01 6.673916e+01 2.335265e+00 4.521406e+01 7.656741e+00 2.518344e+01 2.304186e+02
3.000000e-02 5.541000e-01  3.694000e-01  5.000000e-01 6.606842e-05 8.000000e-04 6.122470e-14 3.158931e+01 1.420821e+01 6.670425e+01 2.449135e+00 4.765747e+01 8.070222e+00 2.654340e+01 2.428617e+02
3.000000e-02 5.541000e-01  3.694000e-01  5.000000e-01 6.782889e-05 8.000000e-04 6.122470e-14 3.158217e+01 1.403130e+01 6.685083e+01 2.585383e+00 5.021838e+01 8.506033e+00 2.797680e+01 2.559768e+02
3.000000e-02 5.541000e-01  3.694000e-01  5.000000e-01 6.963627e-05 8.000000e-04 6.122470e-14 3.157308e+01 1.382049e+01 6.706817e+01 2.722170e+00 5.299672e+01 8.965378e+00 2.948762e+01 2.698002e+02
3.000000e-02 5.541000e-01  3.694000e-01  5.000000e-01 7.149181e-05 8.000000e-04 6.122470e-14 3.156580e+01 1.349005e+01 6.724116e+01 2.862768e+00 5.581700e+01 9.449530e+00 3.108002e+01 2.843700e+02
3.000000e-02 5.541000e-01  3.694000e-01  5.000000e-01 7.339679e-05 8.000000e-04 6.122470e-14 3.154638e+01 1.338795e+01 6.751380e+01 3.025790e+00 5.897459e+01 9.959826e+00 3.275841e+01 2.997266e+02
3.000000e-02 5.541000e-01  3.694000e-01  5.000000e-01 7.535253e-05 8.000000e-04 6.122470e-14 3.153030e+01 1.308601e+01 6.765960e+01 3.196541e+00 6.201790e+01 1.049768e+01 3.452744e+01 3.159126e+02
3.000000e-02 5.541000e-01  3.694000e-01  5.000000e-01 7.736039e-05 8.000000e-04 6.122470e-14 3.151764e+01 1.286748e+01 6.792769e+01 3.363905e+00 6.518208e+01 1.106458e+01 3.639200e+01 3.329726e+02
3.000000e-02 5.541000e-01  3.694000e-01  5.000000e-01 7.942174e-05 8.000000e-04 6.122470e-14 3.150189e+01 1.271128e+01 6.835041e+01 3.562783e+00 6.843673e+01 1.166209e+01 3.835725e+01 3.509538e+02
3.000000e-02 5.541000e-01  3.694000e-01  5.000000e-01 8.153803e-05 8.000000e-04 6.122470e-14 3.148112e+01 1.253738e+01 6.877793e+01 3.736815e+00 7.252128e+01 1.229187e+01 4.042863e+01 3.699062e+02
3.000000e-02 5.541000e-01  3.694000e-01  5.000000e-01 8.371070e-05 8.000000e-04 6.122470e-14 3.146747e+01 1.228558e+01 6.934122e+01 3.937696e+00 7.650264e+01 1.295566e+01 4.261187e+01 3.898820e+02
3.000000e-02 5.541000e-01  3.694000e-01  5.000000e-01 8.594127e-05 8.000000e-04 6.122470e-14 3.144662e+01 1.244773e+01 7.001359e+01 4.131695e+00 8.063291e+01 1.365530e+01 4.491301e+01 4.109365e+02
3.000000e-02 5.541000e-01  3.694000e-01  5.000000e-01 8.823127e-05 8.000000e-04 6.122470e-14 3.142750e+01 1.232810e+01 7.074262e+01 4.365064e+00 8.534153e+01 1.439271e+01 4.733842e+01 4.331280e+02
3.000000e-02 5.541000e-01  3.694000e-01  5.000000e-01 9.058230e-05 8.000000e-04 6.122470e-14 3.140998e+01 1.223457e+01 7.142600e+01 4.595566e+00 8.961206e+01 1.516995e+01 4.989480e+01 4.565179e+02
3.000000e-02 5.541000e-01  3.694000e-01  5.000000e-01 9.299597e-05 8.000000e-04 6.122470e-14 3.139278e+01 1.226851e+01 7.234950e+01 4.835558e+00 9.480000e+01 1.598917e+01 5.258924e+01 4.811709e+02
3.000000e-02 5.541000e-01  3.694000e-01  5.000000e-01 9.547395e-05 8.000000e-04 6.122470e-14 3.137189e+01 1.238921e+01 7.326459e+01 5.125963e+00 9.962289e+01 1.685262e+01 5.542918e+01 5.071553e+02
3.000000e-02 5.541000e-01  3.694000e-01  5.000000e-01 9.801796e-05 8.000000e-04 6.122470e-14 3.133688e+01 1.243619e+01 7.422126e+01 5.400133e+00 1.046574e+02 1.776270e+01 5.842248e+01 5.345428e+02
3.000000e-02 5.541000e-01  3.694000e-01  5.000000e-01 1.006298e-04 8.000000e-04 6.122470e-14 3.131334e+01 1.270428e+01 7.545698e+01 5.702089e+00 1.106014e+02 1.872193e+01 6.157743e+01 5.634094e+02
3.000000e-02 5.541000e-01  3.694000e-01  5.000000e-01 1.033112e-04 8.000000e-04 6.122470e-14 3.130012e+01 1.299436e+01 7.678685e+01 6.021818e+00 1.166855e+02 1.973295e+01 6.490275e+01 5.938348e+02
3.000000e-02 5.541000e-01  3.694000e-01  5.000000e-01 1.060640e-04 8.000000e-04 6.122470e-14 3.125164e+01 1.340824e+01 7.836985e+01 6.309735e+00 1.227107e+02 2.079858e+01 6.840765e+01 6.259032e+02
3.000000e-02 5.541000e-01  3.694000e-01  5.000000e-01 1.088902e-04 8.000000e-04 6.122470e-14 3.125361e+01 1.364421e+01 7.991379e+01 6.663788e+00 1.291828e+02 2.192175e+01 7.210182e+01 6.597035e+02
3.000000e-02 5.541000e-01  3.694000e-01  5.000000e-01 1.117917e-04 8.000000e-04 6.122470e-14 3.121758e+01 1.423307e+01 8.174805e+01 7.044554e+00 1.365738e+02 2.310557e+01 7.599549e+01 6.953290e+02
3.000000e-02 5.541000e-01  3.694000e-01  5.000000e-01 1.147705e-04 8.000000e-04 6.122470e-14 3.118058e+01 1.483724e+01 8.379119e+01 7.370608e+00 1.443708e+02 2.435333e+01 8.009942e+01 7.328784e+02
3.000000e-02 5.541000e-01  3.694000e-01  5.000000e-01 1.178287e-04 8.000000e-04 6.122470e-14 3.115287e+01 1.543911e+01 8.572920e+01 7.748198e+00 1.513505e+02 2.566846e+01 8.442498e+01 7.724555e+02
3.000000e-02 5.541000e-01  3.694000e-01  5.000000e-01 1.209684e-04 8.000000e-04 6.122470e-14 3.110825e+01 1.635632e+01 8.817261e+01 8.268627e+00 1.601280e+02 2.705462e+01 8.898412e+01 8.141699e+02
3.000000e-02 5.541000e-01  3.694000e-01  5.000000e-01 1.241917e-04 8.000000e-04 6.122470e-14 3.107978e+01 1.725677e+01 9.086635e+01 8.666442e+00 1.686043e+02 2.851563e+01 9.378947e+01 8.581369e+02
3.000000e-02 5.541000e-01  3.694000e-01  5.000000e-01 1.275010e-04 8.000000e-04 6.122470e-14 3.102805e+01 1.844863e+01 9.350200e+01 9.053573e+00 1.769802e+02 3.005554e+01 9.885432e+01 9.044783e+02
3.000000e-02 5.541000e-01  3.694000e-01  5.000000e-01 1.308984e-04 8.000000e-04 6.122470e-14 3.098839e+01 1.945734e+01 9.649880e+01 9.631944e+00 1.866445e+02 3.167861e+01 1.041927e+02 9.533222e+02
3.000000e-02 5.541000e-01  3.694000e-01  5.000000e-01 1.343863e-04 8.000000e-04 6.122470e-14 3.092764e+01 2.104417e+01 1.003285e+02 1.016962e+01 1.976406e+02 3.338933e+01 1.098193e+02 1.004804e+03
3.000000e-02 5.541000e-01  3.694000e-01  5.000000e-01 1.379672e-04 8.000000e-04 6.122470e-14 3.091677e+01 2.239223e+01 1.039291e+02 1.064115e+01 2.088426e+02 3.519243e+01 1.157498e+02 1.059066e+03
3.000000e-02 5.541000e-01  3.694000e-01  5.000000e-01 1.416435e-04 8.000000e-04 6.122470e-14 3.083321e+01 2.374427e+01 1.070545e+02 1.124217e+01 2.181331e+02 3.709290e+01 1.220006e+02 1.116258e+03
3.000000e-02 5.541000e-01  3.694000e-01  5.000000e-01 1.454177e-04 8.000000e-04 6.122470e-14 3.081862e+01 2.571464e+01 1.116397e+02 1.181287e+01 2.308673e+02 3.909601e+01 1.285889e+02 1.176538e+03
3.000000e-02 5.541000e-01  3.694000e-01  5.000000e-01 1.492926e-04 8.000000e-04 6.122470e-14 3.075345e+01 2.772537e+01 1.163588e+02 1.248179e+01 2.446286e+02 4.120728e+01 1.355330e+02 1.240074e+03
3.000000e-02 5.541000e-01  3.694000e-01  5.000000e-01 1.532706e-04 8.000000e-04 6.122470e-14 3.069883e+01 2.955774e+01 1.202165e+02 1.310605e+01 2.563610e+02 4.343257e+01 1.428521e+02 1.307041e+03
3.000000e-02 5.541000e-01  3.694000e-01  5.000000e-01 1.573547e-04 8.000000e-04 6.122470e-14 3.062995e+01 3.189527e+01 1.253951e+02 1.391481e+01 2.701120e+02 4.577803e+01 1.505664e+02 1.377624e+03
3.000000e-02 5.541000e-01  3.694000e-01  5.000000e-01 1.615476e-04 8.000000e-04 6.122470e-14 3.056875e+01 3.456434e+01 1.311827e+02 1.462436e+01 2.849288e+02 4.825015e+01 1.586974e+02 1.452019e+03
3.000000e-02 5.541000e-01  3.694000e-01  5.000000e-01 1.658522e-04 8.000000e-04 6.122470e-14 3.049563e+01 3.717998e+01 1.365353e+02 1.550570e+01 3.006168e+02 5.085577e+01 1.672674e+02 1.530431e+03
3.000000e-02 5.541000e-01  3.694000e-01  5.000000e-01 1.702715e-04 8.000000e-04 6.122470e-14 3.044162e+01 4.017159e+01 1.428003e+02 1.621105e+01 3.163414e+02 5.360210e+01 1.763002e+02 1.613078e+03
3.000000e-02 5.541000e-01  3.694000e-01  5.000000e-01 1.748086e-04 8.000000e-04 6.122470e-14 3.037157e+01 4.311029e+01 1.490315e+02 1.708415e+01 3.338208e+02 5.649673e+01 1.858208e+02 1.700188e+03
3.000000e-02 5.541000e-01  3.694000e-01  5.000000e-01 1.794666e-04 8.000000e-04 6.122470e-14 3.030329e+01 4.614833e+01 1.553811e+02 1.802298e+01 3.521291e+02 5.954769e+01 1.958556e+02 1.792002e+03
3.000000e-02 5.541000e-01  3.694000e-01  5.000000e-01 1.842487e-04 8.000000e-04 6.122470e-14 3.023521e+01 4.941468e+01 1.620459e+02 1.907824e+01 3.706173e+02 6.276340e+01 2.064322e+02 1.888774e+03
3.000000e-02 5.541000e-01  3.694000e-01  5.000000e-01 1.891582e-04 8.000000e-04 6.122470e-14 3.014093e+01 5.325614e+01 1.702520e+02 2.018435e+01 3.918773e+02 6.615277e+01 2.175801e+02 1.990772e+03
3.000000e-02 5.541000e-01  3.694000e-01  5.000000e-01 1.941986e-04 8.000000e-04 6.122470e-14 3.004888e+01 5.667771e+01 1.768613e+02 2.122397e+01 4.099244e+02 6.972517e+01 2.293299e+02 2.098279e+03
3.000000e-02 5.541000e-01  3.694000e-01  5.000000e-01 1.993732e-04 8.000000e-04 6.122470e-14 2.993592e+01 6.108660e+01 1.857164e+02 2.247385e+01 4.348002e+02 7.349049e+01 2.417142e+02 2.211591e+03
3.000000e-02 5.541000e-01  3.694000e-01  5.000000e-01 2.046857e-04 8.000000e-04 6.122470e-14 2.987039e+01 6.479856e+01 1.931126e+02 2.338809e+01 4.575999e+02 7.745915e+01 2.547674e+02 2.331022e+03
3.000000e-02 5.541000e-01  3.694000e-01  5.000000e-01 2.101398e-04 8.000000e-04 6.122470e-14 2.972907e+01 6.907914e+01 2.014991e+02 2.497236e+01 4.792067e+02 8.164212e+01 2.685254e+02 2.456902e+03
3.000000e-02 5.541000e-01  3.694000e-01  5.000000e-01 2.157392e-04 8.000000e-04 6.122470e-14 2.964927e+01 7.347576e+01 2.101221e+02 2.610080e+01 5.071860e+02 8.605099e+01 2.830264e+02 2.589580e+03
3.000000e-02 5.541000e-01  3.694000e-01  5.000000e-01 2.214878e-04 8.000000e-04 6.122470e-14 2.952627e+01 7.846777e+01 2.199612e+02 2.750203e+01 5.348340e+02 9.069794e+01 2.983104e+02 2.729424e+03
3.000000e-02 5.541000e-01  3.694000e-01  5.000000e-01 2.273896e-04 8.000000e-04 6.122470e-14 2.942202e+01 8.323554e+01 2.293225e+02 2.904442e+01 5.648059e+02 9.559584e+01 3.144199e+02 2.876819e+03
3.000000e-02 5.541000e-01  3.694000e-01  5.000000e-01 2.334487e-04 8.000000e-04 6.122470e-14 2.932264e+01 8.853430e+01 2.393602e+02 3.035147e+01 5.971569e+02 1.007582e+02 3.313993e+02 3.032174e+03
3.000000e-02 5.541000e-01  3.694000e-01  5.000000e-01 2.396692e-04 8.000000e-04 6.122470e-14 2.915192e+01 9.371585e+01 2.495595e+02 3.224725e+01 6.285433e+02 1.061994e+02 3.492956e+02 3.195918e+03
