1.250000e+00 3.455000e-01  2.303333e-01  5.000000e-01 2.000000e-06 8.000000e-04 1.267351e+02 3.180203e+01 2.288801e+01 6.923340e+01 1.557836e-06 4.568268e-05 5.574760e-06 2.465553e-05 3.471388e-04
1.250000e+00 3.455000e-01  2.303333e-01  5.000000e-01 2.053292e-06 8.000000e-04 1.267351e+02 3.180203e+01 2.288801e+01 6.923340e+01 1.638956e-06 4.819257e-05 5.875810e-06 2.598699e-05 3.658851e-04
1.250000e+00 3.455000e-01  2.303333e-01  5.000000e-01 2.108005e-06 8.000000e-04 1.267351e+02 3.180203e+01 2.288801e+01 6.923340e+01 1.737833e-06 5.044528e-05 6.193117e-06 2.739035e-05 3.856437e-04
1.250000e+00 3.455000e-01  2.303333e-01  5.000000e-01 2.164175e-06 8.000000e-04 1.267351e+02 3.180203e+01 2.288801e+01 6.923340e+01 1.834840e-06 5.332156e-05 6.527560e-06 2.886949e-05 4.064694e-04
1.250000e+00 3.455000e-01  2.303333e-01  5.000000e-01 2.221842e-06 8.000000e-04 1.267351e+02 3.180203e+01 2.288800e+01 6.923340e+01 1.933384e-06 5.575818e-05 6.880063e-06 3.042851e-05 4.284197e-04
1.250000e+00 3.455000e-01  2.303333e-01  5.000000e-01 2.281045e-06 8.000000e-04 1.267351e+02 3.180203e+01 2.288800e+01 6.923340e+01 2.048429e-06 5.918509e-05 7.251603e-06 3.207172e-05 4.515553e-04
1.250000e+00 3.455000e-01  2.303333e-01  5.000000e-01 2.341826e-06 8.000000e-04 1.267351e+02 3.180203e+01 2.288800e+01 6.923340e+01 2.155115e-06 6.238527e-05 7.643206e-06 3.380366e-05 4.759404e-04
1.250000e+00 3.455000e-01  2.303333e-01  5.000000e-01 2.404227e-06 8.000000e-04 1.267351e+02 3.180203e+01 2.288800e+01 6.923340e+01 2.259806e-06 6.548294e-05 8.055957e-06 3.562914e-05 5.016422e-04
1.250000e+00 3.455000e-01  2.303333e-01  5.000000e-01 2.468290e-06 8.000000e-04 1.267351e+02 3.180203e+01 2.288800e+01 6.923340e+01 2.367392e-06 6.933032e-05 8.490997e-06 3.755320e-05 5.287321e-04
1.250000e+00 3.455000e-01  2.303333e-01  5.000000e-01 2.534061e-06 8.000000e-04 1.267351e+02 3.180203e+01 2.288800e+01 6.923340e+01 2.501762e-06 7.277916e-05 8.949531e-06 3.958115e-05 5.572848e-04
1.250000e+00 3.455000e-01  2.303333e-01  5.000000e-01 2.601584e-06 8.000000e-04 1.267351e+02 3.180203e+01 2.288800e+01 6.923340e+01 2.668960e-06 7.709170e-05 9.432826e-06 4.171863e-05 5.873795e-04
1.250000e+00 3.455000e-01  2.303333e-01  5.000000e-01 2.670906e-06 8.000000e-04 1.267351e+02 3.180203e+01 2.288800e+01 6.923340e+01 2.791450e-06 8.093452e-05 9.942220e-06 4.397153e-05 6.190994e-04
1.250000e+00 3.455000e-01  2.303333e-01  5.000000e-01 2.742075e-06 8.000000e-04 1.267351e+02 3.180203e+01 2.288800e+01 6.923340e+01 2.922313e-06 8.602338e-05 1.047912e-05 4.634610e-05 6.525321e-04
1.250000e+00 3.455000e-01  2.303333e-01  5.000000e-01 2.815141e-06 8.000000e-04 1.267351e+02 3.180203e+01 2.288799e+01 6.923340e+01 3.097578e-06 9.036356e-05 1.104502e-05 4.884889e-05 6.877704e-04
1.250000e+00 3.455000e-01  2.303333e-01  5.000000e-01 2.890154e-06 8.000000e-04 1.267351e+02 3.180203e+01 2.288799e+01 6.923340e+01 3.253750e-06 9.492020e-05 1.164148e-05 5.148684e-05 7.249116e-04
1.250000e+00 3.455000e-01  2.303333e-01  5.000000e-01 2.967165e-06 8.000000e-04 1.267351e+02 3.180203e+01 2.288799e+01 6.923339e+01 3.472731e-06 1.003582e-04 1.227014e-05 5.426725e-05 7.640585e-04
1.250000e+00 3.455000e-01  2.303333e-01  5.000000e-01 3.046229e-06 8.000000e-04 1.267351e+02 3.180203e+01 2.288799e+01 6.923339e+01 3.614437e-06 1.054514e-04 1.293276e-05 5.719781e-05 8.053194e-04
1.250000e+00 3.455000e-01  2.303333e-01  5.000000e-01 3.127399e-06 8.000000e-04 1.267351e+02 3.180203e+01 2.288799e+01 6.923339e+01 3.855154e-06 1.110989e-04 1.363116e-05 6.028662e-05 8.488085e-04
1.250000e+00 3.455000e-01  2.303333e-01  5.000000e-01 3.210732e-06 8.000000e-04 1.267351e+02 3.180203e+01 2.288799e+01 6.923339e+01 4.032301e-06 1.178447e-04 1.436727e-05 6.354224e-05 8.946461e-04
1.250000e+00 3.455000e-01  2.303333e-01  5.000000e-01 3.296286e-06 8.000000e-04 1.267351e+02 3.180203e+01 2.288799e+01 6.923339e+01 4.238340e-06 1.229991e-04 1.514314e-05 6.697367e-05 9.429591e-04
1.250000e+00 3.455000e-01  2.303333e-01  5.000000e-01 3.384119e-06 8.000000e-04 1.267351e+02 3.180203e+01 2.288798e+01 6.923339e+01 4.465763e-06 1.301355e-04 1.596090e-05 7.059040e-05 9.938811e-04
1.250000e+00 3.455000e-01  2.303333e-01  5.000000e-01 3.474293e-06 8.000000e-04 1.267351e+02 3.180203e+01 2.288798e+01 6.923339e+01 4.707565e-06 1.371360e-04 1.682283e-05 7.440245e-05 1.047553e-03
1.250000e+00 3.455000e-01  2.303333e-01  5.000000e-01 3.566869e-06 8.000000e-04 1.267351e+02 3.180203e+01 2.288798e+01 6.923339e+01 4.969729e-06 1.457915e-04 1.773130e-05 7.842035e-05 1.104123e-03
1.250000e+00 3.455000e-01  2.303333e-01  5.000000e-01 3.661913e-06 8.000000e-04 1.267351e+02 3.180203e+01 2.288798e+01 6.923339e+01 5.290304e-06 1.525947e-04 1.868883e-05 8.265523e-05 1.163748e-03
1.250000e+00 3.455000e-01  2.303333e-01  5.000000e-01 3.759488e-06 8.000000e-04 1.267351e+02 3.180203e+01 2.288798e+01 6.923338e+01 5.548531e-06 1.606796e-04 1.969807e-05 8.711880e-05 1.226594e-03
1.250000e+00 3.455000e-01  2.303333e-01  5.000000e-01 3.859664e-06 8.000000e-04 1.267351e+02 3.180203e+01 2.288797e+01 6.923338e+01 5.799995e-06 1.695528e-04 2.076181e-05 9.182342e-05 1.292832e-03
1.250000e+00 3.455000e-01  2.303333e-01  5.000000e-01 3.962510e-06 8.000000e-04 1.267351e+02 3.180203e+01 2.288797e+01 6.923338e+01 6.137716e-06 1.779895e-04 2.188300e-05 9.678210e-05 1.362648e-03
1.250000e+00 3.455000e-01  2.303333e-01  5.000000e-01 4.068095e-06 8.000000e-04 1.267351e+02 3.180203e+01 2.288797e+01 6.923338e+01 6.450955e-06 1.886024e-04 2.306473e-05 1.020086e-04 1.436235e-03
1.250000e+00 3.455000e-01  2.303333e-01  5.000000e-01 4.176494e-06 8.000000e-04 1.267351e+02 3.180203e+01 2.288796e+01 6.923338e+01 6.820644e-06 1.989592e-04 2.431028e-05 1.075173e-04 1.513795e-03
1.250000e+00 3.455000e-01  2.303333e-01  5.000000e-01 4.287782e-06 8.000000e-04 1.267351e+02 3.180203e+01 2.288796e+01 6.923338e+01 7.179121e-06 2.086728e-04 2.562309e-05 1.133234e-04 1.595543e-03
1.250000e+00 3.455000e-01  2.303333e-01  5.000000e-01 4.402035e-06 8.000000e-04 1.267351e+02 3.180203e+01 2.288796e+01 6.923337e+01 7.578146e-06 2.202616e-04 2.700680e-05 1.194432e-04 1.681706e-03
1.250000e+00 3.455000e-01  2.303333e-01  5.000000e-01 4.519332e-06 8.000000e-04 1.267351e+02 3.180203e+01 2.288796e+01 6.923337e+01 7.948581e-06 2.324161e-04 2.846523e-05 1.258934e-04 1.772522e-03
1.250000e+00 3.455000e-01  2.303333e-01  5.000000e-01 4.639755e-06 8.000000e-04 1.267351e+02 3.180203e+01 2.288795e+01 6.923337e+01 8.401872e-06 2.436198e-04 3.000241e-05 1.326919e-04 1.868242e-03
1.250000e+00 3.455000e-01  2.303333e-01  5.000000e-01 4.763386e-06 8.000000e-04 1.267351e+02 3.180203e+01 2.288795e+01 6.923337e+01 8.896265e-06 2.586535e-04 3.162261e-05 1.398576e-04 1.969132e-03
1.250000e+00 3.455000e-01  2.303333e-01  5.000000e-01 4.890312e-06 8.000000e-04 1.267351e+02 3.180203e+01 2.288794e+01 6.923337e+01 9.373581e-06 2.722238e-04 3.333031e-05 1.474102e-04 2.075469e-03
1.250000e+00 3.455000e-01  2.303333e-01  5.000000e-01 5.020620e-06 8.000000e-04 1.267351e+02 3.180203e+01 2.288794e+01 6.923336e+01 9.761771e-06 2.870487e-04 3.513022e-05 1.553707e-04 2.187549e-03
1.250000e+00 3.455000e-01  2.303333e-01  5.000000e-01 5.154400e-06 8.000000e-04 1.267351e+02 3.180203e+01 2.288793e+01 6.923336e+01 1.029037e-05 3.031287e-04 3.702734e-05 1.637611e-04 2.305682e-03
1.250000e+00 3.455000e-01  2.303333e-01  5.000000e-01 5.291745e-06 8.000000e-04 1.267351e+02 3.180203e+01 2.288793e+01 6.923336e+01 1.099458e-05 3.195406e-04 3.902690e-05 1.726045e-04 2.430194e-03
1.250000e+00 3.455000e-01  2.303333e-01  5.000000e-01 5.432750e-06 8.000000e-04 1.267351e+02 3.180203e+01 2.288793e+01 6.923335e+01 1.158974e-05 3.346583e-04 4.113444e-05 1.819256e-04 2.561430e-03
1.250000e+00 3.455000e-01  2.303333e-01  5.000000e-01 5.577512e-06 8.000000e-04 1.267351e+02 3.180203e+01 2.288792e+01 6.923335e+01 1.229033e-05 3.547975e-04 4.335579e-05 1.917500e-04 2.699754e-03
1.250000e+00 3.455000e-01  2.303333e-01  5.000000e-01 5.726131e-06 8.000000e-04 1.267351e+02 3.180203e+01 2.288792e+01 6.923335e+01 1.296155e-05 3.743678e-04 4.569711e-05 2.021049e-04 2.845546e-03
1.250000e+00 3.455000e-01  2.303333e-01  5.000000e-01 5.878710e-06 8.000000e-04 1.267351e+02 3.180203e+01 2.288791e+01 6.923334e+01 1.360425e-05 3.947253e-04 4.816486e-05 2.130191e-04 2.999213e-03
1.250000e+00 3.455000e-01  2.303333e-01  5.000000e-01 6.035355e-06 8.000000e-04 1.267351e+02 3.180203e+01 2.288790e+01 6.923334e+01 1.415050e-05 4.136592e-04 5.076587e-05 2.245226e-04 3.161177e-03
1.250000e+00 3.455000e-01  2.303333e-01  5.000000e-01 6.196174e-06 8.000000e-04 1.267351e+02 3.180203e+01 2.288790e+01 6.923334e+01 1.495087e-05 4.361927e-04 5.350735e-05 2.366473e-04 3.331888e-03
1.250000e+00 3.455000e-01  2.303333e-01  5.000000e-01 6.361278e-06 8.000000e-04 1.267351e+02 3.180203e+01 2.288789e+01 6.923333e+01 1.589972e-05 4.612850e-04 5.639687e-05 2.494268e-04 3.511817e-03
1.250000e+00 3.455000e-01  2.303333e-01  5.000000e-01 6.530782e-06 8.000000e-04 1.267351e+02 3.180203e+01 2.288788e+01 6.923333e+01 1.666912e-05 4.860880e-04 5.944243e-05 2.628965e-04 3.701464e-03
1.250000e+00 3.455000e-01  2.303333e-01  5.000000e-01 6.704802e-06 8.000000e-04 1.267351e+02 3.180203e+01 2.288788e+01 6.923332e+01 1.746999e-05 5.125719e-04 6.265246e-05 2.770935e-04 3.901351e-03
1.250000e+00 3.455000e-01  2.303333e-01  5.000000e-01 6.883459e-06 8.000000e-04 1.267351e+02 3.180203e+01 2.288787e+01 6.923332e+01 1.848649e-05 5.399940e-04 6.603583e-05 2.920572e-04 4.112033e-03
1.250000e+00 3.455000e-01  2.303333e-01  5.000000e-01 7.066877e-06 8.000000e-04 1.267351e+02 3.180203e+01 2.288786e+01 6.923331e+01 1.939840e-05 5.711463e-04 6.960192e-05 3.078289e-04 4.334093e-03
1.250000e+00 3.455000e-01  2.303333e-01  5.000000e-01 7.255182e-06 8.000000e-04 1.267351e+02 3.180203e+01 2.288785e+01 6.923331e+01 2.064654e-05 5.990632e-04 7.336058e-05 3.244524e-04 4.568144e-03
1.250000e+00 3.455000e-01  2.303333e-01  5.000000e-01 7.448504e-06 8.000000e-04 1.267351e+02 3.180203e+01 2.288784e+01 6.923330e+01 2.164460e-05 6.283895e-04 7.732223e-05 3.419736e-04 4.814834e-03
1.250000e+00 3.455000e-01  2.303333e-01  5.000000e-01 7.646978e-06 8.000000e-04 1.267351e+02 3.180203e+01 2.288783e+01 6.923330e+01 2.282909e-05 6.695790e-04 8.149780e-05 3.604409e-04 5.074846e-03
1.250000e+00 3.455000e-01  2.303333e-01  5.000000e-01 7.850741e-06 8.000000e-04 1.267351e+02 3.180203e+01 2.288782e+01 6.923329e+01 2.443717e-05 7.005851e-04 8.589887e-05 3.799056e-04 5.348900e-03
1.250000e+00 3.455000e-01  2.303333e-01  5.000000e-01 8.059933e-06 8.000000e-04 1.267351e+02 3.180203e+01 2.288781e+01 6.923328e+01 2.537974e-05 7.386191e-04 9.053761e-05 4.004214e-04 5.637752e-03
1.250000e+00 3.455000e-01  2.303333e-01  5.000000e-01 8.274699e-06 8.000000e-04 1.267351e+02 3.180203e+01 2.288780e+01 6.923328e+01 2.648613e-05 7.832680e-04 9.542685e-05 4.220450e-04 5.942204e-03
1.250000e+00 3.455000e-01  2.303333e-01  5.000000e-01 8.495188e-06 8.000000e-04 1.267351e+02 3.180203e+01 2.288779e+01 6.923327e+01 2.797604e-05 8.263493e-04 1.005801e-04 4.448364e-04 6.263097e-03
1.250000e+00 3.455000e-01  2.303333e-01  5.000000e-01 8.721552e-06 8.000000e-04 1.267351e+02 3.180203e+01 2.288778e+01 6.923326e+01 2.950845e-05 8.676850e-04 1.060117e-04 4.688586e-04 6.601319e-03
1.250000e+00 3.455000e-01  2.303333e-01  5.000000e-01 8.953948e-06 8.000000e-04 1.267351e+02 3.180203e+01 2.288776e+01 6.923325e+01 3.137934e-05 9.153854e-04 1.117366e-04 4.941781e-04 6.957805e-03
1.250000e+00 3.455000e-01  2.303333e-01  5.000000e-01 9.192536e-06 8.000000e-04 1.267351e+02 3.180203e+01 2.288775e+01 6.923325e+01 3.298002e-05 9.575907e-04 1.177706e-04 5.208649e-04 7.333543e-03
1.250000e+00 3.455000e-01  2.303333e-01  5.000000e-01 9.437481e-06 8.000000e-04 1.267351e+02 3.180203e+01 2.288774e+01 6.923324e+01 3.492320e-05 1.014328e-03 1.241305e-04 5.489928e-04 7.729571e-03
1.250000e+00 3.455000e-01  2.303333e-01  5.000000e-01 9.688954e-06 8.000000e-04 1.267351e+02 3.180203e+01 2.288772e+01 6.923323e+01 3.690066e-05 1.068901e-03 1.308338e-04 5.786396e-04 8.146986e-03
1.250000e+00 3.455000e-01  2.303333e-01  5.000000e-01 9.947127e-06 8.000000e-04 1.267351e+02 3.180203e+01 2.288771e+01 6.923322e+01 3.838814e-05 1.124400e-03 1.378991e-04 6.098875e-04 8.586942e-03
1.250000e+00 3.455000e-01  2.303333e-01  5.000000e-01 1.021218e-05 8.000000e-04 1.267351e+02 3.180203e+01 2.288768e+01 6.923321e+01 4.115751e-05 1.195563e-03 1.453460e-04 6.428229e-04 9.050656e-03
1.250000e+00 3.455000e-01  2.303333e-01  5.000000e-01 1.048430e-05 8.000000e-04 1.267351e+02 3.180203e+01 2.288767e+01 6.923320e+01 4.318046e-05 1.257546e-03 1.531950e-04 6.775368e-04 9.539413e-03
1.250000e+00 3.455000e-01  2.303333e-01  5.000000e-01 1.076366e-05 8.000000e-04 1.267351e+02 3.180203e+01 2.288765e+01 6.923319e+01 4.510543e-05 1.318564e-03 1.614679e-04 7.141253e-04 1.005456e-02
1.250000e+00 3.455000e-01  2.303333e-01  5.000000e-01 1.105047e-05 8.000000e-04 1.267351e+02 3.180203e+01 2.288763e+01 6.923317e+01 4.769544e-05 1.390586e-03 1.701876e-04 7.526897e-04 1.059753e-02
1.250000e+00 3.455000e-01  2.303333e-01  5.000000e-01 1.134492e-05 8.000000e-04 1.267351e+02 3.180203e+01 2.288761e+01 6.923316e+01 5.076633e-05 1.468159e-03 1.793781e-04 7.933367e-04 1.116982e-02
1.250000e+00 3.455000e-01  2.303333e-01  5.000000e-01 1.164722e-05 8.000000e-04 1.267351e+02 3.180203e+01 2.288759e+01 6.923315e+01 5.289173e-05 1.539620e-03 1.890649e-04 8.361787e-04 1.177302e-02
1.250000e+00 3.455000e-01  2.303333e-01  5.000000e-01 1.195758e-05 8.000000e-04 1.267351e+02 3.180203e+01 2.288757e+01 6.923314e+01 5.592481e-05 1.623053e-03 1.992748e-04 8.813343e-04 1.240879e-02
1.250000e+00 3.455000e-01  2.303333e-01  5.000000e-01 1.227620e-05 8.000000e-04 1.267351e+02 3.180203e+01 2.288754e+01 6.923312e+01 5.854432e-05 1.717257e-03 2.100361e-04 9.289284e-04 1.307889e-02
1.250000e+00 3.455000e-01  2.303333e-01  5.000000e-01 1.260331e-05 8.000000e-04 1.267351e+02 3.180203e+01 2.288751e+01 6.923310e+01 6.224315e-05 1.816738e-03 2.213786e-04 9.790927e-04 1.378518e-02
1.250000e+00 3.455000e-01  2.303333e-01  5.000000e-01 1.293914e-05 8.000000e-04 1.267351e+02 3.180203e+01 2.288749e+01 6.923308e+01 6.523630e-05 1.904029e-03 2.333335e-04 1.031966e-03 1.452962e-02
1.250000e+00 3.455000e-01  2.303333e-01  5.000000e-01 1.328392e-05 8.000000e-04 1.267351e+02 3.180202e+01 2.288746e+01 6.923307e+01 6.864185e-05 2.005000e-03 2.459341e-04 1.087695e-03 1.531425e-02
1.250000e+00 3.455000e-01  2.303333e-01  5.000000e-01 1.363789e-05 8.000000e-04 1.267351e+02 3.180202e+01 2.288743e+01 6.923305e+01 7.299859e-05 2.098114e-03 2.592151e-04 1.146433e-03 1.614125e-02
1.250000e+00 3.455000e-01  2.303333e-01  5.000000e-01 1.400128e-05 8.000000e-04 1.267351e+02 3.180202e+01 2.288740e+01 6.923303e+01 7.697150e-05 2.228399e-03 2.732133e-04 1.208343e-03 1.701292e-02
1.250000e+00 3.455000e-01  2.303333e-01  5.000000e-01 1.437436e-05 8.000000e-04 1.267351e+02 3.180202e+01 2.288736e+01 6.923301e+01 8.102016e-05 2.360479e-03 2.879675e-04 1.273596e-03 1.793166e-02
