2.000000e-01 3.070000e-01  2.046667e-01  5.000000e-01 2.000000e-06 8.000000e-04 1.170511e-01 3.180194e+01 2.287770e+01 6.922692e+01 1.025036e-03 3.627879e-02 3.932233e-03 1.285785e-02 2.176606e-01
2.000000e-01 3.070000e-01  2.046667e-01  5.000000e-01 2.053292e-06 8.000000e-04 1.170511e-01 3.180193e+01 2.287712e+01 6.922665e+01 1.083178e-03 3.824361e-02 4.144582e-03 1.355221e-02 2.294147e-01
2.000000e-01 3.070000e-01  2.046667e-01  5.000000e-01 2.108005e-06 8.000000e-04 1.170511e-01 3.180193e+01 2.287650e+01 6.922610e+01 1.131659e-03 4.029203e-02 4.368399e-03 1.428406e-02 2.418037e-01
2.000000e-01 3.070000e-01  2.046667e-01  5.000000e-01 2.164175e-06 8.000000e-04 1.170511e-01 3.180192e+01 2.287586e+01 6.922575e+01 1.191014e-03 4.259332e-02 4.604303e-03 1.505543e-02 2.548616e-01
2.000000e-01 3.070000e-01  2.046667e-01  5.000000e-01 2.221842e-06 8.000000e-04 1.170511e-01 3.180192e+01 2.287521e+01 6.922529e+01 1.259285e-03 4.485704e-02 4.852946e-03 1.586846e-02 2.686247e-01
2.000000e-01 3.070000e-01  2.046667e-01  5.000000e-01 2.281045e-06 8.000000e-04 1.170511e-01 3.180191e+01 2.287462e+01 6.922510e+01 1.337666e-03 4.731788e-02 5.115016e-03 1.672539e-02 2.831311e-01
2.000000e-01 3.070000e-01  2.046667e-01  5.000000e-01 2.341826e-06 8.000000e-04 1.170511e-01 3.180190e+01 2.287394e+01 6.922465e+01 1.418137e-03 4.985280e-02 5.391239e-03 1.762860e-02 2.984208e-01
2.000000e-01 3.070000e-01  2.046667e-01  5.000000e-01 2.404227e-06 8.000000e-04 1.170511e-01 3.180189e+01 2.287311e+01 6.922395e+01 1.485378e-03 5.254397e-02 5.682378e-03 1.858059e-02 3.145362e-01
2.000000e-01 3.070000e-01  2.046667e-01  5.000000e-01 2.468290e-06 8.000000e-04 1.170511e-01 3.180189e+01 2.287227e+01 6.922344e+01 1.568058e-03 5.531812e-02 5.989240e-03 1.958398e-02 3.315219e-01
2.000000e-01 3.070000e-01  2.046667e-01  5.000000e-01 2.534061e-06 8.000000e-04 1.170511e-01 3.180188e+01 2.287144e+01 6.922303e+01 1.652747e-03 5.862881e-02 6.312673e-03 2.064156e-02 3.494249e-01
2.000000e-01 3.070000e-01  2.046667e-01  5.000000e-01 2.601584e-06 8.000000e-04 1.170511e-01 3.180187e+01 2.287064e+01 6.922245e+01 1.739495e-03 6.150946e-02 6.653572e-03 2.175625e-02 3.682946e-01
2.000000e-01 3.070000e-01  2.046667e-01  5.000000e-01 2.670906e-06 8.000000e-04 1.170511e-01 3.180186e+01 2.286953e+01 6.922171e+01 1.853797e-03 6.518060e-02 7.012880e-03 2.293114e-02 3.881834e-01
2.000000e-01 3.070000e-01  2.046667e-01  5.000000e-01 2.742075e-06 8.000000e-04 1.170511e-01 3.180185e+01 2.286855e+01 6.922112e+01 1.930260e-03 6.867076e-02 7.391591e-03 2.416948e-02 4.091462e-01
2.000000e-01 3.070000e-01  2.046667e-01  5.000000e-01 2.815141e-06 8.000000e-04 1.170511e-01 3.180184e+01 2.286746e+01 6.922028e+01 2.045071e-03 7.200862e-02 7.790754e-03 2.547469e-02 4.312410e-01
2.000000e-01 3.070000e-01  2.046667e-01  5.000000e-01 2.890154e-06 8.000000e-04 1.170511e-01 3.180183e+01 2.286638e+01 6.921990e+01 2.150148e-03 7.577698e-02 8.211473e-03 2.685038e-02 4.545290e-01
2.000000e-01 3.070000e-01  2.046667e-01  5.000000e-01 2.967165e-06 8.000000e-04 1.170511e-01 3.180183e+01 2.286511e+01 6.921895e+01 2.237301e-03 8.067783e-02 8.654912e-03 2.830036e-02 4.790746e-01
2.000000e-01 3.070000e-01  2.046667e-01  5.000000e-01 3.046229e-06 8.000000e-04 1.170511e-01 3.180181e+01 2.286395e+01 6.921819e+01 2.374924e-03 8.445451e-02 9.122297e-03 2.982864e-02 5.049458e-01
2.000000e-01 3.070000e-01  2.046667e-01  5.000000e-01 3.127399e-06 8.000000e-04 1.170511e-01 3.180180e+01 2.286273e+01 6.921757e+01 2.510752e-03 8.949754e-02 9.614922e-03 3.143946e-02 5.322140e-01
2.000000e-01 3.070000e-01  2.046667e-01  5.000000e-01 3.210732e-06 8.000000e-04 1.170511e-01 3.180179e+01 2.286124e+01 6.921645e+01 2.645955e-03 9.396766e-02 1.013415e-02 3.313726e-02 5.609548e-01
2.000000e-01 3.070000e-01  2.046667e-01  5.000000e-01 3.296286e-06 8.000000e-04 1.170511e-01 3.180178e+01 2.285997e+01 6.921597e+01 2.764248e-03 9.888694e-02 1.068142e-02 3.492675e-02 5.912477e-01
2.000000e-01 3.070000e-01  2.046667e-01  5.000000e-01 3.384119e-06 8.000000e-04 1.170511e-01 3.180177e+01 2.285857e+01 6.921487e+01 2.932807e-03 1.038754e-01 1.125824e-02 3.681288e-02 6.231764e-01
2.000000e-01 3.070000e-01  2.046667e-01  5.000000e-01 3.474293e-06 8.000000e-04 1.170511e-01 3.180175e+01 2.285664e+01 6.921365e+01 3.079969e-03 1.102563e-01 1.186621e-02 3.880086e-02 6.568294e-01
2.000000e-01 3.070000e-01  2.046667e-01  5.000000e-01 3.566869e-06 8.000000e-04 1.170511e-01 3.180173e+01 2.285498e+01 6.921244e+01 3.257365e-03 1.158887e-01 1.250701e-02 4.089619e-02 6.922997e-01
2.000000e-01 3.070000e-01  2.046667e-01  5.000000e-01 3.661913e-06 8.000000e-04 1.170511e-01 3.180172e+01 2.285338e+01 6.921147e+01 3.422392e-03 1.221876e-01 1.318242e-02 4.310468e-02 7.296855e-01
2.000000e-01 3.070000e-01  2.046667e-01  5.000000e-01 3.759488e-06 8.000000e-04 1.170511e-01 3.180170e+01 2.285105e+01 6.921016e+01 3.631722e-03 1.295404e-01 1.389430e-02 4.543244e-02 7.690902e-01
2.000000e-01 3.070000e-01  2.046667e-01  5.000000e-01 3.859664e-06 8.000000e-04 1.170511e-01 3.180168e+01 2.284956e+01 6.920920e+01 3.822614e-03 1.358549e-01 1.464463e-02 4.788589e-02 8.106228e-01
2.000000e-01 3.070000e-01  2.046667e-01  5.000000e-01 3.962510e-06 8.000000e-04 1.170511e-01 3.180167e+01 2.284775e+01 6.920803e+01 3.993824e-03 1.417041e-01 1.543547e-02 5.047184e-02 8.543983e-01
2.000000e-01 3.070000e-01  2.046667e-01  5.000000e-01 4.068095e-06 8.000000e-04 1.170511e-01 3.180164e+01 2.284534e+01 6.920683e+01 4.229694e-03 1.504146e-01 1.626902e-02 5.319744e-02 9.005378e-01
2.000000e-01 3.070000e-01  2.046667e-01  5.000000e-01 4.176494e-06 8.000000e-04 1.170511e-01 3.180163e+01 2.284288e+01 6.920501e+01 4.422281e-03 1.579275e-01 1.714759e-02 5.607022e-02 9.491689e-01
2.000000e-01 3.070000e-01  2.046667e-01  5.000000e-01 4.287782e-06 8.000000e-04 1.170511e-01 3.180160e+01 2.284023e+01 6.920332e+01 4.704782e-03 1.675446e-01 1.807359e-02 5.909814e-02 1.000426e+00
2.000000e-01 3.070000e-01  2.046667e-01  5.000000e-01 4.402035e-06 8.000000e-04 1.170511e-01 3.180158e+01 2.283794e+01 6.920203e+01 4.931453e-03 1.767863e-01 1.904961e-02 6.228958e-02 1.054452e+00
2.000000e-01 3.070000e-01  2.046667e-01  5.000000e-01 4.519332e-06 8.000000e-04 1.170511e-01 3.180155e+01 2.283524e+01 6.920031e+01 5.287372e-03 1.855276e-01 2.007833e-02 6.565336e-02 1.111394e+00
2.000000e-01 3.070000e-01  2.046667e-01  5.000000e-01 4.639755e-06 8.000000e-04 1.170511e-01 3.180153e+01 2.283245e+01 6.919904e+01 5.518358e-03 1.950484e-01 2.116261e-02 6.919879e-02 1.171412e+00
2.000000e-01 3.070000e-01  2.046667e-01  5.000000e-01 4.763386e-06 8.000000e-04 1.170511e-01 3.180150e+01 2.283021e+01 6.919730e+01 5.802200e-03 2.043120e-01 2.230544e-02 7.293569e-02 1.234671e+00
2.000000e-01 3.070000e-01  2.046667e-01  5.000000e-01 4.890312e-06 8.000000e-04 1.170511e-01 3.180147e+01 2.282652e+01 6.919422e+01 6.126768e-03 2.168613e-01 2.350998e-02 7.687438e-02 1.301346e+00
2.000000e-01 3.070000e-01  2.046667e-01  5.000000e-01 5.020620e-06 8.000000e-04 1.170511e-01 3.180144e+01 2.282269e+01 6.919253e+01 6.463713e-03 2.298012e-01 2.477958e-02 8.102578e-02 1.371622e+00
2.000000e-01 3.070000e-01  2.046667e-01  5.000000e-01 5.154400e-06 8.000000e-04 1.170511e-01 3.180141e+01 2.281920e+01 6.918984e+01 6.825676e-03 2.420960e-01 2.611773e-02 8.540136e-02 1.445693e+00
2.000000e-01 3.070000e-01  2.046667e-01  5.000000e-01 5.291745e-06 8.000000e-04 1.170511e-01 3.180138e+01 2.281530e+01 6.918755e+01 7.158909e-03 2.551525e-01 2.752815e-02 9.001323e-02 1.523764e+00
2.000000e-01 3.070000e-01  2.046667e-01  5.000000e-01 5.432750e-06 8.000000e-04 1.170511e-01 3.180134e+01 2.281182e+01 6.918536e+01 7.563588e-03 2.682336e-01 2.901473e-02 9.487415e-02 1.606050e+00
2.000000e-01 3.070000e-01  2.046667e-01  5.000000e-01 5.577512e-06 8.000000e-04 1.170511e-01 3.180130e+01 2.280734e+01 6.918276e+01 7.930413e-03 2.830961e-01 3.058160e-02 9.999758e-02 1.692781e+00
2.000000e-01 3.070000e-01  2.046667e-01  5.000000e-01 5.726131e-06 8.000000e-04 1.170511e-01 3.180126e+01 2.280320e+01 6.917989e+01 8.423329e-03 2.983341e-01 3.223307e-02 1.053977e-01 1.784195e+00
2.000000e-01 3.070000e-01  2.046667e-01  5.000000e-01 5.878710e-06 8.000000e-04 1.170511e-01 3.180122e+01 2.279822e+01 6.917708e+01 8.778307e-03 3.157100e-01 3.397373e-02 1.110894e-01 1.880545e+00
2.000000e-01 3.070000e-01  2.046667e-01  5.000000e-01 6.035355e-06 8.000000e-04 1.170511e-01 3.180117e+01 2.279416e+01 6.917424e+01 9.429941e-03 3.311647e-01 3.580839e-02 1.170885e-01 1.982099e+00
2.000000e-01 3.070000e-01  2.046667e-01  5.000000e-01 6.196174e-06 8.000000e-04 1.170511e-01 3.180113e+01 2.278821e+01 6.917104e+01 9.818848e-03 3.512548e-01 3.774213e-02 1.234115e-01 2.089137e+00
2.000000e-01 3.070000e-01  2.046667e-01  5.000000e-01 6.361278e-06 8.000000e-04 1.170511e-01 3.180108e+01 2.278372e+01 6.916771e+01 1.031810e-02 3.673397e-01 3.978029e-02 1.300760e-01 2.201955e+00
2.000000e-01 3.070000e-01  2.046667e-01  5.000000e-01 6.530782e-06 8.000000e-04 1.170511e-01 3.180102e+01 2.277802e+01 6.916527e+01 1.092940e-02 3.881940e-01 4.192852e-02 1.371004e-01 2.320866e+00
2.000000e-01 3.070000e-01  2.046667e-01  5.000000e-01 6.704802e-06 8.000000e-04 1.170511e-01 3.180098e+01 2.277117e+01 6.915985e+01 1.146029e-02 4.097188e-01 4.419276e-02 1.445042e-01 2.446198e+00
2.000000e-01 3.070000e-01  2.046667e-01  5.000000e-01 6.883459e-06 8.000000e-04 1.170511e-01 3.180093e+01 2.276656e+01 6.915738e+01 1.207109e-02 4.313857e-01 4.657927e-02 1.523077e-01 2.578299e+00
2.000000e-01 3.070000e-01  2.046667e-01  5.000000e-01 7.066877e-06 8.000000e-04 1.170511e-01 3.180087e+01 2.275859e+01 6.915161e+01 1.273521e-02 4.553321e-01 4.909466e-02 1.605327e-01 2.717533e+00
2.000000e-01 3.070000e-01  2.046667e-01  5.000000e-01 7.255182e-06 8.000000e-04 1.170511e-01 3.180081e+01 2.275223e+01 6.914760e+01 1.343618e-02 4.765754e-01 5.174588e-02 1.692018e-01 2.864286e+00
2.000000e-01 3.070000e-01  2.046667e-01  5.000000e-01 7.448504e-06 8.000000e-04 1.170511e-01 3.180074e+01 2.274432e+01 6.914417e+01 1.413947e-02 5.052749e-01 5.454028e-02 1.783391e-01 3.018964e+00
2.000000e-01 3.070000e-01  2.046667e-01  5.000000e-01 7.646978e-06 8.000000e-04 1.170511e-01 3.180067e+01 2.273649e+01 6.914017e+01 1.488797e-02 5.317353e-01 5.748558e-02 1.879699e-01 3.181995e+00
2.000000e-01 3.070000e-01  2.046667e-01  5.000000e-01 7.850741e-06 8.000000e-04 1.170511e-01 3.180060e+01 2.273036e+01 6.913559e+01 1.571081e-02 5.565569e-01 6.058993e-02 1.981207e-01 3.353830e+00
2.000000e-01 3.070000e-01  2.046667e-01  5.000000e-01 8.059933e-06 8.000000e-04 1.170511e-01 3.180049e+01 2.272146e+01 6.913041e+01 1.672290e-02 5.873348e-01 6.386193e-02 2.088196e-01 3.534944e+00
2.000000e-01 3.070000e-01  2.046667e-01  5.000000e-01 8.274699e-06 8.000000e-04 1.170511e-01 3.180041e+01 2.271098e+01 6.912091e+01 1.769914e-02 6.233083e-01 6.731062e-02 2.200964e-01 3.725840e+00
2.000000e-01 3.070000e-01  2.046667e-01  5.000000e-01 8.495188e-06 8.000000e-04 1.170511e-01 3.180035e+01 2.270131e+01 6.911620e+01 1.857184e-02 6.558428e-01 7.094555e-02 2.319821e-01 3.927043e+00
2.000000e-01 3.070000e-01  2.046667e-01  5.000000e-01 8.721552e-06 8.000000e-04 1.170511e-01 3.180025e+01 2.269323e+01 6.911071e+01 1.948309e-02 6.906896e-01 7.477678e-02 2.445097e-01 4.139113e+00
2.000000e-01 3.070000e-01  2.046667e-01  5.000000e-01 8.953948e-06 8.000000e-04 1.170511e-01 3.180014e+01 2.268161e+01 6.910351e+01 2.054789e-02 7.288175e-01 7.881489e-02 2.577138e-01 4.362635e+00
2.000000e-01 3.070000e-01  2.046667e-01  5.000000e-01 9.192536e-06 8.000000e-04 1.170511e-01 3.180007e+01 2.267052e+01 6.909664e+01 2.149223e-02 7.667197e-01 8.307108e-02 2.716309e-01 4.598227e+00
2.000000e-01 3.070000e-01  2.046667e-01  5.000000e-01 9.437481e-06 8.000000e-04 1.170511e-01 3.179994e+01 2.265832e+01 6.909031e+01 2.290515e-02 8.077059e-01 8.755711e-02 2.862996e-01 4.846542e+00
2.000000e-01 3.070000e-01  2.046667e-01  5.000000e-01 9.688954e-06 8.000000e-04 1.170511e-01 3.179983e+01 2.264668e+01 6.908256e+01 2.422651e-02 8.553633e-01 9.228540e-02 3.017604e-01 5.108266e+00
2.000000e-01 3.070000e-01  2.046667e-01  5.000000e-01 9.947127e-06 8.000000e-04 1.170511e-01 3.179970e+01 2.263274e+01 6.907361e+01 2.540298e-02 9.022235e-01 9.726902e-02 3.180562e-01 5.384124e+00
2.000000e-01 3.070000e-01  2.046667e-01  5.000000e-01 1.021218e-05 8.000000e-04 1.170511e-01 3.179959e+01 2.261928e+01 6.906817e+01 2.672378e-02 9.492707e-01 1.025218e-01 3.352320e-01 5.674880e+00
2.000000e-01 3.070000e-01  2.046667e-01  5.000000e-01 1.048430e-05 8.000000e-04 1.170511e-01 3.179947e+01 2.260739e+01 6.905845e+01 2.807544e-02 9.980816e-01 1.080582e-01 3.533353e-01 5.981336e+00
2.000000e-01 3.070000e-01  2.046667e-01  5.000000e-01 1.076366e-05 8.000000e-04 1.170511e-01 3.179932e+01 2.258984e+01 6.904786e+01 2.965149e-02 1.053428e+00 1.138936e-01 3.724162e-01 6.304342e+00
2.000000e-01 3.070000e-01  2.046667e-01  5.000000e-01 1.105047e-05 8.000000e-04 1.170511e-01 3.179921e+01 2.257672e+01 6.904075e+01 3.101830e-02 1.111473e+00 1.200441e-01 3.925275e-01 6.644791e+00
2.000000e-01 3.070000e-01  2.046667e-01  5.000000e-01 1.134492e-05 8.000000e-04 1.170511e-01 3.179908e+01 2.255959e+01 6.902924e+01 3.255382e-02 1.164842e+00 1.265268e-01 4.137249e-01 7.003625e+00
2.000000e-01 3.070000e-01  2.046667e-01  5.000000e-01 1.164722e-05 8.000000e-04 1.170511e-01 3.179884e+01 2.254091e+01 6.901825e+01 3.479235e-02 1.228765e+00 1.333595e-01 4.360670e-01 7.381837e+00
2.000000e-01 3.070000e-01  2.046667e-01  5.000000e-01 1.195758e-05 8.000000e-04 1.170511e-01 3.179865e+01 2.251985e+01 6.900218e+01 3.681886e-02 1.302875e+00 1.405612e-01 4.596156e-01 7.780474e+00
2.000000e-01 3.070000e-01  2.046667e-01  5.000000e-01 1.227620e-05 8.000000e-04 1.170511e-01 3.179849e+01 2.250159e+01 6.899529e+01 3.852513e-02 1.371082e+00 1.481518e-01 4.844359e-01 8.200637e+00
2.000000e-01 3.070000e-01  2.046667e-01  5.000000e-01 1.260331e-05 8.000000e-04 1.170511e-01 3.179827e+01 2.248398e+01 6.898304e+01 4.076106e-02 1.444939e+00 1.561524e-01 5.105966e-01 8.643490e+00
2.000000e-01 3.070000e-01  2.046667e-01  5.000000e-01 1.293914e-05 8.000000e-04 1.170511e-01 3.179814e+01 2.245756e+01 6.896875e+01 4.233050e-02 1.530988e+00 1.645850e-01 5.381700e-01 9.110259e+00
2.000000e-01 3.070000e-01  2.046667e-01  5.000000e-01 1.328392e-05 8.000000e-04 1.170511e-01 3.179793e+01 2.243622e+01 6.895368e+01 4.492949e-02 1.608428e+00 1.734729e-01 5.672324e-01 9.602234e+00
2.000000e-01 3.070000e-01  2.046667e-01  5.000000e-01 1.363789e-05 8.000000e-04 1.170511e-01 3.179764e+01 2.241214e+01 6.893939e+01 4.760343e-02 1.693358e+00 1.828409e-01 5.978643e-01 1.012078e+01
2.000000e-01 3.070000e-01  2.046667e-01  5.000000e-01 1.400128e-05 8.000000e-04 1.170511e-01 3.179738e+01 2.238201e+01 6.891958e+01 5.048946e-02 1.791740e+00 1.927147e-01 6.301503e-01 1.066732e+01
2.000000e-01 3.070000e-01  2.046667e-01  5.000000e-01 1.437436e-05 8.000000e-04 1.170511e-01 3.179718e+01 2.235961e+01 6.890651e+01 5.277539e-02 1.881844e+00 2.031218e-01 6.641799e-01 1.124338e+01
2.000000e-01 3.070000e-01  2.046667e-01  5.000000e-01 1.475738e-05 8.000000e-04 1.170511e-01 3.179700e+01 2.233203e+01 6.889273e+01 5.543562e-02 1.984177e+00 2.140908e-01 7.000472e-01 1.185055e+01
2.000000e-01 3.070000e-01  2.046667e-01  5.000000e-01 1.515061e-05 8.000000e-04 1.170511e-01 3.179669e+01 2.230617e+01 6.887471e+01 5.861142e-02 2.081177e+00 2.256522e-01 7.378513e-01 1.249051e+01
2.000000e-01 3.070000e-01  2.046667e-01  5.000000e-01 1.555432e-05 8.000000e-04 1.170511e-01 3.179640e+01 2.226953e+01 6.885322e+01 6.170208e-02 2.205199e+00 2.378379e-01 7.776970e-01 1.316502e+01
2.000000e-01 3.070000e-01  2.046667e-01  5.000000e-01 1.596878e-05 8.000000e-04 1.170511e-01 3.179594e+01 2.223656e+01 6.883122e+01 6.612476e-02 2.327990e+00 2.506817e-01 8.196945e-01 1.387597e+01
2.000000e-01 3.070000e-01  2.046667e-01  5.000000e-01 1.639429e-05 8.000000e-04 1.170511e-01 3.179574e+01 2.220490e+01 6.880936e+01 6.905371e-02 2.445120e+00 2.642191e-01 8.639598e-01 1.462530e+01
2.000000e-01 3.070000e-01  2.046667e-01  5.000000e-01 1.683113e-05 8.000000e-04 1.170511e-01 3.179541e+01 2.216577e+01 6.879178e+01 7.256453e-02 2.581905e+00 2.784876e-01 9.106157e-01 1.541510e+01
2.000000e-01 3.070000e-01  2.046667e-01  5.000000e-01 1.727962e-05 8.000000e-04 1.170511e-01 3.179500e+01 2.213165e+01 6.877471e+01 7.697313e-02 2.713103e+00 2.935265e-01 9.597910e-01 1.624755e+01
2.000000e-01 3.070000e-01  2.046667e-01  5.000000e-01 1.774005e-05 8.000000e-04 1.170511e-01 3.179469e+01 2.208936e+01 6.874203e+01 8.096051e-02 2.870588e+00 3.093777e-01 1.011622e+00 1.712496e+01
2.000000e-01 3.070000e-01  2.046667e-01  5.000000e-01 1.821276e-05 8.000000e-04 1.170511e-01 3.179425e+01 2.203924e+01 6.872127e+01 8.502042e-02 3.037071e+00 3.260848e-01 1.066252e+00 1.804974e+01
