5.000000e-01 2.728000e-01  1.818667e-01  5.000000e-01 2.000000e-06 8.000000e-04 1.034153e+01 3.180202e+01 2.288733e+01 6.923298e+01 7.636375e-05 2.459077e-03 2.248605e-04 7.380135e-04 1.228186e-02
5.000000e-01 2.728000e-01  1.818667e-01  5.000000e-01 2.053292e-06 8.000000e-04 1.034153e+01 3.180202e+01 2.288729e+01 6.923296e+01 8.063551e-05 2.599550e-03 2.370035e-04 7.778679e-04 1.294511e-02
5.000000e-01 2.728000e-01  1.818667e-01  5.000000e-01 2.108005e-06 8.000000e-04 1.034153e+01 3.180202e+01 2.288727e+01 6.923294e+01 8.485784e-05 2.718744e-03 2.498022e-04 8.198746e-04 1.364417e-02
5.000000e-01 2.728000e-01  1.818667e-01  5.000000e-01 2.164175e-06 8.000000e-04 1.034153e+01 3.180202e+01 2.288721e+01 6.923290e+01 8.959138e-05 2.888993e-03 2.632921e-04 8.641497e-04 1.438099e-02
5.000000e-01 2.728000e-01  1.818667e-01  5.000000e-01 2.221842e-06 8.000000e-04 1.034153e+01 3.180202e+01 2.288718e+01 6.923289e+01 9.331848e-05 3.018457e-03 2.775105e-04 9.108158e-04 1.515760e-02
5.000000e-01 2.728000e-01  1.818667e-01  5.000000e-01 2.281045e-06 8.000000e-04 1.034153e+01 3.180202e+01 2.288712e+01 6.923286e+01 9.927282e-05 3.197789e-03 2.924967e-04 9.600020e-04 1.597614e-02
5.000000e-01 2.728000e-01  1.818667e-01  5.000000e-01 2.341826e-06 8.000000e-04 1.034153e+01 3.180202e+01 2.288708e+01 6.923283e+01 1.042055e-04 3.361993e-03 3.082922e-04 1.011844e-03 1.683889e-02
5.000000e-01 2.728000e-01  1.818667e-01  5.000000e-01 2.404227e-06 8.000000e-04 1.034153e+01 3.180202e+01 2.288703e+01 6.923279e+01 1.104174e-04 3.557485e-03 3.249407e-04 1.066486e-03 1.774823e-02
5.000000e-01 2.728000e-01  1.818667e-01  5.000000e-01 2.468290e-06 8.000000e-04 1.034153e+01 3.180202e+01 2.288698e+01 6.923276e+01 1.167711e-04 3.738884e-03 3.424882e-04 1.124079e-03 1.870668e-02
5.000000e-01 2.728000e-01  1.818667e-01  5.000000e-01 2.534061e-06 8.000000e-04 1.034153e+01 3.180202e+01 2.288692e+01 6.923273e+01 1.220959e-04 3.947856e-03 3.609834e-04 1.184782e-03 1.971688e-02
5.000000e-01 2.728000e-01  1.818667e-01  5.000000e-01 2.601584e-06 8.000000e-04 1.034153e+01 3.180202e+01 2.288685e+01 6.923269e+01 1.284709e-04 4.177332e-03 3.804773e-04 1.248763e-03 2.078164e-02
5.000000e-01 2.728000e-01  1.818667e-01  5.000000e-01 2.670906e-06 8.000000e-04 1.034153e+01 3.180202e+01 2.288679e+01 6.923264e+01 1.362757e-04 4.400621e-03 4.010240e-04 1.316199e-03 2.190389e-02
5.000000e-01 2.728000e-01  1.818667e-01  5.000000e-01 2.742075e-06 8.000000e-04 1.034153e+01 3.180202e+01 2.288673e+01 6.923262e+01 1.440574e-04 4.611127e-03 4.226802e-04 1.387277e-03 2.308675e-02
5.000000e-01 2.728000e-01  1.818667e-01  5.000000e-01 2.815141e-06 8.000000e-04 1.034153e+01 3.180202e+01 2.288666e+01 6.923257e+01 1.511880e-04 4.864522e-03 4.455059e-04 1.462193e-03 2.433349e-02
5.000000e-01 2.728000e-01  1.818667e-01  5.000000e-01 2.890154e-06 8.000000e-04 1.034153e+01 3.180202e+01 2.288659e+01 6.923253e+01 1.600414e-04 5.120813e-03 4.695642e-04 1.541155e-03 2.564756e-02
5.000000e-01 2.728000e-01  1.818667e-01  5.000000e-01 2.967165e-06 8.000000e-04 1.034153e+01 3.180202e+01 2.288651e+01 6.923247e+01 1.674398e-04 5.426966e-03 4.949218e-04 1.624380e-03 2.703259e-02
5.000000e-01 2.728000e-01  1.818667e-01  5.000000e-01 3.046229e-06 8.000000e-04 1.034153e+01 3.180202e+01 2.288643e+01 6.923242e+01 1.767870e-04 5.702092e-03 5.216487e-04 1.712101e-03 2.849241e-02
5.000000e-01 2.728000e-01  1.818667e-01  5.000000e-01 3.127399e-06 8.000000e-04 1.034153e+01 3.180201e+01 2.288634e+01 6.923237e+01 1.872660e-04 6.019462e-03 5.498189e-04 1.804558e-03 3.003106e-02
5.000000e-01 2.728000e-01  1.818667e-01  5.000000e-01 3.210732e-06 8.000000e-04 1.034153e+01 3.180201e+01 2.288624e+01 6.923231e+01 1.971806e-04 6.348564e-03 5.795104e-04 1.902008e-03 3.165281e-02
5.000000e-01 2.728000e-01  1.818667e-01  5.000000e-01 3.296286e-06 8.000000e-04 1.034153e+01 3.180201e+01 2.288615e+01 6.923225e+01 2.062463e-04 6.665859e-03 6.108053e-04 2.004721e-03 3.336213e-02
5.000000e-01 2.728000e-01  1.818667e-01  5.000000e-01 3.384119e-06 8.000000e-04 1.034153e+01 3.180201e+01 2.288608e+01 6.923220e+01 2.185881e-04 7.021784e-03 6.437902e-04 2.112981e-03 3.516377e-02
5.000000e-01 2.728000e-01  1.818667e-01  5.000000e-01 3.474293e-06 8.000000e-04 1.034153e+01 3.180201e+01 2.288593e+01 6.923212e+01 2.302525e-04 7.438099e-03 6.785564e-04 2.227087e-03 3.706269e-02
5.000000e-01 2.728000e-01  1.818667e-01  5.000000e-01 3.566869e-06 8.000000e-04 1.034153e+01 3.180201e+01 2.288582e+01 6.923204e+01 2.429315e-04 7.824801e-03 7.152000e-04 2.347355e-03 3.906416e-02
5.000000e-01 2.728000e-01  1.818667e-01  5.000000e-01 3.661913e-06 8.000000e-04 1.034153e+01 3.180201e+01 2.288571e+01 6.923200e+01 2.551432e-04 8.244018e-03 7.538225e-04 2.474117e-03 4.117372e-02
5.000000e-01 2.728000e-01  1.818667e-01  5.000000e-01 3.759488e-06 8.000000e-04 1.034153e+01 3.180201e+01 2.288559e+01 6.923189e+01 2.682393e-04 8.684450e-03 7.945306e-04 2.607725e-03 4.339719e-02
5.000000e-01 2.728000e-01  1.818667e-01  5.000000e-01 3.859664e-06 8.000000e-04 1.034153e+01 3.180201e+01 2.288545e+01 6.923182e+01 2.827638e-04 9.181039e-03 8.374371e-04 2.748548e-03 4.574074e-02
5.000000e-01 2.728000e-01  1.818667e-01  5.000000e-01 3.962510e-06 8.000000e-04 1.034153e+01 3.180200e+01 2.288531e+01 6.923173e+01 2.956609e-04 9.708784e-03 8.826606e-04 2.896976e-03 4.821085e-02
5.000000e-01 2.728000e-01  1.818667e-01  5.000000e-01 4.068095e-06 8.000000e-04 1.034153e+01 3.180200e+01 2.288520e+01 6.923164e+01 3.161476e-04 1.014653e-02 9.303264e-04 3.053420e-03 5.081435e-02
5.000000e-01 2.728000e-01  1.818667e-01  5.000000e-01 4.176494e-06 8.000000e-04 1.034153e+01 3.180200e+01 2.288502e+01 6.923154e+01 3.308839e-04 1.075932e-02 9.805661e-04 3.218311e-03 5.355844e-02
5.000000e-01 2.728000e-01  1.818667e-01  5.000000e-01 4.287782e-06 8.000000e-04 1.034153e+01 3.180200e+01 2.288487e+01 6.923145e+01 3.501745e-04 1.134348e-02 1.033519e-03 3.392108e-03 5.645072e-02
5.000000e-01 2.728000e-01  1.818667e-01  5.000000e-01 4.402035e-06 8.000000e-04 1.034153e+01 3.180200e+01 2.288466e+01 6.923132e+01 3.689345e-04 1.192172e-02 1.089331e-03 3.575289e-03 5.949919e-02
5.000000e-01 2.728000e-01  1.818667e-01  5.000000e-01 4.519332e-06 8.000000e-04 1.034153e+01 3.180200e+01 2.288452e+01 6.923124e+01 3.868121e-04 1.252345e-02 1.148158e-03 3.768363e-03 6.271228e-02
5.000000e-01 2.728000e-01  1.818667e-01  5.000000e-01 4.639755e-06 8.000000e-04 1.034153e+01 3.180199e+01 2.288432e+01 6.923113e+01 4.115107e-04 1.326406e-02 1.210161e-03 3.971864e-03 6.609889e-02
5.000000e-01 2.728000e-01  1.818667e-01  5.000000e-01 4.763386e-06 8.000000e-04 1.034153e+01 3.180199e+01 2.288414e+01 6.923098e+01 4.329826e-04 1.393023e-02 1.275512e-03 4.186353e-03 6.966838e-02
5.000000e-01 2.728000e-01  1.818667e-01  5.000000e-01 4.890312e-06 8.000000e-04 1.034153e+01 3.180199e+01 2.288391e+01 6.923087e+01 4.582345e-04 1.468665e-02 1.344393e-03 4.412426e-03 7.343063e-02
5.000000e-01 2.728000e-01  1.818667e-01  5.000000e-01 5.020620e-06 8.000000e-04 1.034153e+01 3.180199e+01 2.288365e+01 6.923071e+01 4.823171e-04 1.553585e-02 1.416993e-03 4.650707e-03 7.739606e-02
5.000000e-01 2.728000e-01  1.818667e-01  5.000000e-01 5.154400e-06 8.000000e-04 1.034153e+01 3.180199e+01 2.288345e+01 6.923057e+01 5.023861e-04 1.636026e-02 1.493514e-03 4.901856e-03 8.157562e-02
5.000000e-01 2.728000e-01  1.818667e-01  5.000000e-01 5.291745e-06 8.000000e-04 1.034153e+01 3.180198e+01 2.288323e+01 6.923042e+01 5.265439e-04 1.720620e-02 1.574168e-03 5.166568e-03 8.598090e-02
5.000000e-01 2.728000e-01  1.818667e-01  5.000000e-01 5.432750e-06 8.000000e-04 1.034153e+01 3.180198e+01 2.288295e+01 6.923026e+01 5.649129e-04 1.811806e-02 1.659176e-03 5.445575e-03 9.062406e-02
5.000000e-01 2.728000e-01  1.818667e-01  5.000000e-01 5.577512e-06 8.000000e-04 1.034153e+01 3.180198e+01 2.288266e+01 6.923007e+01 5.908180e-04 1.914956e-02 1.748776e-03 5.739648e-03 9.551797e-02
5.000000e-01 2.728000e-01  1.818667e-01  5.000000e-01 5.726131e-06 8.000000e-04 1.034153e+01 3.180197e+01 2.288235e+01 6.922988e+01 6.274202e-04 2.028305e-02 1.843214e-03 6.049602e-03 1.006762e-01
5.000000e-01 2.728000e-01  1.818667e-01  5.000000e-01 5.878710e-06 8.000000e-04 1.034153e+01 3.180197e+01 2.288209e+01 6.922971e+01 6.612879e-04 2.123610e-02 1.942751e-03 6.376295e-03 1.061129e-01
5.000000e-01 2.728000e-01  1.818667e-01  5.000000e-01 6.035355e-06 8.000000e-04 1.034153e+01 3.180197e+01 2.288176e+01 6.922953e+01 6.964472e-04 2.239578e-02 2.047664e-03 6.720630e-03 1.118433e-01
5.000000e-01 2.728000e-01  1.818667e-01  5.000000e-01 6.196174e-06 8.000000e-04 1.034153e+01 3.180196e+01 2.288142e+01 6.922929e+01 7.340097e-04 2.365775e-02 2.158243e-03 7.083559e-03 1.178830e-01
5.000000e-01 2.728000e-01  1.818667e-01  5.000000e-01 6.361278e-06 8.000000e-04 1.034153e+01 3.180196e+01 2.288105e+01 6.922906e+01 7.763122e-04 2.494548e-02 2.274793e-03 7.466088e-03 1.242490e-01
5.000000e-01 2.728000e-01  1.818667e-01  5.000000e-01 6.530782e-06 8.000000e-04 1.034153e+01 3.180196e+01 2.288067e+01 6.922889e+01 8.134090e-04 2.617768e-02 2.397637e-03 7.869274e-03 1.309587e-01
5.000000e-01 2.728000e-01  1.818667e-01  5.000000e-01 6.704802e-06 8.000000e-04 1.034153e+01 3.180195e+01 2.288028e+01 6.922861e+01 8.552028e-04 2.768469e-02 2.527115e-03 8.294233e-03 1.380308e-01
5.000000e-01 2.728000e-01  1.818667e-01  5.000000e-01 6.883459e-06 8.000000e-04 1.034153e+01 3.180195e+01 2.287991e+01 6.922840e+01 9.010281e-04 2.909951e-02 2.663585e-03 8.742140e-03 1.454848e-01
5.000000e-01 2.728000e-01  1.818667e-01  5.000000e-01 7.066877e-06 8.000000e-04 1.034153e+01 3.180194e+01 2.287937e+01 6.922804e+01 9.531462e-04 3.090892e-02 2.807425e-03 9.214236e-03 1.533413e-01
5.000000e-01 2.728000e-01  1.818667e-01  5.000000e-01 7.255182e-06 8.000000e-04 1.034153e+01 3.180194e+01 2.287898e+01 6.922774e+01 1.006003e-03 3.236561e-02 2.959032e-03 9.711826e-03 1.616221e-01
5.000000e-01 2.728000e-01  1.818667e-01  5.000000e-01 7.448504e-06 8.000000e-04 1.034153e+01 3.180193e+01 2.287841e+01 6.922741e+01 1.061203e-03 3.427998e-02 3.118827e-03 1.023629e-02 1.703501e-01
5.000000e-01 2.728000e-01  1.818667e-01  5.000000e-01 7.646978e-06 8.000000e-04 1.034153e+01 3.180193e+01 2.287786e+01 6.922708e+01 1.112379e-03 3.619714e-02 3.287251e-03 1.078907e-02 1.795494e-01
5.000000e-01 2.728000e-01  1.818667e-01  5.000000e-01 7.850741e-06 8.000000e-04 1.034153e+01 3.180192e+01 2.287748e+01 6.922695e+01 1.173564e-03 3.778211e-02 3.464770e-03 1.137171e-02 1.892454e-01
5.000000e-01 2.728000e-01  1.818667e-01  5.000000e-01 8.059933e-06 8.000000e-04 1.034153e+01 3.180192e+01 2.287685e+01 6.922643e+01 1.230706e-03 4.004086e-02 3.651876e-03 1.198580e-02 1.994651e-01
5.000000e-01 2.728000e-01  1.818667e-01  5.000000e-01 8.274699e-06 8.000000e-04 1.034153e+01 3.180191e+01 2.287623e+01 6.922602e+01 1.301126e-03 4.213036e-02 3.849085e-03 1.263306e-02 2.102367e-01
5.000000e-01 2.728000e-01  1.818667e-01  5.000000e-01 8.495188e-06 8.000000e-04 1.034153e+01 3.180191e+01 2.287569e+01 6.922574e+01 1.375042e-03 4.424409e-02 4.056945e-03 1.331528e-02 2.215900e-01
5.000000e-01 2.728000e-01  1.818667e-01  5.000000e-01 8.721552e-06 8.000000e-04 1.034153e+01 3.180190e+01 2.287493e+01 6.922532e+01 1.453917e-03 4.686433e-02 4.276029e-03 1.403434e-02 2.335563e-01
5.000000e-01 2.728000e-01  1.818667e-01  5.000000e-01 8.953948e-06 8.000000e-04 1.034153e+01 3.180189e+01 2.287425e+01 6.922482e+01 1.531776e-03 4.922734e-02 4.506945e-03 1.479222e-02 2.461689e-01
5.000000e-01 2.728000e-01  1.818667e-01  5.000000e-01 9.192536e-06 8.000000e-04 1.034153e+01 3.180188e+01 2.287356e+01 6.922446e+01 1.629432e-03 5.184615e-02 4.750330e-03 1.559104e-02 2.594626e-01
5.000000e-01 2.728000e-01  1.818667e-01  5.000000e-01 9.437481e-06 8.000000e-04 1.034153e+01 3.180188e+01 2.287264e+01 6.922397e+01 1.685209e-03 5.508802e-02 5.006859e-03 1.643299e-02 2.734742e-01
5.000000e-01 2.728000e-01  1.818667e-01  5.000000e-01 9.688954e-06 8.000000e-04 1.034153e+01 3.180187e+01 2.287178e+01 6.922324e+01 1.793699e-03 5.791040e-02 5.277241e-03 1.732041e-02 2.882424e-01
5.000000e-01 2.728000e-01  1.818667e-01  5.000000e-01 9.947127e-06 8.000000e-04 1.034153e+01 3.180186e+01 2.287092e+01 6.922265e+01 1.882966e-03 6.081985e-02 5.562224e-03 1.825575e-02 3.038082e-01
5.000000e-01 2.728000e-01  1.818667e-01  5.000000e-01 1.021218e-05 8.000000e-04 1.034153e+01 3.180185e+01 2.286999e+01 6.922217e+01 1.989715e-03 6.422870e-02 5.862597e-03 1.924160e-02 3.202145e-01
5.000000e-01 2.728000e-01  1.818667e-01  5.000000e-01 1.048430e-05 8.000000e-04 1.034153e+01 3.180184e+01 2.286918e+01 6.922164e+01 2.111458e-03 6.750530e-02 6.179191e-03 2.028069e-02 3.375069e-01
5.000000e-01 2.728000e-01  1.818667e-01  5.000000e-01 1.076366e-05 8.000000e-04 1.034153e+01 3.180183e+01 2.286817e+01 6.922113e+01 2.205282e-03 7.123042e-02 6.512881e-03 2.137590e-02 3.557330e-01
5.000000e-01 2.728000e-01  1.818667e-01  5.000000e-01 1.105047e-05 8.000000e-04 1.034153e+01 3.180182e+01 2.286723e+01 6.922054e+01 2.336882e-03 7.466676e-02 6.864592e-03 2.253024e-02 3.749434e-01
5.000000e-01 2.728000e-01  1.818667e-01  5.000000e-01 1.134492e-05 8.000000e-04 1.034153e+01 3.180181e+01 2.286590e+01 6.921957e+01 2.444173e-03 7.930093e-02 7.235296e-03 2.374693e-02 3.951912e-01
5.000000e-01 2.728000e-01  1.818667e-01  5.000000e-01 1.164722e-05 8.000000e-04 1.034153e+01 3.180180e+01 2.286477e+01 6.921888e+01 2.594344e-03 8.350362e-02 7.626018e-03 2.502932e-02 4.165325e-01
5.000000e-01 2.728000e-01  1.818667e-01  5.000000e-01 1.195758e-05 8.000000e-04 1.034153e+01 3.180179e+01 2.286327e+01 6.921808e+01 2.718757e-03 8.794767e-02 8.037841e-03 2.638096e-02 4.390262e-01
5.000000e-01 2.728000e-01  1.818667e-01  5.000000e-01 1.227620e-05 8.000000e-04 1.034153e+01 3.180178e+01 2.286213e+01 6.921725e+01 2.846837e-03 9.265114e-02 8.471903e-03 2.780559e-02 4.627346e-01
5.000000e-01 2.728000e-01  1.818667e-01  5.000000e-01 1.260331e-05 8.000000e-04 1.034153e+01 3.180176e+01 2.286075e+01 6.921673e+01 3.030023e-03 9.770160e-02 8.929405e-03 2.930716e-02 4.877234e-01
5.000000e-01 2.728000e-01  1.818667e-01  5.000000e-01 1.293914e-05 8.000000e-04 1.034153e+01 3.180174e+01 2.285930e+01 6.921566e+01 3.192753e-03 1.032754e-01 9.411614e-03 3.088981e-02 5.140615e-01
5.000000e-01 2.728000e-01  1.818667e-01  5.000000e-01 1.328392e-05 8.000000e-04 1.034153e+01 3.180173e+01 2.285780e+01 6.921471e+01 3.349886e-03 1.083250e-01 9.919863e-03 3.255793e-02 5.418221e-01
5.000000e-01 2.728000e-01  1.818667e-01  5.000000e-01 1.363789e-05 8.000000e-04 1.034153e+01 3.180171e+01 2.285610e+01 6.921363e+01 3.516901e-03 1.140680e-01 1.045556e-02 3.431614e-02 5.710817e-01
5.000000e-01 2.728000e-01  1.818667e-01  5.000000e-01 1.400128e-05 8.000000e-04 1.034153e+01 3.180169e+01 2.285441e+01 6.921258e+01 3.733474e-03 1.201333e-01 1.102018e-02 3.616929e-02 6.019214e-01
5.000000e-01 2.728000e-01  1.818667e-01  5.000000e-01 1.437436e-05 8.000000e-04 1.034153e+01 3.180168e+01 2.285246e+01 6.921127e+01 3.921666e-03 1.271180e-01 1.161530e-02 3.812251e-02 6.344266e-01
5.000000e-01 2.728000e-01  1.818667e-01  5.000000e-01 1.475738e-05 8.000000e-04 1.034153e+01 3.180166e+01 2.285049e+01 6.921017e+01 4.128984e-03 1.340891e-01 1.224255e-02 4.018122e-02 6.686871e-01
5.000000e-01 2.728000e-01  1.818667e-01  5.000000e-01 1.515061e-05 8.000000e-04 1.034153e+01 3.180164e+01 2.284865e+01 6.920878e+01 4.340351e-03 1.412796e-01 1.290368e-02 4.235110e-02 7.047977e-01
5.000000e-01 2.728000e-01  1.818667e-01  5.000000e-01 1.555432e-05 8.000000e-04 1.034153e+01 3.180161e+01 2.284634e+01 6.920762e+01 4.640784e-03 1.490935e-01 1.360051e-02 4.463815e-02 7.428584e-01
5.000000e-01 2.728000e-01  1.818667e-01  5.000000e-01 1.596878e-05 8.000000e-04 1.034153e+01 3.180159e+01 2.284409e+01 6.920585e+01 4.855099e-03 1.573095e-01 1.433496e-02 4.704872e-02 7.829745e-01
5.000000e-01 2.728000e-01  1.818667e-01  5.000000e-01 1.639429e-05 8.000000e-04 1.034153e+01 3.180157e+01 2.284207e+01 6.920494e+01 5.131540e-03 1.655774e-01 1.510909e-02 4.958946e-02 8.252569e-01
5.000000e-01 2.728000e-01  1.818667e-01  5.000000e-01 1.683113e-05 8.000000e-04 1.034153e+01 3.180155e+01 2.283903e+01 6.920324e+01 5.364186e-03 1.748623e-01 1.592501e-02 5.226740e-02 8.698227e-01
