6.000000e-02 1.061000e-01  7.073333e-02  5.000000e-01 2.000000e-06 8.000000e-04 1.738369e-01 3.179728e+01 2.215295e+01 6.879108e+01 5.261064e-02 2.754144e+00 2.577241e-01 8.446343e-01 1.592540e+01
6.000000e-02 1.061000e-01  7.073333e-02  5.000000e-01 2.053292e-06 8.000000e-04 1.738369e-01 3.179696e+01 2.211441e+01 6.876516e+01 5.528314e-02 2.912419e+00 2.716418e-01 8.902465e-01 1.678541e+01
6.000000e-02 1.061000e-01  7.073333e-02  5.000000e-01 2.108005e-06 8.000000e-04 1.738369e-01 3.179675e+01 2.207905e+01 6.875182e+01 5.848016e-02 3.045201e+00 2.863111e-01 9.383219e-01 1.769186e+01
6.000000e-02 1.061000e-01  7.073333e-02  5.000000e-01 2.164175e-06 8.000000e-04 1.738369e-01 3.179641e+01 2.202838e+01 6.871765e+01 6.157148e-02 3.219800e+00 3.017725e-01 9.889934e-01 1.864727e+01
6.000000e-02 1.061000e-01  7.073333e-02  5.000000e-01 2.221842e-06 8.000000e-04 1.738369e-01 3.179611e+01 2.198641e+01 6.868990e+01 6.473474e-02 3.397910e+00 3.180690e-01 1.042401e+00 1.965426e+01
6.000000e-02 1.061000e-01  7.073333e-02  5.000000e-01 2.281045e-06 8.000000e-04 1.738369e-01 3.179582e+01 2.195396e+01 6.867284e+01 6.845817e-02 3.561650e+00 3.352454e-01 1.098693e+00 2.071564e+01
6.000000e-02 1.061000e-01  7.073333e-02  5.000000e-01 2.341826e-06 8.000000e-04 1.738369e-01 3.179546e+01 2.188924e+01 6.864218e+01 7.234128e-02 3.761739e+00 3.533494e-01 1.158025e+00 2.183433e+01
6.000000e-02 1.061000e-01  7.073333e-02  5.000000e-01 2.404227e-06 8.000000e-04 1.738369e-01 3.179511e+01 2.184406e+01 6.860292e+01 7.626089e-02 3.950756e+00 3.724311e-01 1.220561e+00 2.301343e+01
6.000000e-02 1.061000e-01  7.073333e-02  5.000000e-01 2.468290e-06 8.000000e-04 1.738369e-01 3.179490e+01 2.177903e+01 6.857191e+01 7.975163e-02 4.193890e+00 3.925433e-01 1.286475e+00 2.425621e+01
6.000000e-02 1.061000e-01  7.073333e-02  5.000000e-01 2.534061e-06 8.000000e-04 1.738369e-01 3.179449e+01 2.173017e+01 6.854389e+01 8.377657e-02 4.399376e+00 4.137415e-01 1.355947e+00 2.556610e+01
6.000000e-02 1.061000e-01  7.073333e-02  5.000000e-01 2.601584e-06 8.000000e-04 1.738369e-01 3.179403e+01 2.167199e+01 6.851569e+01 8.888178e-02 4.629595e+00 4.360845e-01 1.429171e+00 2.694673e+01
6.000000e-02 1.061000e-01  7.073333e-02  5.000000e-01 2.670906e-06 8.000000e-04 1.738369e-01 3.179344e+01 2.159804e+01 6.847333e+01 9.376612e-02 4.932834e+00 4.596341e-01 1.506350e+00 2.840192e+01
6.000000e-02 1.061000e-01  7.073333e-02  5.000000e-01 2.742075e-06 8.000000e-04 1.738369e-01 3.179303e+01 2.153288e+01 6.842368e+01 9.883186e-02 5.168433e+00 4.844554e-01 1.587696e+00 2.993569e+01
6.000000e-02 1.061000e-01  7.073333e-02  5.000000e-01 2.815141e-06 8.000000e-04 1.738369e-01 3.179263e+01 2.148088e+01 6.840651e+01 1.037011e-01 5.423175e+00 5.106171e-01 1.673436e+00 3.155228e+01
6.000000e-02 1.061000e-01  7.073333e-02  5.000000e-01 2.890154e-06 8.000000e-04 1.738369e-01 3.179214e+01 2.138894e+01 6.836911e+01 1.091145e-01 5.751055e+00 5.381916e-01 1.763805e+00 3.325618e+01
6.000000e-02 1.061000e-01  7.073333e-02  5.000000e-01 2.967165e-06 8.000000e-04 1.738369e-01 3.179162e+01 2.132652e+01 6.832110e+01 1.156302e-01 6.021084e+00 5.672552e-01 1.859055e+00 3.505209e+01
6.000000e-02 1.061000e-01  7.073333e-02  5.000000e-01 3.046229e-06 8.000000e-04 1.738369e-01 3.179085e+01 2.122999e+01 6.827963e+01 1.225189e-01 6.400963e+00 5.978883e-01 1.959448e+00 3.694498e+01
6.000000e-02 1.061000e-01  7.073333e-02  5.000000e-01 3.127399e-06 8.000000e-04 1.738369e-01 3.179033e+01 2.114098e+01 6.822297e+01 1.294387e-01 6.735008e+00 6.301756e-01 2.065263e+00 3.894010e+01
6.000000e-02 1.061000e-01  7.073333e-02  5.000000e-01 3.210732e-06 8.000000e-04 1.738369e-01 3.178972e+01 2.107076e+01 6.820815e+01 1.348313e-01 7.128561e+00 6.642066e-01 2.176792e+00 4.104295e+01
6.000000e-02 1.061000e-01  7.073333e-02  5.000000e-01 3.296286e-06 8.000000e-04 1.738369e-01 3.178902e+01 2.097625e+01 6.815248e+01 1.432103e-01 7.442445e+00 7.000753e-01 2.294343e+00 4.325937e+01
6.000000e-02 1.061000e-01  7.073333e-02  5.000000e-01 3.384119e-06 8.000000e-04 1.738369e-01 3.178859e+01 2.088248e+01 6.809602e+01 1.496650e-01 7.828952e+00 7.378810e-01 2.418243e+00 4.559547e+01
6.000000e-02 1.061000e-01  7.073333e-02  5.000000e-01 3.474293e-06 8.000000e-04 1.738369e-01 3.178771e+01 2.077683e+01 6.806597e+01 1.575926e-01 8.302685e+00 7.777282e-01 2.548834e+00 4.805773e+01
6.000000e-02 1.061000e-01  7.073333e-02  5.000000e-01 3.566869e-06 8.000000e-04 1.738369e-01 3.178691e+01 2.069009e+01 6.800204e+01 1.664068e-01 8.650682e+00 8.197274e-01 2.686477e+00 5.065296e+01
6.000000e-02 1.061000e-01  7.073333e-02  5.000000e-01 3.661913e-06 8.000000e-04 1.738369e-01 3.178595e+01 2.055803e+01 6.793421e+01 1.761818e-01 9.221982e+00 8.639945e-01 2.831553e+00 5.338834e+01
6.000000e-02 1.061000e-01  7.073333e-02  5.000000e-01 3.759488e-06 8.000000e-04 1.738369e-01 3.178524e+01 2.044525e+01 6.788818e+01 1.847740e-01 9.698817e+00 9.106522e-01 2.984463e+00 5.627143e+01
6.000000e-02 1.061000e-01  7.073333e-02  5.000000e-01 3.859664e-06 8.000000e-04 1.738369e-01 3.178398e+01 2.031701e+01 6.782692e+01 1.959837e-01 1.024781e+01 9.598296e-01 3.145631e+00 5.931022e+01
6.000000e-02 1.061000e-01  7.073333e-02  5.000000e-01 3.962510e-06 8.000000e-04 1.738369e-01 3.178338e+01 2.018319e+01 6.776799e+01 2.055933e-01 1.081452e+01 1.011663e+00 3.315502e+00 6.251311e+01
6.000000e-02 1.061000e-01  7.073333e-02  5.000000e-01 4.068095e-06 8.000000e-04 1.738369e-01 3.178218e+01 2.006536e+01 6.770637e+01 2.168586e-01 1.135184e+01 1.066295e+00 3.494547e+00 6.588896e+01
6.000000e-02 1.061000e-01  7.073333e-02  5.000000e-01 4.176494e-06 8.000000e-04 1.738369e-01 3.178145e+01 1.995225e+01 6.766136e+01 2.285467e-01 1.196704e+01 1.123877e+00 3.683261e+00 6.944712e+01
6.000000e-02 1.061000e-01  7.073333e-02  5.000000e-01 4.287782e-06 8.000000e-04 1.738369e-01 3.178036e+01 1.981601e+01 6.759694e+01 2.402123e-01 1.257847e+01 1.184569e+00 3.882165e+00 7.319742e+01
6.000000e-02 1.061000e-01  7.073333e-02  5.000000e-01 4.402035e-06 8.000000e-04 1.738369e-01 3.177918e+01 1.962294e+01 6.753332e+01 2.516993e-01 1.334407e+01 1.248538e+00 4.091811e+00 7.715025e+01
6.000000e-02 1.061000e-01  7.073333e-02  5.000000e-01 4.519332e-06 8.000000e-04 1.738369e-01 3.177744e+01 1.945889e+01 6.745028e+01 2.685906e-01 1.404363e+01 1.315962e+00 4.312779e+00 8.131655e+01
6.000000e-02 1.061000e-01  7.073333e-02  5.000000e-01 4.639755e-06 8.000000e-04 1.738369e-01 3.177660e+01 1.932992e+01 6.739900e+01 2.813742e-01 1.481856e+01 1.387027e+00 4.545679e+00 8.570783e+01
6.000000e-02 1.061000e-01  7.073333e-02  5.000000e-01 4.763386e-06 8.000000e-04 1.738369e-01 3.177472e+01 1.913754e+01 6.730505e+01 2.990835e-01 1.566124e+01 1.461930e+00 4.791156e+00 9.033625e+01
6.000000e-02 1.061000e-01  7.073333e-02  5.000000e-01 4.890312e-06 8.000000e-04 1.738369e-01 3.177358e+01 1.901115e+01 6.724530e+01 3.130285e-01 1.642340e+01 1.540878e+00 5.049889e+00 9.521461e+01
6.000000e-02 1.061000e-01  7.073333e-02  5.000000e-01 5.020620e-06 8.000000e-04 1.738369e-01 3.177217e+01 1.882793e+01 6.721527e+01 3.294736e-01 1.725050e+01 1.624089e+00 5.322595e+00 1.003564e+02
6.000000e-02 1.061000e-01  7.073333e-02  5.000000e-01 5.154400e-06 8.000000e-04 1.738369e-01 3.177053e+01 1.864615e+01 6.716907e+01 3.470037e-01 1.817576e+01 1.711793e+00 5.610027e+00 1.057759e+02
6.000000e-02 1.061000e-01  7.073333e-02  5.000000e-01 5.291745e-06 8.000000e-04 1.738369e-01 3.176874e+01 1.847102e+01 6.705819e+01 3.676946e-01 1.913789e+01 1.804234e+00 5.912982e+00 1.114880e+02
6.000000e-02 1.061000e-01  7.073333e-02  5.000000e-01 5.432750e-06 8.000000e-04 1.738369e-01 3.176737e+01 1.820404e+01 6.701116e+01 3.846775e-01 2.040271e+01 1.901667e+00 6.232297e+00 1.175087e+02
6.000000e-02 1.061000e-01  7.073333e-02  5.000000e-01 5.577512e-06 8.000000e-04 1.738369e-01 3.176490e+01 1.801414e+01 6.699706e+01 4.077770e-01 2.153923e+01 2.004361e+00 6.568855e+00 1.238544e+02
6.000000e-02 1.061000e-01  7.073333e-02  5.000000e-01 5.726131e-06 8.000000e-04 1.738369e-01 3.176289e+01 1.780300e+01 6.692819e+01 4.296507e-01 2.255038e+01 2.112601e+00 6.923588e+00 1.305428e+02
6.000000e-02 1.061000e-01  7.073333e-02  5.000000e-01 5.878710e-06 8.000000e-04 1.738369e-01 3.176060e+01 1.761827e+01 6.686867e+01 4.544569e-01 2.377933e+01 2.226687e+00 7.297478e+00 1.375924e+02
6.000000e-02 1.061000e-01  7.073333e-02  5.000000e-01 6.035355e-06 8.000000e-04 1.738369e-01 3.175923e+01 1.738595e+01 6.681205e+01 4.755303e-01 2.509175e+01 2.346933e+00 7.691559e+00 1.450227e+02
6.000000e-02 1.061000e-01  7.073333e-02  5.000000e-01 6.196174e-06 8.000000e-04 1.738369e-01 3.175697e+01 1.712737e+01 6.674997e+01 4.995352e-01 2.641467e+01 2.473673e+00 8.106921e+00 1.528543e+02
6.000000e-02 1.061000e-01  7.073333e-02  5.000000e-01 6.361278e-06 8.000000e-04 1.738369e-01 3.175389e+01 1.693396e+01 6.672924e+01 5.294898e-01 2.780312e+01 2.607257e+00 8.544713e+00 1.611088e+02
6.000000e-02 1.061000e-01  7.073333e-02  5.000000e-01 6.530782e-06 8.000000e-04 1.738369e-01 3.175123e+01 1.669390e+01 6.671538e+01 5.617373e-01 2.926473e+01 2.748055e+00 9.006147e+00 1.698090e+02
6.000000e-02 1.061000e-01  7.073333e-02  5.000000e-01 6.704802e-06 8.000000e-04 1.738369e-01 3.174825e+01 1.644435e+01 6.672983e+01 5.919413e-01 3.091928e+01 2.896456e+00 9.492500e+00 1.789791e+02
6.000000e-02 1.061000e-01  7.073333e-02  5.000000e-01 6.883459e-06 8.000000e-04 1.738369e-01 3.174579e+01 1.627506e+01 6.676426e+01 6.218960e-01 3.251242e+01 3.052871e+00 1.000512e+01 1.886444e+02
6.000000e-02 1.061000e-01  7.073333e-02  5.000000e-01 7.066877e-06 8.000000e-04 1.738369e-01 3.174268e+01 1.595168e+01 6.673635e+01 6.498944e-01 3.427376e+01 3.217733e+00 1.054542e+01 1.988316e+02
6.000000e-02 1.061000e-01  7.073333e-02  5.000000e-01 7.255182e-06 8.000000e-04 1.738369e-01 3.173989e+01 1.572105e+01 6.676858e+01 6.880077e-01 3.626579e+01 3.391499e+00 1.111489e+01 2.095690e+02
6.000000e-02 1.061000e-01  7.073333e-02  5.000000e-01 7.448504e-06 8.000000e-04 1.738369e-01 3.173539e+01 1.546207e+01 6.676377e+01 7.311995e-01 3.829463e+01 3.574647e+00 1.171512e+01 2.208862e+02
6.000000e-02 1.061000e-01  7.073333e-02  5.000000e-01 7.646978e-06 8.000000e-04 1.738369e-01 3.173226e+01 1.522806e+01 6.675382e+01 7.720448e-01 4.004918e+01 3.767687e+00 1.234777e+01 2.328146e+02
6.000000e-02 1.061000e-01  7.073333e-02  5.000000e-01 7.850741e-06 8.000000e-04 1.738369e-01 3.172836e+01 1.496682e+01 6.690075e+01 8.129463e-01 4.240612e+01 3.971150e+00 1.301458e+01 2.453871e+02
6.000000e-02 1.061000e-01  7.073333e-02  5.000000e-01 8.059933e-06 8.000000e-04 1.738369e-01 3.172404e+01 1.471403e+01 6.700072e+01 8.528242e-01 4.475281e+01 4.185602e+00 1.371739e+01 2.586386e+02
6.000000e-02 1.061000e-01  7.073333e-02  5.000000e-01 8.274699e-06 8.000000e-04 1.738369e-01 3.172069e+01 1.451265e+01 6.720936e+01 9.007530e-01 4.692018e+01 4.411634e+00 1.445816e+01 2.726057e+02
6.000000e-02 1.061000e-01  7.073333e-02  5.000000e-01 8.495188e-06 8.000000e-04 1.738369e-01 3.171575e+01 1.423073e+01 6.722881e+01 9.427130e-01 4.931139e+01 4.649872e+00 1.523894e+01 2.873270e+02
6.000000e-02 1.061000e-01  7.073333e-02  5.000000e-01 8.721552e-06 8.000000e-04 1.738369e-01 3.171108e+01 1.405114e+01 6.742140e+01 1.002444e+00 5.206055e+01 4.900976e+00 1.606188e+01 3.028433e+02
6.000000e-02 1.061000e-01  7.073333e-02  5.000000e-01 8.953948e-06 8.000000e-04 1.738369e-01 3.170646e+01 1.380518e+01 6.774678e+01 1.057134e+00 5.497578e+01 5.165640e+00 1.692925e+01 3.191976e+02
6.000000e-02 1.061000e-01  7.073333e-02  5.000000e-01 9.192536e-06 8.000000e-04 1.738369e-01 3.170228e+01 1.358558e+01 6.779687e+01 1.103401e+00 5.795801e+01 5.444597e+00 1.784347e+01 3.364350e+02
6.000000e-02 1.061000e-01  7.073333e-02  5.000000e-01 9.437481e-06 8.000000e-04 1.738369e-01 3.169458e+01 1.340385e+01 6.808959e+01 1.174706e+00 6.084072e+01 5.738617e+00 1.880706e+01 3.546032e+02
6.000000e-02 1.061000e-01  7.073333e-02  5.000000e-01 9.688954e-06 8.000000e-04 1.738369e-01 3.168941e+01 1.324275e+01 6.852525e+01 1.230629e+00 6.439087e+01 6.048516e+00 1.982269e+01 3.737526e+02
6.000000e-02 1.061000e-01  7.073333e-02  5.000000e-01 9.947127e-06 8.000000e-04 1.738369e-01 3.168319e+01 1.305875e+01 6.890213e+01 1.303943e+00 6.794377e+01 6.375150e+00 2.089316e+01 3.939361e+02
6.000000e-02 1.061000e-01  7.073333e-02  5.000000e-01 1.021218e-05 8.000000e-04 1.738369e-01 3.167826e+01 1.292130e+01 6.929343e+01 1.363802e+00 7.192599e+01 6.719423e+00 2.202144e+01 4.152096e+02
6.000000e-02 1.061000e-01  7.073333e-02  5.000000e-01 1.048430e-05 8.000000e-04 1.738369e-01 3.167163e+01 1.282554e+01 6.985442e+01 1.437481e+00 7.584018e+01 7.082287e+00 2.321064e+01 4.376319e+02
6.000000e-02 1.061000e-01  7.073333e-02  5.000000e-01 1.076366e-05 8.000000e-04 1.738369e-01 3.166499e+01 1.265699e+01 7.011410e+01 1.521168e+00 7.974368e+01 7.464747e+00 2.446407e+01 4.612650e+02
6.000000e-02 1.061000e-01  7.073333e-02  5.000000e-01 1.105047e-05 8.000000e-04 1.738369e-01 3.165683e+01 1.267236e+01 7.075095e+01 1.599971e+00 8.364835e+01 7.867860e+00 2.578519e+01 4.861744e+02
6.000000e-02 1.061000e-01  7.073333e-02  5.000000e-01 1.134492e-05 8.000000e-04 1.738369e-01 3.164958e+01 1.263113e+01 7.148211e+01 1.684518e+00 8.886724e+01 8.292743e+00 2.717765e+01 5.124289e+02
6.000000e-02 1.061000e-01  7.073333e-02  5.000000e-01 1.164722e-05 8.000000e-04 1.738369e-01 3.163981e+01 1.264498e+01 7.217959e+01 1.776594e+00 9.342090e+01 8.740570e+00 2.864530e+01 5.401013e+02
6.000000e-02 1.061000e-01  7.073333e-02  5.000000e-01 1.195758e-05 8.000000e-04 1.738369e-01 3.163349e+01 1.269150e+01 7.298987e+01 1.872854e+00 9.829653e+01 9.212581e+00 3.019222e+01 5.692680e+02
6.000000e-02 1.061000e-01  7.073333e-02  5.000000e-01 1.227620e-05 8.000000e-04 1.738369e-01 3.162262e+01 1.262464e+01 7.341349e+01 1.978662e+00 1.030482e+02 9.710082e+00 3.182267e+01 6.000098e+02
6.000000e-02 1.061000e-01  7.073333e-02  5.000000e-01 1.260331e-05 8.000000e-04 1.738369e-01 3.161419e+01 1.276579e+01 7.444547e+01 2.087182e+00 1.087466e+02 1.023445e+01 3.354116e+01 6.324117e+02
6.000000e-02 1.061000e-01  7.073333e-02  5.000000e-01 1.293914e-05 8.000000e-04 1.738369e-01 3.160253e+01 1.303027e+01 7.569273e+01 2.209147e+00 1.149457e+02 1.078713e+01 3.535246e+01 6.665634e+02
6.000000e-02 1.061000e-01  7.073333e-02  5.000000e-01 1.328392e-05 8.000000e-04 1.738369e-01 3.159584e+01 1.311212e+01 7.638877e+01 2.302831e+00 1.209486e+02 1.136966e+01 3.726158e+01 7.025593e+02
6.000000e-02 1.061000e-01  7.073333e-02  5.000000e-01 1.363789e-05 8.000000e-04 1.738369e-01 3.158046e+01 1.333779e+01 7.749560e+01 2.438751e+00 1.280237e+02 1.198365e+01 3.927379e+01 7.404992e+02
6.000000e-02 1.061000e-01  7.073333e-02  5.000000e-01 1.400128e-05 8.000000e-04 1.738369e-01 3.156946e+01 1.364417e+01 7.870630e+01 2.577192e+00 1.344898e+02 1.263080e+01 4.139467e+01 7.804878e+02
6.000000e-02 1.061000e-01  7.073333e-02  5.000000e-01 1.437436e-05 8.000000e-04 1.738369e-01 3.155545e+01 1.392911e+01 7.980960e+01 2.706192e+00 1.417005e+02 1.331289e+01 4.363007e+01 8.226360e+02
6.000000e-02 1.061000e-01  7.073333e-02  5.000000e-01 1.475738e-05 8.000000e-04 1.738369e-01 3.154343e+01 1.429271e+01 8.122253e+01 2.854949e+00 1.494732e+02 1.403181e+01 4.598620e+01 8.670602e+02
6.000000e-02 1.061000e-01  7.073333e-02  5.000000e-01 1.515061e-05 8.000000e-04 1.738369e-01 3.152785e+01 1.476927e+01 8.271769e+01 3.028670e+00 1.576015e+02 1.478957e+01 4.846956e+01 9.138835e+02
6.000000e-02 1.061000e-01  7.073333e-02  5.000000e-01 1.555432e-05 8.000000e-04 1.738369e-01 3.151611e+01 1.520644e+01 8.398677e+01 3.155114e+00 1.663124e+02 1.558824e+01 5.108703e+01 9.632353e+02
6.000000e-02 1.061000e-01  7.073333e-02  5.000000e-01 1.596878e-05 8.000000e-04 1.738369e-01 3.149938e+01 1.585931e+01 8.585072e+01 3.348932e+00 1.753185e+02 1.643004e+01 5.384585e+01 1.015252e+03
6.000000e-02 1.061000e-01  7.073333e-02  5.000000e-01 1.639429e-05 8.000000e-04 1.738369e-01 3.148243e+01 1.621591e+01 8.687891e+01 3.523003e+00 1.847034e+02 1.731730e+01 5.675365e+01 1.070078e+03
6.000000e-02 1.061000e-01  7.073333e-02  5.000000e-01 1.683113e-05 8.000000e-04 1.738369e-01 3.146841e+01 1.703373e+01 8.914338e+01 3.741003e+00 1.954180e+02 1.825247e+01 5.981847e+01 1.127865e+03
6.000000e-02 1.061000e-01  7.073333e-02  5.000000e-01 1.727962e-05 8.000000e-04 1.738369e-01 3.144489e+01 1.787176e+01 9.118629e+01 3.945449e+00 2.057920e+02 1.923815e+01 6.304881e+01 1.188772e+03
6.000000e-02 1.061000e-01  7.073333e-02  5.000000e-01 1.774005e-05 8.000000e-04 1.738369e-01 3.142839e+01 1.843365e+01 9.259533e+01 4.124064e+00 2.159870e+02 2.027705e+01 6.645359e+01 1.252969e+03
6.000000e-02 1.061000e-01  7.073333e-02  5.000000e-01 1.821276e-05 8.000000e-04 1.738369e-01 3.140657e+01 1.939919e+01 9.480750e+01 4.370401e+00 2.288172e+02 2.137206e+01 7.004224e+01 1.320632e+03
