1.250000e+00 7.017000e-01  4.678000e-01  5.000000e-01 2.000000e-06 8.000000e-04 3.583345e+00 3.180203e+01 2.288802e+01 6.923341e+01 1.852479e-07 3.073041e-06 1.190849e-06 3.911001e-06 4.655867e-05
1.250000e+00 7.017000e-01  4.678000e-01  5.000000e-01 2.053292e-06 8.000000e-04 3.583345e+00 3.180203e+01 2.288802e+01 6.923341e+01 1.918446e-07 3.211256e-06 1.255158e-06 4.122205e-06 4.907295e-05
1.250000e+00 7.017000e-01  4.678000e-01  5.000000e-01 2.108005e-06 8.000000e-04 3.583345e+00 3.180203e+01 2.288802e+01 6.923341e+01 2.007097e-07 3.363043e-06 1.322939e-06 4.344813e-06 5.172300e-05
1.250000e+00 7.017000e-01  4.678000e-01  5.000000e-01 2.164175e-06 8.000000e-04 3.583345e+00 3.180203e+01 2.288802e+01 6.923341e+01 2.096928e-07 3.593466e-06 1.394381e-06 4.579443e-06 5.451616e-05
1.250000e+00 7.017000e-01  4.678000e-01  5.000000e-01 2.221842e-06 8.000000e-04 3.583345e+00 3.180203e+01 2.288802e+01 6.923341e+01 2.212182e-07 3.819765e-06 1.469681e-06 4.826744e-06 5.746016e-05
1.250000e+00 7.017000e-01  4.678000e-01  5.000000e-01 2.281045e-06 8.000000e-04 3.583345e+00 3.180203e+01 2.288802e+01 6.923341e+01 2.382777e-07 3.961371e-06 1.549047e-06 5.087399e-06 6.056314e-05
1.250000e+00 7.017000e-01  4.678000e-01  5.000000e-01 2.341826e-06 8.000000e-04 3.583345e+00 3.180203e+01 2.288802e+01 6.923341e+01 2.536455e-07 4.210311e-06 1.632699e-06 5.362130e-06 6.383369e-05
1.250000e+00 7.017000e-01  4.678000e-01  5.000000e-01 2.404227e-06 8.000000e-04 3.583345e+00 3.180203e+01 2.288802e+01 6.923341e+01 2.604626e-07 4.467487e-06 1.720869e-06 5.651698e-06 6.728086e-05
1.250000e+00 7.017000e-01  4.678000e-01  5.000000e-01 2.468290e-06 8.000000e-04 3.583345e+00 3.180203e+01 2.288802e+01 6.923341e+01 2.778932e-07 4.615454e-06 1.813800e-06 5.956902e-06 7.091418e-05
1.250000e+00 7.017000e-01  4.678000e-01  5.000000e-01 2.534061e-06 8.000000e-04 3.583345e+00 3.180203e+01 2.288802e+01 6.923341e+01 2.935092e-07 4.953950e-06 1.911749e-06 6.278589e-06 7.474371e-05
1.250000e+00 7.017000e-01  4.678000e-01  5.000000e-01 2.601584e-06 8.000000e-04 3.583345e+00 3.180203e+01 2.288802e+01 6.923341e+01 3.093679e-07 5.177233e-06 2.014988e-06 6.617647e-06 7.878004e-05
1.250000e+00 7.017000e-01  4.678000e-01  5.000000e-01 2.670906e-06 8.000000e-04 3.583345e+00 3.180203e+01 2.288802e+01 6.923341e+01 3.246505e-07 5.424372e-06 2.123802e-06 6.975015e-06 8.303434e-05
1.250000e+00 7.017000e-01  4.678000e-01  5.000000e-01 2.742075e-06 8.000000e-04 3.583345e+00 3.180203e+01 2.288802e+01 6.923341e+01 3.413335e-07 5.676545e-06 2.238492e-06 7.351682e-06 8.751839e-05
1.250000e+00 7.017000e-01  4.678000e-01  5.000000e-01 2.815141e-06 8.000000e-04 3.583345e+00 3.180203e+01 2.288802e+01 6.923341e+01 3.635053e-07 5.954813e-06 2.359376e-06 7.748690e-06 9.224459e-05
1.250000e+00 7.017000e-01  4.678000e-01  5.000000e-01 2.890154e-06 8.000000e-04 3.583345e+00 3.180203e+01 2.288802e+01 6.923341e+01 3.800044e-07 6.315933e-06 2.486788e-06 8.167137e-06 9.722601e-05
1.250000e+00 7.017000e-01  4.678000e-01  5.000000e-01 2.967165e-06 8.000000e-04 3.583345e+00 3.180203e+01 2.288802e+01 6.923341e+01 4.033273e-07 6.704611e-06 2.621080e-06 8.608182e-06 1.024764e-04
1.250000e+00 7.017000e-01  4.678000e-01  5.000000e-01 3.046229e-06 8.000000e-04 3.583345e+00 3.180203e+01 2.288802e+01 6.923341e+01 4.150545e-07 7.059579e-06 2.762624e-06 9.073043e-06 1.080104e-04
1.250000e+00 7.017000e-01  4.678000e-01  5.000000e-01 3.127399e-06 8.000000e-04 3.583345e+00 3.180203e+01 2.288802e+01 6.923341e+01 4.527038e-07 7.435261e-06 2.911812e-06 9.563009e-06 1.138432e-04
1.250000e+00 7.017000e-01  4.678000e-01  5.000000e-01 3.210732e-06 8.000000e-04 3.583345e+00 3.180203e+01 2.288802e+01 6.923341e+01 4.729723e-07 7.782526e-06 3.069057e-06 1.007943e-05 1.199910e-04
1.250000e+00 7.017000e-01  4.678000e-01  5.000000e-01 3.296286e-06 8.000000e-04 3.583345e+00 3.180203e+01 2.288802e+01 6.923341e+01 4.912843e-07 8.318481e-06 3.234793e-06 1.062375e-05 1.264708e-04
1.250000e+00 7.017000e-01  4.678000e-01  5.000000e-01 3.384119e-06 8.000000e-04 3.583345e+00 3.180203e+01 2.288802e+01 6.923341e+01 5.248115e-07 8.720718e-06 3.409480e-06 1.119745e-05 1.333005e-04
1.250000e+00 7.017000e-01  4.678000e-01  5.000000e-01 3.474293e-06 8.000000e-04 3.583345e+00 3.180203e+01 2.288802e+01 6.923341e+01 5.475425e-07 9.174257e-06 3.593599e-06 1.180214e-05 1.404991e-04
1.250000e+00 7.017000e-01  4.678000e-01  5.000000e-01 3.566869e-06 8.000000e-04 3.583345e+00 3.180203e+01 2.288802e+01 6.923341e+01 5.795986e-07 9.693982e-06 3.787662e-06 1.243948e-05 1.480863e-04
1.250000e+00 7.017000e-01  4.678000e-01  5.000000e-01 3.661913e-06 8.000000e-04 3.583345e+00 3.180203e+01 2.288802e+01 6.923341e+01 6.138997e-07 1.018023e-05 3.992205e-06 1.311124e-05 1.560833e-04
1.250000e+00 7.017000e-01  4.678000e-01  5.000000e-01 3.759488e-06 8.000000e-04 3.583345e+00 3.180203e+01 2.288802e+01 6.923341e+01 6.508312e-07 1.072840e-05 4.207793e-06 1.381928e-05 1.645122e-04
1.250000e+00 7.017000e-01  4.678000e-01  5.000000e-01 3.859664e-06 8.000000e-04 3.583345e+00 3.180203e+01 2.288802e+01 6.923341e+01 6.818947e-07 1.133621e-05 4.435023e-06 1.456556e-05 1.733962e-04
1.250000e+00 7.017000e-01  4.678000e-01  5.000000e-01 3.962510e-06 8.000000e-04 3.583345e+00 3.180203e+01 2.288802e+01 6.923341e+01 7.278180e-07 1.197565e-05 4.674525e-06 1.535213e-05 1.827600e-04
1.250000e+00 7.017000e-01  4.678000e-01  5.000000e-01 4.068095e-06 8.000000e-04 3.583345e+00 3.180203e+01 2.288802e+01 6.923341e+01 7.618877e-07 1.249965e-05 4.926960e-06 1.618118e-05 1.926295e-04
1.250000e+00 7.017000e-01  4.678000e-01  5.000000e-01 4.176494e-06 8.000000e-04 3.583345e+00 3.180203e+01 2.288802e+01 6.923341e+01 7.740924e-07 1.324280e-05 5.193027e-06 1.705500e-05 2.030319e-04
1.250000e+00 7.017000e-01  4.678000e-01  5.000000e-01 4.287782e-06 8.000000e-04 3.583345e+00 3.180203e+01 2.288802e+01 6.923341e+01 8.388862e-07 1.401464e-05 5.473463e-06 1.797601e-05 2.139961e-04
1.250000e+00 7.017000e-01  4.678000e-01  5.000000e-01 4.402035e-06 8.000000e-04 3.583345e+00 3.180203e+01 2.288802e+01 6.923341e+01 8.834306e-07 1.478224e-05 5.769042e-06 1.894676e-05 2.255524e-04
1.250000e+00 7.017000e-01  4.678000e-01  5.000000e-01 4.519332e-06 8.000000e-04 3.583345e+00 3.180203e+01 2.288802e+01 6.923341e+01 9.242521e-07 1.553889e-05 6.080584e-06 1.996993e-05 2.377328e-04
1.250000e+00 7.017000e-01  4.678000e-01  5.000000e-01 4.639755e-06 8.000000e-04 3.583345e+00 3.180203e+01 2.288802e+01 6.923341e+01 9.824041e-07 1.644538e-05 6.408949e-06 2.104835e-05 2.505709e-04
1.250000e+00 7.017000e-01  4.678000e-01  5.000000e-01 4.763386e-06 8.000000e-04 3.583345e+00 3.180203e+01 2.288801e+01 6.923341e+01 1.047978e-06 1.732555e-05 6.755048e-06 2.218501e-05 2.641023e-04
1.250000e+00 7.017000e-01  4.678000e-01  5.000000e-01 4.890312e-06 8.000000e-04 3.583345e+00 3.180203e+01 2.288801e+01 6.923341e+01 1.094264e-06 1.808562e-05 7.119836e-06 2.338305e-05 2.783644e-04
1.250000e+00 7.017000e-01  4.678000e-01  5.000000e-01 5.020620e-06 8.000000e-04 3.583345e+00 3.180203e+01 2.288801e+01 6.923341e+01 1.143714e-06 1.909275e-05 7.504323e-06 2.464579e-05 2.933967e-04
1.250000e+00 7.017000e-01  4.678000e-01  5.000000e-01 5.154400e-06 8.000000e-04 3.583345e+00 3.180203e+01 2.288801e+01 6.923341e+01 1.223041e-06 2.038386e-05 7.909574e-06 2.597672e-05 3.092408e-04
1.250000e+00 7.017000e-01  4.678000e-01  5.000000e-01 5.291745e-06 8.000000e-04 3.583345e+00 3.180203e+01 2.288801e+01 6.923341e+01 1.265653e-06 2.151056e-05 8.336709e-06 2.737952e-05 3.259406e-04
1.250000e+00 7.017000e-01  4.678000e-01  5.000000e-01 5.432750e-06 8.000000e-04 3.583345e+00 3.180203e+01 2.288801e+01 6.923341e+01 1.331705e-06 2.295776e-05 8.786911e-06 2.885808e-05 3.435421e-04
1.250000e+00 7.017000e-01  4.678000e-01  5.000000e-01 5.577512e-06 8.000000e-04 3.583345e+00 3.180203e+01 2.288801e+01 6.923341e+01 1.412547e-06 2.382747e-05 9.261424e-06 3.041648e-05 3.620942e-04
1.250000e+00 7.017000e-01  4.678000e-01  5.000000e-01 5.726131e-06 8.000000e-04 3.583345e+00 3.180203e+01 2.288801e+01 6.923341e+01 1.484314e-06 2.466537e-05 9.761563e-06 3.205904e-05 3.816481e-04
1.250000e+00 7.017000e-01  4.678000e-01  5.000000e-01 5.878710e-06 8.000000e-04 3.583345e+00 3.180203e+01 2.288801e+01 6.923341e+01 1.549874e-06 2.640704e-05 1.028871e-05 3.379030e-05 4.022580e-04
1.250000e+00 7.017000e-01  4.678000e-01  5.000000e-01 6.035355e-06 8.000000e-04 3.583345e+00 3.180203e+01 2.288801e+01 6.923341e+01 1.642826e-06 2.760073e-05 1.084432e-05 3.561506e-05 4.239808e-04
1.250000e+00 7.017000e-01  4.678000e-01  5.000000e-01 6.196174e-06 8.000000e-04 3.583345e+00 3.180203e+01 2.288801e+01 6.923341e+01 1.737850e-06 2.910606e-05 1.142994e-05 3.753835e-05 4.468768e-04
1.250000e+00 7.017000e-01  4.678000e-01  5.000000e-01 6.361278e-06 8.000000e-04 3.583345e+00 3.180203e+01 2.288801e+01 6.923341e+01 1.825933e-06 3.086965e-05 1.204719e-05 3.956551e-05 4.710092e-04
1.250000e+00 7.017000e-01  4.678000e-01  5.000000e-01 6.530782e-06 8.000000e-04 3.583345e+00 3.180203e+01 2.288801e+01 6.923341e+01 1.925348e-06 3.250548e-05 1.269776e-05 4.170214e-05 4.964447e-04
1.250000e+00 7.017000e-01  4.678000e-01  5.000000e-01 6.704802e-06 8.000000e-04 3.583345e+00 3.180203e+01 2.288801e+01 6.923341e+01 2.031510e-06 3.407470e-05 1.338347e-05 4.395415e-05 5.232539e-04
1.250000e+00 7.017000e-01  4.678000e-01  5.000000e-01 6.883459e-06 8.000000e-04 3.583345e+00 3.180203e+01 2.288801e+01 6.923340e+01 2.159326e-06 3.613749e-05 1.410621e-05 4.632778e-05 5.515108e-04
1.250000e+00 7.017000e-01  4.678000e-01  5.000000e-01 7.066877e-06 8.000000e-04 3.583345e+00 3.180203e+01 2.288801e+01 6.923340e+01 2.263682e-06 3.810632e-05 1.486798e-05 4.882958e-05 5.812937e-04
1.250000e+00 7.017000e-01  4.678000e-01  5.000000e-01 7.255182e-06 8.000000e-04 3.583345e+00 3.180203e+01 2.288801e+01 6.923340e+01 2.380298e-06 4.007695e-05 1.567088e-05 5.146649e-05 6.126849e-04
1.250000e+00 7.017000e-01  4.678000e-01  5.000000e-01 7.448504e-06 8.000000e-04 3.583345e+00 3.180203e+01 2.288801e+01 6.923340e+01 2.510216e-06 4.204173e-05 1.651715e-05 5.424580e-05 6.457713e-04
1.250000e+00 7.017000e-01  4.678000e-01  5.000000e-01 7.646978e-06 8.000000e-04 3.583345e+00 3.180203e+01 2.288801e+01 6.923340e+01 2.703562e-06 4.469915e-05 1.740911e-05 5.717520e-05 6.806444e-04
1.250000e+00 7.017000e-01  4.678000e-01  5.000000e-01 7.850741e-06 8.000000e-04 3.583345e+00 3.180203e+01 2.288801e+01 6.923340e+01 2.838769e-06 4.707166e-05 1.834924e-05 6.026279e-05 7.174008e-04
1.250000e+00 7.017000e-01  4.678000e-01  5.000000e-01 8.059933e-06 8.000000e-04 3.583345e+00 3.180203e+01 2.288801e+01 6.923340e+01 3.005146e-06 4.949529e-05 1.934014e-05 6.351712e-05 7.561421e-04
1.250000e+00 7.017000e-01  4.678000e-01  5.000000e-01 8.274699e-06 8.000000e-04 3.583345e+00 3.180203e+01 2.288800e+01 6.923340e+01 3.116415e-06 5.238927e-05 2.038456e-05 6.694720e-05 7.969755e-04
1.250000e+00 7.017000e-01  4.678000e-01  5.000000e-01 8.495188e-06 8.000000e-04 3.583345e+00 3.180203e+01 2.288800e+01 6.923340e+01 3.263322e-06 5.493913e-05 2.148537e-05 7.056250e-05 8.400140e-04
1.250000e+00 7.017000e-01  4.678000e-01  5.000000e-01 8.721552e-06 8.000000e-04 3.583345e+00 3.180203e+01 2.288800e+01 6.923340e+01 3.404075e-06 5.846413e-05 2.264563e-05 7.437304e-05 8.853767e-04
1.250000e+00 7.017000e-01  4.678000e-01  5.000000e-01 8.953948e-06 8.000000e-04 3.583345e+00 3.180203e+01 2.288800e+01 6.923340e+01 3.663791e-06 6.160469e-05 2.386854e-05 7.838935e-05 9.331891e-04
1.250000e+00 7.017000e-01  4.678000e-01  5.000000e-01 9.192536e-06 8.000000e-04 3.583345e+00 3.180203e+01 2.288800e+01 6.923340e+01 3.809978e-06 6.477392e-05 2.515750e-05 8.262256e-05 9.835835e-04
1.250000e+00 7.017000e-01  4.678000e-01  5.000000e-01 9.437481e-06 8.000000e-04 3.583345e+00 3.180203e+01 2.288800e+01 6.923340e+01 4.067147e-06 6.737856e-05 2.651606e-05 8.708437e-05 1.036699e-03
1.250000e+00 7.017000e-01  4.678000e-01  5.000000e-01 9.688954e-06 8.000000e-04 3.583345e+00 3.180203e+01 2.288800e+01 6.923340e+01 4.290388e-06 7.166434e-05 2.794799e-05 9.178713e-05 1.092683e-03
1.250000e+00 7.017000e-01  4.678000e-01  5.000000e-01 9.947127e-06 8.000000e-04 3.583345e+00 3.180203e+01 2.288800e+01 6.923340e+01 4.453601e-06 7.538592e-05 2.945725e-05 9.674384e-05 1.151691e-03
1.250000e+00 7.017000e-01  4.678000e-01  5.000000e-01 1.021218e-05 8.000000e-04 3.583345e+00 3.180203e+01 2.288800e+01 6.923340e+01 4.672362e-06 7.911655e-05 3.104801e-05 1.019682e-04 1.213885e-03
1.250000e+00 7.017000e-01  4.678000e-01  5.000000e-01 1.048430e-05 8.000000e-04 3.583345e+00 3.180203e+01 2.288799e+01 6.923340e+01 4.956104e-06 8.475884e-05 3.272467e-05 1.074748e-04 1.279437e-03
1.250000e+00 7.017000e-01  4.678000e-01  5.000000e-01 1.076366e-05 8.000000e-04 3.583345e+00 3.180203e+01 2.288799e+01 6.923339e+01 5.303773e-06 8.831737e-05 3.449188e-05 1.132786e-04 1.348530e-03
1.250000e+00 7.017000e-01  4.678000e-01  5.000000e-01 1.105047e-05 8.000000e-04 3.583345e+00 3.180203e+01 2.288799e+01 6.923339e+01 5.545290e-06 9.393968e-05 3.635452e-05 1.193959e-04 1.421354e-03
1.250000e+00 7.017000e-01  4.678000e-01  5.000000e-01 1.134492e-05 8.000000e-04 3.583345e+00 3.180203e+01 2.288799e+01 6.923339e+01 5.867776e-06 9.826400e-05 3.831775e-05 1.258436e-04 1.498110e-03
1.250000e+00 7.017000e-01  4.678000e-01  5.000000e-01 1.164722e-05 8.000000e-04 3.583345e+00 3.180203e+01 2.288799e+01 6.923339e+01 6.206047e-06 1.039662e-04 4.038700e-05 1.326394e-04 1.579012e-03
1.250000e+00 7.017000e-01  4.678000e-01  5.000000e-01 1.195758e-05 8.000000e-04 3.583345e+00 3.180203e+01 2.288799e+01 6.923339e+01 6.407031e-06 1.087626e-04 4.256799e-05 1.398023e-04 1.664282e-03
1.250000e+00 7.017000e-01  4.678000e-01  5.000000e-01 1.227620e-05 8.000000e-04 3.583345e+00 3.180203e+01 2.288799e+01 6.923339e+01 6.851006e-06 1.148548e-04 4.486676e-05 1.473519e-04 1.754157e-03
1.250000e+00 7.017000e-01  4.678000e-01  5.000000e-01 1.260331e-05 8.000000e-04 3.583345e+00 3.180203e+01 2.288798e+01 6.923339e+01 7.188523e-06 1.213996e-04 4.728967e-05 1.553093e-04 1.848885e-03
1.250000e+00 7.017000e-01  4.678000e-01  5.000000e-01 1.293914e-05 8.000000e-04 3.583345e+00 3.180203e+01 2.288798e+01 6.923339e+01 7.655917e-06 1.283386e-04 4.984342e-05 1.636963e-04 1.948729e-03
1.250000e+00 7.017000e-01  4.678000e-01  5.000000e-01 1.328392e-05 8.000000e-04 3.583345e+00 3.180203e+01 2.288798e+01 6.923339e+01 8.181093e-06 1.346682e-04 5.253508e-05 1.725363e-04 2.053965e-03
1.250000e+00 7.017000e-01  4.678000e-01  5.000000e-01 1.363789e-05 8.000000e-04 3.583345e+00 3.180203e+01 2.288798e+01 6.923338e+01 8.505107e-06 1.426059e-04 5.537209e-05 1.818537e-04 2.164884e-03
