1.250000e+00 3.257000e-02  2.171333e-02  5.000000e-01 2.000000e-06 8.000000e-04 1.743097e+07 3.180203e+01 2.288802e+01 6.923341e+01 6.688921e-11 2.105579e-10 7.181200e-11 1.449666e-09 5.525375e-09
1.250000e+00 3.257000e-02  2.171333e-02  5.000000e-01 2.053292e-06 8.000000e-04 1.743097e+07 3.180203e+01 2.288802e+01 6.923341e+01 6.920374e-11 2.223078e-10 7.569001e-11 1.527951e-09 5.823758e-09
1.250000e+00 3.257000e-02  2.171333e-02  5.000000e-01 2.108005e-06 8.000000e-04 1.743097e+07 3.180203e+01 2.288802e+01 6.923341e+01 7.502049e-11 2.339063e-10 7.977745e-11 1.610464e-09 6.138254e-09
1.250000e+00 3.257000e-02  2.171333e-02  5.000000e-01 2.164175e-06 8.000000e-04 1.743097e+07 3.180203e+01 2.288802e+01 6.923341e+01 7.798977e-11 2.468607e-10 8.408561e-11 1.697432e-09 6.469734e-09
1.250000e+00 3.257000e-02  2.171333e-02  5.000000e-01 2.221842e-06 8.000000e-04 1.743097e+07 3.180203e+01 2.288802e+01 6.923341e+01 8.276959e-11 2.609731e-10 8.862643e-11 1.789098e-09 6.819114e-09
1.250000e+00 3.257000e-02  2.171333e-02  5.000000e-01 2.281045e-06 8.000000e-04 1.743097e+07 3.180203e+01 2.288802e+01 6.923341e+01 8.783629e-11 2.745023e-10 9.341246e-11 1.885713e-09 7.187362e-09
1.250000e+00 3.257000e-02  2.171333e-02  5.000000e-01 2.341826e-06 8.000000e-04 1.743097e+07 3.180203e+01 2.288802e+01 6.923341e+01 9.205472e-11 2.888983e-10 9.845695e-11 1.987546e-09 7.575497e-09
1.250000e+00 3.257000e-02  2.171333e-02  5.000000e-01 2.404227e-06 8.000000e-04 1.743097e+07 3.180203e+01 2.288802e+01 6.923341e+01 9.799987e-11 3.044246e-10 1.037739e-10 2.094878e-09 7.984591e-09
1.250000e+00 3.257000e-02  2.171333e-02  5.000000e-01 2.468290e-06 8.000000e-04 1.743097e+07 3.180203e+01 2.288802e+01 6.923341e+01 1.015015e-10 3.213298e-10 1.093779e-10 2.208006e-09 8.415777e-09
1.250000e+00 3.257000e-02  2.171333e-02  5.000000e-01 2.534061e-06 8.000000e-04 1.743097e+07 3.180203e+01 2.288802e+01 6.923341e+01 1.096004e-10 3.379120e-10 1.152845e-10 2.327244e-09 8.870249e-09
1.250000e+00 3.257000e-02  2.171333e-02  5.000000e-01 2.601584e-06 8.000000e-04 1.743097e+07 3.180203e+01 2.288802e+01 6.923341e+01 1.108322e-10 3.558698e-10 1.215102e-10 2.452920e-09 9.349263e-09
1.250000e+00 3.257000e-02  2.171333e-02  5.000000e-01 2.670906e-06 8.000000e-04 1.743097e+07 3.180203e+01 2.288802e+01 6.923341e+01 1.174381e-10 3.755283e-10 1.280720e-10 2.585384e-09 9.854144e-09
1.250000e+00 3.257000e-02  2.171333e-02  5.000000e-01 2.742075e-06 8.000000e-04 1.743097e+07 3.180203e+01 2.288802e+01 6.923341e+01 1.291814e-10 3.982751e-10 1.349882e-10 2.725000e-09 1.038629e-08
1.250000e+00 3.257000e-02  2.171333e-02  5.000000e-01 2.815141e-06 8.000000e-04 1.743097e+07 3.180203e+01 2.288802e+01 6.923341e+01 1.349295e-10 4.176085e-10 1.422779e-10 2.872157e-09 1.094717e-08
1.250000e+00 3.257000e-02  2.171333e-02  5.000000e-01 2.890154e-06 8.000000e-04 1.743097e+07 3.180203e+01 2.288802e+01 6.923341e+01 1.415885e-10 4.384955e-10 1.499612e-10 3.027260e-09 1.153835e-08
1.250000e+00 3.257000e-02  2.171333e-02  5.000000e-01 2.967165e-06 8.000000e-04 1.743097e+07 3.180203e+01 2.288802e+01 6.923341e+01 1.479126e-10 4.646800e-10 1.580594e-10 3.190739e-09 1.216144e-08
1.250000e+00 3.257000e-02  2.171333e-02  5.000000e-01 3.046229e-06 8.000000e-04 1.743097e+07 3.180203e+01 2.288802e+01 6.923341e+01 1.580015e-10 4.871692e-10 1.665950e-10 3.363046e-09 1.281819e-08
1.250000e+00 3.257000e-02  2.171333e-02  5.000000e-01 3.127399e-06 8.000000e-04 1.743097e+07 3.180203e+01 2.288802e+01 6.923341e+01 1.641123e-10 5.142274e-10 1.755915e-10 3.544658e-09 1.351040e-08
1.250000e+00 3.257000e-02  2.171333e-02  5.000000e-01 3.210732e-06 8.000000e-04 1.743097e+07 3.180203e+01 2.288802e+01 6.923341e+01 1.717173e-10 5.434456e-10 1.850739e-10 3.736078e-09 1.424000e-08
1.250000e+00 3.257000e-02  2.171333e-02  5.000000e-01 3.296286e-06 8.000000e-04 1.743097e+07 3.180203e+01 2.288802e+01 6.923341e+01 1.841654e-10 5.701891e-10 1.950683e-10 3.937835e-09 1.500899e-08
1.250000e+00 3.257000e-02  2.171333e-02  5.000000e-01 3.384119e-06 8.000000e-04 1.743097e+07 3.180203e+01 2.288802e+01 6.923341e+01 1.936068e-10 6.017043e-10 2.056024e-10 4.150487e-09 1.581951e-08
1.250000e+00 3.257000e-02  2.171333e-02  5.000000e-01 3.474293e-06 8.000000e-04 1.743097e+07 3.180203e+01 2.288802e+01 6.923341e+01 2.049256e-10 6.306666e-10 2.167055e-10 4.374623e-09 1.667380e-08
1.250000e+00 3.257000e-02  2.171333e-02  5.000000e-01 3.566869e-06 8.000000e-04 1.743097e+07 3.180203e+01 2.288802e+01 6.923341e+01 2.185465e-10 6.696122e-10 2.284080e-10 4.610863e-09 1.757422e-08
1.250000e+00 3.257000e-02  2.171333e-02  5.000000e-01 3.661913e-06 8.000000e-04 1.743097e+07 3.180203e+01 2.288802e+01 6.923341e+01 2.284741e-10 7.041805e-10 2.407426e-10 4.859860e-09 1.852327e-08
1.250000e+00 3.257000e-02  2.171333e-02  5.000000e-01 3.759488e-06 8.000000e-04 1.743097e+07 3.180203e+01 2.288802e+01 6.923341e+01 2.430243e-10 7.424976e-10 2.537433e-10 5.122304e-09 1.952357e-08
1.250000e+00 3.257000e-02  2.171333e-02  5.000000e-01 3.859664e-06 8.000000e-04 1.743097e+07 3.180203e+01 2.288802e+01 6.923341e+01 2.486729e-10 7.856420e-10 2.674460e-10 5.398920e-09 2.057789e-08
1.250000e+00 3.257000e-02  2.171333e-02  5.000000e-01 3.962510e-06 8.000000e-04 1.743097e+07 3.180203e+01 2.288802e+01 6.923341e+01 2.616168e-10 8.297389e-10 2.818887e-10 5.690474e-09 2.168914e-08
1.250000e+00 3.257000e-02  2.171333e-02  5.000000e-01 4.068095e-06 8.000000e-04 1.743097e+07 3.180203e+01 2.288802e+01 6.923341e+01 2.782613e-10 8.713167e-10 2.971113e-10 5.997773e-09 2.286041e-08
1.250000e+00 3.257000e-02  2.171333e-02  5.000000e-01 4.176494e-06 8.000000e-04 1.743097e+07 3.180203e+01 2.288802e+01 6.923341e+01 2.954671e-10 9.212057e-10 3.131560e-10 6.321667e-09 2.409492e-08
1.250000e+00 3.257000e-02  2.171333e-02  5.000000e-01 4.287782e-06 8.000000e-04 1.743097e+07 3.180203e+01 2.288802e+01 6.923341e+01 3.085548e-10 9.673154e-10 3.300672e-10 6.663051e-09 2.539610e-08
1.250000e+00 3.257000e-02  2.171333e-02  5.000000e-01 4.402035e-06 8.000000e-04 1.743097e+07 3.180203e+01 2.288802e+01 6.923341e+01 3.241631e-10 1.019626e-09 3.478916e-10 7.022871e-09 2.676755e-08
1.250000e+00 3.257000e-02  2.171333e-02  5.000000e-01 4.519332e-06 8.000000e-04 1.743097e+07 3.180203e+01 2.288802e+01 6.923341e+01 3.381637e-10 1.076656e-09 3.666785e-10 7.402123e-09 2.821306e-08
1.250000e+00 3.257000e-02  2.171333e-02  5.000000e-01 4.639755e-06 8.000000e-04 1.743097e+07 3.180203e+01 2.288802e+01 6.923341e+01 3.626292e-10 1.136800e-09 3.864800e-10 7.801854e-09 2.973663e-08
1.250000e+00 3.257000e-02  2.171333e-02  5.000000e-01 4.763386e-06 8.000000e-04 1.743097e+07 3.180203e+01 2.288802e+01 6.923341e+01 3.842823e-10 1.196664e-09 4.073508e-10 8.223173e-09 3.134248e-08
1.250000e+00 3.257000e-02  2.171333e-02  5.000000e-01 4.890312e-06 8.000000e-04 1.743097e+07 3.180203e+01 2.288802e+01 6.923341e+01 3.971090e-10 1.258964e-09 4.293487e-10 8.667243e-09 3.303504e-08
1.250000e+00 3.257000e-02  2.171333e-02  5.000000e-01 5.020620e-06 8.000000e-04 1.743097e+07 3.180203e+01 2.288802e+01 6.923341e+01 4.267284e-10 1.324834e-09 4.525345e-10 9.135294e-09 3.481901e-08
1.250000e+00 3.257000e-02  2.171333e-02  5.000000e-01 5.154400e-06 8.000000e-04 1.743097e+07 3.180203e+01 2.288802e+01 6.923341e+01 4.360276e-10 1.404853e-09 4.769724e-10 9.628621e-09 3.669932e-08
1.250000e+00 3.257000e-02  2.171333e-02  5.000000e-01 5.291745e-06 8.000000e-04 1.743097e+07 3.180203e+01 2.288802e+01 6.923341e+01 4.627821e-10 1.473335e-09 5.027301e-10 1.014859e-08 3.868117e-08
1.250000e+00 3.257000e-02  2.171333e-02  5.000000e-01 5.432750e-06 8.000000e-04 1.743097e+07 3.180203e+01 2.288802e+01 6.923341e+01 4.803824e-10 1.553660e-09 5.298786e-10 1.069664e-08 4.077004e-08
1.250000e+00 3.257000e-02  2.171333e-02  5.000000e-01 5.577512e-06 8.000000e-04 1.743097e+07 3.180203e+01 2.288802e+01 6.923341e+01 5.208446e-10 1.637881e-09 5.584933e-10 1.127428e-08 4.297172e-08
1.250000e+00 3.257000e-02  2.171333e-02  5.000000e-01 5.726131e-06 8.000000e-04 1.743097e+07 3.180203e+01 2.288802e+01 6.923341e+01 5.395336e-10 1.732975e-09 5.886532e-10 1.188312e-08 4.529229e-08
1.250000e+00 3.257000e-02  2.171333e-02  5.000000e-01 5.878710e-06 8.000000e-04 1.743097e+07 3.180203e+01 2.288802e+01 6.923341e+01 5.840681e-10 1.817486e-09 6.204419e-10 1.252483e-08 4.773818e-08
1.250000e+00 3.257000e-02  2.171333e-02  5.000000e-01 6.035355e-06 8.000000e-04 1.743097e+07 3.180203e+01 2.288802e+01 6.923341e+01 6.085420e-10 1.927626e-09 6.539472e-10 1.320120e-08 5.031615e-08
1.250000e+00 3.257000e-02  2.171333e-02  5.000000e-01 6.196174e-06 8.000000e-04 1.743097e+07 3.180203e+01 2.288802e+01 6.923341e+01 6.591252e-10 2.027998e-09 6.892618e-10 1.391410e-08 5.303334e-08
1.250000e+00 3.257000e-02  2.171333e-02  5.000000e-01 6.361278e-06 8.000000e-04 1.743097e+07 3.180203e+01 2.288802e+01 6.923341e+01 6.690464e-10 2.132543e-09 7.264836e-10 1.466549e-08 5.589726e-08
1.250000e+00 3.257000e-02  2.171333e-02  5.000000e-01 6.530782e-06 8.000000e-04 1.743097e+07 3.180203e+01 2.288802e+01 6.923341e+01 7.177457e-10 2.248790e-09 7.657153e-10 1.545746e-08 5.891584e-08
1.250000e+00 3.257000e-02  2.171333e-02  5.000000e-01 6.704802e-06 8.000000e-04 1.743097e+07 3.180203e+01 2.288802e+01 6.923341e+01 7.494530e-10 2.362213e-09 8.070657e-10 1.629220e-08 6.209743e-08
1.250000e+00 3.257000e-02  2.171333e-02  5.000000e-01 6.883459e-06 8.000000e-04 1.743097e+07 3.180203e+01 2.288802e+01 6.923341e+01 7.795358e-10 2.487296e-09 8.506492e-10 1.717202e-08 6.545084e-08
1.250000e+00 3.257000e-02  2.171333e-02  5.000000e-01 7.066877e-06 8.000000e-04 1.743097e+07 3.180203e+01 2.288802e+01 6.923341e+01 8.298984e-10 2.637289e-09 8.965862e-10 1.809934e-08 6.898533e-08
1.250000e+00 3.257000e-02  2.171333e-02  5.000000e-01 7.255182e-06 8.000000e-04 1.743097e+07 3.180203e+01 2.288802e+01 6.923341e+01 8.942653e-10 2.763918e-09 9.450039e-10 1.907675e-08 7.271070e-08
1.250000e+00 3.257000e-02  2.171333e-02  5.000000e-01 7.448504e-06 8.000000e-04 1.743097e+07 3.180203e+01 2.288802e+01 6.923341e+01 9.136270e-10 2.913378e-09 9.960363e-10 2.010694e-08 7.663725e-08
1.250000e+00 3.257000e-02  2.171333e-02  5.000000e-01 7.646978e-06 8.000000e-04 1.743097e+07 3.180203e+01 2.288802e+01 6.923341e+01 9.617665e-10 3.071012e-09 1.049825e-09 2.119276e-08 8.077583e-08
1.250000e+00 3.257000e-02  2.171333e-02  5.000000e-01 7.850741e-06 8.000000e-04 1.743097e+07 3.180203e+01 2.288802e+01 6.923341e+01 1.030060e-09 3.256070e-09 1.106518e-09 2.233722e-08 8.513792e-08
1.250000e+00 3.257000e-02  2.171333e-02  5.000000e-01 8.059933e-06 8.000000e-04 1.743097e+07 3.180203e+01 2.288802e+01 6.923341e+01 1.101473e-09 3.424474e-09 1.166272e-09 2.354348e-08 8.973556e-08
1.250000e+00 3.257000e-02  2.171333e-02  5.000000e-01 8.274699e-06 8.000000e-04 1.743097e+07 3.180203e+01 2.288802e+01 6.923341e+01 1.140073e-09 3.610331e-09 1.229253e-09 2.481488e-08 9.458149e-08
1.250000e+00 3.257000e-02  2.171333e-02  5.000000e-01 8.495188e-06 8.000000e-04 1.743097e+07 3.180203e+01 2.288802e+01 6.923341e+01 1.210555e-09 3.815097e-09 1.295636e-09 2.615494e-08 9.968911e-08
1.250000e+00 3.257000e-02  2.171333e-02  5.000000e-01 8.721552e-06 8.000000e-04 1.743097e+07 3.180203e+01 2.288802e+01 6.923341e+01 1.262779e-09 4.016550e-09 1.365603e-09 2.756737e-08 1.050725e-07
1.250000e+00 3.257000e-02  2.171333e-02  5.000000e-01 8.953948e-06 8.000000e-04 1.743097e+07 3.180203e+01 2.288802e+01 6.923341e+01 1.350269e-09 4.244206e-09 1.439349e-09 2.905607e-08 1.107467e-07
1.250000e+00 3.257000e-02  2.171333e-02  5.000000e-01 9.192536e-06 8.000000e-04 1.743097e+07 3.180203e+01 2.288802e+01 6.923341e+01 1.441060e-09 4.474742e-09 1.517077e-09 3.062517e-08 1.167273e-07
1.250000e+00 3.257000e-02  2.171333e-02  5.000000e-01 9.437481e-06 8.000000e-04 1.743097e+07 3.180203e+01 2.288802e+01 6.923341e+01 1.473200e-09 4.692735e-09 1.599003e-09 3.227900e-08 1.230308e-07
1.250000e+00 3.257000e-02  2.171333e-02  5.000000e-01 9.688954e-06 8.000000e-04 1.743097e+07 3.180203e+01 2.288802e+01 6.923341e+01 1.539245e-09 4.959420e-09 1.685353e-09 3.402214e-08 1.296748e-07
1.250000e+00 3.257000e-02  2.171333e-02  5.000000e-01 9.947127e-06 8.000000e-04 1.743097e+07 3.180203e+01 2.288802e+01 6.923341e+01 1.649927e-09 5.219496e-09 1.776366e-09 3.585941e-08 1.366775e-07
1.250000e+00 3.257000e-02  2.171333e-02  5.000000e-01 1.021218e-05 8.000000e-04 1.743097e+07 3.180203e+01 2.288802e+01 6.923341e+01 1.734071e-09 5.506887e-09 1.872293e-09 3.779590e-08 1.440584e-07
1.250000e+00 3.257000e-02  2.171333e-02  5.000000e-01 1.048430e-05 8.000000e-04 1.743097e+07 3.180203e+01 2.288802e+01 6.923341e+01 1.836056e-09 5.820858e-09 1.973402e-09 3.983697e-08 1.518379e-07
1.250000e+00 3.257000e-02  2.171333e-02  5.000000e-01 1.076366e-05 8.000000e-04 1.743097e+07 3.180203e+01 2.288802e+01 6.923341e+01 1.947702e-09 6.093431e-09 2.079970e-09 4.198826e-08 1.600375e-07
1.250000e+00 3.257000e-02  2.171333e-02  5.000000e-01 1.105047e-05 8.000000e-04 1.743097e+07 3.180203e+01 2.288802e+01 6.923341e+01 2.047111e-09 6.442937e-09 2.192293e-09 4.425572e-08 1.686799e-07
1.250000e+00 3.257000e-02  2.171333e-02  5.000000e-01 1.134492e-05 8.000000e-04 1.743097e+07 3.180203e+01 2.288802e+01 6.923341e+01 2.108051e-09 6.765979e-09 2.310682e-09 4.664563e-08 1.777890e-07
1.250000e+00 3.257000e-02  2.171333e-02  5.000000e-01 1.164722e-05 8.000000e-04 1.743097e+07 3.180203e+01 2.288802e+01 6.923341e+01 2.241272e-09 7.168155e-09 2.435464e-09 4.916460e-08 1.873900e-07
1.250000e+00 3.257000e-02  2.171333e-02  5.000000e-01 1.195758e-05 8.000000e-04 1.743097e+07 3.180203e+01 2.288802e+01 6.923341e+01 2.340928e-09 7.509177e-09 2.566985e-09 5.181961e-08 1.975095e-07
1.250000e+00 3.257000e-02  2.171333e-02  5.000000e-01 1.227620e-05 8.000000e-04 1.743097e+07 3.180203e+01 2.288802e+01 6.923341e+01 2.478971e-09 7.934650e-09 2.705608e-09 5.461799e-08 2.081755e-07
1.250000e+00 3.257000e-02  2.171333e-02  5.000000e-01 1.260331e-05 8.000000e-04 1.743097e+07 3.180203e+01 2.288802e+01 6.923341e+01 2.700286e-09 8.374150e-09 2.851717e-09 5.756748e-08 2.194174e-07
1.250000e+00 3.257000e-02  2.171333e-02  5.000000e-01 1.293914e-05 8.000000e-04 1.743097e+07 3.180203e+01 2.288802e+01 6.923341e+01 2.808288e-09 8.821420e-09 3.005716e-09 6.067626e-08 2.312665e-07
1.250000e+00 3.257000e-02  2.171333e-02  5.000000e-01 1.328392e-05 8.000000e-04 1.743097e+07 3.180203e+01 2.288802e+01 6.923341e+01 2.975921e-09 9.281298e-09 3.168032e-09 6.395292e-08 2.437554e-07
1.250000e+00 3.257000e-02  2.171333e-02  5.000000e-01 1.363789e-05 8.000000e-04 1.743097e+07 3.180203e+01 2.288802e+01 6.923341e+01 3.097332e-09 9.756398e-09 3.339113e-09 6.740652e-08 2.569188e-07
1.250000e+00 3.257000e-02  2.171333e-02  5.000000e-01 1.400128e-05 8.000000e-04 1.743097e+07 3.180203e+01 2.288802e+01 6.923341e+01 3.305641e-09 1.036112e-08 3.519433e-09 7.104663e-08 2.707930e-07
1.250000e+00 3.257000e-02  2.171333e-02  5.000000e-01 1.437436e-05 8.000000e-04 1.743097e+07 3.180203e+01 2.288802e+01 6.923341e+01 3.506425e-09 1.090400e-08 3.709490e-09 7.488331e-08 2.854164e-07
