8.000000e-01 5.223000e-02  3.482000e-02  5.000000e-01 2.000000e-06 8.000000e-04 2.728555e+05 3.180203e+01 2.288802e+01 6.923341e+01 3.987139e-08 1.127260e-07 4.263250e-08 8.709371e-07 3.336300e-06
8.000000e-01 5.223000e-02  3.482000e-02  5.000000e-01 2.053292e-06 8.000000e-04 2.728555e+05 3.180203e+01 2.288802e+01 6.923341e+01 4.229424e-08 1.191037e-07 4.493475e-08 9.179697e-07 3.516467e-06
8.000000e-01 5.223000e-02  3.482000e-02  5.000000e-01 2.108005e-06 8.000000e-04 2.728555e+05 3.180203e+01 2.288802e+01 6.923341e+01 4.569344e-08 1.260454e-07 4.736133e-08 9.675422e-07 3.706365e-06
8.000000e-01 5.223000e-02  3.482000e-02  5.000000e-01 2.164175e-06 8.000000e-04 2.728555e+05 3.180203e+01 2.288802e+01 6.923341e+01 4.865375e-08 1.328635e-07 4.991895e-08 1.019792e-06 3.906517e-06
8.000000e-01 5.223000e-02  3.482000e-02  5.000000e-01 2.221842e-06 8.000000e-04 2.728555e+05 3.180203e+01 2.288802e+01 6.923341e+01 4.984497e-08 1.405486e-07 5.261469e-08 1.074863e-06 4.117478e-06
8.000000e-01 5.223000e-02  3.482000e-02  5.000000e-01 2.281045e-06 8.000000e-04 2.728555e+05 3.180203e+01 2.288802e+01 6.923341e+01 5.321039e-08 1.486628e-07 5.545600e-08 1.132908e-06 4.339831e-06
8.000000e-01 5.223000e-02  3.482000e-02  5.000000e-01 2.341826e-06 8.000000e-04 2.728555e+05 3.180203e+01 2.288802e+01 6.923341e+01 5.513295e-08 1.545716e-07 5.845076e-08 1.194088e-06 4.574192e-06
8.000000e-01 5.223000e-02  3.482000e-02  5.000000e-01 2.404227e-06 8.000000e-04 2.728555e+05 3.180203e+01 2.288802e+01 6.923341e+01 5.848832e-08 1.625787e-07 6.160723e-08 1.258571e-06 4.821209e-06
8.000000e-01 5.223000e-02  3.482000e-02  5.000000e-01 2.468290e-06 8.000000e-04 2.728555e+05 3.180203e+01 2.288802e+01 6.923341e+01 6.080925e-08 1.726675e-07 6.493417e-08 1.326537e-06 5.081566e-06
8.000000e-01 5.223000e-02  3.482000e-02  5.000000e-01 2.534061e-06 8.000000e-04 2.728555e+05 3.180203e+01 2.288802e+01 6.923341e+01 6.487033e-08 1.822964e-07 6.844076e-08 1.398173e-06 5.355982e-06
8.000000e-01 5.223000e-02  3.482000e-02  5.000000e-01 2.601584e-06 8.000000e-04 2.728555e+05 3.180203e+01 2.288802e+01 6.923341e+01 7.001170e-08 1.918744e-07 7.213672e-08 1.473677e-06 5.645217e-06
8.000000e-01 5.223000e-02  3.482000e-02  5.000000e-01 2.670906e-06 8.000000e-04 2.728555e+05 3.180203e+01 2.288802e+01 6.923341e+01 7.136162e-08 2.023922e-07 7.603227e-08 1.553259e-06 5.950072e-06
8.000000e-01 5.223000e-02  3.482000e-02  5.000000e-01 2.742075e-06 8.000000e-04 2.728555e+05 3.180203e+01 2.288802e+01 6.923341e+01 7.695274e-08 2.130126e-07 8.013819e-08 1.637139e-06 6.271390e-06
8.000000e-01 5.223000e-02  3.482000e-02  5.000000e-01 2.815141e-06 8.000000e-04 2.728555e+05 3.180203e+01 2.288802e+01 6.923341e+01 8.127416e-08 2.233910e-07 8.446584e-08 1.725548e-06 6.610059e-06
8.000000e-01 5.223000e-02  3.482000e-02  5.000000e-01 2.890154e-06 8.000000e-04 2.728555e+05 3.180203e+01 2.288802e+01 6.923341e+01 8.625037e-08 2.355662e-07 8.902719e-08 1.818732e-06 6.967018e-06
8.000000e-01 5.223000e-02  3.482000e-02  5.000000e-01 2.967165e-06 8.000000e-04 2.728555e+05 3.180203e+01 2.288802e+01 6.923341e+01 9.198813e-08 2.501170e-07 9.383486e-08 1.916948e-06 7.343253e-06
8.000000e-01 5.223000e-02  3.482000e-02  5.000000e-01 3.046229e-06 8.000000e-04 2.728555e+05 3.180203e+01 2.288802e+01 6.923341e+01 9.257724e-08 2.627486e-07 9.890216e-08 2.020467e-06 7.739805e-06
8.000000e-01 5.223000e-02  3.482000e-02  5.000000e-01 3.127399e-06 8.000000e-04 2.728555e+05 3.180203e+01 2.288802e+01 6.923341e+01 9.965085e-08 2.766844e-07 1.042431e-07 2.129577e-06 8.157773e-06
8.000000e-01 5.223000e-02  3.482000e-02  5.000000e-01 3.210732e-06 8.000000e-04 2.728555e+05 3.180203e+01 2.288802e+01 6.923341e+01 1.040056e-07 2.913813e-07 1.098725e-07 2.244579e-06 8.598311e-06
8.000000e-01 5.223000e-02  3.482000e-02  5.000000e-01 3.296286e-06 8.000000e-04 2.728555e+05 3.180203e+01 2.288802e+01 6.923341e+01 1.113667e-07 3.061363e-07 1.158058e-07 2.365792e-06 9.062640e-06
8.000000e-01 5.223000e-02  3.482000e-02  5.000000e-01 3.384119e-06 8.000000e-04 2.728555e+05 3.180203e+01 2.288802e+01 6.923341e+01 1.159484e-07 3.239945e-07 1.220596e-07 2.493550e-06 9.552044e-06
8.000000e-01 5.223000e-02  3.482000e-02  5.000000e-01 3.474293e-06 8.000000e-04 2.728555e+05 3.180203e+01 2.288802e+01 6.923341e+01 1.243156e-07 3.425818e-07 1.286511e-07 2.628207e-06 1.006788e-05
8.000000e-01 5.223000e-02  3.482000e-02  5.000000e-01 3.566869e-06 8.000000e-04 2.728555e+05 3.180203e+01 2.288802e+01 6.923341e+01 1.305997e-07 3.594195e-07 1.355986e-07 2.770137e-06 1.061156e-05
8.000000e-01 5.223000e-02  3.482000e-02  5.000000e-01 3.661913e-06 8.000000e-04 2.728555e+05 3.180203e+01 2.288802e+01 6.923341e+01 1.377790e-07 3.788157e-07 1.429212e-07 2.919730e-06 1.118461e-05
8.000000e-01 5.223000e-02  3.482000e-02  5.000000e-01 3.759488e-06 8.000000e-04 2.728555e+05 3.180203e+01 2.288802e+01 6.923341e+01 1.436219e-07 4.012383e-07 1.506393e-07 3.077403e-06 1.178861e-05
8.000000e-01 5.223000e-02  3.482000e-02  5.000000e-01 3.859664e-06 8.000000e-04 2.728555e+05 3.180203e+01 2.288802e+01 6.923341e+01 1.527307e-07 4.197315e-07 1.587742e-07 3.243589e-06 1.242522e-05
8.000000e-01 5.223000e-02  3.482000e-02  5.000000e-01 3.962510e-06 8.000000e-04 2.728555e+05 3.180203e+01 2.288802e+01 6.923341e+01 1.575381e-07 4.458082e-07 1.673483e-07 3.418751e-06 1.309621e-05
8.000000e-01 5.223000e-02  3.482000e-02  5.000000e-01 4.068095e-06 8.000000e-04 2.728555e+05 3.180203e+01 2.288802e+01 6.923341e+01 1.706678e-07 4.643544e-07 1.763855e-07 3.603371e-06 1.380344e-05
8.000000e-01 5.223000e-02  3.482000e-02  5.000000e-01 4.176494e-06 8.000000e-04 2.728555e+05 3.180203e+01 2.288802e+01 6.923341e+01 1.751175e-07 4.939003e-07 1.859108e-07 3.797962e-06 1.454885e-05
8.000000e-01 5.223000e-02  3.482000e-02  5.000000e-01 4.287782e-06 8.000000e-04 2.728555e+05 3.180203e+01 2.288802e+01 6.923341e+01 1.844008e-07 5.188692e-07 1.959504e-07 4.003060e-06 1.533453e-05
8.000000e-01 5.223000e-02  3.482000e-02  5.000000e-01 4.402035e-06 8.000000e-04 2.728555e+05 3.180203e+01 2.288802e+01 6.923341e+01 2.000157e-07 5.497133e-07 2.065321e-07 4.219235e-06 1.616263e-05
8.000000e-01 5.223000e-02  3.482000e-02  5.000000e-01 4.519332e-06 8.000000e-04 2.728555e+05 3.180203e+01 2.288802e+01 6.923341e+01 2.106481e-07 5.791133e-07 2.176854e-07 4.447083e-06 1.703545e-05
8.000000e-01 5.223000e-02  3.482000e-02  5.000000e-01 4.639755e-06 8.000000e-04 2.728555e+05 3.180203e+01 2.288802e+01 6.923341e+01 2.230235e-07 6.061696e-07 2.294409e-07 4.687236e-06 1.795540e-05
8.000000e-01 5.223000e-02  3.482000e-02  5.000000e-01 4.763386e-06 8.000000e-04 2.728555e+05 3.180203e+01 2.288802e+01 6.923341e+01 2.289605e-07 6.413322e-07 2.418312e-07 4.940357e-06 1.892503e-05
8.000000e-01 5.223000e-02  3.482000e-02  5.000000e-01 4.890312e-06 8.000000e-04 2.728555e+05 3.180203e+01 2.288802e+01 6.923341e+01 2.396148e-07 6.782794e-07 2.548907e-07 5.207148e-06 1.994703e-05
8.000000e-01 5.223000e-02  3.482000e-02  5.000000e-01 5.020620e-06 8.000000e-04 2.728555e+05 3.180203e+01 2.288802e+01 6.923341e+01 2.563937e-07 7.143891e-07 2.686553e-07 5.488346e-06 2.102421e-05
8.000000e-01 5.223000e-02  3.482000e-02  5.000000e-01 5.154400e-06 8.000000e-04 2.728555e+05 3.180203e+01 2.288802e+01 6.923341e+01 2.693334e-07 7.503850e-07 2.831633e-07 5.784730e-06 2.215957e-05
8.000000e-01 5.223000e-02  3.482000e-02  5.000000e-01 5.291745e-06 8.000000e-04 2.728555e+05 3.180203e+01 2.288802e+01 6.923341e+01 2.820390e-07 7.922647e-07 2.984548e-07 6.097118e-06 2.335624e-05
8.000000e-01 5.223000e-02  3.482000e-02  5.000000e-01 5.432750e-06 8.000000e-04 2.728555e+05 3.180203e+01 2.288802e+01 6.923341e+01 3.024656e-07 8.325013e-07 3.145721e-07 6.426377e-06 2.461753e-05
8.000000e-01 5.223000e-02  3.482000e-02  5.000000e-01 5.577512e-06 8.000000e-04 2.728555e+05 3.180203e+01 2.288802e+01 6.923341e+01 3.132668e-07 8.822988e-07 3.315597e-07 6.773416e-06 2.594693e-05
8.000000e-01 5.223000e-02  3.482000e-02  5.000000e-01 5.726131e-06 8.000000e-04 2.728555e+05 3.180203e+01 2.288802e+01 6.923341e+01 3.388784e-07 9.304331e-07 3.494647e-07 7.139196e-06 2.734813e-05
8.000000e-01 5.223000e-02  3.482000e-02  5.000000e-01 5.878710e-06 8.000000e-04 2.728555e+05 3.180203e+01 2.288802e+01 6.923341e+01 3.437792e-07 9.783776e-07 3.683366e-07 7.524729e-06 2.882499e-05
8.000000e-01 5.223000e-02  3.482000e-02  5.000000e-01 6.035355e-06 8.000000e-04 2.728555e+05 3.180203e+01 2.288802e+01 6.923341e+01 3.595747e-07 1.027916e-06 3.882276e-07 7.931082e-06 3.038160e-05
8.000000e-01 5.223000e-02  3.482000e-02  5.000000e-01 6.196174e-06 8.000000e-04 2.728555e+05 3.180203e+01 2.288802e+01 6.923341e+01 3.867731e-07 1.081376e-06 4.091928e-07 8.359379e-06 3.202228e-05
8.000000e-01 5.223000e-02  3.482000e-02  5.000000e-01 6.361278e-06 8.000000e-04 2.728555e+05 3.180203e+01 2.288802e+01 6.923341e+01 3.943484e-07 1.150474e-06 4.312902e-07 8.810805e-06 3.375156e-05
8.000000e-01 5.223000e-02  3.482000e-02  5.000000e-01 6.530782e-06 8.000000e-04 2.728555e+05 3.180203e+01 2.288802e+01 6.923341e+01 4.392654e-07 1.213195e-06 4.545808e-07 9.286608e-06 3.557422e-05
8.000000e-01 5.223000e-02  3.482000e-02  5.000000e-01 6.704802e-06 8.000000e-04 2.728555e+05 3.180203e+01 2.288802e+01 6.923341e+01 4.611537e-07 1.269071e-06 4.791292e-07 9.788107e-06 3.749531e-05
8.000000e-01 5.223000e-02  3.482000e-02  5.000000e-01 6.883459e-06 8.000000e-04 2.728555e+05 3.180203e+01 2.288802e+01 6.923341e+01 4.735755e-07 1.339900e-06 5.050033e-07 1.031669e-05 3.952014e-05
8.000000e-01 5.223000e-02  3.482000e-02  5.000000e-01 7.066877e-06 8.000000e-04 2.728555e+05 3.180203e+01 2.288802e+01 6.923341e+01 5.108348e-07 1.417307e-06 5.322747e-07 1.087381e-05 4.165432e-05
8.000000e-01 5.223000e-02  3.482000e-02  5.000000e-01 7.255182e-06 8.000000e-04 2.728555e+05 3.180203e+01 2.288802e+01 6.923341e+01 5.542835e-07 1.496926e-06 5.610187e-07 1.146102e-05 4.390375e-05
8.000000e-01 5.223000e-02  3.482000e-02  5.000000e-01 7.448504e-06 8.000000e-04 2.728555e+05 3.180203e+01 2.288802e+01 6.923341e+01 5.701902e-07 1.568054e-06 5.913150e-07 1.207994e-05 4.627466e-05
8.000000e-01 5.223000e-02  3.482000e-02  5.000000e-01 7.646978e-06 8.000000e-04 2.728555e+05 3.180203e+01 2.288802e+01 6.923341e+01 6.006625e-07 1.649202e-06 6.232474e-07 1.273229e-05 4.877359e-05
8.000000e-01 5.223000e-02  3.482000e-02  5.000000e-01 7.850741e-06 8.000000e-04 2.728555e+05 3.180203e+01 2.288802e+01 6.923341e+01 6.164264e-07 1.751885e-06 6.569042e-07 1.341986e-05 5.140748e-05
8.000000e-01 5.223000e-02  3.482000e-02  5.000000e-01 8.059933e-06 8.000000e-04 2.728555e+05 3.180203e+01 2.288802e+01 6.923341e+01 6.698500e-07 1.840437e-06 6.923786e-07 1.414457e-05 5.418360e-05
8.000000e-01 5.223000e-02  3.482000e-02  5.000000e-01 8.274699e-06 8.000000e-04 2.728555e+05 3.180203e+01 2.288802e+01 6.923341e+01 7.043612e-07 1.935110e-06 7.297686e-07 1.490841e-05 5.710964e-05
8.000000e-01 5.223000e-02  3.482000e-02  5.000000e-01 8.495188e-06 8.000000e-04 2.728555e+05 3.180203e+01 2.288802e+01 6.923341e+01 7.374790e-07 2.036831e-06 7.691778e-07 1.571349e-05 6.019370e-05
8.000000e-01 5.223000e-02  3.482000e-02  5.000000e-01 8.721552e-06 8.000000e-04 2.728555e+05 3.180203e+01 2.288802e+01 6.923341e+01 7.780964e-07 2.150760e-06 8.107152e-07 1.656206e-05 6.344429e-05
8.000000e-01 5.223000e-02  3.482000e-02  5.000000e-01 8.953948e-06 8.000000e-04 2.728555e+05 3.180203e+01 2.288802e+01 6.923341e+01 8.125395e-07 2.273055e-06 8.544957e-07 1.745645e-05 6.687043e-05
8.000000e-01 5.223000e-02  3.482000e-02  5.000000e-01 9.192536e-06 8.000000e-04 2.728555e+05 3.180203e+01 2.288802e+01 6.923341e+01 8.634781e-07 2.397160e-06 9.006404e-07 1.839914e-05 7.048159e-05
8.000000e-01 5.223000e-02  3.482000e-02  5.000000e-01 9.437481e-06 8.000000e-04 2.728555e+05 3.180203e+01 2.288802e+01 6.923341e+01 8.938231e-07 2.510068e-06 9.492771e-07 1.939273e-05 7.428776e-05
8.000000e-01 5.223000e-02  3.482000e-02  5.000000e-01 9.688954e-06 8.000000e-04 2.728555e+05 3.180203e+01 2.288802e+01 6.923341e+01 9.565796e-07 2.663255e-06 1.000540e-06 2.043999e-05 7.829947e-05
8.000000e-01 5.223000e-02  3.482000e-02  5.000000e-01 9.947127e-06 8.000000e-04 2.728555e+05 3.180203e+01 2.288802e+01 6.923341e+01 9.877153e-07 2.806505e-06 1.054572e-06 2.154379e-05 8.252782e-05
8.000000e-01 5.223000e-02  3.482000e-02  5.000000e-01 1.021218e-05 8.000000e-04 2.728555e+05 3.180203e+01 2.288802e+01 6.923341e+01 1.063330e-06 2.944698e-06 1.111521e-06 2.270721e-05 8.698452e-05
8.000000e-01 5.223000e-02  3.482000e-02  5.000000e-01 1.048430e-05 8.000000e-04 2.728555e+05 3.180203e+01 2.288802e+01 6.923341e+01 1.082908e-06 3.124356e-06 1.171546e-06 2.393345e-05 9.168188e-05
8.000000e-01 5.223000e-02  3.482000e-02  5.000000e-01 1.076366e-05 8.000000e-04 2.728555e+05 3.180203e+01 2.288802e+01 6.923341e+01 1.177149e-06 3.278949e-06 1.234812e-06 2.522591e-05 9.663291e-05
8.000000e-01 5.223000e-02  3.482000e-02  5.000000e-01 1.105047e-05 8.000000e-04 2.728555e+05 3.180203e+01 2.288802e+01 6.923341e+01 1.229487e-06 3.464377e-06 1.301495e-06 2.658817e-05 1.018513e-04
8.000000e-01 5.223000e-02  3.482000e-02  5.000000e-01 1.134492e-05 8.000000e-04 2.728555e+05 3.180203e+01 2.288802e+01 6.923341e+01 1.285774e-06 3.666157e-06 1.371778e-06 2.802399e-05 1.073515e-04
8.000000e-01 5.223000e-02  3.482000e-02  5.000000e-01 1.164722e-05 8.000000e-04 2.728555e+05 3.180203e+01 2.288802e+01 6.923341e+01 1.404698e-06 3.848474e-06 1.445858e-06 2.953735e-05 1.131488e-04
8.000000e-01 5.223000e-02  3.482000e-02  5.000000e-01 1.195758e-05 8.000000e-04 2.728555e+05 3.180203e+01 2.288802e+01 6.923341e+01 1.443064e-06 4.052309e-06 1.523937e-06 3.113243e-05 1.192590e-04
8.000000e-01 5.223000e-02  3.482000e-02  5.000000e-01 1.227620e-05 8.000000e-04 2.728555e+05 3.180203e+01 2.288802e+01 6.923341e+01 1.524253e-06 4.279951e-06 1.606233e-06 3.281366e-05 1.256993e-04
8.000000e-01 5.223000e-02  3.482000e-02  5.000000e-01 1.260331e-05 8.000000e-04 2.728555e+05 3.180203e+01 2.288802e+01 6.923341e+01 1.595631e-06 4.508315e-06 1.692974e-06 3.458567e-05 1.324874e-04
8.000000e-01 5.223000e-02  3.482000e-02  5.000000e-01 1.293914e-05 8.000000e-04 2.728555e+05 3.180203e+01 2.288802e+01 6.923341e+01 1.693024e-06 4.736880e-06 1.784398e-06 3.645338e-05 1.396420e-04
8.000000e-01 5.223000e-02  3.482000e-02  5.000000e-01 1.328392e-05 8.000000e-04 2.728555e+05 3.180203e+01 2.288802e+01 6.923341e+01 1.763938e-06 4.983598e-06 1.880760e-06 3.842194e-05 1.471830e-04
8.000000e-01 5.223000e-02  3.482000e-02  5.000000e-01 1.363789e-05 8.000000e-04 2.728555e+05 3.180203e+01 2.288802e+01 6.923341e+01 1.903027e-06 5.270662e-06 1.982325e-06 4.049682e-05 1.551312e-04
8.000000e-01 5.223000e-02  3.482000e-02  5.000000e-01 1.400128e-05 8.000000e-04 2.728555e+05 3.180203e+01 2.288802e+01 6.923341e+01 1.975547e-06 5.577753e-06 2.089375e-06 4.268374e-05 1.635086e-04
8.000000e-01 5.223000e-02  3.482000e-02  5.000000e-01 1.437436e-05 8.000000e-04 2.728555e+05 3.180203e+01 2.288802e+01 6.923341e+01 2.063504e-06 5.854871e-06 2.202206e-06 4.498876e-05 1.723385e-04
8.000000e-01 5.223000e-02  3.482000e-02  5.000000e-01 1.475738e-05 8.000000e-04 2.728555e+05 3.180203e+01 2.288802e+01 6.923341e+01 2.230401e-06 6.150691e-06 2.321131e-06 4.741826e-05 1.816452e-04
8.000000e-01 5.223000e-02  3.482000e-02  5.000000e-01 1.515061e-05 8.000000e-04 2.728555e+05 3.180203e+01 2.288802e+01 6.923341e+01 2.345468e-06 6.473455e-06 2.446477e-06 4.997895e-05 1.914544e-04
8.000000e-01 5.223000e-02  3.482000e-02  5.000000e-01 1.555432e-05 8.000000e-04 2.728555e+05 3.180203e+01 2.288802e+01 6.923341e+01 2.421410e-06 6.822603e-06 2.578592e-06 5.267793e-05 2.017934e-04
8.000000e-01 5.223000e-02  3.482000e-02  5.000000e-01 1.596878e-05 8.000000e-04 2.728555e+05 3.180203e+01 2.288802e+01 6.923341e+01 2.590160e-06 7.213363e-06 2.717842e-06 5.552266e-05 2.126907e-04
8.000000e-01 5.223000e-02  3.482000e-02  5.000000e-01 1.639429e-05 8.000000e-04 2.728555e+05 3.180203e+01 2.288802e+01 6.923341e+01 2.784132e-06 7.588364e-06 2.864612e-06 5.852101e-05 2.241765e-04
8.000000e-01 5.223000e-02  3.482000e-02  5.000000e-01 1.683113e-05 8.000000e-04 2.728555e+05 3.180203e+01 2.288802e+01 6.923341e+01 2.892307e-06 7.984004e-06 3.019308e-06 6.168128e-05 2.362825e-04
8.000000e-01 5.223000e-02  3.482000e-02  5.000000e-01 1.727962e-05 8.000000e-04 2.728555e+05 3.180203e+01 2.288802e+01 6.923341e+01 2.919783e-06 8.444061e-06 3.182357e-06 6.501222e-05 2.490424e-04
