3.000000e-02 1.914000e-01  1.276000e-01  5.000000e-01 2.000000e-06 8.000000e-04 1.521147e-12 3.178771e+01 2.070236e+01 6.782579e+01 1.514691e-01 7.742181e+00 7.106348e-01 2.319691e+00 3.975659e+01
3.000000e-02 1.914000e-01  1.276000e-01  5.000000e-01 2.053292e-06 8.000000e-04 1.521147e-12 3.178721e+01 2.057512e+01 6.775266e+01 1.577505e-01 8.167483e+00 7.490108e-01 2.444960e+00 4.190354e+01
3.000000e-02 1.914000e-01  1.276000e-01  5.000000e-01 2.108005e-06 8.000000e-04 1.521147e-12 3.178626e+01 2.045261e+01 6.767807e+01 1.668407e-01 8.654674e+00 7.894591e-01 2.576993e+00 4.416643e+01
3.000000e-02 1.914000e-01  1.276000e-01  5.000000e-01 2.164175e-06 8.000000e-04 1.521147e-12 3.178572e+01 2.035310e+01 6.763155e+01 1.732688e-01 9.072972e+00 8.320917e-01 2.716157e+00 4.655152e+01
3.000000e-02 1.914000e-01  1.276000e-01  5.000000e-01 2.221842e-06 8.000000e-04 1.521147e-12 3.178469e+01 2.022302e+01 6.754808e+01 1.852220e-01 9.527349e+00 8.770266e-01 2.862835e+00 4.906540e+01
3.000000e-02 1.914000e-01  1.276000e-01  5.000000e-01 2.281045e-06 8.000000e-04 1.521147e-12 3.178330e+01 2.007515e+01 6.745637e+01 1.966732e-01 1.014406e+01 9.243880e-01 3.017435e+00 5.171505e+01
3.000000e-02 1.914000e-01  1.276000e-01  5.000000e-01 2.341826e-06 8.000000e-04 1.521147e-12 3.178288e+01 1.997434e+01 6.740778e+01 2.051771e-01 1.059193e+01 9.743071e-01 3.180384e+00 5.450778e+01
3.000000e-02 1.914000e-01  1.276000e-01  5.000000e-01 2.404227e-06 8.000000e-04 1.521147e-12 3.178174e+01 1.982945e+01 6.733055e+01 2.158633e-01 1.116451e+01 1.026922e+00 3.352132e+00 5.745133e+01
3.000000e-02 1.914000e-01  1.276000e-01  5.000000e-01 2.468290e-06 8.000000e-04 1.521147e-12 3.178080e+01 1.965721e+01 6.725149e+01 2.280643e-01 1.174390e+01 1.082378e+00 3.533155e+00 6.055383e+01
3.000000e-02 1.914000e-01  1.276000e-01  5.000000e-01 2.534061e-06 8.000000e-04 1.521147e-12 3.177946e+01 1.949774e+01 6.716342e+01 2.414561e-01 1.245032e+01 1.140829e+00 3.723953e+00 6.382388e+01
3.000000e-02 1.914000e-01  1.276000e-01  5.000000e-01 2.601584e-06 8.000000e-04 1.521147e-12 3.177818e+01 1.933826e+01 6.705884e+01 2.555489e-01 1.310156e+01 1.202436e+00 3.925055e+00 6.727052e+01
3.000000e-02 1.914000e-01  1.276000e-01  5.000000e-01 2.670906e-06 8.000000e-04 1.521147e-12 3.177692e+01 1.914185e+01 6.696861e+01 2.669662e-01 1.385183e+01 1.267371e+00 4.137017e+00 7.090328e+01
3.000000e-02 1.914000e-01  1.276000e-01  5.000000e-01 2.742075e-06 8.000000e-04 1.521147e-12 3.177537e+01 1.900224e+01 6.688017e+01 2.820758e-01 1.453537e+01 1.335812e+00 4.360426e+00 7.473222e+01
3.000000e-02 1.914000e-01  1.276000e-01  5.000000e-01 2.815141e-06 8.000000e-04 1.521147e-12 3.177393e+01 1.880571e+01 6.677411e+01 2.982292e-01 1.535591e+01 1.407949e+00 4.595899e+00 7.876793e+01
3.000000e-02 1.914000e-01  1.276000e-01  5.000000e-01 2.890154e-06 8.000000e-04 1.521147e-12 3.177203e+01 1.859842e+01 6.667020e+01 3.135771e-01 1.614273e+01 1.483981e+00 4.844088e+00 8.302158e+01
3.000000e-02 1.914000e-01  1.276000e-01  5.000000e-01 2.967165e-06 8.000000e-04 1.521147e-12 3.177073e+01 1.842465e+01 6.665465e+01 3.309087e-01 1.713251e+01 1.564120e+00 5.105680e+00 8.750494e+01
3.000000e-02 1.914000e-01  1.276000e-01  5.000000e-01 3.046229e-06 8.000000e-04 1.521147e-12 3.176951e+01 1.821112e+01 6.655135e+01 3.493815e-01 1.805895e+01 1.648586e+00 5.381398e+00 9.223041e+01
3.000000e-02 1.914000e-01  1.276000e-01  5.000000e-01 3.127399e-06 8.000000e-04 1.521147e-12 3.176737e+01 1.797008e+01 6.637072e+01 3.679292e-01 1.897370e+01 1.737613e+00 5.672006e+00 9.721107e+01
3.000000e-02 1.914000e-01  1.276000e-01  5.000000e-01 3.210732e-06 8.000000e-04 1.521147e-12 3.176560e+01 1.773137e+01 6.630813e+01 3.864297e-01 2.001002e+01 1.831448e+00 5.978308e+00 1.024607e+02
3.000000e-02 1.914000e-01  1.276000e-01  5.000000e-01 3.296286e-06 8.000000e-04 1.521147e-12 3.176419e+01 1.753931e+01 6.627300e+01 4.064424e-01 2.110440e+01 1.930351e+00 6.301150e+00 1.079938e+02
3.000000e-02 1.914000e-01  1.276000e-01  5.000000e-01 3.384119e-06 8.000000e-04 1.521147e-12 3.176192e+01 1.731264e+01 6.610601e+01 4.279694e-01 2.217888e+01 2.034594e+00 6.641427e+00 1.138257e+02
3.000000e-02 1.914000e-01  1.276000e-01  5.000000e-01 3.474293e-06 8.000000e-04 1.521147e-12 3.175962e+01 1.703341e+01 6.594722e+01 4.501771e-01 2.346336e+01 2.144467e+00 7.000079e+00 1.199726e+02
3.000000e-02 1.914000e-01  1.276000e-01  5.000000e-01 3.566869e-06 8.000000e-04 1.521147e-12 3.175731e+01 1.681635e+01 6.593717e+01 4.777030e-01 2.457970e+01 2.260273e+00 7.378100e+00 1.264514e+02
3.000000e-02 1.914000e-01  1.276000e-01  5.000000e-01 3.661913e-06 8.000000e-04 1.521147e-12 3.175487e+01 1.651670e+01 6.585642e+01 5.023681e-01 2.605392e+01 2.382333e+00 7.776534e+00 1.332800e+02
3.000000e-02 1.914000e-01  1.276000e-01  5.000000e-01 3.759488e-06 8.000000e-04 1.521147e-12 3.175191e+01 1.630851e+01 6.578947e+01 5.312410e-01 2.737132e+01 2.510984e+00 8.196485e+00 1.404775e+02
3.000000e-02 1.914000e-01  1.276000e-01  5.000000e-01 3.859664e-06 8.000000e-04 1.521147e-12 3.174987e+01 1.609169e+01 6.571935e+01 5.600861e-01 2.869849e+01 2.646583e+00 8.639114e+00 1.480636e+02
3.000000e-02 1.914000e-01  1.276000e-01  5.000000e-01 3.962510e-06 8.000000e-04 1.521147e-12 3.174536e+01 1.573992e+01 6.559917e+01 5.938680e-01 3.039556e+01 2.789505e+00 9.105646e+00 1.560593e+02
3.000000e-02 1.914000e-01  1.276000e-01  5.000000e-01 4.068095e-06 8.000000e-04 1.521147e-12 3.174346e+01 1.548299e+01 6.563607e+01 6.220695e-01 3.202477e+01 2.940145e+00 9.597372e+00 1.644869e+02
3.000000e-02 1.914000e-01  1.276000e-01  5.000000e-01 4.176494e-06 8.000000e-04 1.521147e-12 3.173930e+01 1.521493e+01 6.553487e+01 6.597671e-01 3.369983e+01 3.098919e+00 1.011565e+01 1.733696e+02
3.000000e-02 1.914000e-01  1.276000e-01  5.000000e-01 4.287782e-06 8.000000e-04 1.521147e-12 3.173775e+01 1.483385e+01 6.552137e+01 6.891676e-01 3.574249e+01 3.266268e+00 1.066192e+01 1.827319e+02
3.000000e-02 1.914000e-01  1.276000e-01  5.000000e-01 4.402035e-06 8.000000e-04 1.521147e-12 3.173334e+01 1.459370e+01 6.543213e+01 7.256651e-01 3.750556e+01 3.442654e+00 1.123769e+01 1.925999e+02
3.000000e-02 1.914000e-01  1.276000e-01  5.000000e-01 4.519332e-06 8.000000e-04 1.521147e-12 3.173037e+01 1.429929e+01 6.536151e+01 7.678676e-01 3.953967e+01 3.628565e+00 1.184455e+01 2.030007e+02
3.000000e-02 1.914000e-01  1.276000e-01  5.000000e-01 4.639755e-06 8.000000e-04 1.521147e-12 3.172647e+01 1.403781e+01 6.544267e+01 8.062837e-01 4.182026e+01 3.824516e+00 1.248418e+01 2.139632e+02
3.000000e-02 1.914000e-01  1.276000e-01  5.000000e-01 4.763386e-06 8.000000e-04 1.521147e-12 3.172196e+01 1.374834e+01 6.540492e+01 8.441894e-01 4.373523e+01 4.031049e+00 1.315836e+01 2.255177e+02
3.000000e-02 1.914000e-01  1.276000e-01  5.000000e-01 4.890312e-06 8.000000e-04 1.521147e-12 3.171839e+01 1.338461e+01 6.544962e+01 8.981544e-01 4.639797e+01 4.248735e+00 1.386894e+01 2.376962e+02
3.000000e-02 1.914000e-01  1.276000e-01  5.000000e-01 5.020620e-06 8.000000e-04 1.521147e-12 3.171201e+01 1.322280e+01 6.559643e+01 9.410834e-01 4.892613e+01 4.478177e+00 1.461790e+01 2.505324e+02
3.000000e-02 1.914000e-01  1.276000e-01  5.000000e-01 5.154400e-06 8.000000e-04 1.521147e-12 3.170919e+01 1.285830e+01 6.577757e+01 9.976402e-01 5.147028e+01 4.720008e+00 1.540730e+01 2.640617e+02
3.000000e-02 1.914000e-01  1.276000e-01  5.000000e-01 5.291745e-06 8.000000e-04 1.521147e-12 3.170367e+01 1.265251e+01 6.599133e+01 1.055426e+00 5.426016e+01 4.974900e+00 1.623933e+01 2.783216e+02
3.000000e-02 1.914000e-01  1.276000e-01  5.000000e-01 5.432750e-06 8.000000e-04 1.521147e-12 3.169875e+01 1.237492e+01 6.606026e+01 1.112690e+00 5.707975e+01 5.243556e+00 1.711629e+01 2.933516e+02
3.000000e-02 1.914000e-01  1.276000e-01  5.000000e-01 5.577512e-06 8.000000e-04 1.521147e-12 3.169245e+01 1.211285e+01 6.625855e+01 1.163725e+00 6.063000e+01 5.526720e+00 1.804061e+01 3.091933e+02
3.000000e-02 1.914000e-01  1.276000e-01  5.000000e-01 5.726131e-06 8.000000e-04 1.521147e-12 3.168732e+01 1.187898e+01 6.640398e+01 1.221037e+00 6.343492e+01 5.825176e+00 1.901484e+01 3.258905e+02
3.000000e-02 1.914000e-01  1.276000e-01  5.000000e-01 5.878710e-06 8.000000e-04 1.521147e-12 3.167995e+01 1.160586e+01 6.680495e+01 1.293548e+00 6.667436e+01 6.139749e+00 2.004168e+01 3.434893e+02
3.000000e-02 1.914000e-01  1.276000e-01  5.000000e-01 6.035355e-06 8.000000e-04 1.521147e-12 3.167335e+01 1.143753e+01 6.703643e+01 1.363072e+00 7.032899e+01 6.471309e+00 2.112398e+01 3.620385e+02
3.000000e-02 1.914000e-01  1.276000e-01  5.000000e-01 6.196174e-06 8.000000e-04 1.521147e-12 3.166587e+01 1.134717e+01 6.755274e+01 1.443987e+00 7.453027e+01 6.820775e+00 2.226473e+01 3.815894e+02
3.000000e-02 1.914000e-01  1.276000e-01  5.000000e-01 6.361278e-06 8.000000e-04 1.521147e-12 3.165996e+01 1.108474e+01 6.808282e+01 1.522916e+00 7.850583e+01 7.189112e+00 2.346707e+01 4.021961e+02
3.000000e-02 1.914000e-01  1.276000e-01  5.000000e-01 6.530782e-06 8.000000e-04 1.521147e-12 3.165118e+01 1.098958e+01 6.846754e+01 1.595870e+00 8.290604e+01 7.577341e+00 2.473435e+01 4.239157e+02
3.000000e-02 1.914000e-01  1.276000e-01  5.000000e-01 6.704802e-06 8.000000e-04 1.521147e-12 3.164273e+01 1.080764e+01 6.879306e+01 1.692951e+00 8.682063e+01 7.986535e+00 2.607006e+01 4.468081e+02
3.000000e-02 1.914000e-01  1.276000e-01  5.000000e-01 6.883459e-06 8.000000e-04 1.521147e-12 3.163483e+01 1.089570e+01 6.997794e+01 1.777716e+00 9.204141e+01 8.417826e+00 2.747790e+01 4.709368e+02
3.000000e-02 1.914000e-01  1.276000e-01  5.000000e-01 7.066877e-06 8.000000e-04 1.521147e-12 3.162607e+01 1.084256e+01 7.041260e+01 1.872194e+00 9.681653e+01 8.872409e+00 2.896177e+01 4.963684e+02
3.000000e-02 1.914000e-01  1.276000e-01  5.000000e-01 7.255182e-06 8.000000e-04 1.521147e-12 3.161809e+01 1.090526e+01 7.127194e+01 1.961137e+00 1.014122e+02 9.351539e+00 3.052578e+01 5.231735e+02
3.000000e-02 1.914000e-01  1.276000e-01  5.000000e-01 7.448504e-06 8.000000e-04 1.521147e-12 3.160852e+01 1.094143e+01 7.205310e+01 2.074768e+00 1.075955e+02 9.856544e+00 3.217424e+01 5.514261e+02
3.000000e-02 1.914000e-01  1.276000e-01  5.000000e-01 7.646978e-06 8.000000e-04 1.521147e-12 3.159560e+01 1.096061e+01 7.293277e+01 2.196312e+00 1.129368e+02 1.038882e+01 3.391172e+01 5.812043e+02
3.000000e-02 1.914000e-01  1.276000e-01  5.000000e-01 7.850741e-06 8.000000e-04 1.521147e-12 3.158508e+01 1.124304e+01 7.397315e+01 2.322789e+00 1.188191e+02 1.094984e+01 3.574303e+01 6.125907e+02
3.000000e-02 1.914000e-01  1.276000e-01  5.000000e-01 8.059933e-06 8.000000e-04 1.521147e-12 3.157218e+01 1.151050e+01 7.560625e+01 2.435498e+00 1.260110e+02 1.154116e+01 3.767324e+01 6.456720e+02
3.000000e-02 1.914000e-01  1.276000e-01  5.000000e-01 8.274699e-06 8.000000e-04 1.521147e-12 3.156206e+01 1.166600e+01 7.639960e+01 2.573547e+00 1.324800e+02 1.216441e+01 3.970768e+01 6.805398e+02
3.000000e-02 1.914000e-01  1.276000e-01  5.000000e-01 8.495188e-06 8.000000e-04 1.521147e-12 3.154942e+01 1.209688e+01 7.794926e+01 2.704309e+00 1.398157e+02 1.282131e+01 4.185199e+01 7.172905e+02
3.000000e-02 1.914000e-01  1.276000e-01  5.000000e-01 8.721552e-06 8.000000e-04 1.521147e-12 3.153390e+01 1.265718e+01 7.985350e+01 2.840691e+00 1.476851e+02 1.351369e+01 4.411209e+01 7.560259e+02
3.000000e-02 1.914000e-01  1.276000e-01  5.000000e-01 8.953948e-06 8.000000e-04 1.521147e-12 3.152128e+01 1.299357e+01 8.146376e+01 2.995749e+00 1.562718e+02 1.424346e+01 4.649425e+01 7.968530e+02
3.000000e-02 1.914000e-01  1.276000e-01  5.000000e-01 9.192536e-06 8.000000e-04 1.521147e-12 3.150984e+01 1.367836e+01 8.290527e+01 3.143871e+00 1.633391e+02 1.501264e+01 4.900505e+01 8.398849e+02
3.000000e-02 1.914000e-01  1.276000e-01  5.000000e-01 9.437481e-06 8.000000e-04 1.521147e-12 3.148461e+01 1.427657e+01 8.457455e+01 3.342954e+00 1.724260e+02 1.582336e+01 5.165143e+01 8.852407e+02
3.000000e-02 1.914000e-01  1.276000e-01  5.000000e-01 9.688954e-06 8.000000e-04 1.521147e-12 3.147290e+01 1.506411e+01 8.705883e+01 3.523218e+00 1.819391e+02 1.667786e+01 5.444073e+01 9.330457e+02
3.000000e-02 1.914000e-01  1.276000e-01  5.000000e-01 9.947127e-06 8.000000e-04 1.521147e-12 3.144872e+01 1.556219e+01 8.848478e+01 3.727468e+00 1.908151e+02 1.757850e+01 5.738065e+01 9.834323e+02
3.000000e-02 1.914000e-01  1.276000e-01  5.000000e-01 1.021218e-05 8.000000e-04 1.521147e-12 3.143292e+01 1.644148e+01 9.082368e+01 3.921695e+00 2.020102e+02 1.852778e+01 6.047934e+01 1.036540e+03
3.000000e-02 1.914000e-01  1.276000e-01  5.000000e-01 1.048430e-05 8.000000e-04 1.521147e-12 3.141161e+01 1.749469e+01 9.349592e+01 4.120018e+00 2.125773e+02 1.952832e+01 6.374537e+01 1.092516e+03
3.000000e-02 1.914000e-01  1.276000e-01  5.000000e-01 1.076366e-05 8.000000e-04 1.521147e-12 3.139537e+01 1.835860e+01 9.535341e+01 4.369634e+00 2.245524e+02 2.058290e+01 6.718776e+01 1.151514e+03
3.000000e-02 1.914000e-01  1.276000e-01  5.000000e-01 1.105047e-05 8.000000e-04 1.521147e-12 3.137411e+01 1.958893e+01 9.806592e+01 4.572218e+00 2.364693e+02 2.169442e+01 7.081606e+01 1.213698e+03
3.000000e-02 1.914000e-01  1.276000e-01  5.000000e-01 1.134492e-05 8.000000e-04 1.521147e-12 3.135300e+01 2.049013e+01 1.006745e+02 4.807521e+00 2.488350e+02 2.286597e+01 7.464029e+01 1.279241e+03
3.000000e-02 1.914000e-01  1.276000e-01  5.000000e-01 1.164722e-05 8.000000e-04 1.521147e-12 3.132381e+01 2.215629e+01 1.038685e+02 5.100982e+00 2.635226e+02 2.410079e+01 7.867104e+01 1.348323e+03
3.000000e-02 1.914000e-01  1.276000e-01  5.000000e-01 1.195758e-05 8.000000e-04 1.521147e-12 3.130885e+01 2.313125e+01 1.063362e+02 5.311627e+00 2.777344e+02 2.540229e+01 8.291945e+01 1.421135e+03
3.000000e-02 1.914000e-01  1.276000e-01  5.000000e-01 1.227620e-05 8.000000e-04 1.521147e-12 3.127802e+01 2.471748e+01 1.098146e+02 5.659618e+00 2.916416e+02 2.677407e+01 8.739730e+01 1.497880e+03
3.000000e-02 1.914000e-01  1.276000e-01  5.000000e-01 1.260331e-05 8.000000e-04 1.521147e-12 3.124930e+01 2.595331e+01 1.124712e+02 5.894107e+00 3.071124e+02 2.821993e+01 9.211695e+01 1.578769e+03
3.000000e-02 1.914000e-01  1.276000e-01  5.000000e-01 1.293914e-05 8.000000e-04 1.521147e-12 3.122412e+01 2.747908e+01 1.156172e+02 6.229889e+00 3.232498e+02 2.974387e+01 9.709148e+01 1.664026e+03
3.000000e-02 1.914000e-01  1.276000e-01  5.000000e-01 1.328392e-05 8.000000e-04 1.521147e-12 3.118078e+01 2.908338e+01 1.192714e+02 6.603875e+00 3.431648e+02 3.135011e+01 1.023346e+02 1.753887e+03
3.000000e-02 1.914000e-01  1.276000e-01  5.000000e-01 1.363789e-05 8.000000e-04 1.521147e-12 3.114153e+01 3.061300e+01 1.224598e+02 7.010176e+00 3.594890e+02 3.304309e+01 1.078610e+02 1.848601e+03
3.000000e-02 1.914000e-01  1.276000e-01  5.000000e-01 1.400128e-05 8.000000e-04 1.521147e-12 3.112123e+01 3.269489e+01 1.264903e+02 7.338130e+00 3.806847e+02 3.482749e+01 1.136857e+02 1.948430e+03
3.000000e-02 1.914000e-01  1.276000e-01  5.000000e-01 1.437436e-05 8.000000e-04 1.521147e-12 3.108625e+01 3.450879e+01 1.304125e+02 7.737739e+00 4.018163e+02 3.670825e+01 1.198250e+02 2.053650e+03
3.000000e-02 1.914000e-01  1.276000e-01  5.000000e-01 1.475738e-05 8.000000e-04 1.521147e-12 3.103831e+01 3.592263e+01 1.332994e+02 8.120683e+00 4.216516e+02 3.869059e+01 1.262958e+02 2.164552e+03
3.000000e-02 1.914000e-01  1.276000e-01  5.000000e-01 1.515061e-05 8.000000e-04 1.521147e-12 3.101016e+01 3.818829e+01 1.379823e+02 8.517538e+00 4.456143e+02 4.077997e+01 1.331161e+02 2.281442e+03
3.000000e-02 1.914000e-01  1.276000e-01  5.000000e-01 1.555432e-05 8.000000e-04 1.521147e-12 3.095401e+01 4.011222e+01 1.416609e+02 9.135440e+00 4.666146e+02 4.298218e+01 1.403046e+02 2.404645e+03
3.000000e-02 1.914000e-01  1.276000e-01  5.000000e-01 1.596878e-05 8.000000e-04 1.521147e-12 3.091497e+01 4.232541e+01 1.458629e+02 9.553757e+00 4.923993e+02 4.530332e+01 1.478814e+02 2.534502e+03
3.000000e-02 1.914000e-01  1.276000e-01  5.000000e-01 1.639429e-05 8.000000e-04 1.521147e-12 3.086194e+01 4.411638e+01 1.501958e+02 1.012455e+01 5.211075e+02 4.774980e+01 1.558674e+02 2.671371e+03
3.000000e-02 1.914000e-01  1.276000e-01  5.000000e-01 1.683113e-05 8.000000e-04 1.521147e-12 3.081082e+01 4.627337e+01 1.540539e+02 1.055590e+01 5.469226e+02 5.032840e+01 1.642846e+02 2.815631e+03
3.000000e-02 1.914000e-01  1.276000e-01  5.000000e-01 1.727962e-05 8.000000e-04 1.521147e-12 3.076545e+01 4.902730e+01 1.592025e+02 1.113282e+01 5.776109e+02 5.304625e+01 1.731563e+02 2.967682e+03
3.000000e-02 1.914000e-01  1.276000e-01  5.000000e-01 1.774005e-05 8.000000e-04 1.521147e-12 3.070892e+01 5.063076e+01 1.627248e+02 1.179338e+01 6.065056e+02 5.591087e+01 1.825071e+02 3.127943e+03
3.000000e-02 1.914000e-01  1.276000e-01  5.000000e-01 1.821276e-05 8.000000e-04 1.521147e-12 3.065081e+01 5.324853e+01 1.680989e+02 1.235763e+01 6.434194e+02 5.893018e+01 1.923630e+02 3.296859e+03
3.000000e-02 1.914000e-01  1.276000e-01  5.000000e-01 1.869805e-05 8.000000e-04 1.521147e-12 3.058382e+01 5.518079e+01 1.720930e+02 1.308837e+01 6.771065e+02 6.211255e+01 2.027510e+02 3.474897e+03
3.000000e-02 1.914000e-01  1.276000e-01  5.000000e-01 1.919629e-05 8.000000e-04 1.521147e-12 3.051185e+01 5.812150e+01 1.772685e+02 1.391459e+01 7.111478e+02 6.546677e+01 2.137000e+02 3.662550e+03
3.000000e-02 1.914000e-01  1.276000e-01  5.000000e-01 1.970779e-05 8.000000e-04 1.521147e-12 3.046152e+01 6.090045e+01 1.829077e+02 1.460608e+01 7.545574e+02 6.900213e+01 2.252403e+02 3.860336e+03
3.000000e-02 1.914000e-01  1.276000e-01  5.000000e-01 2.023293e-05 8.000000e-04 1.521147e-12 3.038520e+01 6.318740e+01 1.881602e+02 1.539135e+01 7.944645e+02 7.272840e+01 2.374038e+02 4.068803e+03
3.000000e-02 1.914000e-01  1.276000e-01  5.000000e-01 2.077206e-05 8.000000e-04 1.521147e-12 3.031196e+01 6.563440e+01 1.926640e+02 1.612271e+01 8.345186e+02 7.665591e+01 2.502242e+02 4.288528e+03
3.000000e-02 1.914000e-01  1.276000e-01  5.000000e-01 2.132555e-05 8.000000e-04 1.521147e-12 3.024098e+01 6.853341e+01 1.986154e+02 1.693826e+01 8.807005e+02 8.079550e+01 2.637369e+02 4.520118e+03
3.000000e-02 1.914000e-01  1.276000e-01  5.000000e-01 2.189380e-05 8.000000e-04 1.521147e-12 3.010817e+01 7.156680e+01 2.052053e+02 1.813684e+01 9.353463e+02 8.515865e+01 2.779793e+02 4.764215e+03
3.000000e-02 1.914000e-01  1.276000e-01  5.000000e-01 2.247718e-05 8.000000e-04 1.521147e-12 3.005092e+01 7.444502e+01 2.103319e+02 1.893463e+01 9.779886e+02 8.975741e+01 2.929908e+02 5.021494e+03
3.000000e-02 1.914000e-01  1.276000e-01  5.000000e-01 2.307611e-05 8.000000e-04 1.521147e-12 2.996207e+01 7.714205e+01 2.158354e+02 2.008792e+01 1.030751e+03 9.460452e+01 3.088130e+02 5.292666e+03
3.000000e-02 1.914000e-01  1.276000e-01  5.000000e-01 2.369100e-05 8.000000e-04 1.521147e-12 2.986798e+01 7.985246e+01 2.216295e+02 2.111331e+01 1.089657e+03 9.971338e+01 3.254896e+02 5.578482e+03
3.000000e-02 1.914000e-01  1.276000e-01  5.000000e-01 2.432228e-05 8.000000e-04 1.521147e-12 2.977285e+01 8.275408e+01 2.269323e+02 2.204919e+01 1.146062e+03 1.050981e+02 3.430668e+02 5.879733e+03
3.000000e-02 1.914000e-01  1.276000e-01  5.000000e-01 2.497037e-05 8.000000e-04 1.521147e-12 2.964927e+01 8.611935e+01 2.334506e+02 2.333182e+01 1.208473e+03 1.107737e+02 3.615932e+02 6.197253e+03
3.000000e-02 1.914000e-01  1.276000e-01  5.000000e-01 2.563574e-05 8.000000e-04 1.521147e-12 2.955017e+01 8.888648e+01 2.393187e+02 2.465307e+01 1.276364e+03 1.167557e+02 3.811200e+02 6.531918e+03
3.000000e-02 1.914000e-01  1.276000e-01  5.000000e-01 2.631883e-05 8.000000e-04 1.521147e-12 2.945981e+01 9.208513e+01 2.461898e+02 2.585517e+01 1.340099e+03 1.230608e+02 4.017014e+02 6.884657e+03
3.000000e-02 1.914000e-01  1.276000e-01  5.000000e-01 2.702013e-05 8.000000e-04 1.521147e-12 2.929169e+01 9.509996e+01 2.522083e+02 2.739459e+01 1.404983e+03 1.297064e+02 4.233942e+02 7.256445e+03
3.000000e-02 1.914000e-01  1.276000e-01  5.000000e-01 2.774011e-05 8.000000e-04 1.521147e-12 2.915909e+01 9.839200e+01 2.596505e+02 2.903561e+01 1.490516e+03 1.367108e+02 4.462584e+02 7.648309e+03
3.000000e-02 1.914000e-01  1.276000e-01  5.000000e-01 2.847928e-05 8.000000e-04 1.521147e-12 2.903303e+01 1.023448e+02 2.662052e+02 3.046608e+01 1.569328e+03 1.440935e+02 4.703574e+02 8.061336e+03
3.000000e-02 1.914000e-01  1.276000e-01  5.000000e-01 2.923814e-05 8.000000e-04 1.521147e-12 2.896261e+01 1.056055e+02 2.729327e+02 3.167701e+01 1.660716e+03 1.518749e+02 4.957578e+02 8.496666e+03
3.000000e-02 1.914000e-01  1.276000e-01  5.000000e-01 3.001722e-05 8.000000e-04 1.521147e-12 2.871737e+01 1.086110e+02 2.788809e+02 3.395652e+01 1.740301e+03 1.600765e+02 5.225299e+02 8.955506e+03
3.000000e-02 1.914000e-01  1.276000e-01  5.000000e-01 3.081707e-05 8.000000e-04 1.521147e-12 2.859509e+01 1.119016e+02 2.863998e+02 3.545301e+01 1.841424e+03 1.687210e+02 5.507477e+02 9.439124e+03
3.000000e-02 1.914000e-01  1.276000e-01  5.000000e-01 3.163822e-05 8.000000e-04 1.521147e-12 2.843095e+01 1.156482e+02 2.939862e+02 3.744131e+01 1.941700e+03 1.778323e+02 5.804894e+02 9.948859e+03
3.000000e-02 1.914000e-01  1.276000e-01  5.000000e-01 3.248126e-05 8.000000e-04 1.521147e-12 2.824375e+01 1.193894e+02 3.017614e+02 3.980755e+01 2.042699e+03 1.874356e+02 6.118371e+02 1.048612e+04
3.000000e-02 1.914000e-01  1.276000e-01  5.000000e-01 3.334676e-05 8.000000e-04 1.521147e-12 2.807890e+01 1.239449e+02 3.104531e+02 4.177490e+01 2.155785e+03 1.975576e+02 6.448778e+02 1.105239e+04
3.000000e-02 1.914000e-01  1.276000e-01  5.000000e-01 3.423532e-05 8.000000e-04 1.521147e-12 2.789794e+01 1.265568e+02 3.159454e+02 4.397469e+01 2.264936e+03 2.082262e+02 6.797026e+02 1.164925e+04
3.000000e-02 1.914000e-01  1.276000e-01  5.000000e-01 3.514756e-05 8.000000e-04 1.521147e-12 2.771607e+01 1.302908e+02 3.229684e+02 4.599721e+01 2.384629e+03 2.194709e+02 7.164082e+02 1.227834e+04
3.000000e-02 1.914000e-01  1.276000e-01  5.000000e-01 3.608411e-05 8.000000e-04 1.521147e-12 2.750699e+01 1.341255e+02 3.316487e+02 4.885418e+01 2.518177e+03 2.313228e+02 7.550959e+02 1.294139e+04
3.000000e-02 1.914000e-01  1.276000e-01  5.000000e-01 3.704561e-05 8.000000e-04 1.521147e-12 2.722984e+01 1.372458e+02 3.373498e+02 5.134289e+01 2.647712e+03 2.438148e+02 7.958728e+02 1.364026e+04
3.000000e-02 1.914000e-01  1.276000e-01  5.000000e-01 3.803273e-05 8.000000e-04 1.521147e-12 2.700073e+01 1.415414e+02 3.458650e+02 5.429111e+01 2.785245e+03 2.569813e+02 8.388517e+02 1.437687e+04
3.000000e-02 1.914000e-01  1.276000e-01  5.000000e-01 3.904616e-05 8.000000e-04 1.521147e-12 2.675836e+01 1.452870e+02 3.535390e+02 5.699704e+01 2.952916e+03 2.708589e+02 8.841517e+02 1.515325e+04
3.000000e-02 1.914000e-01  1.276000e-01  5.000000e-01 4.008659e-05 8.000000e-04 1.521147e-12 2.652911e+01 1.492356e+02 3.611684e+02 6.019781e+01 3.086895e+03 2.854859e+02 9.318979e+02 1.597156e+04
3.000000e-02 1.914000e-01  1.276000e-01  5.000000e-01 4.115474e-05 8.000000e-04 1.521147e-12 2.630302e+01 1.528935e+02 3.697072e+02 6.325569e+01 3.269680e+03 3.009028e+02 9.822225e+02 1.683406e+04
3.000000e-02 1.914000e-01  1.276000e-01  5.000000e-01 4.225136e-05 8.000000e-04 1.521147e-12 2.595501e+01 1.575894e+02 3.788429e+02 6.750168e+01 3.464352e+03 3.171523e+02 1.035265e+03 1.774314e+04
3.000000e-02 1.914000e-01  1.276000e-01  5.000000e-01 4.337719e-05 8.000000e-04 1.521147e-12 2.570647e+01 1.614315e+02 3.863605e+02 7.042687e+01 3.626223e+03 3.342792e+02 1.091172e+03 1.870131e+04
3.000000e-02 1.914000e-01  1.276000e-01  5.000000e-01 4.453303e-05 8.000000e-04 1.521147e-12 2.538606e+01 1.655886e+02 3.940787e+02 7.401233e+01 3.818633e+03 3.523311e+02 1.150097e+03 1.971122e+04
3.000000e-02 1.914000e-01  1.276000e-01  5.000000e-01 4.571966e-05 8.000000e-04 1.521147e-12 2.512988e+01 1.698157e+02 4.027357e+02 7.820957e+01 4.035469e+03 3.713578e+02 1.212205e+03 2.077568e+04
3.000000e-02 1.914000e-01  1.276000e-01  5.000000e-01 4.693791e-05 8.000000e-04 1.521147e-12 2.476634e+01 1.746039e+02 4.128178e+02 8.292917e+01 4.255421e+03 3.914119e+02 1.277667e+03 2.189761e+04
3.000000e-02 1.914000e-01  1.276000e-01  5.000000e-01 4.818863e-05 8.000000e-04 1.521147e-12 2.434751e+01 1.795794e+02 4.220222e+02 8.714206e+01 4.508227e+03 4.125491e+02 1.346664e+03 2.308013e+04
3.000000e-02 1.914000e-01  1.276000e-01  5.000000e-01 4.947267e-05 8.000000e-04 1.521147e-12 2.404642e+01 1.824493e+02 4.277643e+02 9.222061e+01 4.764430e+03 4.348277e+02 1.419387e+03 2.432651e+04
3.000000e-02 1.914000e-01  1.276000e-01  5.000000e-01 5.079093e-05 8.000000e-04 1.521147e-12 2.366069e+01 1.875077e+02 4.372665e+02 9.689715e+01 4.988488e+03 4.583094e+02 1.496037e+03 2.564020e+04
3.000000e-02 1.914000e-01  1.276000e-01  5.000000e-01 5.214431e-05 8.000000e-04 1.521147e-12 2.333451e+01 1.919501e+02 4.462848e+02 1.009740e+02 5.262588e+03 4.830592e+02 1.576827e+03 2.702483e+04
3.000000e-02 1.914000e-01  1.276000e-01  5.000000e-01 5.353375e-05 8.000000e-04 1.521147e-12 2.292160e+01 1.970703e+02 4.560267e+02 1.074980e+02 5.575620e+03 5.091455e+02 1.661979e+03 2.848423e+04
3.000000e-02 1.914000e-01  1.276000e-01  5.000000e-01 5.496022e-05 8.000000e-04 1.521147e-12 2.247231e+01 2.022044e+02 4.660357e+02 1.128805e+02 5.851212e+03 5.366405e+02 1.751730e+03 3.002245e+04
3.000000e-02 1.914000e-01  1.276000e-01  5.000000e-01 5.642470e-05 8.000000e-04 1.521147e-12 2.205357e+01 2.061031e+02 4.738836e+02 1.190074e+02 6.184231e+03 5.656203e+02 1.846327e+03 3.164373e+04
3.000000e-02 1.914000e-01  1.276000e-01  5.000000e-01 5.792820e-05 8.000000e-04 1.521147e-12 2.161233e+01 2.113571e+02 4.840196e+02 1.261194e+02 6.504607e+03 5.961651e+02 1.946033e+03 3.335256e+04
3.000000e-02 1.914000e-01  1.276000e-01  5.000000e-01 5.947176e-05 8.000000e-04 1.521147e-12 2.117156e+01 2.145983e+02 4.900710e+02 1.324383e+02 6.847572e+03 6.283594e+02 2.051123e+03 3.515368e+04
3.000000e-02 1.914000e-01  1.276000e-01  5.000000e-01 6.105646e-05 8.000000e-04 1.521147e-12 2.063758e+01 2.195102e+02 4.996622e+02 1.398635e+02 7.213225e+03 6.622923e+02 2.161889e+03 3.705206e+04
3.000000e-02 1.914000e-01  1.276000e-01  5.000000e-01 6.268338e-05 8.000000e-04 1.521147e-12 2.006326e+01 2.261168e+02 5.121797e+02 1.480074e+02 7.634405e+03 6.980576e+02 2.278636e+03 3.905296e+04
3.000000e-02 1.914000e-01  1.276000e-01  5.000000e-01 6.435365e-05 8.000000e-04 1.521147e-12 1.967106e+01 2.318858e+02 5.232156e+02 1.555825e+02 8.005541e+03 7.357543e+02 2.401687e+03 4.116191e+04
3.000000e-02 1.914000e-01  1.276000e-01  5.000000e-01 6.606842e-05 8.000000e-04 1.521147e-12 1.903190e+01 2.358534e+02 5.311044e+02 1.634459e+02 8.427547e+03 7.754868e+02 2.531384e+03 4.338474e+04
3.000000e-02 1.914000e-01  1.276000e-01  5.000000e-01 6.782889e-05 8.000000e-04 1.521147e-12 1.847346e+01 2.410943e+02 5.408702e+02 1.729869e+02 8.863559e+03 8.173649e+02 2.668085e+03 4.572762e+04
3.000000e-02 1.914000e-01  1.276000e-01  5.000000e-01 6.963627e-05 8.000000e-04 1.521147e-12 1.785710e+01 2.463463e+02 5.525037e+02 1.830554e+02 9.367689e+03 8.615044e+02 2.812167e+03 4.819702e+04
3.000000e-02 1.914000e-01  1.276000e-01  5.000000e-01 7.149181e-05 8.000000e-04 1.521147e-12 1.748078e+01 2.573862e+02 5.746000e+02 1.916269e+02 9.881837e+03 9.080277e+02 2.964031e+03 5.079977e+04
3.000000e-02 1.914000e-01  1.276000e-01  5.000000e-01 7.339679e-05 8.000000e-04 1.521147e-12 1.673727e+01 2.565923e+02 5.726017e+02 2.035089e+02 1.040056e+04 9.570633e+02 3.124095e+03 5.354307e+04
3.000000e-02 1.914000e-01  1.276000e-01  5.000000e-01 7.535253e-05 8.000000e-04 1.521147e-12 1.646709e+01 2.613701e+02 5.822344e+02 2.123192e+02 1.100382e+04 1.008747e+03 3.292804e+03 5.643452e+04
3.000000e-02 1.914000e-01  1.276000e-01  5.000000e-01 7.736039e-05 8.000000e-04 1.521147e-12 1.562860e+01 2.684046e+02 5.967269e+02 2.254591e+02 1.159007e+04 1.063222e+03 3.470623e+03 5.948212e+04
3.000000e-02 1.914000e-01  1.276000e-01  5.000000e-01 7.942174e-05 8.000000e-04 1.521147e-12 1.504388e+01 2.756366e+02 6.172903e+02 2.365119e+02 1.217463e+04 1.120638e+03 3.658044e+03 6.269429e+04
3.000000e-02 1.914000e-01  1.276000e-01  5.000000e-01 8.153803e-05 8.000000e-04 1.521147e-12 1.447962e+01 2.808397e+02 6.285451e+02 2.483202e+02 1.293996e+04 1.181155e+03 3.855587e+03 6.607992e+04
3.000000e-02 1.914000e-01  1.276000e-01  5.000000e-01 8.371070e-05 8.000000e-04 1.521147e-12 1.389861e+01 2.837923e+02 6.338592e+02 2.637210e+02 1.357671e+04 1.244940e+03 4.063798e+03 6.964839e+04
3.000000e-02 1.914000e-01  1.276000e-01  5.000000e-01 8.594127e-05 8.000000e-04 1.521147e-12 1.351902e+01 2.905012e+02 6.492476e+02 2.771538e+02 1.433877e+04 1.312170e+03 4.283252e+03 7.340957e+04
3.000000e-02 1.914000e-01  1.276000e-01  5.000000e-01 8.823127e-05 8.000000e-04 1.521147e-12 1.272699e+01 2.976014e+02 6.895193e+02 2.913840e+02 1.499545e+04 1.383030e+03 4.514558e+03 7.737385e+04
3.000000e-02 1.914000e-01  1.276000e-01  5.000000e-01 9.058230e-05 8.000000e-04 1.521147e-12 1.241607e+01 3.024446e+02 6.874891e+02 3.077876e+02 1.581072e+04 1.457717e+03 4.758355e+03 8.155222e+04
3.000000e-02 1.914000e-01  1.276000e-01  5.000000e-01 9.299597e-05 8.000000e-04 1.521147e-12 1.151795e+01 3.101703e+02 7.577309e+02 3.267153e+02 1.676199e+04 1.536437e+03 5.015317e+03 8.595623e+04
3.000000e-02 1.914000e-01  1.276000e-01  5.000000e-01 9.547395e-05 8.000000e-04 1.521147e-12 1.099630e+01 3.127426e+02 8.558468e+02 3.391445e+02 1.762676e+04 1.619408e+03 5.286155e+03 9.059806e+04
3.000000e-02 1.914000e-01  1.276000e-01  5.000000e-01 9.801796e-05 8.000000e-04 1.521147e-12 1.037480e+01 3.243448e+02 1.043583e+03 3.605705e+02 1.855008e+04 1.706860e+03 5.571620e+03 9.549057e+04
3.000000e-02 1.914000e-01  1.276000e-01  5.000000e-01 1.006298e-04 8.000000e-04 1.521147e-12 9.944817e+00 3.312955e+02 1.667657e+03 3.784873e+02 1.962794e+04 1.799034e+03 5.872500e+03 1.006473e+05
3.000000e-02 1.914000e-01  1.276000e-01  5.000000e-01 1.033112e-04 8.000000e-04 1.521147e-12 9.275717e+00 3.343819e+02 2.790636e+02 3.994604e+02 2.062972e+04 1.896186e+03 6.189629e+03 1.060825e+05
3.000000e-02 1.914000e-01  1.276000e-01  5.000000e-01 1.060640e-04 8.000000e-04 1.521147e-12 9.057312e+00 3.384070e+02 1.121368e+02 4.175104e+02 2.186744e+04 1.998585e+03 6.523883e+03 1.118112e+05
3.000000e-02 1.914000e-01  1.276000e-01  5.000000e-01 1.088902e-04 8.000000e-04 1.521147e-12 8.236735e+00 3.482917e+02 2.851051e+02 4.492568e+02 2.309558e+04 2.106513e+03 6.876188e+03 1.178492e+05
3.000000e-02 1.914000e-01  1.276000e-01  5.000000e-01 1.117917e-04 8.000000e-04 1.521147e-12 7.932759e+00 3.548043e+02 5.060899e+02 4.673477e+02 2.433094e+04 2.220269e+03 7.247518e+03 1.242134e+05
3.000000e-02 1.914000e-01  1.276000e-01  5.000000e-01 1.147705e-04 8.000000e-04 1.521147e-12 7.572864e+00 3.572537e+02 4.724178e+02 4.920946e+02 2.566181e+04 2.340169e+03 7.638901e+03 1.309212e+05
3.000000e-02 1.914000e-01  1.276000e-01  5.000000e-01 1.178287e-04 8.000000e-04 1.521147e-12 7.330962e+00 3.665508e+02 4.310246e+02 5.219610e+02 2.693784e+04 2.466544e+03 8.051419e+03 1.379912e+05
3.000000e-02 1.914000e-01  1.276000e-01  5.000000e-01 1.209684e-04 8.000000e-04 1.521147e-12 6.986527e+00 3.703739e+02 5.292293e+02 5.434381e+02 2.824585e+04 2.599743e+03 8.486214e+03 1.454431e+05
3.000000e-02 1.914000e-01  1.276000e-01  5.000000e-01 1.241917e-04 8.000000e-04 1.521147e-12 6.533170e+00 3.757916e+02 5.144530e+02 5.783889e+02 2.988843e+04 2.740135e+03 8.944489e+03 1.532973e+05
3.000000e-02 1.914000e-01  1.276000e-01  5.000000e-01 1.275010e-04 8.000000e-04 1.521147e-12 6.675675e+00 3.850881e+02 4.719083e+02 6.140290e+02 3.133923e+04 2.888108e+03 9.427513e+03 1.615757e+05
3.000000e-02 1.914000e-01  1.276000e-01  5.000000e-01 1.308984e-04 8.000000e-04 1.521147e-12 6.377064e+00 3.863709e+02 4.469652e+02 6.444263e+02 3.317269e+04 3.044073e+03 9.936620e+03 1.703012e+05
3.000000e-02 1.914000e-01  1.276000e-01  5.000000e-01 1.343863e-04 8.000000e-04 1.521147e-12 6.789744e+00 3.937246e+02 1.352178e+01 6.806165e+02 3.506931e+04 3.208460e+03 1.047322e+04 1.794978e+05
3.000000e-02 1.914000e-01  1.276000e-01  5.000000e-01 1.379672e-04 8.000000e-04 1.521147e-12 6.641503e+00 3.991032e+02 1.000000e+10 7.139833e+02 3.687998e+04 3.381724e+03 1.103880e+04 1.891911e+05
3.000000e-02 1.914000e-01  1.276000e-01  5.000000e-01 1.416435e-04 8.000000e-04 1.521147e-12 6.678901e+00 4.079537e+02 1.000000e+10 7.562411e+02 3.885696e+04 3.564345e+03 1.163492e+04 1.994079e+05
3.000000e-02 1.914000e-01  1.276000e-01  5.000000e-01 1.454177e-04 8.000000e-04 1.521147e-12 6.895289e+00 4.150591e+02 1.000000e+10 7.930815e+02 4.105550e+04 3.756828e+03 1.226323e+04 2.101764e+05
3.000000e-02 1.914000e-01  1.276000e-01  5.000000e-01 1.492926e-04 8.000000e-04 1.521147e-12 7.212125e+00 4.149159e+02 9.757149e+04 8.344295e+02 4.313394e+04 3.959705e+03 1.292547e+04 2.215264e+05
3.000000e-02 1.914000e-01  1.276000e-01  5.000000e-01 1.532706e-04 8.000000e-04 1.521147e-12 7.624087e+00 4.243369e+02 2.138522e+03 8.834716e+02 4.570519e+04 4.173538e+03 1.362348e+04 2.334893e+05
3.000000e-02 1.914000e-01  1.276000e-01  5.000000e-01 1.573547e-04 8.000000e-04 1.521147e-12 8.289170e+00 4.302775e+02 1.380051e+03 9.318796e+02 4.806436e+04 4.398919e+03 1.435918e+04 2.460983e+05
3.000000e-02 1.914000e-01  1.276000e-01  5.000000e-01 1.615476e-04 8.000000e-04 1.521147e-12 8.843878e+00 4.343552e+02 1.110526e+03 9.798627e+02 5.059760e+04 4.636471e+03 1.513461e+04 2.593882e+05
3.000000e-02 1.914000e-01  1.276000e-01  5.000000e-01 1.658522e-04 8.000000e-04 1.521147e-12 9.251130e+00 4.377016e+02 1.142435e+03 1.034000e+03 5.334608e+04 4.886851e+03 1.595191e+04 2.733957e+05
3.000000e-02 1.914000e-01  1.276000e-01  5.000000e-01 1.702715e-04 8.000000e-04 1.521147e-12 1.008560e+01 4.449046e+02 1.062028e+03 1.075674e+03 5.594912e+04 5.150752e+03 1.681335e+04 2.881597e+05
3.000000e-02 1.914000e-01  1.276000e-01  5.000000e-01 1.748086e-04 8.000000e-04 1.521147e-12 1.141531e+01 4.497963e+02 9.952307e+02 1.148504e+03 5.902070e+04 5.428905e+03 1.772131e+04 3.037210e+05
3.000000e-02 1.914000e-01  1.276000e-01  5.000000e-01 1.794666e-04 8.000000e-04 1.521147e-12 1.237000e+01 4.596184e+02 1.015100e+03 1.210437e+03 6.268711e+04 5.722078e+03 1.867830e+04 3.201227e+05
3.000000e-02 1.914000e-01  1.276000e-01  5.000000e-01 1.842487e-04 8.000000e-04 1.521147e-12 1.306885e+01 4.628788e+02 9.913238e+02 1.269693e+03 6.553152e+04 6.031084e+03 1.968698e+04 3.374100e+05
3.000000e-02 1.914000e-01  1.276000e-01  5.000000e-01 1.891582e-04 8.000000e-04 1.521147e-12 1.454672e+01 4.654065e+02 9.596155e+02 1.338559e+03 6.892772e+04 6.356776e+03 2.075012e+04 3.556310e+05
3.000000e-02 1.914000e-01  1.276000e-01  5.000000e-01 1.941986e-04 8.000000e-04 1.521147e-12 1.584340e+01 4.683251e+02 9.549088e+02 1.426820e+03 7.331238e+04 6.700057e+03 2.187067e+04 3.748359e+05
3.000000e-02 1.914000e-01  1.276000e-01  5.000000e-01 1.993732e-04 8.000000e-04 1.521147e-12 1.754894e+01 4.735861e+02 9.308034e+02 1.487600e+03 7.697954e+04 7.061876e+03 2.305174e+04 3.950779e+05
3.000000e-02 1.914000e-01  1.276000e-01  5.000000e-01 2.046857e-04 8.000000e-04 1.521147e-12 1.909945e+01 4.781963e+02 9.535418e+02 1.567471e+03 8.141599e+04 7.443233e+03 2.429659e+04 4.164130e+05
3.000000e-02 1.914000e-01  1.276000e-01  5.000000e-01 2.101398e-04 8.000000e-04 1.521147e-12 2.100236e+01 4.839241e+02 9.551221e+02 1.658505e+03 8.529847e+04 7.845185e+03 2.560866e+04 4.389002e+05
3.000000e-02 1.914000e-01  1.276000e-01  5.000000e-01 2.157392e-04 8.000000e-04 1.521147e-12 2.322463e+01 4.871879e+02 9.434936e+02 1.760703e+03 9.063197e+04 8.268843e+03 2.699158e+04 4.626019e+05
