5.000000e-01 1.701000e-01  1.134000e-01  5.000000e-01 2.000000e-06 8.000000e-04 1.117793e+02 3.180202e+01 2.288740e+01 6.923304e+01 7.136906e-05 2.335354e-03 2.604949e-04 1.212268e-03 1.829511e-02
5.000000e-01 1.701000e-01  1.134000e-01  5.000000e-01 2.053292e-06 8.000000e-04 1.117793e+02 3.180202e+01 2.288736e+01 6.923302e+01 7.496138e-05 2.469329e-03 2.745623e-04 1.277733e-03 1.928309e-02
5.000000e-01 1.701000e-01  1.134000e-01  5.000000e-01 2.108005e-06 8.000000e-04 1.117793e+02 3.180202e+01 2.288733e+01 6.923300e+01 7.884237e-05 2.601377e-03 2.893893e-04 1.346734e-03 2.032442e-02
5.000000e-01 1.701000e-01  1.134000e-01  5.000000e-01 2.164175e-06 8.000000e-04 1.117793e+02 3.180202e+01 2.288730e+01 6.923298e+01 8.358675e-05 2.734328e-03 3.050170e-04 1.419461e-03 2.142198e-02
5.000000e-01 1.701000e-01  1.134000e-01  5.000000e-01 2.221842e-06 8.000000e-04 1.117793e+02 3.180202e+01 2.288725e+01 6.923295e+01 8.894320e-05 2.893306e-03 3.214886e-04 1.496115e-03 2.257882e-02
5.000000e-01 1.701000e-01  1.134000e-01  5.000000e-01 2.281045e-06 8.000000e-04 1.117793e+02 3.180202e+01 2.288721e+01 6.923293e+01 9.215464e-05 3.035708e-03 3.388497e-04 1.576909e-03 2.379813e-02
5.000000e-01 1.701000e-01  1.134000e-01  5.000000e-01 2.341826e-06 8.000000e-04 1.117793e+02 3.180202e+01 2.288717e+01 6.923291e+01 9.784100e-05 3.205808e-03 3.571484e-04 1.662065e-03 2.508328e-02
5.000000e-01 1.701000e-01  1.134000e-01  5.000000e-01 2.404227e-06 8.000000e-04 1.117793e+02 3.180202e+01 2.288713e+01 6.923288e+01 1.038272e-04 3.375773e-03 3.764352e-04 1.751821e-03 2.643784e-02
5.000000e-01 1.701000e-01  1.134000e-01  5.000000e-01 2.468290e-06 8.000000e-04 1.117793e+02 3.180202e+01 2.288707e+01 6.923284e+01 1.094884e-04 3.568678e-03 3.967636e-04 1.846423e-03 2.786554e-02
5.000000e-01 1.701000e-01  1.134000e-01  5.000000e-01 2.534061e-06 8.000000e-04 1.117793e+02 3.180202e+01 2.288702e+01 6.923281e+01 1.146270e-04 3.769552e-03 4.181897e-04 1.946134e-03 2.937035e-02
5.000000e-01 1.701000e-01  1.134000e-01  5.000000e-01 2.601584e-06 8.000000e-04 1.117793e+02 3.180202e+01 2.288696e+01 6.923278e+01 1.214347e-04 3.985872e-03 4.407730e-04 2.051230e-03 3.095641e-02
5.000000e-01 1.701000e-01  1.134000e-01  5.000000e-01 2.670906e-06 8.000000e-04 1.117793e+02 3.180202e+01 2.288691e+01 6.923274e+01 1.260289e-04 4.181881e-03 4.645757e-04 2.162001e-03 3.262813e-02
5.000000e-01 1.701000e-01  1.134000e-01  5.000000e-01 2.742075e-06 8.000000e-04 1.117793e+02 3.180202e+01 2.288685e+01 6.923271e+01 1.343398e-04 4.399081e-03 4.896639e-04 2.278754e-03 3.439013e-02
5.000000e-01 1.701000e-01  1.134000e-01  5.000000e-01 2.815141e-06 8.000000e-04 1.117793e+02 3.180202e+01 2.288678e+01 6.923267e+01 1.415093e-04 4.661767e-03 5.161069e-04 2.401812e-03 3.624727e-02
5.000000e-01 1.701000e-01  1.134000e-01  5.000000e-01 2.890154e-06 8.000000e-04 1.117793e+02 3.180202e+01 2.288672e+01 6.923262e+01 1.502007e-04 4.908159e-03 5.439778e-04 2.531515e-03 3.820471e-02
5.000000e-01 1.701000e-01  1.134000e-01  5.000000e-01 2.967165e-06 8.000000e-04 1.117793e+02 3.180202e+01 2.288664e+01 6.923259e+01 1.578104e-04 5.182737e-03 5.733539e-04 2.668223e-03 4.026785e-02
5.000000e-01 1.701000e-01  1.134000e-01  5.000000e-01 3.046229e-06 8.000000e-04 1.117793e+02 3.180202e+01 2.288657e+01 6.923254e+01 1.658218e-04 5.433308e-03 6.043163e-04 2.812313e-03 4.244241e-02
5.000000e-01 1.701000e-01  1.134000e-01  5.000000e-01 3.127399e-06 8.000000e-04 1.117793e+02 3.180202e+01 2.288650e+01 6.923250e+01 1.742511e-04 5.723186e-03 6.369508e-04 2.964185e-03 4.473440e-02
5.000000e-01 1.701000e-01  1.134000e-01  5.000000e-01 3.210732e-06 8.000000e-04 1.117793e+02 3.180201e+01 2.288641e+01 6.923245e+01 1.843800e-04 6.039589e-03 6.713476e-04 3.124258e-03 4.715016e-02
5.000000e-01 1.701000e-01  1.134000e-01  5.000000e-01 3.296286e-06 8.000000e-04 1.117793e+02 3.180201e+01 2.288633e+01 6.923241e+01 1.943761e-04 6.379069e-03 7.076019e-04 3.292975e-03 4.969638e-02
5.000000e-01 1.701000e-01  1.134000e-01  5.000000e-01 3.384119e-06 8.000000e-04 1.117793e+02 3.180201e+01 2.288623e+01 6.923235e+01 2.041710e-04 6.736997e-03 7.458141e-04 3.470803e-03 5.238009e-02
5.000000e-01 1.701000e-01  1.134000e-01  5.000000e-01 3.474293e-06 8.000000e-04 1.117793e+02 3.180201e+01 2.288613e+01 6.923228e+01 2.151424e-04 7.091126e-03 7.860898e-04 3.658234e-03 5.520874e-02
5.000000e-01 1.701000e-01  1.134000e-01  5.000000e-01 3.566869e-06 8.000000e-04 1.117793e+02 3.180201e+01 2.288603e+01 6.923223e+01 2.277446e-04 7.508414e-03 8.285404e-04 3.855788e-03 5.819014e-02
5.000000e-01 1.701000e-01  1.134000e-01  5.000000e-01 3.661913e-06 8.000000e-04 1.117793e+02 3.180201e+01 2.288593e+01 6.923217e+01 2.400293e-04 7.851168e-03 8.732835e-04 4.064009e-03 6.133254e-02
5.000000e-01 1.701000e-01  1.134000e-01  5.000000e-01 3.759488e-06 8.000000e-04 1.117793e+02 3.180201e+01 2.288581e+01 6.923209e+01 2.502018e-04 8.320795e-03 9.204428e-04 4.283475e-03 6.464464e-02
5.000000e-01 1.701000e-01  1.134000e-01  5.000000e-01 3.859664e-06 8.000000e-04 1.117793e+02 3.180201e+01 2.288570e+01 6.923202e+01 2.677799e-04 8.744814e-03 9.701489e-04 4.514792e-03 6.813560e-02
5.000000e-01 1.701000e-01  1.134000e-01  5.000000e-01 3.962510e-06 8.000000e-04 1.117793e+02 3.180201e+01 2.288558e+01 6.923198e+01 2.801614e-04 9.195579e-03 1.022539e-03 4.758602e-03 7.181508e-02
5.000000e-01 1.701000e-01  1.134000e-01  5.000000e-01 4.068095e-06 8.000000e-04 1.117793e+02 3.180200e+01 2.288544e+01 6.923188e+01 2.935045e-04 9.733847e-03 1.077759e-03 5.015577e-03 7.569326e-02
5.000000e-01 1.701000e-01  1.134000e-01  5.000000e-01 4.176494e-06 8.000000e-04 1.117793e+02 3.180200e+01 2.288530e+01 6.923179e+01 3.109223e-04 1.025576e-02 1.135960e-03 5.286430e-03 7.978087e-02
5.000000e-01 1.701000e-01  1.134000e-01  5.000000e-01 4.287782e-06 8.000000e-04 1.117793e+02 3.180200e+01 2.288517e+01 6.923170e+01 3.292588e-04 1.079666e-02 1.197305e-03 5.571909e-03 8.408922e-02
5.000000e-01 1.701000e-01  1.134000e-01  5.000000e-01 4.402035e-06 8.000000e-04 1.117793e+02 3.180200e+01 2.288501e+01 6.923161e+01 3.445957e-04 1.135557e-02 1.261962e-03 5.872805e-03 8.863024e-02
5.000000e-01 1.701000e-01  1.134000e-01  5.000000e-01 4.519332e-06 8.000000e-04 1.117793e+02 3.180200e+01 2.288484e+01 6.923150e+01 3.658483e-04 1.199709e-02 1.330111e-03 6.189950e-03 9.341647e-02
5.000000e-01 1.701000e-01  1.134000e-01  5.000000e-01 4.639755e-06 8.000000e-04 1.117793e+02 3.180200e+01 2.288465e+01 6.923140e+01 3.851193e-04 1.263825e-02 1.401940e-03 6.524222e-03 9.846118e-02
5.000000e-01 1.701000e-01  1.134000e-01  5.000000e-01 4.763386e-06 8.000000e-04 1.117793e+02 3.180199e+01 2.288450e+01 6.923130e+01 4.035192e-04 1.327507e-02 1.477648e-03 6.876545e-03 1.037783e-01
5.000000e-01 1.701000e-01  1.134000e-01  5.000000e-01 4.890312e-06 8.000000e-04 1.117793e+02 3.180199e+01 2.288431e+01 6.923118e+01 4.290212e-04 1.399074e-02 1.557444e-03 7.247894e-03 1.093826e-01
5.000000e-01 1.701000e-01  1.134000e-01  5.000000e-01 5.020620e-06 8.000000e-04 1.117793e+02 3.180199e+01 2.288408e+01 6.923106e+01 4.503006e-04 1.478564e-02 1.641550e-03 7.639297e-03 1.152895e-01
5.000000e-01 1.701000e-01  1.134000e-01  5.000000e-01 5.154400e-06 8.000000e-04 1.117793e+02 3.180199e+01 2.288385e+01 6.923091e+01 4.745125e-04 1.564147e-02 1.730197e-03 8.051837e-03 1.215154e-01
5.000000e-01 1.701000e-01  1.134000e-01  5.000000e-01 5.291745e-06 8.000000e-04 1.117793e+02 3.180199e+01 2.288362e+01 6.923077e+01 5.028828e-04 1.649886e-02 1.823632e-03 8.486655e-03 1.280775e-01
5.000000e-01 1.701000e-01  1.134000e-01  5.000000e-01 5.432750e-06 8.000000e-04 1.117793e+02 3.180198e+01 2.288343e+01 6.923064e+01 5.250186e-04 1.725749e-02 1.922112e-03 8.944954e-03 1.349940e-01
5.000000e-01 1.701000e-01  1.134000e-01  5.000000e-01 5.577512e-06 8.000000e-04 1.117793e+02 3.180198e+01 2.288314e+01 6.923051e+01 5.505082e-04 1.833571e-02 2.025911e-03 9.428002e-03 1.422840e-01
5.000000e-01 1.701000e-01  1.134000e-01  5.000000e-01 5.726131e-06 8.000000e-04 1.117793e+02 3.180198e+01 2.288291e+01 6.923037e+01 5.829390e-04 1.924858e-02 2.135314e-03 9.937136e-03 1.499676e-01
5.000000e-01 1.701000e-01  1.134000e-01  5.000000e-01 5.878710e-06 8.000000e-04 1.117793e+02 3.180198e+01 2.288261e+01 6.923016e+01 6.216400e-04 2.036209e-02 2.250626e-03 1.047376e-02 1.580662e-01
5.000000e-01 1.701000e-01  1.134000e-01  5.000000e-01 6.035355e-06 8.000000e-04 1.117793e+02 3.180197e+01 2.288231e+01 6.922999e+01 6.466800e-04 2.140595e-02 2.372165e-03 1.103937e-02 1.666022e-01
5.000000e-01 1.701000e-01  1.134000e-01  5.000000e-01 6.196174e-06 8.000000e-04 1.117793e+02 3.180197e+01 2.288205e+01 6.922983e+01 6.867830e-04 2.248299e-02 2.500268e-03 1.163552e-02 1.755991e-01
5.000000e-01 1.701000e-01  1.134000e-01  5.000000e-01 6.361278e-06 8.000000e-04 1.117793e+02 3.180197e+01 2.288174e+01 6.922967e+01 7.162050e-04 2.363070e-02 2.635288e-03 1.226387e-02 1.850818e-01
5.000000e-01 1.701000e-01  1.134000e-01  5.000000e-01 6.530782e-06 8.000000e-04 1.117793e+02 3.180196e+01 2.288137e+01 6.922949e+01 7.536032e-04 2.506547e-02 2.777600e-03 1.292615e-02 1.950767e-01
5.000000e-01 1.701000e-01  1.134000e-01  5.000000e-01 6.704802e-06 8.000000e-04 1.117793e+02 3.180196e+01 2.288098e+01 6.922919e+01 8.068333e-04 2.648973e-02 2.927596e-03 1.362419e-02 2.056113e-01
5.000000e-01 1.701000e-01  1.134000e-01  5.000000e-01 6.883459e-06 8.000000e-04 1.117793e+02 3.180195e+01 2.288065e+01 6.922897e+01 8.445293e-04 2.774383e-02 3.085693e-03 1.435992e-02 2.167148e-01
5.000000e-01 1.701000e-01  1.134000e-01  5.000000e-01 7.066877e-06 8.000000e-04 1.117793e+02 3.180195e+01 2.288023e+01 6.922874e+01 8.872517e-04 2.935679e-02 3.252328e-03 1.513539e-02 2.284179e-01
5.000000e-01 1.701000e-01  1.134000e-01  5.000000e-01 7.255182e-06 8.000000e-04 1.117793e+02 3.180195e+01 2.287980e+01 6.922849e+01 9.352967e-04 3.079905e-02 3.427961e-03 1.595274e-02 2.407529e-01
5.000000e-01 1.701000e-01  1.134000e-01  5.000000e-01 7.448504e-06 8.000000e-04 1.117793e+02 3.180194e+01 2.287937e+01 6.922819e+01 9.873630e-04 3.251093e-02 3.613079e-03 1.681423e-02 2.537542e-01
5.000000e-01 1.701000e-01  1.134000e-01  5.000000e-01 7.646978e-06 8.000000e-04 1.117793e+02 3.180194e+01 2.287892e+01 6.922796e+01 1.031125e-03 3.424327e-02 3.808194e-03 1.772223e-02 2.674575e-01
5.000000e-01 1.701000e-01  1.134000e-01  5.000000e-01 7.850741e-06 8.000000e-04 1.117793e+02 3.180193e+01 2.287847e+01 6.922771e+01 1.101328e-03 3.616751e-02 4.013845e-03 1.867927e-02 2.819008e-01
5.000000e-01 1.701000e-01  1.134000e-01  5.000000e-01 8.059933e-06 8.000000e-04 1.117793e+02 3.180193e+01 2.287796e+01 6.922740e+01 1.165820e-03 3.800813e-02 4.230602e-03 1.968800e-02 2.971241e-01
5.000000e-01 1.701000e-01  1.134000e-01  5.000000e-01 8.274699e-06 8.000000e-04 1.117793e+02 3.180192e+01 2.287748e+01 6.922709e+01 1.221143e-03 3.986225e-02 4.459064e-03 2.075120e-02 3.131695e-01
5.000000e-01 1.701000e-01  1.134000e-01  5.000000e-01 8.495188e-06 8.000000e-04 1.117793e+02 3.180192e+01 2.287681e+01 6.922668e+01 1.291762e-03 4.226476e-02 4.699864e-03 2.187181e-02 3.300814e-01
5.000000e-01 1.701000e-01  1.134000e-01  5.000000e-01 8.721552e-06 8.000000e-04 1.117793e+02 3.180191e+01 2.287612e+01 6.922631e+01 1.357744e-03 4.485147e-02 4.953667e-03 2.305294e-02 3.479065e-01
5.000000e-01 1.701000e-01  1.134000e-01  5.000000e-01 8.953948e-06 8.000000e-04 1.117793e+02 3.180190e+01 2.287551e+01 6.922598e+01 1.424884e-03 4.708665e-02 5.221177e-03 2.429785e-02 3.666943e-01
5.000000e-01 1.701000e-01  1.134000e-01  5.000000e-01 9.192536e-06 8.000000e-04 1.117793e+02 3.180190e+01 2.287487e+01 6.922558e+01 1.506308e-03 4.958814e-02 5.503133e-03 2.560999e-02 3.864966e-01
5.000000e-01 1.701000e-01  1.134000e-01  5.000000e-01 9.437481e-06 8.000000e-04 1.117793e+02 3.180189e+01 2.287415e+01 6.922513e+01 1.596783e-03 5.201001e-02 5.800314e-03 2.699299e-02 4.073683e-01
5.000000e-01 1.701000e-01  1.134000e-01  5.000000e-01 9.688954e-06 8.000000e-04 1.117793e+02 3.180188e+01 2.287334e+01 6.922463e+01 1.675320e-03 5.497406e-02 6.113545e-03 2.845067e-02 4.293671e-01
5.000000e-01 1.701000e-01  1.134000e-01  5.000000e-01 9.947127e-06 8.000000e-04 1.117793e+02 3.180187e+01 2.287258e+01 6.922418e+01 1.768813e-03 5.811728e-02 6.443690e-03 2.998707e-02 4.525540e-01
5.000000e-01 1.701000e-01  1.134000e-01  5.000000e-01 1.021218e-05 8.000000e-04 1.117793e+02 3.180187e+01 2.287179e+01 6.922376e+01 1.842290e-03 6.124769e-02 6.791664e-03 3.160644e-02 4.769929e-01
5.000000e-01 1.701000e-01  1.134000e-01  5.000000e-01 1.048430e-05 8.000000e-04 1.117793e+02 3.180186e+01 2.287096e+01 6.922319e+01 1.953310e-03 6.446355e-02 7.158430e-03 3.331326e-02 5.027516e-01
5.000000e-01 1.701000e-01  1.134000e-01  5.000000e-01 1.076366e-05 8.000000e-04 1.117793e+02 3.180184e+01 2.286995e+01 6.922254e+01 2.075772e-03 6.800671e-02 7.545002e-03 3.511226e-02 5.299014e-01
5.000000e-01 1.701000e-01  1.134000e-01  5.000000e-01 1.105047e-05 8.000000e-04 1.117793e+02 3.180184e+01 2.286914e+01 6.922220e+01 2.174844e-03 7.111387e-02 7.952449e-03 3.700840e-02 5.585173e-01
5.000000e-01 1.701000e-01  1.134000e-01  5.000000e-01 1.134492e-05 8.000000e-04 1.117793e+02 3.180183e+01 2.286792e+01 6.922135e+01 2.284026e-03 7.551455e-02 8.381900e-03 3.900694e-02 5.886785e-01
5.000000e-01 1.701000e-01  1.134000e-01  5.000000e-01 1.164722e-05 8.000000e-04 1.117793e+02 3.180181e+01 2.286698e+01 6.922070e+01 2.427362e-03 7.939833e-02 8.834542e-03 4.111340e-02 6.204685e-01
5.000000e-01 1.701000e-01  1.134000e-01  5.000000e-01 1.195758e-05 8.000000e-04 1.117793e+02 3.180180e+01 2.286572e+01 6.922009e+01 2.546049e-03 8.397039e-02 9.311628e-03 4.333362e-02 6.539752e-01
5.000000e-01 1.701000e-01  1.134000e-01  5.000000e-01 1.227620e-05 8.000000e-04 1.117793e+02 3.180179e+01 2.286445e+01 6.921935e+01 2.670933e-03 8.847270e-02 9.814477e-03 4.567374e-02 6.892914e-01
5.000000e-01 1.701000e-01  1.134000e-01  5.000000e-01 1.260331e-05 8.000000e-04 1.117793e+02 3.180177e+01 2.286331e+01 6.921861e+01 2.850007e-03 9.310689e-02 1.034448e-02 4.814023e-02 7.265148e-01
5.000000e-01 1.701000e-01  1.134000e-01  5.000000e-01 1.293914e-05 8.000000e-04 1.117793e+02 3.180176e+01 2.286196e+01 6.921784e+01 3.001630e-03 9.822776e-02 1.090311e-02 5.073991e-02 7.657482e-01
5.000000e-01 1.701000e-01  1.134000e-01  5.000000e-01 1.328392e-05 8.000000e-04 1.117793e+02 3.180175e+01 2.286044e+01 6.921687e+01 3.138979e-03 1.036866e-01 1.149190e-02 5.347998e-02 8.071004e-01
5.000000e-01 1.701000e-01  1.134000e-01  5.000000e-01 1.363789e-05 8.000000e-04 1.117793e+02 3.180174e+01 2.285909e+01 6.921612e+01 3.269187e-03 1.091595e-01 1.211249e-02 5.636802e-02 8.506857e-01
5.000000e-01 1.701000e-01  1.134000e-01  5.000000e-01 1.400128e-05 8.000000e-04 1.117793e+02 3.180172e+01 2.285738e+01 6.921522e+01 3.458113e-03 1.153176e-01 1.276659e-02 5.941203e-02 8.966247e-01
5.000000e-01 1.701000e-01  1.134000e-01  5.000000e-01 1.437436e-05 8.000000e-04 1.117793e+02 3.180170e+01 2.285586e+01 6.921412e+01 3.649833e-03 1.217613e-01 1.345602e-02 6.262041e-02 9.450445e-01
5.000000e-01 1.701000e-01  1.134000e-01  5.000000e-01 1.475738e-05 8.000000e-04 1.117793e+02 3.180168e+01 2.285415e+01 6.921319e+01 3.901161e-03 1.278890e-01 1.418267e-02 6.600206e-02 9.960791e-01
5.000000e-01 1.701000e-01  1.134000e-01  5.000000e-01 1.515061e-05 8.000000e-04 1.117793e+02 3.180166e+01 2.285207e+01 6.921200e+01 4.068768e-03 1.348239e-01 1.494857e-02 6.956633e-02 1.049870e+00
5.000000e-01 1.701000e-01  1.134000e-01  5.000000e-01 1.555432e-05 8.000000e-04 1.117793e+02 3.180164e+01 2.285048e+01 6.921084e+01 4.354858e-03 1.414517e-01 1.575583e-02 7.332307e-02 1.106565e+00
5.000000e-01 1.701000e-01  1.134000e-01  5.000000e-01 1.596878e-05 8.000000e-04 1.117793e+02 3.180163e+01 2.284828e+01 6.920959e+01 4.550156e-03 1.495395e-01 1.660668e-02 7.728268e-02 1.166322e+00
5.000000e-01 1.701000e-01  1.134000e-01  5.000000e-01 1.639429e-05 8.000000e-04 1.117793e+02 3.180161e+01 2.284615e+01 6.920835e+01 4.766473e-03 1.575982e-01 1.750348e-02 8.145613e-02 1.229306e+00
5.000000e-01 1.701000e-01  1.134000e-01  5.000000e-01 1.683113e-05 8.000000e-04 1.117793e+02 3.180157e+01 2.284361e+01 6.920692e+01 5.059277e-03 1.665484e-01 1.844871e-02 8.585495e-02 1.295692e+00
5.000000e-01 1.701000e-01  1.134000e-01  5.000000e-01 1.727962e-05 8.000000e-04 1.117793e+02 3.180156e+01 2.284180e+01 6.920587e+01 5.307986e-03 1.744740e-01 1.944498e-02 9.049131e-02 1.365662e+00
