1.000000e-01 2.728000e-01  1.818667e-01  5.000000e-01 2.000000e-06 8.000000e-04 4.302895e-03 3.180137e+01 2.280364e+01 6.917927e+01 6.954624e-03 2.905668e-01 3.351698e-02 1.088075e-01 1.846954e+00
1.000000e-01 2.728000e-01  1.818667e-01  5.000000e-01 2.053292e-06 8.000000e-04 4.302895e-03 3.180133e+01 2.279848e+01 6.917590e+01 7.370430e-03 3.061122e-01 3.532698e-02 1.146834e-01 1.946694e+00
1.000000e-01 2.728000e-01  1.818667e-01  5.000000e-01 2.108005e-06 8.000000e-04 4.302895e-03 3.180130e+01 2.279487e+01 6.917404e+01 7.745095e-03 3.206279e-01 3.723472e-02 1.208766e-01 2.051820e+00
1.000000e-01 2.728000e-01  1.818667e-01  5.000000e-01 2.164175e-06 8.000000e-04 4.302895e-03 3.180127e+01 2.278958e+01 6.917044e+01 8.185340e-03 3.397066e-01 3.924548e-02 1.274042e-01 2.162623e+00
1.000000e-01 2.728000e-01  1.818667e-01  5.000000e-01 2.221842e-06 8.000000e-04 4.302895e-03 3.180123e+01 2.278442e+01 6.916735e+01 8.573287e-03 3.569847e-01 4.136483e-02 1.342843e-01 2.279409e+00
1.000000e-01 2.728000e-01  1.818667e-01  5.000000e-01 2.281045e-06 8.000000e-04 4.302895e-03 3.180120e+01 2.277835e+01 6.916245e+01 8.997793e-03 3.776274e-01 4.359862e-02 1.415360e-01 2.402503e+00
1.000000e-01 2.728000e-01  1.818667e-01  5.000000e-01 2.341826e-06 8.000000e-04 4.302895e-03 3.180113e+01 2.277272e+01 6.915994e+01 9.620530e-03 3.979020e-01 4.595305e-02 1.491792e-01 2.532244e+00
1.000000e-01 2.728000e-01  1.818667e-01  5.000000e-01 2.404227e-06 8.000000e-04 4.302895e-03 3.180108e+01 2.276692e+01 6.915704e+01 1.004742e-02 4.159693e-01 4.843462e-02 1.572353e-01 2.668991e+00
1.000000e-01 2.728000e-01  1.818667e-01  5.000000e-01 2.468290e-06 8.000000e-04 4.302895e-03 3.180103e+01 2.275715e+01 6.914965e+01 1.065228e-02 4.432716e-01 5.105020e-02 1.657263e-01 2.813122e+00
1.000000e-01 2.728000e-01  1.818667e-01  5.000000e-01 2.534061e-06 8.000000e-04 4.302895e-03 3.180097e+01 2.275345e+01 6.914579e+01 1.117721e-02 4.631744e-01 5.380703e-02 1.746759e-01 2.965037e+00
1.000000e-01 2.728000e-01  1.818667e-01  5.000000e-01 2.601584e-06 8.000000e-04 4.302895e-03 3.180092e+01 2.274621e+01 6.914316e+01 1.176338e-02 4.875936e-01 5.671273e-02 1.841088e-01 3.125156e+00
1.000000e-01 2.728000e-01  1.818667e-01  5.000000e-01 2.670906e-06 8.000000e-04 4.302895e-03 3.180086e+01 2.273940e+01 6.913784e+01 1.242178e-02 5.145491e-01 5.977535e-02 1.940511e-01 3.293922e+00
1.000000e-01 2.728000e-01  1.818667e-01  5.000000e-01 2.742075e-06 8.000000e-04 4.302895e-03 3.180080e+01 2.272941e+01 6.913265e+01 1.305275e-02 5.439402e-01 6.300336e-02 2.045304e-01 3.471801e+00
1.000000e-01 2.728000e-01  1.818667e-01  5.000000e-01 2.815141e-06 8.000000e-04 4.302895e-03 3.180072e+01 2.272289e+01 6.912773e+01 1.380378e-02 5.698332e-01 6.640569e-02 2.155755e-01 3.659287e+00
1.000000e-01 2.728000e-01  1.818667e-01  5.000000e-01 2.890154e-06 8.000000e-04 4.302895e-03 3.180065e+01 2.271269e+01 6.912172e+01 1.466876e-02 6.030814e-01 6.999175e-02 2.272170e-01 3.856896e+00
1.000000e-01 2.728000e-01  1.818667e-01  5.000000e-01 2.967165e-06 8.000000e-04 4.302895e-03 3.180058e+01 2.270274e+01 6.911524e+01 1.527377e-02 6.354484e-01 7.377146e-02 2.394873e-01 4.065178e+00
1.000000e-01 2.728000e-01  1.818667e-01  5.000000e-01 3.046229e-06 8.000000e-04 4.302895e-03 3.180052e+01 2.269429e+01 6.910920e+01 1.613444e-02 6.695521e-01 7.775529e-02 2.524202e-01 4.284707e+00
1.000000e-01 2.728000e-01  1.818667e-01  5.000000e-01 3.127399e-06 8.000000e-04 4.302895e-03 3.180041e+01 2.268461e+01 6.910279e+01 1.708037e-02 7.035997e-01 8.195426e-02 2.660514e-01 4.516091e+00
1.000000e-01 2.728000e-01  1.818667e-01  5.000000e-01 3.210732e-06 8.000000e-04 4.302895e-03 3.180034e+01 2.267013e+01 6.909434e+01 1.809593e-02 7.483362e-01 8.637998e-02 2.804188e-01 4.759970e+00
1.000000e-01 2.728000e-01  1.818667e-01  5.000000e-01 3.296286e-06 8.000000e-04 4.302895e-03 3.180025e+01 2.265831e+01 6.908677e+01 1.878705e-02 7.872473e-01 9.104469e-02 2.955621e-01 5.017020e+00
1.000000e-01 2.728000e-01  1.818667e-01  5.000000e-01 3.384119e-06 8.000000e-04 4.302895e-03 3.180016e+01 2.264510e+01 6.907865e+01 1.989823e-02 8.321716e-01 9.596132e-02 3.115231e-01 5.287950e+00
1.000000e-01 2.728000e-01  1.818667e-01  5.000000e-01 3.474293e-06 8.000000e-04 4.302895e-03 3.180003e+01 2.263335e+01 6.907323e+01 2.097061e-02 8.736799e-01 1.011435e-01 3.283461e-01 5.573512e+00
1.000000e-01 2.728000e-01  1.818667e-01  5.000000e-01 3.566869e-06 8.000000e-04 4.302895e-03 3.179993e+01 2.262408e+01 6.906619e+01 2.222222e-02 9.133784e-01 1.066054e-01 3.460775e-01 5.874494e+00
1.000000e-01 2.728000e-01  1.818667e-01  5.000000e-01 3.661913e-06 8.000000e-04 4.302895e-03 3.179981e+01 2.260448e+01 6.905391e+01 2.362506e-02 9.739201e-01 1.123624e-01 3.647665e-01 6.191731e+00
1.000000e-01 2.728000e-01  1.818667e-01  5.000000e-01 3.759488e-06 8.000000e-04 4.302895e-03 3.179969e+01 2.258963e+01 6.904437e+01 2.477047e-02 1.025284e+00 1.184302e-01 3.844648e-01 6.526098e+00
1.000000e-01 2.728000e-01  1.818667e-01  5.000000e-01 3.859664e-06 8.000000e-04 4.302895e-03 3.179960e+01 2.257723e+01 6.903715e+01 2.587764e-02 1.075584e+00 1.248257e-01 4.052267e-01 6.878523e+00
1.000000e-01 2.728000e-01  1.818667e-01  5.000000e-01 3.962510e-06 8.000000e-04 4.302895e-03 3.179943e+01 2.255914e+01 6.902812e+01 2.768202e-02 1.131474e+00 1.315666e-01 4.271099e-01 7.249979e+00
1.000000e-01 2.728000e-01  1.818667e-01  5.000000e-01 4.068095e-06 8.000000e-04 4.302895e-03 3.179933e+01 2.253816e+01 6.901143e+01 2.853723e-02 1.200501e+00 1.386715e-01 4.501748e-01 7.641494e+00
1.000000e-01 2.728000e-01  1.818667e-01  5.000000e-01 4.176494e-06 8.000000e-04 4.302895e-03 3.179917e+01 2.252382e+01 6.900291e+01 3.028679e-02 1.263114e+00 1.461601e-01 4.744853e-01 8.054153e+00
1.000000e-01 2.728000e-01  1.818667e-01  5.000000e-01 4.287782e-06 8.000000e-04 4.302895e-03 3.179899e+01 2.250517e+01 6.898962e+01 3.224213e-02 1.330172e+00 1.540530e-01 5.001086e-01 8.489096e+00
1.000000e-01 2.728000e-01  1.818667e-01  5.000000e-01 4.402035e-06 8.000000e-04 4.302895e-03 3.179881e+01 2.248444e+01 6.897632e+01 3.408702e-02 1.400420e+00 1.623723e-01 5.271157e-01 8.947526e+00
1.000000e-01 2.728000e-01  1.818667e-01  5.000000e-01 4.519332e-06 8.000000e-04 4.302895e-03 3.179864e+01 2.246034e+01 6.896310e+01 3.586239e-02 1.473438e+00 1.711407e-01 5.555811e-01 9.430714e+00
1.000000e-01 2.728000e-01  1.818667e-01  5.000000e-01 4.639755e-06 8.000000e-04 4.302895e-03 3.179848e+01 2.243952e+01 6.894923e+01 3.756138e-02 1.555115e+00 1.803827e-01 5.855838e-01 9.939994e+00
1.000000e-01 2.728000e-01  1.818667e-01  5.000000e-01 4.763386e-06 8.000000e-04 4.302895e-03 3.179829e+01 2.241478e+01 6.893037e+01 3.967732e-02 1.641260e+00 1.901238e-01 6.172067e-01 1.047678e+01
1.000000e-01 2.728000e-01  1.818667e-01  5.000000e-01 4.890312e-06 8.000000e-04 4.302895e-03 3.179815e+01 2.238958e+01 6.891991e+01 4.151935e-02 1.729884e+00 2.003909e-01 6.505372e-01 1.104255e+01
1.000000e-01 2.728000e-01  1.818667e-01  5.000000e-01 5.020620e-06 8.000000e-04 4.302895e-03 3.179789e+01 2.236462e+01 6.890196e+01 4.402799e-02 1.820969e+00 2.112125e-01 6.856678e-01 1.163887e+01
1.000000e-01 2.728000e-01  1.818667e-01  5.000000e-01 5.154400e-06 8.000000e-04 4.302895e-03 3.179764e+01 2.233489e+01 6.888511e+01 4.623796e-02 1.928002e+00 2.226185e-01 7.226954e-01 1.226740e+01
1.000000e-01 2.728000e-01  1.818667e-01  5.000000e-01 5.291745e-06 8.000000e-04 4.302895e-03 3.179744e+01 2.230975e+01 6.886954e+01 4.897029e-02 2.024460e+00 2.346404e-01 7.617226e-01 1.292986e+01
1.000000e-01 2.728000e-01  1.818667e-01  5.000000e-01 5.432750e-06 8.000000e-04 4.302895e-03 3.179721e+01 2.227199e+01 6.884445e+01 5.146726e-02 2.145514e+00 2.473115e-01 8.028574e-01 1.362811e+01
1.000000e-01 2.728000e-01  1.818667e-01  5.000000e-01 5.577512e-06 8.000000e-04 4.302895e-03 3.179692e+01 2.224151e+01 6.882212e+01 5.421838e-02 2.249968e+00 2.606669e-01 8.462136e-01 1.436406e+01
1.000000e-01 2.728000e-01  1.818667e-01  5.000000e-01 5.726131e-06 8.000000e-04 4.302895e-03 3.179668e+01 2.220646e+01 6.880223e+01 5.712911e-02 2.375349e+00 2.747435e-01 8.919111e-01 1.513975e+01
1.000000e-01 2.728000e-01  1.818667e-01  5.000000e-01 5.878710e-06 8.000000e-04 4.302895e-03 3.179630e+01 2.216675e+01 6.878776e+01 6.070511e-02 2.508135e+00 2.895803e-01 9.400763e-01 1.595733e+01
1.000000e-01 2.728000e-01  1.818667e-01  5.000000e-01 6.035355e-06 8.000000e-04 4.302895e-03 3.179598e+01 2.213318e+01 6.876366e+01 6.320233e-02 2.636592e+00 3.052183e-01 9.908426e-01 1.681906e+01
1.000000e-01 2.728000e-01  1.818667e-01  5.000000e-01 6.196174e-06 8.000000e-04 4.302895e-03 3.179574e+01 2.209012e+01 6.873527e+01 6.708883e-02 2.782460e+00 3.217008e-01 1.044350e+00 1.772733e+01
1.000000e-01 2.728000e-01  1.818667e-01  5.000000e-01 6.361278e-06 8.000000e-04 4.302895e-03 3.179531e+01 2.204955e+01 6.871060e+01 7.089763e-02 2.929712e+00 3.390734e-01 1.100748e+00 1.868465e+01
1.000000e-01 2.728000e-01  1.818667e-01  5.000000e-01 6.530782e-06 8.000000e-04 4.302895e-03 3.179518e+01 2.200681e+01 6.868533e+01 7.394955e-02 3.090767e+00 3.573841e-01 1.160191e+00 1.969366e+01
1.000000e-01 2.728000e-01  1.818667e-01  5.000000e-01 6.704802e-06 8.000000e-04 4.302895e-03 3.179462e+01 2.196871e+01 6.865990e+01 7.814497e-02 3.231155e+00 3.766837e-01 1.222844e+00 2.075716e+01
1.000000e-01 2.728000e-01  1.818667e-01  5.000000e-01 6.883459e-06 8.000000e-04 4.302895e-03 3.179429e+01 2.191011e+01 6.861736e+01 8.221354e-02 3.443897e+00 3.970255e-01 1.288880e+00 2.187810e+01
1.000000e-01 2.728000e-01  1.818667e-01  5.000000e-01 7.066877e-06 8.000000e-04 4.302895e-03 3.179367e+01 2.186703e+01 6.859476e+01 8.773169e-02 3.588809e+00 4.184658e-01 1.358483e+00 2.305957e+01
1.000000e-01 2.728000e-01  1.818667e-01  5.000000e-01 7.255182e-06 8.000000e-04 4.302895e-03 3.179339e+01 2.180022e+01 6.855087e+01 9.137002e-02 3.820860e+00 4.410639e-01 1.431844e+00 2.430484e+01
1.000000e-01 2.728000e-01  1.818667e-01  5.000000e-01 7.448504e-06 8.000000e-04 4.302895e-03 3.179293e+01 2.175468e+01 6.852424e+01 9.622053e-02 4.003596e+00 4.648824e-01 1.509167e+00 2.561735e+01
1.000000e-01 2.728000e-01  1.818667e-01  5.000000e-01 7.646978e-06 8.000000e-04 4.302895e-03 3.179245e+01 2.168987e+01 6.849360e+01 1.017405e-01 4.232703e+00 4.899871e-01 1.590665e+00 2.700075e+01
1.000000e-01 2.728000e-01  1.818667e-01  5.000000e-01 7.850741e-06 8.000000e-04 4.302895e-03 3.179191e+01 2.164338e+01 6.846380e+01 1.076866e-01 4.450413e+00 5.164476e-01 1.676565e+00 2.845885e+01
1.000000e-01 2.728000e-01  1.818667e-01  5.000000e-01 8.059933e-06 8.000000e-04 4.302895e-03 3.179135e+01 2.157182e+01 6.842314e+01 1.134807e-01 4.705345e+00 5.443369e-01 1.767103e+00 2.999570e+01
1.000000e-01 2.728000e-01  1.818667e-01  5.000000e-01 8.274699e-06 8.000000e-04 4.302895e-03 3.179086e+01 2.148880e+01 6.838549e+01 1.189866e-01 4.967609e+00 5.737324e-01 1.862531e+00 3.161553e+01
1.000000e-01 2.728000e-01  1.818667e-01  5.000000e-01 8.495188e-06 8.000000e-04 4.302895e-03 3.179022e+01 2.141740e+01 6.833660e+01 1.254028e-01 5.250309e+00 6.047152e-01 1.963112e+00 3.332284e+01
1.000000e-01 2.728000e-01  1.818667e-01  5.000000e-01 8.721552e-06 8.000000e-04 4.302895e-03 3.178952e+01 2.135222e+01 6.829455e+01 1.322403e-01 5.504855e+00 6.373713e-01 2.069124e+00 3.512236e+01
1.000000e-01 2.728000e-01  1.818667e-01  5.000000e-01 8.953948e-06 8.000000e-04 4.302895e-03 3.178887e+01 2.127568e+01 6.825970e+01 1.384686e-01 5.793052e+00 6.717908e-01 2.180862e+00 3.701904e+01
1.000000e-01 2.728000e-01  1.818667e-01  5.000000e-01 9.192536e-06 8.000000e-04 4.302895e-03 3.178830e+01 2.117866e+01 6.820590e+01 1.462343e-01 6.132342e+00 7.080690e-01 2.298633e+00 3.901816e+01
1.000000e-01 2.728000e-01  1.818667e-01  5.000000e-01 9.437481e-06 8.000000e-04 4.302895e-03 3.178730e+01 2.110358e+01 6.814711e+01 1.551918e-01 6.450469e+00 7.463064e-01 2.422765e+00 4.112523e+01
1.000000e-01 2.728000e-01  1.818667e-01  5.000000e-01 9.688954e-06 8.000000e-04 4.302895e-03 3.178673e+01 2.101265e+01 6.809584e+01 1.643771e-01 6.761715e+00 7.866087e-01 2.553600e+00 4.334609e+01
1.000000e-01 2.728000e-01  1.818667e-01  5.000000e-01 9.947127e-06 8.000000e-04 4.302895e-03 3.178602e+01 2.090779e+01 6.804638e+01 1.711600e-01 7.177970e+00 8.290874e-01 2.691500e+00 4.568687e+01
1.000000e-01 2.728000e-01  1.818667e-01  5.000000e-01 1.021218e-05 8.000000e-04 4.302895e-03 3.178482e+01 2.081583e+01 6.801222e+01 1.820585e-01 7.578882e+00 8.738600e-01 2.836847e+00 4.815407e+01
1.000000e-01 2.728000e-01  1.818667e-01  5.000000e-01 1.048430e-05 8.000000e-04 4.302895e-03 3.178379e+01 2.070128e+01 6.792668e+01 1.909031e-01 7.995162e+00 9.210505e-01 2.990043e+00 5.075450e+01
1.000000e-01 2.728000e-01  1.818667e-01  5.000000e-01 1.076366e-05 8.000000e-04 4.302895e-03 3.178282e+01 2.061309e+01 6.788355e+01 2.015874e-01 8.354905e+00 9.707893e-01 3.151513e+00 5.349536e+01
1.000000e-01 2.728000e-01  1.818667e-01  5.000000e-01 1.105047e-05 8.000000e-04 4.302895e-03 3.178211e+01 2.049794e+01 6.784743e+01 2.117975e-01 8.803236e+00 1.023214e+00 3.321702e+00 5.638424e+01
1.000000e-01 2.728000e-01  1.818667e-01  5.000000e-01 1.134492e-05 8.000000e-04 4.302895e-03 3.178103e+01 2.036478e+01 6.775425e+01 2.241261e-01 9.337032e+00 1.078470e+00 3.501081e+00 5.942912e+01
1.000000e-01 2.728000e-01  1.818667e-01  5.000000e-01 1.164722e-05 8.000000e-04 4.302895e-03 3.177989e+01 2.026709e+01 6.772680e+01 2.352652e-01 9.767199e+00 1.136710e+00 3.690148e+00 6.263843e+01
1.000000e-01 2.728000e-01  1.818667e-01  5.000000e-01 1.195758e-05 8.000000e-04 4.302895e-03 3.177871e+01 2.012693e+01 6.763373e+01 2.485153e-01 1.031683e+01 1.198095e+00 3.889424e+00 6.602104e+01
1.000000e-01 2.728000e-01  1.818667e-01  5.000000e-01 1.227620e-05 8.000000e-04 4.302895e-03 3.177721e+01 2.000796e+01 6.758066e+01 2.630844e-01 1.090356e+01 1.262795e+00 4.099462e+00 6.958633e+01
1.000000e-01 2.728000e-01  1.818667e-01  5.000000e-01 1.260331e-05 8.000000e-04 4.302895e-03 3.177568e+01 1.984467e+01 6.747759e+01 2.779248e-01 1.145176e+01 1.330989e+00 4.320843e+00 7.334416e+01
1.000000e-01 2.728000e-01  1.818667e-01  5.000000e-01 1.293914e-05 8.000000e-04 4.302895e-03 3.177480e+01 1.972621e+01 6.744282e+01 2.906296e-01 1.199613e+01 1.402865e+00 4.554178e+00 7.730491e+01
1.000000e-01 2.728000e-01  1.818667e-01  5.000000e-01 1.328392e-05 8.000000e-04 4.302895e-03 3.177300e+01 1.953778e+01 6.737469e+01 3.084612e-01 1.274073e+01 1.478623e+00 4.800114e+00 8.147955e+01
1.000000e-01 2.728000e-01  1.818667e-01  5.000000e-01 1.363789e-05 8.000000e-04 4.302895e-03 3.177147e+01 1.938059e+01 6.727542e+01 3.231497e-01 1.348009e+01 1.558472e+00 5.059331e+00 8.587964e+01
1.000000e-01 2.728000e-01  1.818667e-01  5.000000e-01 1.400128e-05 8.000000e-04 4.302895e-03 3.177034e+01 1.921588e+01 6.724175e+01 3.394594e-01 1.414863e+01 1.642633e+00 5.332547e+00 9.051734e+01
1.000000e-01 2.728000e-01  1.818667e-01  5.000000e-01 1.437436e-05 8.000000e-04 4.302895e-03 3.176775e+01 1.905265e+01 6.717414e+01 3.619145e-01 1.490707e+01 1.731339e+00 5.620517e+00 9.540548e+01
1.000000e-01 2.728000e-01  1.818667e-01  5.000000e-01 1.475738e-05 8.000000e-04 4.302895e-03 3.176631e+01 1.885181e+01 6.706793e+01 3.782917e-01 1.573738e+01 1.824836e+00 5.924038e+00 1.005576e+02
1.000000e-01 2.728000e-01  1.818667e-01  5.000000e-01 1.515061e-05 8.000000e-04 4.302895e-03 3.176431e+01 1.865456e+01 6.700737e+01 4.015512e-01 1.662111e+01 1.923381e+00 6.243950e+00 1.059879e+02
1.000000e-01 2.728000e-01  1.818667e-01  5.000000e-01 1.555432e-05 8.000000e-04 4.302895e-03 3.176192e+01 1.847556e+01 6.689853e+01 4.245723e-01 1.750742e+01 2.027248e+00 6.581137e+00 1.117115e+02
1.000000e-01 2.728000e-01  1.818667e-01  5.000000e-01 1.596878e-05 8.000000e-04 4.302895e-03 3.176035e+01 1.829718e+01 6.687170e+01 4.442913e-01 1.831769e+01 2.136724e+00 6.936534e+00 1.177442e+02
1.000000e-01 2.728000e-01  1.818667e-01  5.000000e-01 1.639429e-05 8.000000e-04 4.302895e-03 3.175797e+01 1.808746e+01 6.674658e+01 4.734762e-01 1.940132e+01 2.252112e+00 7.311123e+00 1.241027e+02
1.000000e-01 2.728000e-01  1.818667e-01  5.000000e-01 1.683113e-05 8.000000e-04 4.302895e-03 3.175564e+01 1.786660e+01 6.670991e+01 4.923914e-01 2.057877e+01 2.373731e+00 7.705940e+00 1.308045e+02
1.000000e-01 2.728000e-01  1.818667e-01  5.000000e-01 1.727962e-05 8.000000e-04 4.302895e-03 3.175329e+01 1.766665e+01 6.662555e+01 5.186806e-01 2.144045e+01 2.501918e+00 8.122079e+00 1.378683e+02
1.000000e-01 2.728000e-01  1.818667e-01  5.000000e-01 1.774005e-05 8.000000e-04 4.302895e-03 3.174996e+01 1.743317e+01 6.658010e+01 5.482917e-01 2.264805e+01 2.637028e+00 8.560690e+00 1.453135e+02
1.000000e-01 2.728000e-01  1.818667e-01  5.000000e-01 1.821276e-05 8.000000e-04 4.302895e-03 3.174785e+01 1.716766e+01 6.653816e+01 5.785237e-01 2.414706e+01 2.779433e+00 9.022987e+00 1.531607e+02
1.000000e-01 2.728000e-01  1.818667e-01  5.000000e-01 1.869805e-05 8.000000e-04 4.302895e-03 3.174499e+01 1.692716e+01 6.646096e+01 6.068421e-01 2.539715e+01 2.929529e+00 9.510249e+00 1.614318e+02
1.000000e-01 2.728000e-01  1.818667e-01  5.000000e-01 1.919629e-05 8.000000e-04 4.302895e-03 3.174130e+01 1.666358e+01 6.639269e+01 6.415886e-01 2.686895e+01 3.087730e+00 1.002382e+01 1.701494e+02
