2.000000e-01 1.914000e-01  1.276000e-01  5.000000e-01 2.000000e-06 8.000000e-04 1.464672e+00 3.180187e+01 2.286769e+01 6.922081e+01 1.813729e-03 7.442700e-02 6.396749e-03 2.094544e-02 3.833482e-01
2.000000e-01 1.914000e-01  1.276000e-01  5.000000e-01 2.053292e-06 8.000000e-04 1.464672e+00 3.180186e+01 2.286655e+01 6.922011e+01 1.922599e-03 7.856693e-02 6.742188e-03 2.207654e-02 4.040499e-01
2.000000e-01 1.914000e-01  1.276000e-01  5.000000e-01 2.108005e-06 8.000000e-04 1.464672e+00 3.180185e+01 2.286529e+01 6.921929e+01 2.034408e-03 8.259666e-02 7.106282e-03 2.326873e-02 4.258696e-01
2.000000e-01 1.914000e-01  1.276000e-01  5.000000e-01 2.164175e-06 8.000000e-04 1.464672e+00 3.180184e+01 2.286422e+01 6.921867e+01 2.136130e-03 8.712280e-02 7.490037e-03 2.452529e-02 4.488675e-01
2.000000e-01 1.914000e-01  1.276000e-01  5.000000e-01 2.221842e-06 8.000000e-04 1.464672e+00 3.180183e+01 2.286287e+01 6.921787e+01 2.246438e-03 9.166877e-02 7.894517e-03 2.584971e-02 4.731074e-01
2.000000e-01 1.914000e-01  1.276000e-01  5.000000e-01 2.281045e-06 8.000000e-04 1.464672e+00 3.180182e+01 2.286132e+01 6.921696e+01 2.371973e-03 9.717052e-02 8.320839e-03 2.724566e-02 4.986563e-01
2.000000e-01 1.914000e-01  1.276000e-01  5.000000e-01 2.341826e-06 8.000000e-04 1.464672e+00 3.180181e+01 2.285996e+01 6.921592e+01 2.493245e-03 1.025122e-01 8.770183e-03 2.871699e-02 5.255849e-01
2.000000e-01 1.914000e-01  1.276000e-01  5.000000e-01 2.404227e-06 8.000000e-04 1.464672e+00 3.180180e+01 2.285829e+01 6.921517e+01 2.612281e-03 1.079461e-01 9.243794e-03 3.026777e-02 5.539677e-01
2.000000e-01 1.914000e-01  1.276000e-01  5.000000e-01 2.468290e-06 8.000000e-04 1.464672e+00 3.180178e+01 2.285698e+01 6.921447e+01 2.769837e-03 1.138155e-01 9.742980e-03 3.190230e-02 5.838832e-01
2.000000e-01 1.914000e-01  1.276000e-01  5.000000e-01 2.534061e-06 8.000000e-04 1.464672e+00 3.180177e+01 2.285524e+01 6.921307e+01 2.929405e-03 1.193070e-01 1.026912e-02 3.362510e-02 6.154142e-01
2.000000e-01 1.914000e-01  1.276000e-01  5.000000e-01 2.601584e-06 8.000000e-04 1.464672e+00 3.180175e+01 2.285352e+01 6.921220e+01 3.067191e-03 1.261090e-01 1.082368e-02 3.544093e-02 6.486480e-01
2.000000e-01 1.914000e-01  1.276000e-01  5.000000e-01 2.670906e-06 8.000000e-04 1.464672e+00 3.180174e+01 2.285162e+01 6.921085e+01 3.248988e-03 1.327252e-01 1.140818e-02 3.735482e-02 6.836765e-01
2.000000e-01 1.914000e-01  1.276000e-01  5.000000e-01 2.742075e-06 8.000000e-04 1.464672e+00 3.180172e+01 2.284938e+01 6.920949e+01 3.447813e-03 1.404188e-01 1.202425e-02 3.937207e-02 7.205966e-01
2.000000e-01 1.914000e-01  1.276000e-01  5.000000e-01 2.815141e-06 8.000000e-04 1.464672e+00 3.180171e+01 2.284708e+01 6.920819e+01 3.592867e-03 1.478428e-01 1.267359e-02 4.149825e-02 7.595105e-01
2.000000e-01 1.914000e-01  1.276000e-01  5.000000e-01 2.890154e-06 8.000000e-04 1.464672e+00 3.180169e+01 2.284550e+01 6.920723e+01 3.803356e-03 1.558860e-01 1.335799e-02 4.373925e-02 8.005258e-01
2.000000e-01 1.914000e-01  1.276000e-01  5.000000e-01 2.967165e-06 8.000000e-04 1.464672e+00 3.180167e+01 2.284293e+01 6.920561e+01 4.027584e-03 1.644185e-01 1.407935e-02 4.610127e-02 8.437561e-01
2.000000e-01 1.914000e-01  1.276000e-01  5.000000e-01 3.046229e-06 8.000000e-04 1.464672e+00 3.180164e+01 2.284052e+01 6.920455e+01 4.257673e-03 1.723212e-01 1.483967e-02 4.859085e-02 8.893209e-01
2.000000e-01 1.914000e-01  1.276000e-01  5.000000e-01 3.127399e-06 8.000000e-04 1.464672e+00 3.180163e+01 2.283810e+01 6.920241e+01 4.458445e-03 1.822274e-01 1.564105e-02 5.121487e-02 9.373462e-01
2.000000e-01 1.914000e-01  1.276000e-01  5.000000e-01 3.210732e-06 8.000000e-04 1.464672e+00 3.180161e+01 2.283530e+01 6.920077e+01 4.673909e-03 1.925469e-01 1.648570e-02 5.398059e-02 9.879651e-01
2.000000e-01 1.914000e-01  1.276000e-01  5.000000e-01 3.296286e-06 8.000000e-04 1.464672e+00 3.180159e+01 2.283241e+01 6.919896e+01 4.925609e-03 2.027594e-01 1.737597e-02 5.689567e-02 1.041317e+00
2.000000e-01 1.914000e-01  1.276000e-01  5.000000e-01 3.384119e-06 8.000000e-04 1.464672e+00 3.180156e+01 2.282941e+01 6.919723e+01 5.225336e-03 2.127232e-01 1.831431e-02 5.996816e-02 1.097551e+00
2.000000e-01 1.914000e-01  1.276000e-01  5.000000e-01 3.474293e-06 8.000000e-04 1.464672e+00 3.180153e+01 2.282632e+01 6.919510e+01 5.530826e-03 2.252124e-01 1.930333e-02 6.320658e-02 1.156821e+00
2.000000e-01 1.914000e-01  1.276000e-01  5.000000e-01 3.566869e-06 8.000000e-04 1.464672e+00 3.180152e+01 2.282320e+01 6.919364e+01 5.783212e-03 2.372986e-01 2.034575e-02 6.661988e-02 1.219292e+00
2.000000e-01 1.914000e-01  1.276000e-01  5.000000e-01 3.661913e-06 8.000000e-04 1.464672e+00 3.180147e+01 2.281974e+01 6.919147e+01 6.131601e-03 2.496181e-01 2.144447e-02 7.021751e-02 1.285137e+00
2.000000e-01 1.914000e-01  1.276000e-01  5.000000e-01 3.759488e-06 8.000000e-04 1.464672e+00 3.180145e+01 2.281534e+01 6.918884e+01 6.468173e-03 2.640182e-01 2.260252e-02 7.400942e-02 1.354537e+00
2.000000e-01 1.914000e-01  1.276000e-01  5.000000e-01 3.859664e-06 8.000000e-04 1.464672e+00 3.180142e+01 2.281151e+01 6.918591e+01 6.769164e-03 2.786278e-01 2.382311e-02 7.800610e-02 1.427685e+00
2.000000e-01 1.914000e-01  1.276000e-01  5.000000e-01 3.962510e-06 8.000000e-04 1.464672e+00 3.180138e+01 2.280811e+01 6.918384e+01 7.168342e-03 2.919252e-01 2.510961e-02 8.221861e-02 1.504784e+00
2.000000e-01 1.914000e-01  1.276000e-01  5.000000e-01 4.068095e-06 8.000000e-04 1.464672e+00 3.180135e+01 2.280342e+01 6.918180e+01 7.536377e-03 3.069569e-01 2.646559e-02 8.665860e-02 1.586046e+00
2.000000e-01 1.914000e-01  1.276000e-01  5.000000e-01 4.176494e-06 8.000000e-04 1.464672e+00 3.180132e+01 2.279853e+01 6.917906e+01 7.950964e-03 3.252097e-01 2.789479e-02 9.133837e-02 1.671696e+00
2.000000e-01 1.914000e-01  1.276000e-01  5.000000e-01 4.287782e-06 8.000000e-04 1.464672e+00 3.180127e+01 2.279383e+01 6.917543e+01 8.379901e-03 3.428346e-01 2.940117e-02 9.627085e-02 1.761971e+00
2.000000e-01 1.914000e-01  1.276000e-01  5.000000e-01 4.402035e-06 8.000000e-04 1.464672e+00 3.180123e+01 2.278931e+01 6.917288e+01 8.844769e-03 3.616680e-01 3.098890e-02 1.014697e-01 1.857122e+00
2.000000e-01 1.914000e-01  1.276000e-01  5.000000e-01 4.519332e-06 8.000000e-04 1.464672e+00 3.180120e+01 2.278294e+01 6.916837e+01 9.233727e-03 3.811413e-01 3.266237e-02 1.069493e-01 1.957411e+00
2.000000e-01 1.914000e-01  1.276000e-01  5.000000e-01 4.639755e-06 8.000000e-04 1.464672e+00 3.180115e+01 2.277922e+01 6.916576e+01 9.829127e-03 3.980271e-01 3.442622e-02 1.127248e-01 2.063115e+00
2.000000e-01 1.914000e-01  1.276000e-01  5.000000e-01 4.763386e-06 8.000000e-04 1.464672e+00 3.180109e+01 2.277150e+01 6.916213e+01 1.039528e-02 4.222285e-01 3.628531e-02 1.188122e-01 2.174528e+00
2.000000e-01 1.914000e-01  1.276000e-01  5.000000e-01 4.890312e-06 8.000000e-04 1.464672e+00 3.180105e+01 2.276472e+01 6.915840e+01 1.085844e-02 4.463874e-01 3.824480e-02 1.252283e-01 2.291958e+00
2.000000e-01 1.914000e-01  1.276000e-01  5.000000e-01 5.020620e-06 8.000000e-04 1.464672e+00 3.180100e+01 2.275965e+01 6.915456e+01 1.141675e-02 4.689121e-01 4.031011e-02 1.319910e-01 2.415729e+00
2.000000e-01 1.914000e-01  1.276000e-01  5.000000e-01 5.154400e-06 8.000000e-04 1.464672e+00 3.180093e+01 2.275249e+01 6.914950e+01 1.208845e-02 4.957279e-01 4.248695e-02 1.391188e-01 2.546184e+00
2.000000e-01 1.914000e-01  1.276000e-01  5.000000e-01 5.291745e-06 8.000000e-04 1.464672e+00 3.180088e+01 2.274551e+01 6.914482e+01 1.275660e-02 5.220285e-01 4.478135e-02 1.466315e-01 2.683684e+00
2.000000e-01 1.914000e-01  1.276000e-01  5.000000e-01 5.432750e-06 8.000000e-04 1.464672e+00 3.180082e+01 2.273757e+01 6.914206e+01 1.346019e-02 5.479861e-01 4.719964e-02 1.545500e-01 2.828609e+00
2.000000e-01 1.914000e-01  1.276000e-01  5.000000e-01 5.577512e-06 8.000000e-04 1.464672e+00 3.180078e+01 2.272869e+01 6.913656e+01 1.405715e-02 5.809068e-01 4.974853e-02 1.628960e-01 2.981360e+00
2.000000e-01 1.914000e-01  1.276000e-01  5.000000e-01 5.726131e-06 8.000000e-04 1.464672e+00 3.180068e+01 2.272063e+01 6.913034e+01 1.494264e-02 6.113222e-01 5.243507e-02 1.716928e-01 3.142360e+00
2.000000e-01 1.914000e-01  1.276000e-01  5.000000e-01 5.878710e-06 8.000000e-04 1.464672e+00 3.180059e+01 2.271090e+01 6.912345e+01 1.581795e-02 6.450949e-01 5.526668e-02 1.809646e-01 3.312055e+00
2.000000e-01 1.914000e-01  1.276000e-01  5.000000e-01 6.035355e-06 8.000000e-04 1.464672e+00 3.180055e+01 2.270204e+01 6.912055e+01 1.659453e-02 6.789663e-01 5.825121e-02 1.907371e-01 3.490914e+00
2.000000e-01 1.914000e-01  1.276000e-01  5.000000e-01 6.196174e-06 8.000000e-04 1.464672e+00 3.180046e+01 2.269241e+01 6.911383e+01 1.734610e-02 7.144194e-01 6.139691e-02 2.010373e-01 3.679431e+00
2.000000e-01 1.914000e-01  1.276000e-01  5.000000e-01 6.361278e-06 8.000000e-04 1.464672e+00 3.180036e+01 2.268252e+01 6.910554e+01 1.849053e-02 7.528406e-01 6.471249e-02 2.118938e-01 3.878129e+00
2.000000e-01 1.914000e-01  1.276000e-01  5.000000e-01 6.530782e-06 8.000000e-04 1.464672e+00 3.180030e+01 2.267021e+01 6.909985e+01 1.920345e-02 7.966062e-01 6.820711e-02 2.233366e-01 4.087557e+00
2.000000e-01 1.914000e-01  1.276000e-01  5.000000e-01 6.704802e-06 8.000000e-04 1.464672e+00 3.180018e+01 2.266042e+01 6.909456e+01 2.048171e-02 8.369873e-01 7.189045e-02 2.353973e-01 4.308294e+00
2.000000e-01 1.914000e-01  1.276000e-01  5.000000e-01 6.883459e-06 8.000000e-04 1.464672e+00 3.180007e+01 2.264596e+01 6.908603e+01 2.170898e-02 8.847999e-01 7.577270e-02 2.481092e-01 4.540952e+00
2.000000e-01 1.914000e-01  1.276000e-01  5.000000e-01 7.066877e-06 8.000000e-04 1.464672e+00 3.179998e+01 2.263507e+01 6.907795e+01 2.270734e-02 9.275021e-01 7.986460e-02 2.615077e-01 4.786174e+00
2.000000e-01 1.914000e-01  1.276000e-01  5.000000e-01 7.255182e-06 8.000000e-04 1.464672e+00 3.179988e+01 2.262141e+01 6.906955e+01 2.387095e-02 9.791593e-01 8.417748e-02 2.756297e-01 5.044639e+00
2.000000e-01 1.914000e-01  1.276000e-01  5.000000e-01 7.448504e-06 8.000000e-04 1.464672e+00 3.179973e+01 2.260729e+01 6.906205e+01 2.526136e-02 1.030569e+00 8.872325e-02 2.905144e-01 5.317061e+00
2.000000e-01 1.914000e-01  1.276000e-01  5.000000e-01 7.646978e-06 8.000000e-04 1.464672e+00 3.179962e+01 2.258804e+01 6.905123e+01 2.684957e-02 1.093440e+00 9.351451e-02 3.062028e-01 5.604194e+00
2.000000e-01 1.914000e-01  1.276000e-01  5.000000e-01 7.850741e-06 8.000000e-04 1.464672e+00 3.179949e+01 2.257248e+01 6.904090e+01 2.802804e-02 1.152602e+00 9.856451e-02 3.227385e-01 5.906834e+00
2.000000e-01 1.914000e-01  1.276000e-01  5.000000e-01 8.059933e-06 8.000000e-04 1.464672e+00 3.179933e+01 2.255884e+01 6.903180e+01 2.964444e-02 1.211294e+00 1.038872e-01 3.401671e-01 6.225816e+00
2.000000e-01 1.914000e-01  1.276000e-01  5.000000e-01 8.274699e-06 8.000000e-04 1.464672e+00 3.179920e+01 2.254214e+01 6.902201e+01 3.110296e-02 1.272568e+00 1.094974e-01 3.585369e-01 6.562025e+00
2.000000e-01 1.914000e-01  1.276000e-01  5.000000e-01 8.495188e-06 8.000000e-04 1.464672e+00 3.179905e+01 2.252149e+01 6.900972e+01 3.270354e-02 1.343690e+00 1.154105e-01 3.778988e-01 6.916389e+00
2.000000e-01 1.914000e-01  1.276000e-01  5.000000e-01 8.721552e-06 8.000000e-04 1.464672e+00 3.179889e+01 2.250195e+01 6.899854e+01 3.448995e-02 1.415064e+00 1.216429e-01 3.983062e-01 7.289890e+00
2.000000e-01 1.914000e-01  1.276000e-01  5.000000e-01 8.953948e-06 8.000000e-04 1.464672e+00 3.179875e+01 2.248278e+01 6.898441e+01 3.639788e-02 1.497758e+00 1.282119e-01 4.198156e-01 7.683561e+00
2.000000e-01 1.914000e-01  1.276000e-01  5.000000e-01 9.192536e-06 8.000000e-04 1.464672e+00 3.179854e+01 2.246285e+01 6.897573e+01 3.852721e-02 1.569565e+00 1.351357e-01 4.424866e-01 8.098491e+00
2.000000e-01 1.914000e-01  1.276000e-01  5.000000e-01 9.437481e-06 8.000000e-04 1.464672e+00 3.179835e+01 2.243814e+01 6.895900e+01 4.070217e-02 1.655244e+00 1.424333e-01 4.663819e-01 8.535829e+00
2.000000e-01 1.914000e-01  1.276000e-01  5.000000e-01 9.688954e-06 8.000000e-04 1.464672e+00 3.179816e+01 2.241172e+01 6.894530e+01 4.286644e-02 1.756752e+00 1.501250e-01 4.915676e-01 8.996783e+00
2.000000e-01 1.914000e-01  1.276000e-01  5.000000e-01 9.947127e-06 8.000000e-04 1.464672e+00 3.179794e+01 2.238907e+01 6.893233e+01 4.511632e-02 1.842712e+00 1.582321e-01 5.181134e-01 9.482630e+00
2.000000e-01 1.914000e-01  1.276000e-01  5.000000e-01 1.021218e-05 8.000000e-04 1.464672e+00 3.179776e+01 2.236379e+01 6.891523e+01 4.731388e-02 1.938078e+00 1.667770e-01 5.460927e-01 9.994714e+00
2.000000e-01 1.914000e-01  1.276000e-01  5.000000e-01 1.048430e-05 8.000000e-04 1.464672e+00 3.179751e+01 2.233487e+01 6.889748e+01 4.998041e-02 2.046059e+00 1.757834e-01 5.755830e-01 1.053445e+01
2.000000e-01 1.914000e-01  1.276000e-01  5.000000e-01 1.076366e-05 8.000000e-04 1.464672e+00 3.179722e+01 2.231094e+01 6.888495e+01 5.292864e-02 2.157067e+00 1.852761e-01 6.066658e-01 1.110334e+01
2.000000e-01 1.914000e-01  1.276000e-01  5.000000e-01 1.105047e-05 8.000000e-04 1.464672e+00 3.179699e+01 2.227348e+01 6.885923e+01 5.578248e-02 2.273114e+00 1.952814e-01 6.394272e-01 1.170294e+01
2.000000e-01 1.914000e-01  1.276000e-01  5.000000e-01 1.134492e-05 8.000000e-04 1.464672e+00 3.179676e+01 2.223895e+01 6.884344e+01 5.853088e-02 2.400746e+00 2.058271e-01 6.739577e-01 1.233493e+01
2.000000e-01 1.914000e-01  1.276000e-01  5.000000e-01 1.164722e-05 8.000000e-04 1.464672e+00 3.179647e+01 2.221190e+01 6.882989e+01 6.163124e-02 2.519675e+00 2.169422e-01 7.103530e-01 1.300104e+01
2.000000e-01 1.914000e-01  1.276000e-01  5.000000e-01 1.195758e-05 8.000000e-04 1.464672e+00 3.179617e+01 2.217140e+01 6.880119e+01 6.534290e-02 2.662333e+00 2.286576e-01 7.487137e-01 1.370313e+01
2.000000e-01 1.914000e-01  1.276000e-01  5.000000e-01 1.227620e-05 8.000000e-04 1.464672e+00 3.179588e+01 2.213203e+01 6.877830e+01 6.878150e-02 2.812690e+00 2.410056e-01 7.891460e-01 1.444313e+01
2.000000e-01 1.914000e-01  1.276000e-01  5.000000e-01 1.260331e-05 8.000000e-04 1.464672e+00 3.179552e+01 2.209607e+01 6.876339e+01 7.194181e-02 2.964718e+00 2.540205e-01 8.317617e-01 1.522309e+01
2.000000e-01 1.914000e-01  1.276000e-01  5.000000e-01 1.293914e-05 8.000000e-04 1.464672e+00 3.179516e+01 2.204802e+01 6.873206e+01 7.588012e-02 3.129891e+00 2.677382e-01 8.766787e-01 1.604517e+01
2.000000e-01 1.914000e-01  1.276000e-01  5.000000e-01 1.328392e-05 8.000000e-04 1.464672e+00 3.179478e+01 2.201142e+01 6.871193e+01 8.032797e-02 3.293437e+00 2.821966e-01 9.240214e-01 1.691165e+01
2.000000e-01 1.914000e-01  1.276000e-01  5.000000e-01 1.363789e-05 8.000000e-04 1.464672e+00 3.179435e+01 2.196224e+01 6.868845e+01 8.501915e-02 3.480284e+00 2.974359e-01 9.739207e-01 1.782492e+01
2.000000e-01 1.914000e-01  1.276000e-01  5.000000e-01 1.400128e-05 8.000000e-04 1.464672e+00 3.179393e+01 2.191469e+01 6.865238e+01 8.978701e-02 3.665831e+00 3.134981e-01 1.026515e+00 1.878751e+01
2.000000e-01 1.914000e-01  1.276000e-01  5.000000e-01 1.437436e-05 8.000000e-04 1.464672e+00 3.179353e+01 2.186789e+01 6.862624e+01 9.329377e-02 3.839019e+00 3.304278e-01 1.081949e+00 1.980208e+01
2.000000e-01 1.914000e-01  1.276000e-01  5.000000e-01 1.475738e-05 8.000000e-04 1.464672e+00 3.179316e+01 2.182124e+01 6.860706e+01 9.944304e-02 4.041705e+00 3.482716e-01 1.140377e+00 2.087143e+01
2.000000e-01 1.914000e-01  1.276000e-01  5.000000e-01 1.515061e-05 8.000000e-04 1.464672e+00 3.179252e+01 2.175218e+01 6.855672e+01 1.050314e-01 4.286171e+00 3.670791e-01 1.201960e+00 2.199854e+01
2.000000e-01 1.914000e-01  1.276000e-01  5.000000e-01 1.555432e-05 8.000000e-04 1.464672e+00 3.179210e+01 2.168764e+01 6.852993e+01 1.099512e-01 4.507714e+00 3.869022e-01 1.266868e+00 2.318651e+01
2.000000e-01 1.914000e-01  1.276000e-01  5.000000e-01 1.596878e-05 8.000000e-04 1.464672e+00 3.179157e+01 2.162637e+01 6.850221e+01 1.160404e-01 4.760978e+00 4.077958e-01 1.335282e+00 2.443864e+01
2.000000e-01 1.914000e-01  1.276000e-01  5.000000e-01 1.639429e-05 8.000000e-04 1.464672e+00 3.179092e+01 2.157334e+01 6.846819e+01 1.223804e-01 5.000360e+00 4.298178e-01 1.407390e+00 2.575838e+01
2.000000e-01 1.914000e-01  1.276000e-01  5.000000e-01 1.683113e-05 8.000000e-04 1.464672e+00 3.179043e+01 2.149969e+01 6.842752e+01 1.282064e-01 5.281747e+00 4.530289e-01 1.483393e+00 2.714939e+01
2.000000e-01 1.914000e-01  1.276000e-01  5.000000e-01 1.727962e-05 8.000000e-04 1.464672e+00 3.178967e+01 2.142397e+01 6.837742e+01 1.362453e-01 5.559500e+00 4.774935e-01 1.563499e+00 2.861552e+01
2.000000e-01 1.914000e-01  1.276000e-01  5.000000e-01 1.774005e-05 8.000000e-04 1.464672e+00 3.178897e+01 2.134816e+01 6.835056e+01 1.438009e-01 5.873666e+00 5.032793e-01 1.647932e+00 3.016082e+01
