2.000000e-01 3.257000e-02  2.171333e-02  5.000000e-01 2.000000e-06 8.000000e-04 1.139880e+04 3.180202e+01 2.288797e+01 6.923337e+01 1.085974e-04 1.941403e-04 1.260420e-04 2.470441e-03 8.957013e-03
2.000000e-01 3.257000e-02  2.171333e-02  5.000000e-01 2.053292e-06 8.000000e-04 1.139880e+04 3.180202e+01 2.288797e+01 6.923337e+01 1.185696e-04 2.045102e-04 1.328486e-04 2.603851e-03 9.440712e-03
2.000000e-01 3.257000e-02  2.171333e-02  5.000000e-01 2.108005e-06 8.000000e-04 1.139880e+04 3.180202e+01 2.288797e+01 6.923336e+01 1.242561e-04 2.161763e-04 1.400227e-04 2.744465e-03 9.950533e-03
2.000000e-01 3.257000e-02  2.171333e-02  5.000000e-01 2.164175e-06 8.000000e-04 1.139880e+04 3.180202e+01 2.288796e+01 6.923336e+01 1.304142e-04 2.267192e-04 1.475843e-04 2.892672e-03 1.048788e-02
2.000000e-01 3.257000e-02  2.171333e-02  5.000000e-01 2.221842e-06 8.000000e-04 1.139880e+04 3.180202e+01 2.288796e+01 6.923336e+01 1.395211e-04 2.409945e-04 1.555542e-04 3.048883e-03 1.105425e-02
2.000000e-01 3.257000e-02  2.171333e-02  5.000000e-01 2.281045e-06 8.000000e-04 1.139880e+04 3.180202e+01 2.288796e+01 6.923336e+01 1.443274e-04 2.516216e-04 1.639545e-04 3.213530e-03 1.165121e-02
2.000000e-01 3.257000e-02  2.171333e-02  5.000000e-01 2.341826e-06 8.000000e-04 1.139880e+04 3.180202e+01 2.288795e+01 6.923335e+01 1.537279e-04 2.681396e-04 1.728084e-04 3.387068e-03 1.228040e-02
2.000000e-01 3.257000e-02  2.171333e-02  5.000000e-01 2.404227e-06 8.000000e-04 1.139880e+04 3.180202e+01 2.288795e+01 6.923335e+01 1.630401e-04 2.810978e-04 1.821404e-04 3.569978e-03 1.294357e-02
2.000000e-01 3.257000e-02  2.171333e-02  5.000000e-01 2.468290e-06 8.000000e-04 1.139880e+04 3.180202e+01 2.288795e+01 6.923335e+01 1.651744e-04 2.958692e-04 1.919764e-04 3.762765e-03 1.364255e-02
2.000000e-01 3.257000e-02  2.171333e-02  5.000000e-01 2.534061e-06 8.000000e-04 1.139880e+04 3.180202e+01 2.288794e+01 6.923334e+01 1.746070e-04 3.134062e-04 2.023436e-04 3.965963e-03 1.437928e-02
2.000000e-01 3.257000e-02  2.171333e-02  5.000000e-01 2.601584e-06 8.000000e-04 1.139880e+04 3.180201e+01 2.288794e+01 6.923334e+01 1.867704e-04 3.295701e-04 2.132706e-04 4.180134e-03 1.515580e-02
2.000000e-01 3.257000e-02  2.171333e-02  5.000000e-01 2.670906e-06 8.000000e-04 1.139880e+04 3.180201e+01 2.288794e+01 6.923334e+01 1.978285e-04 3.477268e-04 2.247877e-04 4.405871e-03 1.597425e-02
2.000000e-01 3.257000e-02  2.171333e-02  5.000000e-01 2.742075e-06 8.000000e-04 1.139880e+04 3.180201e+01 2.288793e+01 6.923333e+01 2.021670e-04 3.683689e-04 2.369268e-04 4.643798e-03 1.683689e-02
2.000000e-01 3.257000e-02  2.171333e-02  5.000000e-01 2.815141e-06 8.000000e-04 1.139880e+04 3.180201e+01 2.288793e+01 6.923333e+01 2.203313e-04 3.884269e-04 2.497214e-04 4.894574e-03 1.774612e-02
2.000000e-01 3.257000e-02  2.171333e-02  5.000000e-01 2.890154e-06 8.000000e-04 1.139880e+04 3.180201e+01 2.288792e+01 6.923332e+01 2.246920e-04 4.055574e-04 2.632069e-04 5.158892e-03 1.870446e-02
2.000000e-01 3.257000e-02  2.171333e-02  5.000000e-01 2.967165e-06 8.000000e-04 1.139880e+04 3.180201e+01 2.288791e+01 6.923332e+01 2.441517e-04 4.294370e-04 2.774207e-04 5.437484e-03 1.971454e-02
2.000000e-01 3.257000e-02  2.171333e-02  5.000000e-01 3.046229e-06 8.000000e-04 1.139880e+04 3.180201e+01 2.288791e+01 6.923332e+01 2.559522e-04 4.524942e-04 2.924021e-04 5.731121e-03 2.077917e-02
2.000000e-01 3.257000e-02  2.171333e-02  5.000000e-01 3.127399e-06 8.000000e-04 1.139880e+04 3.180201e+01 2.288791e+01 6.923331e+01 2.627292e-04 4.737045e-04 3.081925e-04 6.040615e-03 2.190129e-02
2.000000e-01 3.257000e-02  2.171333e-02  5.000000e-01 3.210732e-06 8.000000e-04 1.139880e+04 3.180201e+01 2.288790e+01 6.923330e+01 2.867426e-04 5.019470e-04 3.248356e-04 6.366822e-03 2.308401e-02
2.000000e-01 3.257000e-02  2.171333e-02  5.000000e-01 3.296286e-06 8.000000e-04 1.139880e+04 3.180200e+01 2.288789e+01 6.923330e+01 2.950204e-04 5.307435e-04 3.423774e-04 6.710645e-03 2.433060e-02
2.000000e-01 3.257000e-02  2.171333e-02  5.000000e-01 3.384119e-06 8.000000e-04 1.139880e+04 3.180200e+01 2.288788e+01 6.923329e+01 3.142536e-04 5.552121e-04 3.608666e-04 7.073035e-03 2.564451e-02
2.000000e-01 3.257000e-02  2.171333e-02  5.000000e-01 3.474293e-06 8.000000e-04 1.139880e+04 3.180200e+01 2.288788e+01 6.923328e+01 3.334346e-04 5.873421e-04 3.803542e-04 7.454995e-03 2.702938e-02
2.000000e-01 3.257000e-02  2.171333e-02  5.000000e-01 3.566869e-06 8.000000e-04 1.139880e+04 3.180200e+01 2.288787e+01 6.923328e+01 3.540330e-04 6.161274e-04 4.008943e-04 7.857582e-03 2.848903e-02
2.000000e-01 3.257000e-02  2.171333e-02  5.000000e-01 3.661913e-06 8.000000e-04 1.139880e+04 3.180200e+01 2.288786e+01 6.923327e+01 3.686210e-04 6.523716e-04 4.225435e-04 8.281910e-03 3.002750e-02
2.000000e-01 3.257000e-02  2.171333e-02  5.000000e-01 3.759488e-06 8.000000e-04 1.139880e+04 3.180199e+01 2.288785e+01 6.923326e+01 3.960579e-04 6.906943e-04 4.453618e-04 8.729152e-03 3.164905e-02
2.000000e-01 3.257000e-02  2.171333e-02  5.000000e-01 3.859664e-06 8.000000e-04 1.139880e+04 3.180199e+01 2.288784e+01 6.923325e+01 4.139737e-04 7.287203e-04 4.694124e-04 9.200547e-03 3.335817e-02
2.000000e-01 3.257000e-02  2.171333e-02  5.000000e-01 3.962510e-06 8.000000e-04 1.139880e+04 3.180199e+01 2.288783e+01 6.923325e+01 4.351632e-04 7.658779e-04 4.947617e-04 9.697398e-03 3.515959e-02
2.000000e-01 3.257000e-02  2.171333e-02  5.000000e-01 4.068095e-06 8.000000e-04 1.139880e+04 3.180199e+01 2.288782e+01 6.923324e+01 4.467733e-04 8.051936e-04 5.214800e-04 1.022108e-02 3.705829e-02
2.000000e-01 3.257000e-02  2.171333e-02  5.000000e-01 4.176494e-06 8.000000e-04 1.139880e+04 3.180199e+01 2.288781e+01 6.923323e+01 4.678348e-04 8.452607e-04 5.496411e-04 1.077304e-02 3.905953e-02
2.000000e-01 3.257000e-02  2.171333e-02  5.000000e-01 4.287782e-06 8.000000e-04 1.139880e+04 3.180199e+01 2.288780e+01 6.923322e+01 5.046921e-04 8.941295e-04 5.793230e-04 1.135481e-02 4.116883e-02
2.000000e-01 3.257000e-02  2.171333e-02  5.000000e-01 4.402035e-06 8.000000e-04 1.139880e+04 3.180198e+01 2.288779e+01 6.923321e+01 5.354661e-04 9.439142e-04 6.106078e-04 1.196800e-02 4.339204e-02
2.000000e-01 3.257000e-02  2.171333e-02  5.000000e-01 4.519332e-06 8.000000e-04 1.139880e+04 3.180198e+01 2.288778e+01 6.923320e+01 5.634162e-04 9.925065e-04 6.435820e-04 1.261430e-02 4.573531e-02
2.000000e-01 3.257000e-02  2.171333e-02  5.000000e-01 4.639755e-06 8.000000e-04 1.139880e+04 3.180198e+01 2.288777e+01 6.923319e+01 5.891008e-04 1.045067e-03 6.783369e-04 1.329550e-02 4.820513e-02
2.000000e-01 3.257000e-02  2.171333e-02  5.000000e-01 4.763386e-06 8.000000e-04 1.139880e+04 3.180198e+01 2.288775e+01 6.923317e+01 6.216664e-04 1.111589e-03 7.149687e-04 1.401348e-02 5.080831e-02
2.000000e-01 3.257000e-02  2.171333e-02  5.000000e-01 4.890312e-06 8.000000e-04 1.139880e+04 3.180197e+01 2.288773e+01 6.923316e+01 6.614923e-04 1.168767e-03 7.535787e-04 1.477025e-02 5.355208e-02
2.000000e-01 3.257000e-02  2.171333e-02  5.000000e-01 5.020620e-06 8.000000e-04 1.139880e+04 3.180197e+01 2.288772e+01 6.923315e+01 6.819239e-04 1.222721e-03 7.942736e-04 1.556787e-02 5.644402e-02
2.000000e-01 3.257000e-02  2.171333e-02  5.000000e-01 5.154400e-06 8.000000e-04 1.139880e+04 3.180197e+01 2.288770e+01 6.923313e+01 7.303461e-04 1.298009e-03 8.371663e-04 1.640857e-02 5.949212e-02
2.000000e-01 3.257000e-02  2.171333e-02  5.000000e-01 5.291745e-06 8.000000e-04 1.139880e+04 3.180196e+01 2.288769e+01 6.923312e+01 7.712207e-04 1.363973e-03 8.823752e-04 1.729467e-02 6.270484e-02
2.000000e-01 3.257000e-02  2.171333e-02  5.000000e-01 5.432750e-06 8.000000e-04 1.139880e+04 3.180196e+01 2.288767e+01 6.923310e+01 8.278426e-04 1.438527e-03 9.300255e-04 1.822863e-02 6.609104e-02
2.000000e-01 3.257000e-02  2.171333e-02  5.000000e-01 5.577512e-06 8.000000e-04 1.139880e+04 3.180195e+01 2.288765e+01 6.923308e+01 8.481737e-04 1.525608e-03 9.802490e-04 1.921301e-02 6.966011e-02
2.000000e-01 3.257000e-02  2.171333e-02  5.000000e-01 5.726131e-06 8.000000e-04 1.139880e+04 3.180195e+01 2.288763e+01 6.923307e+01 9.342589e-04 1.598487e-03 1.033185e-03 2.025056e-02 7.342192e-02
2.000000e-01 3.257000e-02  2.171333e-02  5.000000e-01 5.878710e-06 8.000000e-04 1.139880e+04 3.180195e+01 2.288761e+01 6.923305e+01 9.304792e-04 1.686976e-03 1.088979e-03 2.134414e-02 7.738687e-02
2.000000e-01 3.257000e-02  2.171333e-02  5.000000e-01 6.035355e-06 8.000000e-04 1.139880e+04 3.180194e+01 2.288759e+01 6.923303e+01 1.012557e-03 1.778567e-03 1.147786e-03 2.249677e-02 8.156594e-02
2.000000e-01 3.257000e-02  2.171333e-02  5.000000e-01 6.196174e-06 8.000000e-04 1.139880e+04 3.180193e+01 2.288756e+01 6.923300e+01 1.064075e-03 1.862943e-03 1.209770e-03 2.371165e-02 8.597069e-02
2.000000e-01 3.257000e-02  2.171333e-02  5.000000e-01 6.361278e-06 8.000000e-04 1.139880e+04 3.180193e+01 2.288754e+01 6.923299e+01 1.117012e-03 1.971670e-03 1.275100e-03 2.499213e-02 9.061331e-02
2.000000e-01 3.257000e-02  2.171333e-02  5.000000e-01 6.530782e-06 8.000000e-04 1.139880e+04 3.180192e+01 2.288751e+01 6.923296e+01 1.181663e-03 2.090718e-03 1.343958e-03 2.634177e-02 9.550663e-02
2.000000e-01 3.257000e-02  2.171333e-02  5.000000e-01 6.704802e-06 8.000000e-04 1.139880e+04 3.180192e+01 2.288748e+01 6.923294e+01 1.229178e-03 2.189296e-03 1.416535e-03 2.776428e-02 1.006642e-01
2.000000e-01 3.257000e-02  2.171333e-02  5.000000e-01 6.883459e-06 8.000000e-04 1.139880e+04 3.180192e+01 2.288746e+01 6.923292e+01 1.284297e-03 2.302380e-03 1.493031e-03 2.926362e-02 1.061003e-01
2.000000e-01 3.257000e-02  2.171333e-02  5.000000e-01 7.066877e-06 8.000000e-04 1.139880e+04 3.180191e+01 2.288742e+01 6.923288e+01 1.365389e-03 2.429843e-03 1.573658e-03 3.084392e-02 1.118300e-01
2.000000e-01 3.257000e-02  2.171333e-02  5.000000e-01 7.255182e-06 8.000000e-04 1.139880e+04 3.180190e+01 2.288739e+01 6.923285e+01 1.440398e-03 2.564490e-03 1.658640e-03 3.250956e-02 1.178691e-01
2.000000e-01 3.257000e-02  2.171333e-02  5.000000e-01 7.448504e-06 8.000000e-04 1.139880e+04 3.180189e+01 2.288736e+01 6.923282e+01 1.538788e-03 2.710152e-03 1.748210e-03 3.426516e-02 1.242343e-01
2.000000e-01 3.257000e-02  2.171333e-02  5.000000e-01 7.646978e-06 8.000000e-04 1.139880e+04 3.180189e+01 2.288733e+01 6.923280e+01 1.622215e-03 2.841511e-03 1.842617e-03 3.611555e-02 1.309432e-01
2.000000e-01 3.257000e-02  2.171333e-02  5.000000e-01 7.850741e-06 8.000000e-04 1.139880e+04 3.180188e+01 2.288729e+01 6.923277e+01 1.704605e-03 2.996245e-03 1.942123e-03 3.806588e-02 1.380144e-01
2.000000e-01 3.257000e-02  2.171333e-02  5.000000e-01 8.059933e-06 8.000000e-04 1.139880e+04 3.180187e+01 2.288725e+01 6.923273e+01 1.797573e-03 3.161423e-03 2.047002e-03 4.012152e-02 1.454675e-01
2.000000e-01 3.257000e-02  2.171333e-02  5.000000e-01 8.274699e-06 8.000000e-04 1.139880e+04 3.180186e+01 2.288720e+01 6.923269e+01 1.931118e-03 3.324634e-03 2.157545e-03 4.228818e-02 1.533231e-01
2.000000e-01 3.257000e-02  2.171333e-02  5.000000e-01 8.495188e-06 8.000000e-04 1.139880e+04 3.180186e+01 2.288716e+01 6.923266e+01 1.976972e-03 3.523340e-03 2.274057e-03 4.457184e-02 1.616029e-01
2.000000e-01 3.257000e-02  2.171333e-02  5.000000e-01 8.721552e-06 8.000000e-04 1.139880e+04 3.180184e+01 2.288711e+01 6.923261e+01 2.084513e-03 3.714766e-03 2.396862e-03 4.697882e-02 1.703298e-01
2.000000e-01 3.257000e-02  2.171333e-02  5.000000e-01 8.953948e-06 8.000000e-04 1.139880e+04 3.180182e+01 2.288707e+01 6.923256e+01 2.270429e-03 3.902494e-03 2.526298e-03 4.951578e-02 1.795280e-01
2.000000e-01 3.257000e-02  2.171333e-02  5.000000e-01 9.192536e-06 8.000000e-04 1.139880e+04 3.180182e+01 2.288701e+01 6.923252e+01 2.329532e-03 4.127771e-03 2.662724e-03 5.218975e-02 1.892230e-01
2.000000e-01 3.257000e-02  2.171333e-02  5.000000e-01 9.437481e-06 8.000000e-04 1.139880e+04 3.180182e+01 2.288696e+01 6.923250e+01 2.428342e-03 4.320673e-03 2.806517e-03 5.500812e-02 1.994415e-01
2.000000e-01 3.257000e-02  2.171333e-02  5.000000e-01 9.688954e-06 8.000000e-04 1.139880e+04 3.180179e+01 2.288690e+01 6.923240e+01 2.617049e-03 4.584378e-03 2.958075e-03 5.797868e-02 2.102117e-01
2.000000e-01 3.257000e-02  2.171333e-02  5.000000e-01 9.947127e-06 8.000000e-04 1.139880e+04 3.180179e+01 2.288684e+01 6.923239e+01 2.669357e-03 4.825869e-03 3.117818e-03 6.110967e-02 2.215637e-01
2.000000e-01 3.257000e-02  2.171333e-02  5.000000e-01 1.021218e-05 8.000000e-04 1.139880e+04 3.180177e+01 2.288678e+01 6.923232e+01 2.903445e-03 5.079484e-03 3.286188e-03 6.440973e-02 2.335286e-01
2.000000e-01 3.257000e-02  2.171333e-02  5.000000e-01 1.048430e-05 8.000000e-04 1.139880e+04 3.180176e+01 2.288671e+01 6.923226e+01 3.020552e-03 5.333093e-03 3.463649e-03 6.788800e-02 2.461397e-01
2.000000e-01 3.257000e-02  2.171333e-02  5.000000e-01 1.076366e-05 8.000000e-04 1.139880e+04 3.180174e+01 2.288663e+01 6.923218e+01 3.242976e-03 5.659169e-03 3.650694e-03 7.155411e-02 2.594318e-01
2.000000e-01 3.257000e-02  2.171333e-02  5.000000e-01 1.105047e-05 8.000000e-04 1.139880e+04 3.180173e+01 2.288658e+01 6.923214e+01 3.386038e-03 5.935838e-03 3.847840e-03 7.541820e-02 2.734417e-01
2.000000e-01 3.257000e-02  2.171333e-02  5.000000e-01 1.134492e-05 8.000000e-04 1.139880e+04 3.180171e+01 2.288650e+01 6.923206e+01 3.573446e-03 6.242775e-03 4.055633e-03 7.949096e-02 2.882082e-01
2.000000e-01 3.257000e-02  2.171333e-02  5.000000e-01 1.164722e-05 8.000000e-04 1.139880e+04 3.180170e+01 2.288641e+01 6.923199e+01 3.759450e-03 6.578830e-03 4.274646e-03 8.378365e-02 3.037721e-01
2.000000e-01 3.257000e-02  2.171333e-02  5.000000e-01 1.195758e-05 8.000000e-04 1.139880e+04 3.180169e+01 2.288631e+01 6.923194e+01 3.923655e-03 6.953025e-03 4.505487e-03 8.830816e-02 3.201765e-01
2.000000e-01 3.257000e-02  2.171333e-02  5.000000e-01 1.227620e-05 8.000000e-04 1.139880e+04 3.180165e+01 2.288622e+01 6.923182e+01 4.196287e-03 7.344593e-03 4.748794e-03 9.307701e-02 3.374668e-01
2.000000e-01 3.257000e-02  2.171333e-02  5.000000e-01 1.260331e-05 8.000000e-04 1.139880e+04 3.180163e+01 2.288614e+01 6.923174e+01 4.451307e-03 7.715081e-03 5.005239e-03 9.810338e-02 3.556908e-01
2.000000e-01 3.257000e-02  2.171333e-02  5.000000e-01 1.293914e-05 8.000000e-04 1.139880e+04 3.180162e+01 2.288602e+01 6.923165e+01 4.710811e-03 8.177398e-03 5.275534e-03 1.034012e-01 3.748989e-01
2.000000e-01 3.257000e-02  2.171333e-02  5.000000e-01 1.328392e-05 8.000000e-04 1.139880e+04 3.180159e+01 2.288591e+01 6.923156e+01 4.907225e-03 8.625577e-03 5.560425e-03 1.089851e-01 3.951443e-01
2.000000e-01 3.257000e-02  2.171333e-02  5.000000e-01 1.363789e-05 8.000000e-04 1.139880e+04 3.180158e+01 2.288580e+01 6.923149e+01 5.084997e-03 9.025378e-03 5.860701e-03 1.148705e-01 4.164830e-01
2.000000e-01 3.257000e-02  2.171333e-02  5.000000e-01 1.400128e-05 8.000000e-04 1.139880e+04 3.180154e+01 2.288566e+01 6.923134e+01 5.453131e-03 9.537897e-03 6.177192e-03 1.210738e-01 4.389741e-01
2.000000e-01 3.257000e-02  2.171333e-02  5.000000e-01 1.437436e-05 8.000000e-04 1.139880e+04 3.180153e+01 2.288555e+01 6.923125e+01 5.714143e-03 1.006803e-02 6.510775e-03 1.276121e-01 4.626797e-01
2.000000e-01 3.257000e-02  2.171333e-02  5.000000e-01 1.475738e-05 8.000000e-04 1.139880e+04 3.180148e+01 2.288542e+01 6.923110e+01 6.047060e-03 1.063933e-02 6.862372e-03 1.345034e-01 4.876655e-01
2.000000e-01 3.257000e-02  2.171333e-02  5.000000e-01 1.515061e-05 8.000000e-04 1.139880e+04 3.180147e+01 2.288527e+01 6.923100e+01 6.256121e-03 1.127399e-02 7.232956e-03 1.417669e-01 5.140005e-01
2.000000e-01 3.257000e-02  2.171333e-02  5.000000e-01 1.555432e-05 8.000000e-04 1.139880e+04 3.180144e+01 2.288512e+01 6.923089e+01 6.586627e-03 1.180390e-02 7.623552e-03 1.494227e-01 5.417577e-01
2.000000e-01 3.257000e-02  2.171333e-02  5.000000e-01 1.596878e-05 8.000000e-04 1.139880e+04 3.180140e+01 2.288499e+01 6.923078e+01 7.016786e-03 1.241147e-02 8.035241e-03 1.574918e-01 5.710139e-01
2.000000e-01 3.257000e-02  2.171333e-02  5.000000e-01 1.639429e-05 8.000000e-04 1.139880e+04 3.180135e+01 2.288480e+01 6.923055e+01 7.610920e-03 1.311195e-02 8.469163e-03 1.659968e-01 6.018500e-01
2.000000e-01 3.257000e-02  2.171333e-02  5.000000e-01 1.683113e-05 8.000000e-04 1.139880e+04 3.180133e+01 2.288465e+01 6.923045e+01 7.897769e-03 1.384323e-02 8.926517e-03 1.749610e-01 6.343513e-01
2.000000e-01 3.257000e-02  2.171333e-02  5.000000e-01 1.727962e-05 8.000000e-04 1.139880e+04 3.180130e+01 2.288444e+01 6.923027e+01 8.093125e-03 1.452581e-02 9.408570e-03 1.844093e-01 6.686077e-01
2.000000e-01 3.257000e-02  2.171333e-02  5.000000e-01 1.774005e-05 8.000000e-04 1.139880e+04 3.180125e+01 2.288423e+01 6.923008e+01 8.721490e-03 1.535692e-02 9.916654e-03 1.943678e-01 7.047141e-01
2.000000e-01 3.257000e-02  2.171333e-02  5.000000e-01 1.821276e-05 8.000000e-04 1.139880e+04 3.180123e+01 2.288409e+01 6.922996e+01 9.238313e-03 1.611024e-02 1.045218e-02 2.048641e-01 7.427703e-01
2.000000e-01 3.257000e-02  2.171333e-02  5.000000e-01 1.869805e-05 8.000000e-04 1.139880e+04 3.180113e+01 2.288387e+01 6.922968e+01 9.895796e-03 1.694062e-02 1.101662e-02 2.159272e-01 7.828816e-01
2.000000e-01 3.257000e-02  2.171333e-02  5.000000e-01 1.919629e-05 8.000000e-04 1.139880e+04 3.180112e+01 2.288365e+01 6.922959e+01 1.028993e-02 1.788059e-02 1.161154e-02 2.275878e-01 8.251590e-01
