6.000000e-02 7.897000e-01  5.264666e-01  5.000000e-01 2.000000e-06 8.000000e-04 8.467256e-14 3.180202e+01 2.288782e+01 6.923331e+01 1.265138e-04 9.374603e-04 3.635779e-04 1.189138e-03 6.002989e-03
6.000000e-02 7.897000e-01  5.264666e-01  5.000000e-01 2.053292e-06 8.000000e-04 8.467256e-14 3.180202e+01 2.288780e+01 6.923331e+01 1.323278e-04 9.894699e-04 3.832119e-04 1.253354e-03 6.327164e-03
6.000000e-02 7.897000e-01  5.264666e-01  5.000000e-01 2.108005e-06 8.000000e-04 8.467256e-14 3.180202e+01 2.288779e+01 6.923330e+01 1.398008e-04 1.048249e-03 4.039062e-04 1.321038e-03 6.668846e-03
6.000000e-02 7.897000e-01  5.264666e-01  5.000000e-01 2.164175e-06 8.000000e-04 8.467256e-14 3.180202e+01 2.288778e+01 6.923330e+01 1.471350e-04 1.100143e-03 4.257181e-04 1.392377e-03 7.028979e-03
6.000000e-02 7.897000e-01  5.264666e-01  5.000000e-01 2.221842e-06 8.000000e-04 8.467256e-14 3.180202e+01 2.288776e+01 6.923329e+01 1.543036e-04 1.166016e-03 4.487079e-04 1.467569e-03 7.408560e-03
6.000000e-02 7.897000e-01  5.264666e-01  5.000000e-01 2.281045e-06 8.000000e-04 8.467256e-14 3.180202e+01 2.288775e+01 6.923328e+01 1.638828e-04 1.225298e-03 4.729391e-04 1.546821e-03 7.808639e-03
6.000000e-02 7.897000e-01  5.264666e-01  5.000000e-01 2.341826e-06 8.000000e-04 8.467256e-14 3.180202e+01 2.288774e+01 6.923327e+01 1.723369e-04 1.287117e-03 4.984789e-04 1.630353e-03 8.230324e-03
6.000000e-02 7.897000e-01  5.264666e-01  5.000000e-01 2.404227e-06 8.000000e-04 8.467256e-14 3.180202e+01 2.288772e+01 6.923327e+01 1.811949e-04 1.359004e-03 5.253979e-04 1.718396e-03 8.674781e-03
6.000000e-02 7.897000e-01  5.264666e-01  5.000000e-01 2.468290e-06 8.000000e-04 8.467256e-14 3.180202e+01 2.288771e+01 6.923326e+01 1.921811e-04 1.433100e-03 5.537706e-04 1.811193e-03 9.143239e-03
6.000000e-02 7.897000e-01  5.264666e-01  5.000000e-01 2.534061e-06 8.000000e-04 8.467256e-14 3.180202e+01 2.288769e+01 6.923325e+01 2.020835e-04 1.504792e-03 5.836755e-04 1.909001e-03 9.636995e-03
6.000000e-02 7.897000e-01  5.264666e-01  5.000000e-01 2.601584e-06 8.000000e-04 8.467256e-14 3.180202e+01 2.288767e+01 6.923324e+01 2.129383e-04 1.595912e-03 6.151954e-04 2.012092e-03 1.015741e-02
6.000000e-02 7.897000e-01  5.264666e-01  5.000000e-01 2.670906e-06 8.000000e-04 8.467256e-14 3.180201e+01 2.288765e+01 6.923323e+01 2.252414e-04 1.681986e-03 6.484173e-04 2.120750e-03 1.070594e-02
6.000000e-02 7.897000e-01  5.264666e-01  5.000000e-01 2.742075e-06 8.000000e-04 8.467256e-14 3.180201e+01 2.288763e+01 6.923323e+01 2.362990e-04 1.772952e-03 6.834334e-04 2.235275e-03 1.128408e-02
6.000000e-02 7.897000e-01  5.264666e-01  5.000000e-01 2.815141e-06 8.000000e-04 8.467256e-14 3.180201e+01 2.288761e+01 6.923321e+01 2.512262e-04 1.870015e-03 7.203404e-04 2.355985e-03 1.189345e-02
6.000000e-02 7.897000e-01  5.264666e-01  5.000000e-01 2.890154e-06 8.000000e-04 8.467256e-14 3.180201e+01 2.288759e+01 6.923321e+01 2.631464e-04 1.976508e-03 7.592404e-04 2.483214e-03 1.253572e-02
6.000000e-02 7.897000e-01  5.264666e-01  5.000000e-01 2.967165e-06 8.000000e-04 8.467256e-14 3.180201e+01 2.288757e+01 6.923320e+01 2.759200e-04 2.072148e-03 8.002411e-04 2.617313e-03 1.321268e-02
6.000000e-02 7.897000e-01  5.264666e-01  5.000000e-01 3.046229e-06 8.000000e-04 8.467256e-14 3.180201e+01 2.288754e+01 6.923318e+01 2.911587e-04 2.187967e-03 8.434560e-04 2.758654e-03 1.392620e-02
6.000000e-02 7.897000e-01  5.264666e-01  5.000000e-01 3.127399e-06 8.000000e-04 8.467256e-14 3.180201e+01 2.288751e+01 6.923316e+01 3.103574e-04 2.312297e-03 8.890046e-04 2.907628e-03 1.467824e-02
6.000000e-02 7.897000e-01  5.264666e-01  5.000000e-01 3.210732e-06 8.000000e-04 8.467256e-14 3.180201e+01 2.288749e+01 6.923316e+01 3.242659e-04 2.421722e-03 9.370129e-04 3.064646e-03 1.547090e-02
6.000000e-02 7.897000e-01  5.264666e-01  5.000000e-01 3.296286e-06 8.000000e-04 8.467256e-14 3.180201e+01 2.288746e+01 6.923314e+01 3.405585e-04 2.560436e-03 9.876137e-04 3.230144e-03 1.630637e-02
6.000000e-02 7.897000e-01  5.264666e-01  5.000000e-01 3.384119e-06 8.000000e-04 8.467256e-14 3.180201e+01 2.288743e+01 6.923313e+01 3.602301e-04 2.701730e-03 1.040947e-03 3.404579e-03 1.718695e-02
6.000000e-02 7.897000e-01  5.264666e-01  5.000000e-01 3.474293e-06 8.000000e-04 8.467256e-14 3.180200e+01 2.288739e+01 6.923310e+01 3.809739e-04 2.858836e-03 1.097161e-03 3.588435e-03 1.811509e-02
6.000000e-02 7.897000e-01  5.264666e-01  5.000000e-01 3.566869e-06 8.000000e-04 8.467256e-14 3.180200e+01 2.288736e+01 6.923309e+01 4.015749e-04 2.998727e-03 1.156410e-03 3.782218e-03 1.909334e-02
6.000000e-02 7.897000e-01  5.264666e-01  5.000000e-01 3.661913e-06 8.000000e-04 8.467256e-14 3.180200e+01 2.288733e+01 6.923308e+01 4.189823e-04 3.141554e-03 1.218859e-03 3.986467e-03 2.012443e-02
6.000000e-02 7.897000e-01  5.264666e-01  5.000000e-01 3.759488e-06 8.000000e-04 8.467256e-14 3.180200e+01 2.288729e+01 6.923306e+01 4.455768e-04 3.307123e-03 1.284680e-03 4.201745e-03 2.121119e-02
6.000000e-02 7.897000e-01  5.264666e-01  5.000000e-01 3.859664e-06 8.000000e-04 8.467256e-14 3.180200e+01 2.288725e+01 6.923303e+01 4.685794e-04 3.503658e-03 1.354056e-03 4.428649e-03 2.235665e-02
6.000000e-02 7.897000e-01  5.264666e-01  5.000000e-01 3.962510e-06 8.000000e-04 8.467256e-14 3.180200e+01 2.288722e+01 6.923302e+01 4.912403e-04 3.693366e-03 1.427178e-03 4.667806e-03 2.356396e-02
6.000000e-02 7.897000e-01  5.264666e-01  5.000000e-01 4.068095e-06 8.000000e-04 8.467256e-14 3.180199e+01 2.288717e+01 6.923299e+01 5.184881e-04 3.880048e-03 1.504249e-03 4.919879e-03 2.483646e-02
6.000000e-02 7.897000e-01  5.264666e-01  5.000000e-01 4.176494e-06 8.000000e-04 8.467256e-14 3.180199e+01 2.288711e+01 6.923298e+01 5.490904e-04 4.108159e-03 1.585482e-03 5.185564e-03 2.617769e-02
6.000000e-02 7.897000e-01  5.264666e-01  5.000000e-01 4.287782e-06 8.000000e-04 8.467256e-14 3.180199e+01 2.288708e+01 6.923295e+01 5.758981e-04 4.337016e-03 1.671101e-03 5.465596e-03 2.759135e-02
6.000000e-02 7.897000e-01  5.264666e-01  5.000000e-01 4.402035e-06 8.000000e-04 8.467256e-14 3.180199e+01 2.288704e+01 6.923295e+01 6.104978e-04 4.535688e-03 1.761345e-03 5.760751e-03 2.908134e-02
6.000000e-02 7.897000e-01  5.264666e-01  5.000000e-01 4.519332e-06 8.000000e-04 8.467256e-14 3.180199e+01 2.288696e+01 6.923289e+01 6.430187e-04 4.816474e-03 1.856461e-03 6.071845e-03 3.065180e-02
6.000000e-02 7.897000e-01  5.264666e-01  5.000000e-01 4.639755e-06 8.000000e-04 8.467256e-14 3.180198e+01 2.288692e+01 6.923287e+01 6.794995e-04 5.061811e-03 1.956714e-03 6.399738e-03 3.230707e-02
6.000000e-02 7.897000e-01  5.264666e-01  5.000000e-01 4.763386e-06 8.000000e-04 8.467256e-14 3.180198e+01 2.288685e+01 6.923283e+01 7.150367e-04 5.353684e-03 2.062382e-03 6.745339e-03 3.405173e-02
6.000000e-02 7.897000e-01  5.264666e-01  5.000000e-01 4.890312e-06 8.000000e-04 8.467256e-14 3.180198e+01 2.288681e+01 6.923283e+01 7.556428e-04 5.622689e-03 2.173755e-03 7.109603e-03 3.589060e-02
6.000000e-02 7.897000e-01  5.264666e-01  5.000000e-01 5.020620e-06 8.000000e-04 8.467256e-14 3.180198e+01 2.288673e+01 6.923279e+01 7.907086e-04 5.922175e-03 2.291143e-03 7.493538e-03 3.782877e-02
6.000000e-02 7.897000e-01  5.264666e-01  5.000000e-01 5.154400e-06 8.000000e-04 8.467256e-14 3.180197e+01 2.288665e+01 6.923275e+01 8.334573e-04 6.241586e-03 2.414870e-03 7.898206e-03 3.987162e-02
6.000000e-02 7.897000e-01  5.264666e-01  5.000000e-01 5.291745e-06 8.000000e-04 8.467256e-14 3.180197e+01 2.288658e+01 6.923272e+01 8.789641e-04 6.577937e-03 2.545278e-03 8.324728e-03 4.202477e-02
6.000000e-02 7.897000e-01  5.264666e-01  5.000000e-01 5.432750e-06 8.000000e-04 8.467256e-14 3.180197e+01 2.288650e+01 6.923269e+01 9.287472e-04 6.943199e-03 2.682729e-03 8.774282e-03 4.429421e-02
6.000000e-02 7.897000e-01  5.264666e-01  5.000000e-01 5.577512e-06 8.000000e-04 8.467256e-14 3.180196e+01 2.288642e+01 6.923263e+01 9.745991e-04 7.322188e-03 2.827603e-03 9.248114e-03 4.668620e-02
6.000000e-02 7.897000e-01  5.264666e-01  5.000000e-01 5.726131e-06 8.000000e-04 8.467256e-14 3.180196e+01 2.288632e+01 6.923259e+01 1.027300e-03 7.721872e-03 2.980300e-03 9.747533e-03 4.920736e-02
6.000000e-02 7.897000e-01  5.264666e-01  5.000000e-01 5.878710e-06 8.000000e-04 8.467256e-14 3.180195e+01 2.288621e+01 6.923252e+01 1.088037e-03 8.177979e-03 3.141243e-03 1.027392e-02 5.186467e-02
6.000000e-02 7.897000e-01  5.264666e-01  5.000000e-01 6.035355e-06 8.000000e-04 8.467256e-14 3.180195e+01 2.288614e+01 6.923250e+01 1.145581e-03 8.574112e-03 3.310877e-03 1.082874e-02 5.466549e-02
6.000000e-02 7.897000e-01  5.264666e-01  5.000000e-01 6.196174e-06 8.000000e-04 8.467256e-14 3.180194e+01 2.288604e+01 6.923245e+01 1.205982e-03 9.042966e-03 3.489672e-03 1.141351e-02 5.761755e-02
6.000000e-02 7.897000e-01  5.264666e-01  5.000000e-01 6.361278e-06 8.000000e-04 8.467256e-14 3.180194e+01 2.288592e+01 6.923240e+01 1.279554e-03 9.529591e-03 3.678123e-03 1.202987e-02 6.072903e-02
6.000000e-02 7.897000e-01  5.264666e-01  5.000000e-01 6.530782e-06 8.000000e-04 8.467256e-14 3.180194e+01 2.288580e+01 6.923235e+01 1.342968e-03 1.008418e-02 3.876750e-03 1.267951e-02 6.400854e-02
6.000000e-02 7.897000e-01  5.264666e-01  5.000000e-01 6.704802e-06 8.000000e-04 8.467256e-14 3.180193e+01 2.288570e+01 6.923229e+01 1.411598e-03 1.056086e-02 4.086103e-03 1.336423e-02 6.746515e-02
6.000000e-02 7.897000e-01  5.264666e-01  5.000000e-01 6.883459e-06 8.000000e-04 8.467256e-14 3.180193e+01 2.288561e+01 6.923225e+01 1.490883e-03 1.112250e-02 4.306762e-03 1.408593e-02 7.110842e-02
6.000000e-02 7.897000e-01  5.264666e-01  5.000000e-01 7.066877e-06 8.000000e-04 8.467256e-14 3.180192e+01 2.288545e+01 6.923220e+01 1.566781e-03 1.176592e-02 4.539337e-03 1.484661e-02 7.494844e-02
6.000000e-02 7.897000e-01  5.264666e-01  5.000000e-01 7.255182e-06 8.000000e-04 8.467256e-14 3.180191e+01 2.288534e+01 6.923211e+01 1.653782e-03 1.237713e-02 4.784472e-03 1.564836e-02 7.899583e-02
6.000000e-02 7.897000e-01  5.264666e-01  5.000000e-01 7.448504e-06 8.000000e-04 8.467256e-14 3.180191e+01 2.288515e+01 6.923204e+01 1.747678e-03 1.307725e-02 5.042845e-03 1.649341e-02 8.326178e-02
6.000000e-02 7.897000e-01  5.264666e-01  5.000000e-01 7.646978e-06 8.000000e-04 8.467256e-14 3.180190e+01 2.288502e+01 6.923199e+01 1.837193e-03 1.376465e-02 5.315170e-03 1.738409e-02 8.775811e-02
6.000000e-02 7.897000e-01  5.264666e-01  5.000000e-01 7.850741e-06 8.000000e-04 8.467256e-14 3.180189e+01 2.288483e+01 6.923182e+01 1.942855e-03 1.447079e-02 5.602201e-03 1.832287e-02 9.249725e-02
6.000000e-02 7.897000e-01  5.264666e-01  5.000000e-01 8.059933e-06 8.000000e-04 8.467256e-14 3.180189e+01 2.288468e+01 6.923176e+01 2.040843e-03 1.534417e-02 5.904733e-03 1.931235e-02 9.749232e-02
6.000000e-02 7.897000e-01  5.264666e-01  5.000000e-01 8.274699e-06 8.000000e-04 8.467256e-14 3.180188e+01 2.288449e+01 6.923171e+01 2.151342e-03 1.612042e-02 6.223602e-03 2.035526e-02 1.027571e-01
6.000000e-02 7.897000e-01  5.264666e-01  5.000000e-01 8.495188e-06 8.000000e-04 8.467256e-14 3.180187e+01 2.288432e+01 6.923163e+01 2.275996e-03 1.703631e-02 6.559691e-03 2.145449e-02 1.083063e-01
6.000000e-02 7.897000e-01  5.264666e-01  5.000000e-01 8.721552e-06 8.000000e-04 8.467256e-14 3.180186e+01 2.288407e+01 6.923151e+01 2.399859e-03 1.795068e-02 6.913930e-03 2.261308e-02 1.141550e-01
6.000000e-02 7.897000e-01  5.264666e-01  5.000000e-01 8.953948e-06 8.000000e-04 8.467256e-14 3.180185e+01 2.288388e+01 6.923142e+01 2.524077e-03 1.890698e-02 7.287298e-03 2.383424e-02 1.203197e-01
6.000000e-02 7.897000e-01  5.264666e-01  5.000000e-01 9.192536e-06 8.000000e-04 8.467256e-14 3.180184e+01 2.288366e+01 6.923130e+01 2.661540e-03 1.987007e-02 7.680829e-03 2.512134e-02 1.268172e-01
6.000000e-02 7.897000e-01  5.264666e-01  5.000000e-01 9.437481e-06 8.000000e-04 8.467256e-14 3.180183e+01 2.288344e+01 6.923121e+01 2.797720e-03 2.090505e-02 8.095611e-03 2.647795e-02 1.336656e-01
6.000000e-02 7.897000e-01  5.264666e-01  5.000000e-01 9.688954e-06 8.000000e-04 8.467256e-14 3.180182e+01 2.288320e+01 6.923110e+01 2.951345e-03 2.208722e-02 8.532793e-03 2.790782e-02 1.408839e-01
6.000000e-02 7.897000e-01  5.264666e-01  5.000000e-01 9.947127e-06 8.000000e-04 8.467256e-14 3.180181e+01 2.288290e+01 6.923093e+01 3.120828e-03 2.331272e-02 8.993584e-03 2.941491e-02 1.484919e-01
6.000000e-02 7.897000e-01  5.264666e-01  5.000000e-01 1.021218e-05 8.000000e-04 8.467256e-14 3.180180e+01 2.288262e+01 6.923080e+01 3.281701e-03 2.453943e-02 9.479258e-03 3.100338e-02 1.565109e-01
6.000000e-02 7.897000e-01  5.264666e-01  5.000000e-01 1.048430e-05 8.000000e-04 8.467256e-14 3.180179e+01 2.288230e+01 6.923063e+01 3.464589e-03 2.591250e-02 9.991160e-03 3.267764e-02 1.649628e-01
6.000000e-02 7.897000e-01  5.264666e-01  5.000000e-01 1.076366e-05 8.000000e-04 8.467256e-14 3.180178e+01 2.288204e+01 6.923054e+01 3.651719e-03 2.733757e-02 1.053071e-02 3.444231e-02 1.738712e-01
6.000000e-02 7.897000e-01  5.264666e-01  5.000000e-01 1.105047e-05 8.000000e-04 8.467256e-14 3.180176e+01 2.288178e+01 6.923040e+01 3.845341e-03 2.872605e-02 1.109939e-02 3.630227e-02 1.832606e-01
6.000000e-02 7.897000e-01  5.264666e-01  5.000000e-01 1.134492e-05 8.000000e-04 8.467256e-14 3.180174e+01 2.288145e+01 6.923024e+01 4.079321e-03 3.024259e-02 1.169878e-02 3.826268e-02 1.931571e-01
6.000000e-02 7.897000e-01  5.264666e-01  5.000000e-01 1.164722e-05 8.000000e-04 8.467256e-14 3.180173e+01 2.288098e+01 6.923003e+01 4.242427e-03 3.201950e-02 1.233054e-02 4.032895e-02 2.035881e-01
6.000000e-02 7.897000e-01  5.264666e-01  5.000000e-01 1.195758e-05 8.000000e-04 8.467256e-14 3.180171e+01 2.288063e+01 6.922981e+01 4.513754e-03 3.365728e-02 1.299642e-02 4.250681e-02 2.145823e-01
6.000000e-02 7.897000e-01  5.264666e-01  5.000000e-01 1.227620e-05 8.000000e-04 8.467256e-14 3.180170e+01 2.288030e+01 6.922973e+01 4.744986e-03 3.554288e-02 1.369826e-02 4.480227e-02 2.261702e-01
6.000000e-02 7.897000e-01  5.264666e-01  5.000000e-01 1.260331e-05 8.000000e-04 8.467256e-14 3.180168e+01 2.287980e+01 6.922947e+01 4.994215e-03 3.744335e-02 1.443799e-02 4.722170e-02 2.383839e-01
6.000000e-02 7.897000e-01  5.264666e-01  5.000000e-01 1.293914e-05 8.000000e-04 8.467256e-14 3.180165e+01 2.287939e+01 6.922926e+01 5.266663e-03 3.940833e-02 1.521768e-02 4.977178e-02 2.512572e-01
6.000000e-02 7.897000e-01  5.264666e-01  5.000000e-01 1.328392e-05 8.000000e-04 8.467256e-14 3.180164e+01 2.287900e+01 6.922916e+01 5.542469e-03 4.128711e-02 1.603947e-02 5.245957e-02 2.648257e-01
6.000000e-02 7.897000e-01  5.264666e-01  5.000000e-01 1.363789e-05 8.000000e-04 8.467256e-14 3.180161e+01 2.287848e+01 6.922875e+01 5.868629e-03 4.383447e-02 1.690564e-02 5.529251e-02 2.791269e-01
6.000000e-02 7.897000e-01  5.264666e-01  5.000000e-01 1.400128e-05 8.000000e-04 8.467256e-14 3.180159e+01 2.287792e+01 6.922852e+01 6.179345e-03 4.618370e-02 1.781858e-02 5.827843e-02 2.942004e-01
6.000000e-02 7.897000e-01  5.264666e-01  5.000000e-01 1.437436e-05 8.000000e-04 8.467256e-14 3.180157e+01 2.287740e+01 6.922819e+01 6.460680e-03 4.859951e-02 1.878082e-02 6.142560e-02 3.100879e-01
6.000000e-02 7.897000e-01  5.264666e-01  5.000000e-01 1.475738e-05 8.000000e-04 8.467256e-14 3.180154e+01 2.287677e+01 6.922786e+01 6.848560e-03 5.109125e-02 1.979503e-02 6.474273e-02 3.268333e-01
6.000000e-02 7.897000e-01  5.264666e-01  5.000000e-01 1.515061e-05 8.000000e-04 8.467256e-14 3.180151e+01 2.287620e+01 6.922766e+01 7.212545e-03 5.412860e-02 2.086401e-02 6.823899e-02 3.444831e-01
6.000000e-02 7.897000e-01  5.264666e-01  5.000000e-01 1.555432e-05 8.000000e-04 8.467256e-14 3.180150e+01 2.287562e+01 6.922742e+01 7.630814e-03 5.690119e-02 2.199071e-02 7.192405e-02 3.630860e-01
6.000000e-02 7.897000e-01  5.264666e-01  5.000000e-01 1.596878e-05 8.000000e-04 8.467256e-14 3.180147e+01 2.287498e+01 6.922708e+01 7.995743e-03 5.980500e-02 2.317826e-02 7.580811e-02 3.826935e-01
6.000000e-02 7.897000e-01  5.264666e-01  5.000000e-01 1.639429e-05 8.000000e-04 8.467256e-14 3.180142e+01 2.287422e+01 6.922668e+01 8.442970e-03 6.333808e-02 2.442994e-02 7.990193e-02 4.033598e-01
6.000000e-02 7.897000e-01  5.264666e-01  5.000000e-01 1.683113e-05 8.000000e-04 8.467256e-14 3.180139e+01 2.287341e+01 6.922638e+01 8.908625e-03 6.662289e-02 2.574922e-02 8.421682e-02 4.251422e-01
6.000000e-02 7.897000e-01  5.264666e-01  5.000000e-01 1.727962e-05 8.000000e-04 8.467256e-14 3.180136e+01 2.287271e+01 6.922593e+01 9.398855e-03 7.022215e-02 2.713973e-02 8.876472e-02 4.481008e-01
6.000000e-02 7.897000e-01  5.264666e-01  5.000000e-01 1.774005e-05 8.000000e-04 8.467256e-14 3.180134e+01 2.287173e+01 6.922569e+01 9.865482e-03 7.410356e-02 2.860534e-02 9.355822e-02 4.722993e-01
