3.000000e-02 1.604000e-02  1.069333e-02  5.000000e-01 2.000000e-06 8.000000e-04 2.046857e+02 3.177237e+01 2.269894e+01 6.908469e+01 3.344714e-01 7.935052e-01 9.167749e-01 7.228697e+00 4.771495e+01
3.000000e-02 1.604000e-02  1.069333e-02  5.000000e-01 2.053292e-06 8.000000e-04 2.046857e+02 3.177109e+01 2.268700e+01 6.907488e+01 3.462507e-01 8.447807e-01 9.662829e-01 7.619063e+00 5.029167e+01
3.000000e-02 1.604000e-02  1.069333e-02  5.000000e-01 2.108005e-06 8.000000e-04 2.046857e+02 3.176846e+01 2.267642e+01 6.906416e+01 3.750002e-01 8.856862e-01 1.018464e+00 8.030510e+00 5.300754e+01
3.000000e-02 1.604000e-02  1.069333e-02  5.000000e-01 2.164175e-06 8.000000e-04 2.046857e+02 3.176685e+01 2.266727e+01 6.905852e+01 3.948964e-01 9.337967e-01 1.073464e+00 8.464176e+00 5.587007e+01
3.000000e-02 1.604000e-02  1.069333e-02  5.000000e-01 2.221842e-06 8.000000e-04 2.046857e+02 3.176446e+01 2.265102e+01 6.904710e+01 4.168407e-01 9.914176e-01 1.131433e+00 8.921261e+00 5.888718e+01
3.000000e-02 1.604000e-02  1.069333e-02  5.000000e-01 2.281045e-06 8.000000e-04 2.046857e+02 3.176262e+01 2.264068e+01 6.903637e+01 4.367253e-01 1.037119e+00 1.192533e+00 9.403030e+00 6.206722e+01
3.000000e-02 1.604000e-02  1.069333e-02  5.000000e-01 2.341826e-06 8.000000e-04 2.046857e+02 3.176044e+01 2.263085e+01 6.902784e+01 4.621668e-01 1.091432e+00 1.256933e+00 9.910815e+00 6.541900e+01
3.000000e-02 1.604000e-02  1.069333e-02  5.000000e-01 2.404227e-06 8.000000e-04 2.046857e+02 3.175812e+01 2.261481e+01 6.901727e+01 4.894067e-01 1.147234e+00 1.324810e+00 1.044602e+01 6.895177e+01
3.000000e-02 1.604000e-02  1.069333e-02  5.000000e-01 2.468290e-06 8.000000e-04 2.046857e+02 3.175605e+01 2.259842e+01 6.900213e+01 5.161845e-01 1.213857e+00 1.396353e+00 1.101013e+01 7.267533e+01
3.000000e-02 1.604000e-02  1.069333e-02  5.000000e-01 2.534061e-06 8.000000e-04 2.046857e+02 3.175436e+01 2.258101e+01 6.899097e+01 5.372366e-01 1.283017e+00 1.471759e+00 1.160470e+01 7.659996e+01
3.000000e-02 1.604000e-02  1.069333e-02  5.000000e-01 2.601584e-06 8.000000e-04 2.046857e+02 3.175200e+01 2.256632e+01 6.898261e+01 5.618198e-01 1.345583e+00 1.551238e+00 1.223138e+01 8.073654e+01
3.000000e-02 1.604000e-02  1.069333e-02  5.000000e-01 2.670906e-06 8.000000e-04 2.046857e+02 3.174786e+01 2.255059e+01 6.896887e+01 5.990989e-01 1.416100e+00 1.635008e+00 1.289191e+01 8.509650e+01
3.000000e-02 1.604000e-02  1.069333e-02  5.000000e-01 2.742075e-06 8.000000e-04 2.046857e+02 3.174459e+01 2.253022e+01 6.895051e+01 6.304553e-01 1.507019e+00 1.723302e+00 1.358810e+01 8.969191e+01
3.000000e-02 1.604000e-02  1.069333e-02  5.000000e-01 2.815141e-06 8.000000e-04 2.046857e+02 3.174356e+01 2.251397e+01 6.894122e+01 6.645120e-01 1.574514e+00 1.816365e+00 1.432189e+01 9.453548e+01
3.000000e-02 1.604000e-02  1.069333e-02  5.000000e-01 2.890154e-06 8.000000e-04 2.046857e+02 3.173971e+01 2.249634e+01 6.892398e+01 6.950932e-01 1.657801e+00 1.914453e+00 1.509530e+01 9.964061e+01
3.000000e-02 1.604000e-02  1.069333e-02  5.000000e-01 2.967165e-06 8.000000e-04 2.046857e+02 3.173537e+01 2.247563e+01 6.890837e+01 7.362018e-01 1.742564e+00 2.017837e+00 1.591049e+01 1.050214e+02
3.000000e-02 1.604000e-02  1.069333e-02  5.000000e-01 3.046229e-06 8.000000e-04 2.046857e+02 3.173388e+01 2.244889e+01 6.889468e+01 7.721349e-01 1.860962e+00 2.126805e+00 1.676969e+01 1.106928e+02
3.000000e-02 1.604000e-02  1.069333e-02  5.000000e-01 3.127399e-06 8.000000e-04 2.046857e+02 3.172909e+01 2.242442e+01 6.886870e+01 8.143625e-01 1.957901e+00 2.241658e+00 1.767529e+01 1.166705e+02
3.000000e-02 1.604000e-02  1.069333e-02  5.000000e-01 3.210732e-06 8.000000e-04 2.046857e+02 3.172607e+01 2.240288e+01 6.885487e+01 8.580895e-01 2.058064e+00 2.362712e+00 1.862980e+01 1.229710e+02
3.000000e-02 1.604000e-02  1.069333e-02  5.000000e-01 3.296286e-06 8.000000e-04 2.046857e+02 3.171926e+01 2.237778e+01 6.883074e+01 9.200479e-01 2.160954e+00 2.490304e+00 1.963585e+01 1.296117e+02
3.000000e-02 1.604000e-02  1.069333e-02  5.000000e-01 3.384119e-06 8.000000e-04 2.046857e+02 3.171564e+01 2.234766e+01 6.880811e+01 9.632261e-01 2.283495e+00 2.624787e+00 2.069623e+01 1.366110e+02
3.000000e-02 1.604000e-02  1.069333e-02  5.000000e-01 3.474293e-06 8.000000e-04 2.046857e+02 3.171224e+01 2.232290e+01 6.879110e+01 1.002863e+00 2.404106e+00 2.766531e+00 2.181388e+01 1.439883e+02
3.000000e-02 1.604000e-02  1.069333e-02  5.000000e-01 3.566869e-06 8.000000e-04 2.046857e+02 3.170414e+01 2.229036e+01 6.875867e+01 1.083893e+00 2.541990e+00 2.915930e+00 2.299187e+01 1.517640e+02
3.000000e-02 1.604000e-02  1.069333e-02  5.000000e-01 3.661913e-06 8.000000e-04 2.046857e+02 3.170098e+01 2.224961e+01 6.873632e+01 1.141056e+00 2.686336e+00 3.073397e+00 2.423349e+01 1.599597e+02
3.000000e-02 1.604000e-02  1.069333e-02  5.000000e-01 3.759488e-06 8.000000e-04 2.046857e+02 3.169655e+01 2.223536e+01 6.872358e+01 1.172606e+00 2.800524e+00 3.239368e+00 2.554215e+01 1.685978e+02
3.000000e-02 1.604000e-02  1.069333e-02  5.000000e-01 3.859664e-06 8.000000e-04 2.046857e+02 3.168873e+01 2.219205e+01 6.868431e+01 1.256101e+00 2.955951e+00 3.414301e+00 2.692149e+01 1.777025e+02
3.000000e-02 1.604000e-02  1.069333e-02  5.000000e-01 3.962510e-06 8.000000e-04 2.046857e+02 3.168428e+01 2.215101e+01 6.865513e+01 1.317719e+00 3.130670e+00 3.598681e+00 2.837531e+01 1.872989e+02
3.000000e-02 1.604000e-02  1.069333e-02  5.000000e-01 4.068095e-06 8.000000e-04 2.046857e+02 3.167859e+01 2.211674e+01 6.863379e+01 1.384528e+00 3.305812e+00 3.793018e+00 2.990764e+01 1.974134e+02
3.000000e-02 1.604000e-02  1.069333e-02  5.000000e-01 4.176494e-06 8.000000e-04 2.046857e+02 3.167170e+01 2.207269e+01 6.859721e+01 1.457356e+00 3.480034e+00 3.997850e+00 3.152273e+01 2.080742e+02
3.000000e-02 1.604000e-02  1.069333e-02  5.000000e-01 4.287782e-06 8.000000e-04 2.046857e+02 3.166470e+01 2.203257e+01 6.856509e+01 1.546534e+00 3.663609e+00 4.213743e+00 3.322503e+01 2.193107e+02
3.000000e-02 1.604000e-02  1.069333e-02  5.000000e-01 4.402035e-06 8.000000e-04 2.046857e+02 3.165581e+01 2.199390e+01 6.852820e+01 1.618455e+00 3.855989e+00 4.441295e+00 3.501925e+01 2.311540e+02
3.000000e-02 1.604000e-02  1.069333e-02  5.000000e-01 4.519332e-06 8.000000e-04 2.046857e+02 3.164297e+01 2.193191e+01 6.848786e+01 1.737484e+00 4.101646e+00 4.681135e+00 3.691037e+01 2.436368e+02
3.000000e-02 1.604000e-02  1.069333e-02  5.000000e-01 4.639755e-06 8.000000e-04 2.046857e+02 3.163699e+01 2.188889e+01 6.845183e+01 1.812511e+00 4.284419e+00 4.933927e+00 3.890362e+01 2.567938e+02
3.000000e-02 1.604000e-02  1.069333e-02  5.000000e-01 4.763386e-06 8.000000e-04 2.046857e+02 3.163017e+01 2.183418e+01 6.842218e+01 1.904019e+00 4.554512e+00 5.200371e+00 4.100451e+01 2.706613e+02
3.000000e-02 1.604000e-02  1.069333e-02  5.000000e-01 4.890312e-06 8.000000e-04 2.046857e+02 3.162020e+01 2.177256e+01 6.837124e+01 2.028637e+00 4.814325e+00 5.481203e+00 4.321884e+01 2.852776e+02
3.000000e-02 1.604000e-02  1.069333e-02  5.000000e-01 5.020620e-06 8.000000e-04 2.046857e+02 3.161615e+01 2.172885e+01 6.833133e+01 2.112995e+00 5.039669e+00 5.777201e+00 4.555276e+01 3.006832e+02
3.000000e-02 1.604000e-02  1.069333e-02  5.000000e-01 5.154400e-06 8.000000e-04 2.046857e+02 3.160151e+01 2.166946e+01 6.828098e+01 2.250924e+00 5.282554e+00 6.089183e+00 4.801272e+01 3.169208e+02
3.000000e-02 1.604000e-02  1.069333e-02  5.000000e-01 5.291745e-06 8.000000e-04 2.046857e+02 3.159361e+01 2.160255e+01 6.824447e+01 2.340859e+00 5.604270e+00 6.418013e+00 5.060551e+01 3.340353e+02
3.000000e-02 1.604000e-02  1.069333e-02  5.000000e-01 5.432750e-06 8.000000e-04 2.046857e+02 3.157810e+01 2.154572e+01 6.819241e+01 2.475473e+00 5.868689e+00 6.764600e+00 5.333833e+01 3.520740e+02
3.000000e-02 1.604000e-02  1.069333e-02  5.000000e-01 5.577512e-06 8.000000e-04 2.046857e+02 3.156435e+01 2.146459e+01 6.813032e+01 2.635822e+00 6.229156e+00 7.129904e+00 5.621872e+01 3.710868e+02
3.000000e-02 1.604000e-02  1.069333e-02  5.000000e-01 5.726131e-06 8.000000e-04 2.046857e+02 3.155276e+01 2.139417e+01 6.807943e+01 2.730036e+00 6.501784e+00 7.514935e+00 5.925466e+01 3.911263e+02
3.000000e-02 1.604000e-02  1.069333e-02  5.000000e-01 5.878710e-06 8.000000e-04 2.046857e+02 3.153894e+01 2.130912e+01 6.801140e+01 2.930193e+00 6.913052e+00 7.920759e+00 6.245455e+01 4.122480e+02
3.000000e-02 1.604000e-02  1.069333e-02  5.000000e-01 6.035355e-06 8.000000e-04 2.046857e+02 3.152175e+01 2.124932e+01 6.797035e+01 3.075998e+00 7.243474e+00 8.348499e+00 6.582724e+01 4.345104e+02
3.000000e-02 1.604000e-02  1.069333e-02  5.000000e-01 6.196174e-06 8.000000e-04 2.046857e+02 3.151390e+01 2.114135e+01 6.792835e+01 3.254545e+00 7.677778e+00 8.799337e+00 6.938206e+01 4.579749e+02
3.000000e-02 1.604000e-02  1.069333e-02  5.000000e-01 6.361278e-06 8.000000e-04 2.046857e+02 3.149688e+01 2.106771e+01 6.784847e+01 3.461469e+00 8.059291e+00 9.274521e+00 7.312886e+01 4.827066e+02
3.000000e-02 1.604000e-02  1.069333e-02  5.000000e-01 6.530782e-06 8.000000e-04 2.046857e+02 3.148065e+01 2.097998e+01 6.779875e+01 3.601866e+00 8.552581e+00 9.775367e+00 7.707798e+01 5.087739e+02
3.000000e-02 1.604000e-02  1.069333e-02  5.000000e-01 6.704802e-06 8.000000e-04 2.046857e+02 3.146509e+01 2.086882e+01 6.771185e+01 3.759591e+00 8.990667e+00 1.030326e+01 8.124037e+01 5.362489e+02
3.000000e-02 1.604000e-02  1.069333e-02  5.000000e-01 6.883459e-06 8.000000e-04 2.046857e+02 3.144040e+01 2.077334e+01 6.763203e+01 4.011099e+00 9.428461e+00 1.085966e+01 8.562754e+01 5.652076e+02
3.000000e-02 1.604000e-02  1.069333e-02  5.000000e-01 7.066877e-06 8.000000e-04 2.046857e+02 3.142292e+01 2.066927e+01 6.756598e+01 4.195085e+00 9.993485e+00 1.144611e+01 9.025162e+01 5.957301e+02
3.000000e-02 1.604000e-02  1.069333e-02  5.000000e-01 7.255182e-06 8.000000e-04 2.046857e+02 3.141065e+01 2.055928e+01 6.752763e+01 4.443187e+00 1.056782e+01 1.206422e+01 9.512542e+01 6.279009e+02
3.000000e-02 1.604000e-02  1.069333e-02  5.000000e-01 7.448504e-06 8.000000e-04 2.046857e+02 3.137806e+01 2.044325e+01 6.738420e+01 4.686370e+00 1.111032e+01 1.271572e+01 1.002624e+02 6.618090e+02
3.000000e-02 1.604000e-02  1.069333e-02  5.000000e-01 7.646978e-06 8.000000e-04 2.046857e+02 3.136314e+01 2.035841e+01 6.734490e+01 4.957611e+00 1.167266e+01 1.340240e+01 1.056768e+02 6.975482e+02
3.000000e-02 1.604000e-02  1.069333e-02  5.000000e-01 7.850741e-06 8.000000e-04 2.046857e+02 3.133394e+01 2.021019e+01 6.723969e+01 5.163327e+00 1.227936e+01 1.412616e+01 1.113836e+02 7.352174e+02
3.000000e-02 1.604000e-02  1.069333e-02  5.000000e-01 8.059933e-06 8.000000e-04 2.046857e+02 3.132198e+01 2.009885e+01 6.717182e+01 5.400342e+00 1.298699e+01 1.488900e+01 1.173986e+02 7.749209e+02
3.000000e-02 1.604000e-02  1.069333e-02  5.000000e-01 8.274699e-06 8.000000e-04 2.046857e+02 3.126320e+01 1.994540e+01 6.703978e+01 5.877157e+00 1.364611e+01 1.569304e+01 1.237384e+02 8.167684e+02
3.000000e-02 1.604000e-02  1.069333e-02  5.000000e-01 8.495188e-06 8.000000e-04 2.046857e+02 3.127223e+01 1.979327e+01 6.698703e+01 6.020507e+00 1.444637e+01 1.654050e+01 1.304205e+02 8.608758e+02
3.000000e-02 1.604000e-02  1.069333e-02  5.000000e-01 8.721552e-06 8.000000e-04 2.046857e+02 3.121874e+01 1.964415e+01 6.686791e+01 6.384642e+00 1.525256e+01 1.743373e+01 1.374635e+02 9.073650e+02
3.000000e-02 1.604000e-02  1.069333e-02  5.000000e-01 8.953948e-06 8.000000e-04 2.046857e+02 3.121203e+01 1.951931e+01 6.681005e+01 6.625688e+00 1.604036e+01 1.837519e+01 1.448869e+02 9.563648e+02
3.000000e-02 1.604000e-02  1.069333e-02  5.000000e-01 9.192536e-06 8.000000e-04 2.046857e+02 3.116547e+01 1.939605e+01 6.669804e+01 7.055576e+00 1.681205e+01 1.936749e+01 1.527111e+02 1.008011e+03
3.000000e-02 1.604000e-02  1.069333e-02  5.000000e-01 9.437481e-06 8.000000e-04 2.046857e+02 3.113541e+01 1.920709e+01 6.657716e+01 7.531107e+00 1.785905e+01 2.041338e+01 1.609579e+02 1.062446e+03
3.000000e-02 1.604000e-02  1.069333e-02  5.000000e-01 9.688954e-06 8.000000e-04 2.046857e+02 3.110335e+01 1.905070e+01 6.654558e+01 7.853148e+00 1.863063e+01 2.151575e+01 1.696500e+02 1.119820e+03
3.000000e-02 1.604000e-02  1.069333e-02  5.000000e-01 9.947127e-06 8.000000e-04 2.046857e+02 3.106512e+01 1.886537e+01 6.637515e+01 8.257469e+00 1.965392e+01 2.267765e+01 1.788115e+02 1.180293e+03
3.000000e-02 1.604000e-02  1.069333e-02  5.000000e-01 1.021218e-05 8.000000e-04 2.046857e+02 3.103666e+01 1.866332e+01 6.633950e+01 8.666148e+00 2.082073e+01 2.390230e+01 1.884677e+02 1.244032e+03
3.000000e-02 1.604000e-02  1.069333e-02  5.000000e-01 1.048430e-05 8.000000e-04 2.046857e+02 3.097249e+01 1.848296e+01 6.612388e+01 9.306456e+00 2.194980e+01 2.519308e+01 1.986454e+02 1.311212e+03
3.000000e-02 1.604000e-02  1.069333e-02  5.000000e-01 1.076366e-05 8.000000e-04 2.046857e+02 3.093949e+01 1.835446e+01 6.606745e+01 9.774324e+00 2.315388e+01 2.655356e+01 2.093727e+02 1.382021e+03
3.000000e-02 1.604000e-02  1.069333e-02  5.000000e-01 1.105047e-05 8.000000e-04 2.046857e+02 3.088767e+01 1.813571e+01 6.598629e+01 1.032041e+01 2.425109e+01 2.798751e+01 2.206793e+02 1.456653e+03
3.000000e-02 1.604000e-02  1.069333e-02  5.000000e-01 1.134492e-05 8.000000e-04 2.046857e+02 3.082761e+01 1.795076e+01 6.584500e+01 1.091272e+01 2.567609e+01 2.949891e+01 2.325965e+02 1.535316e+03
3.000000e-02 1.604000e-02  1.069333e-02  5.000000e-01 1.164722e-05 8.000000e-04 2.046857e+02 3.079708e+01 1.772441e+01 6.577097e+01 1.121790e+01 2.696228e+01 3.109191e+01 2.451572e+02 1.618226e+03
3.000000e-02 1.604000e-02  1.069333e-02  5.000000e-01 1.195758e-05 8.000000e-04 2.046857e+02 3.073870e+01 1.749616e+01 6.563175e+01 1.196274e+01 2.857680e+01 3.277095e+01 2.583963e+02 1.705614e+03
3.000000e-02 1.604000e-02  1.069333e-02  5.000000e-01 1.227620e-05 8.000000e-04 2.046857e+02 3.071046e+01 1.731986e+01 6.567034e+01 1.255752e+01 3.007267e+01 3.454066e+01 2.723503e+02 1.797721e+03
3.000000e-02 1.604000e-02  1.069333e-02  5.000000e-01 1.260331e-05 8.000000e-04 2.046857e+02 3.058937e+01 1.711108e+01 6.537929e+01 1.343649e+01 3.180625e+01 3.640593e+01 2.870578e+02 1.894802e+03
3.000000e-02 1.604000e-02  1.069333e-02  5.000000e-01 1.293914e-05 8.000000e-04 2.046857e+02 3.055655e+01 1.686247e+01 6.535206e+01 1.410254e+01 3.341792e+01 3.837194e+01 3.025596e+02 1.997126e+03
3.000000e-02 1.604000e-02  1.069333e-02  5.000000e-01 1.328392e-05 8.000000e-04 2.046857e+02 3.048905e+01 1.664667e+01 6.534123e+01 1.491667e+01 3.523122e+01 4.044411e+01 3.188985e+02 2.104976e+03
3.000000e-02 1.604000e-02  1.069333e-02  5.000000e-01 1.363789e-05 8.000000e-04 2.046857e+02 3.041559e+01 1.647055e+01 6.521966e+01 1.559411e+01 3.701315e+01 4.262818e+01 3.361198e+02 2.218649e+03
3.000000e-02 1.604000e-02  1.069333e-02  5.000000e-01 1.400128e-05 8.000000e-04 2.046857e+02 3.039815e+01 1.621735e+01 6.526552e+01 1.616869e+01 3.929629e+01 4.493021e+01 3.542711e+02 2.338461e+03
3.000000e-02 1.604000e-02  1.069333e-02  5.000000e-01 1.437436e-05 8.000000e-04 2.046857e+02 3.025696e+01 1.604458e+01 6.506185e+01 1.727656e+01 4.131812e+01 4.735654e+01 3.734025e+02 2.464744e+03
3.000000e-02 1.604000e-02  1.069333e-02  5.000000e-01 1.475738e-05 8.000000e-04 2.046857e+02 3.019983e+01 1.579964e+01 6.512364e+01 1.835702e+01 4.386211e+01 4.991390e+01 3.935671e+02 2.597845e+03
3.000000e-02 1.604000e-02  1.069333e-02  5.000000e-01 1.515061e-05 8.000000e-04 2.046857e+02 3.010139e+01 1.561288e+01 6.503447e+01 1.944898e+01 4.586483e+01 5.260937e+01 4.148206e+02 2.738135e+03
3.000000e-02 1.604000e-02  1.069333e-02  5.000000e-01 1.555432e-05 8.000000e-04 2.046857e+02 3.001283e+01 1.537009e+01 6.493210e+01 2.023576e+01 4.817018e+01 5.545040e+01 4.372219e+02 2.886001e+03
3.000000e-02 1.604000e-02  1.069333e-02  5.000000e-01 1.596878e-05 8.000000e-04 2.046857e+02 2.990940e+01 1.516471e+01 6.484265e+01 2.152382e+01 5.074214e+01 5.844485e+01 4.608329e+02 3.041851e+03
3.000000e-02 1.604000e-02  1.069333e-02  5.000000e-01 1.639429e-05 8.000000e-04 2.046857e+02 2.983068e+01 1.498554e+01 6.483823e+01 2.244328e+01 5.329780e+01 6.160100e+01 4.857190e+02 3.206118e+03
3.000000e-02 1.604000e-02  1.069333e-02  5.000000e-01 1.683113e-05 8.000000e-04 2.046857e+02 2.969251e+01 1.482224e+01 6.493922e+01 2.388072e+01 5.647270e+01 6.492760e+01 5.119489e+02 3.379256e+03
3.000000e-02 1.604000e-02  1.069333e-02  5.000000e-01 1.727962e-05 8.000000e-04 2.046857e+02 2.964213e+01 1.455757e+01 6.492405e+01 2.460426e+01 5.954404e+01 6.843384e+01 5.395953e+02 3.561744e+03
3.000000e-02 1.604000e-02  1.069333e-02  5.000000e-01 1.774005e-05 8.000000e-04 2.046857e+02 2.952156e+01 1.442566e+01 6.531610e+01 2.650754e+01 6.323662e+01 7.212943e+01 5.687347e+02 3.754086e+03
3.000000e-02 1.604000e-02  1.069333e-02  5.000000e-01 1.821276e-05 8.000000e-04 2.046857e+02 2.931019e+01 1.433368e+01 6.520263e+01 2.823697e+01 6.643943e+01 7.602458e+01 5.994477e+02 3.956816e+03
3.000000e-02 1.604000e-02  1.069333e-02  5.000000e-01 1.869805e-05 8.000000e-04 2.046857e+02 2.920566e+01 1.421905e+01 6.532320e+01 2.971630e+01 6.931484e+01 8.013008e+01 6.318193e+02 4.170493e+03
3.000000e-02 1.604000e-02  1.069333e-02  5.000000e-01 1.919629e-05 8.000000e-04 2.046857e+02 2.911409e+01 1.401944e+01 6.532512e+01 3.100718e+01 7.369998e+01 8.445729e+01 6.659390e+02 4.395709e+03
3.000000e-02 1.604000e-02  1.069333e-02  5.000000e-01 1.970779e-05 8.000000e-04 2.046857e+02 2.900168e+01 1.391415e+01 6.540877e+01 3.235828e+01 7.727142e+01 8.901818e+01 7.019012e+02 4.633087e+03
3.000000e-02 1.604000e-02  1.069333e-02  5.000000e-01 2.023293e-05 8.000000e-04 2.046857e+02 2.879811e+01 1.396980e+01 6.595478e+01 3.459251e+01 8.130623e+01 9.382537e+01 7.398055e+02 4.883285e+03
3.000000e-02 1.604000e-02  1.069333e-02  5.000000e-01 2.077206e-05 8.000000e-04 2.046857e+02 2.862553e+01 1.394370e+01 6.648261e+01 3.631313e+01 8.603151e+01 9.889216e+01 7.797567e+02 5.146994e+03
3.000000e-02 1.604000e-02  1.069333e-02  5.000000e-01 2.132555e-05 8.000000e-04 2.046857e+02 2.852396e+01 1.385662e+01 6.656962e+01 3.834442e+01 9.104565e+01 1.042326e+02 8.218654e+02 5.424943e+03
3.000000e-02 1.604000e-02  1.069333e-02  5.000000e-01 2.189380e-05 8.000000e-04 2.046857e+02 2.828910e+01 1.395120e+01 6.709557e+01 4.042595e+01 9.595373e+01 1.098614e+02 8.662480e+02 5.717903e+03
3.000000e-02 1.604000e-02  1.069333e-02  5.000000e-01 2.247718e-05 8.000000e-04 2.046857e+02 2.823293e+01 1.394737e+01 6.758319e+01 4.222299e+01 1.011424e+02 1.157941e+02 9.130274e+02 6.026682e+03
3.000000e-02 1.604000e-02  1.069333e-02  5.000000e-01 2.307611e-05 8.000000e-04 2.046857e+02 2.798763e+01 1.398899e+01 6.770722e+01 4.448182e+01 1.065446e+02 1.220473e+02 9.623330e+02 6.352137e+03
3.000000e-02 1.604000e-02  1.069333e-02  5.000000e-01 2.369100e-05 8.000000e-04 2.046857e+02 2.774761e+01 1.425756e+01 6.852768e+01 4.759506e+01 1.115628e+02 1.286381e+02 1.014301e+03 6.695167e+03
3.000000e-02 1.604000e-02  1.069333e-02  5.000000e-01 2.432228e-05 8.000000e-04 2.046857e+02 2.752362e+01 1.429086e+01 6.860391e+01 5.034173e+01 1.181492e+02 1.355849e+02 1.069076e+03 7.056722e+03
3.000000e-02 1.604000e-02  1.069333e-02  5.000000e-01 2.497037e-05 8.000000e-04 2.046857e+02 2.736545e+01 1.448203e+01 6.934392e+01 5.210069e+01 1.241543e+02 1.429068e+02 1.126808e+03 7.437801e+03
3.000000e-02 1.604000e-02  1.069333e-02  5.000000e-01 2.563574e-05 8.000000e-04 2.046857e+02 2.713934e+01 1.483604e+01 7.017298e+01 5.512551e+01 1.315171e+02 1.506241e+02 1.187659e+03 7.839460e+03
3.000000e-02 1.604000e-02  1.069333e-02  5.000000e-01 2.631883e-05 8.000000e-04 2.046857e+02 2.692025e+01 1.501529e+01 7.060025e+01 5.890383e+01 1.383185e+02 1.587581e+02 1.251795e+03 8.262809e+03
3.000000e-02 1.604000e-02  1.069333e-02  5.000000e-01 2.702013e-05 8.000000e-04 2.046857e+02 2.673855e+01 1.528524e+01 7.123906e+01 6.238911e+01 1.450726e+02 1.673314e+02 1.319395e+03 8.709019e+03
3.000000e-02 1.604000e-02  1.069333e-02  5.000000e-01 2.774011e-05 8.000000e-04 2.046857e+02 2.649775e+01 1.572549e+01 7.242699e+01 6.368990e+01 1.525384e+02 1.763677e+02 1.390645e+03 9.179326e+03
3.000000e-02 1.604000e-02  1.069333e-02  5.000000e-01 2.847928e-05 8.000000e-04 2.046857e+02 2.611368e+01 1.625681e+01 7.325456e+01 6.819834e+01 1.610138e+02 1.858920e+02 1.465743e+03 9.675031e+03
3.000000e-02 1.604000e-02  1.069333e-02  5.000000e-01 2.923814e-05 8.000000e-04 2.046857e+02 2.595260e+01 1.679228e+01 7.440149e+01 7.162656e+01 1.706051e+02 1.959306e+02 1.544897e+03 1.019751e+04
3.000000e-02 1.604000e-02  1.069333e-02  5.000000e-01 3.001722e-05 8.000000e-04 2.046857e+02 2.563571e+01 1.712172e+01 7.515967e+01 7.494389e+01 1.803844e+02 2.065113e+02 1.628325e+03 1.074819e+04
3.000000e-02 1.604000e-02  1.069333e-02  5.000000e-01 3.081707e-05 8.000000e-04 2.046857e+02 2.547223e+01 1.779593e+01 7.662527e+01 7.944991e+01 1.898269e+02 2.176633e+02 1.716258e+03 1.132862e+04
3.000000e-02 1.604000e-02  1.069333e-02  5.000000e-01 3.163822e-05 8.000000e-04 2.046857e+02 2.495232e+01 1.837246e+01 7.681383e+01 8.442465e+01 1.981852e+02 2.294177e+02 1.808940e+03 1.194039e+04
3.000000e-02 1.604000e-02  1.069333e-02  5.000000e-01 3.248126e-05 8.000000e-04 2.046857e+02 2.473301e+01 1.872569e+01 7.741622e+01 8.798747e+01 2.103272e+02 2.418068e+02 1.906627e+03 1.258520e+04
3.000000e-02 1.604000e-02  1.069333e-02  5.000000e-01 3.334676e-05 8.000000e-04 2.046857e+02 2.434395e+01 1.941034e+01 7.878869e+01 9.252599e+01 2.218747e+02 2.548649e+02 2.009589e+03 1.326483e+04
3.000000e-02 1.604000e-02  1.069333e-02  5.000000e-01 3.423532e-05 8.000000e-04 2.046857e+02 2.401372e+01 2.029729e+01 8.041738e+01 9.789626e+01 2.335686e+02 2.686282e+02 2.118111e+03 1.398116e+04
3.000000e-02 1.604000e-02  1.069333e-02  5.000000e-01 3.514756e-05 8.000000e-04 2.046857e+02 2.372539e+01 2.100432e+01 8.117902e+01 1.037790e+02 2.464240e+02 2.831347e+02 2.232494e+03 1.473618e+04
3.000000e-02 1.604000e-02  1.069333e-02  5.000000e-01 3.608411e-05 8.000000e-04 2.046857e+02 2.324882e+01 2.146781e+01 8.190428e+01 1.091643e+02 2.595408e+02 2.984246e+02 2.353054e+03 1.553197e+04
3.000000e-02 1.604000e-02  1.069333e-02  5.000000e-01 3.704561e-05 8.000000e-04 2.046857e+02 2.275365e+01 2.246658e+01 8.306293e+01 1.169416e+02 2.745966e+02 3.145403e+02 2.480125e+03 1.637073e+04
3.000000e-02 1.604000e-02  1.069333e-02  5.000000e-01 3.803273e-05 8.000000e-04 2.046857e+02 2.229313e+01 2.335669e+01 8.404199e+01 1.228224e+02 2.892526e+02 3.315262e+02 2.614057e+03 1.725479e+04
3.000000e-02 1.604000e-02  1.069333e-02  5.000000e-01 3.904616e-05 8.000000e-04 2.046857e+02 2.179979e+01 2.405746e+01 8.512115e+01 1.287250e+02 3.033738e+02 3.494293e+02 2.755222e+03 1.818658e+04
3.000000e-02 1.604000e-02  1.069333e-02  5.000000e-01 4.008659e-05 8.000000e-04 2.046857e+02 2.156498e+01 2.505845e+01 8.715956e+01 1.347152e+02 3.218114e+02 3.682993e+02 2.904011e+03 1.916870e+04
3.000000e-02 1.604000e-02  1.069333e-02  5.000000e-01 4.115474e-05 8.000000e-04 2.046857e+02 2.143196e+01 2.559667e+01 8.822071e+01 1.403357e+02 3.368189e+02 3.881883e+02 3.060834e+03 2.020386e+04
3.000000e-02 1.604000e-02  1.069333e-02  5.000000e-01 4.225136e-05 8.000000e-04 2.046857e+02 2.068477e+01 2.665258e+01 8.903158e+01 1.490177e+02 3.563916e+02 4.091514e+02 3.226126e+03 2.129491e+04
3.000000e-02 1.604000e-02  1.069333e-02  5.000000e-01 4.337719e-05 8.000000e-04 2.046857e+02 2.035129e+01 2.741650e+01 9.056297e+01 1.567493e+02 3.758853e+02 4.312465e+02 3.400344e+03 2.244489e+04
3.000000e-02 1.604000e-02  1.069333e-02  5.000000e-01 4.453303e-05 8.000000e-04 2.046857e+02 1.963710e+01 2.837176e+01 9.078666e+01 1.694733e+02 3.961919e+02 4.545348e+02 3.583971e+03 2.365696e+04
3.000000e-02 1.604000e-02  1.069333e-02  5.000000e-01 4.571966e-05 8.000000e-04 2.046857e+02 1.960209e+01 2.924287e+01 9.313593e+01 1.737168e+02 4.160096e+02 4.790808e+02 3.777513e+03 2.493449e+04
3.000000e-02 1.604000e-02  1.069333e-02  5.000000e-01 4.693791e-05 8.000000e-04 2.046857e+02 1.889693e+01 3.013008e+01 9.356125e+01 1.856077e+02 4.404296e+02 5.049522e+02 3.981508e+03 2.628101e+04
3.000000e-02 1.604000e-02  1.069333e-02  5.000000e-01 4.818863e-05 8.000000e-04 2.046857e+02 1.831544e+01 3.108937e+01 9.420006e+01 1.948318e+02 4.636069e+02 5.322208e+02 4.196518e+03 2.770025e+04
3.000000e-02 1.604000e-02  1.069333e-02  5.000000e-01 4.947267e-05 8.000000e-04 2.046857e+02 1.789074e+01 3.226247e+01 9.684406e+01 2.038346e+02 4.918545e+02 5.609620e+02 4.423140e+03 2.919612e+04
3.000000e-02 1.604000e-02  1.069333e-02  5.000000e-01 5.079093e-05 8.000000e-04 2.046857e+02 1.708299e+01 3.294409e+01 9.579400e+01 2.184395e+02 5.109251e+02 5.912552e+02 4.662000e+03 3.077278e+04
3.000000e-02 1.604000e-02  1.069333e-02  5.000000e-01 5.214431e-05 8.000000e-04 2.046857e+02 1.699891e+01 3.394559e+01 9.796320e+01 2.281343e+02 5.412984e+02 6.231844e+02 4.913759e+03 3.243458e+04
3.000000e-02 1.604000e-02  1.069333e-02  5.000000e-01 5.353375e-05 8.000000e-04 2.046857e+02 1.654173e+01 3.495102e+01 9.909809e+01 2.368156e+02 5.739109e+02 6.568378e+02 5.179113e+03 3.418613e+04
3.000000e-02 1.604000e-02  1.069333e-02  5.000000e-01 5.496022e-05 8.000000e-04 2.046857e+02 1.604323e+01 3.581467e+01 9.962998e+01 2.533736e+02 6.023658e+02 6.923085e+02 5.458797e+03 3.603226e+04
3.000000e-02 1.604000e-02  1.069333e-02  5.000000e-01 5.642470e-05 8.000000e-04 2.046857e+02 1.546417e+01 3.687574e+01 1.004604e+02 2.656766e+02 6.360180e+02 7.296948e+02 5.753585e+03 3.797808e+04
3.000000e-02 1.604000e-02  1.069333e-02  5.000000e-01 5.792820e-05 8.000000e-04 2.046857e+02 1.511410e+01 3.792309e+01 1.014945e+02 2.784676e+02 6.681592e+02 7.691000e+02 6.064292e+03 4.002899e+04
3.000000e-02 1.604000e-02  1.069333e-02  5.000000e-01 5.947176e-05 8.000000e-04 2.046857e+02 1.494612e+01 3.897894e+01 1.018562e+02 2.917341e+02 7.074437e+02 8.106332e+02 6.391777e+03 4.219064e+04
3.000000e-02 1.604000e-02  1.069333e-02  5.000000e-01 6.105646e-05 8.000000e-04 2.046857e+02 1.434699e+01 3.995430e+01 1.027620e+02 3.123382e+02 7.407949e+02 8.544092e+02 6.736948e+03 4.446904e+04
3.000000e-02 1.604000e-02  1.069333e-02  5.000000e-01 6.268338e-05 8.000000e-04 2.046857e+02 1.372849e+01 4.065962e+01 1.027921e+02 3.289059e+02 7.825402e+02 9.005493e+02 7.100759e+03 4.687047e+04
3.000000e-02 1.604000e-02  1.069333e-02  5.000000e-01 6.435365e-05 8.000000e-04 2.046857e+02 1.319789e+01 4.157272e+01 1.037844e+02 3.496170e+02 8.211024e+02 9.491811e+02 7.484216e+03 4.940158e+04
3.000000e-02 1.604000e-02  1.069333e-02  5.000000e-01 6.606842e-05 8.000000e-04 2.046857e+02 1.345841e+01 4.330643e+01 1.063312e+02 3.613040e+02 8.788189e+02 1.000439e+03 7.888381e+03 5.206938e+04
3.000000e-02 1.604000e-02  1.069333e-02  5.000000e-01 6.782889e-05 8.000000e-04 2.046857e+02 1.281935e+01 4.440801e+01 1.062115e+02 3.828065e+02 9.190911e+02 1.054465e+03 8.314372e+03 5.488125e+04
3.000000e-02 1.604000e-02  1.069333e-02  5.000000e-01 6.963627e-05 8.000000e-04 2.046857e+02 1.271501e+01 4.570952e+01 1.076264e+02 4.069684e+02 9.635244e+02 1.111409e+03 8.763367e+03 5.784496e+04
3.000000e-02 1.604000e-02  1.069333e-02  5.000000e-01 7.149181e-05 8.000000e-04 2.046857e+02 1.260669e+01 4.659072e+01 1.075908e+02 4.253875e+02 1.015670e+03 1.171427e+03 9.236610e+03 6.096872e+04
3.000000e-02 1.604000e-02  1.069333e-02  5.000000e-01 7.339679e-05 8.000000e-04 2.046857e+02 1.229684e+01 4.819260e+01 1.085595e+02 4.501029e+02 1.080133e+03 1.234687e+03 9.735408e+03 6.426117e+04
3.000000e-02 1.604000e-02  1.069333e-02  5.000000e-01 7.535253e-05 8.000000e-04 2.046857e+02 1.212727e+01 4.979170e+01 1.104730e+02 4.721048e+02 1.137651e+03 1.301363e+03 1.026114e+04 6.773143e+04
3.000000e-02 1.604000e-02  1.069333e-02  5.000000e-01 7.736039e-05 8.000000e-04 2.046857e+02 1.210348e+01 5.070510e+01 1.117844e+02 4.968839e+02 1.196639e+03 1.371640e+03 1.081527e+04 7.138908e+04
3.000000e-02 1.604000e-02  1.069333e-02  5.000000e-01 7.942174e-05 8.000000e-04 2.046857e+02 1.224145e+01 5.246264e+01 1.123770e+02 5.340589e+02 1.260908e+03 1.445711e+03 1.139932e+04 7.524425e+04
3.000000e-02 1.604000e-02  1.069333e-02  5.000000e-01 8.153803e-05 8.000000e-04 2.046857e+02 1.167185e+01 5.323577e+01 1.119428e+02 5.619399e+02 1.319526e+03 1.523783e+03 1.201491e+04 7.930762e+04
3.000000e-02 1.604000e-02  1.069333e-02  5.000000e-01 8.371070e-05 8.000000e-04 2.046857e+02 1.294372e+01 5.499409e+01 1.127406e+02 5.871084e+02 1.390908e+03 1.606071e+03 1.266374e+04 8.359041e+04
3.000000e-02 1.604000e-02  1.069333e-02  5.000000e-01 8.594127e-05 8.000000e-04 2.046857e+02 1.296600e+01 5.645038e+01 1.158845e+02 6.157572e+02 1.473091e+03 1.692802e+03 1.334761e+04 8.810449e+04
3.000000e-02 1.604000e-02  1.069333e-02  5.000000e-01 8.823127e-05 8.000000e-04 2.046857e+02 1.223425e+01 5.798194e+01 1.164660e+02 6.585715e+02 1.550779e+03 1.784218e+03 1.406841e+04 9.286233e+04
3.000000e-02 1.604000e-02  1.069333e-02  5.000000e-01 9.058230e-05 8.000000e-04 2.046857e+02 1.300133e+01 5.915380e+01 1.167540e+02 6.986658e+02 1.625883e+03 1.880569e+03 1.482814e+04 9.787712e+04
3.000000e-02 1.604000e-02  1.069333e-02  5.000000e-01 9.299597e-05 8.000000e-04 2.046857e+02 1.295990e+01 6.038946e+01 1.167713e+02 7.297360e+02 1.714813e+03 1.982125e+03 1.562889e+04 1.031627e+05
3.000000e-02 1.604000e-02  1.069333e-02  5.000000e-01 9.547395e-05 8.000000e-04 2.046857e+02 1.310970e+01 6.278392e+01 1.216886e+02 7.580180e+02 1.821240e+03 2.089164e+03 1.647289e+04 1.087337e+05
3.000000e-02 1.604000e-02  1.069333e-02  5.000000e-01 9.801796e-05 8.000000e-04 2.046857e+02 1.357100e+01 6.445739e+01 1.230512e+02 8.095546e+02 1.914907e+03 2.201984e+03 1.736246e+04 1.146056e+05
3.000000e-02 1.604000e-02  1.069333e-02  5.000000e-01 1.006298e-04 8.000000e-04 2.046857e+02 1.431805e+01 6.555957e+01 1.229186e+02 8.515544e+02 2.026272e+03 2.320896e+03 1.830008e+04 1.207946e+05
3.000000e-02 1.604000e-02  1.069333e-02  5.000000e-01 1.033112e-04 8.000000e-04 2.046857e+02 1.473307e+01 6.735621e+01 1.256969e+02 8.881562e+02 2.137024e+03 2.446230e+03 1.928832e+04 1.273178e+05
3.000000e-02 1.604000e-02  1.069333e-02  5.000000e-01 1.060640e-04 8.000000e-04 2.046857e+02 1.472185e+01 7.022327e+01 1.293232e+02 9.381227e+02 2.251157e+03 2.578332e+03 2.032994e+04 1.341932e+05
3.000000e-02 1.604000e-02  1.069333e-02  5.000000e-01 1.088902e-04 8.000000e-04 2.046857e+02 1.643250e+01 7.011569e+01 1.280417e+02 9.941118e+02 2.350200e+03 2.717567e+03 2.142780e+04 1.414400e+05
3.000000e-02 1.604000e-02  1.069333e-02  5.000000e-01 1.117917e-04 8.000000e-04 2.046857e+02 1.648660e+01 7.239273e+01 1.302077e+02 1.035051e+03 2.488664e+03 2.864322e+03 2.258495e+04 1.490780e+05
3.000000e-02 1.604000e-02  1.069333e-02  5.000000e-01 1.147705e-04 8.000000e-04 2.046857e+02 1.539939e+01 7.515556e+01 1.345474e+02 1.100292e+03 2.609698e+03 3.019002e+03 2.380459e+04 1.571286e+05
3.000000e-02 1.604000e-02  1.069333e-02  5.000000e-01 1.178287e-04 8.000000e-04 2.046857e+02 1.670502e+01 7.688513e+01 1.367857e+02 1.166011e+03 2.776924e+03 3.182036e+03 2.509009e+04 1.656139e+05
3.000000e-02 1.604000e-02  1.069333e-02  5.000000e-01 1.209684e-04 8.000000e-04 2.046857e+02 1.648158e+01 7.821101e+01 1.373240e+02 1.223462e+03 2.922294e+03 3.353873e+03 2.644502e+04 1.745574e+05
3.000000e-02 1.604000e-02  1.069333e-02  5.000000e-01 1.241917e-04 8.000000e-04 2.046857e+02 1.769184e+01 8.029459e+01 1.401417e+02 1.285835e+03 3.059481e+03 3.534990e+03 2.787311e+04 1.839839e+05
3.000000e-02 1.604000e-02  1.069333e-02  5.000000e-01 1.275010e-04 8.000000e-04 2.046857e+02 1.821613e+01 8.281551e+01 1.440893e+02 1.352491e+03 3.234593e+03 3.725887e+03 2.937832e+04 1.939195e+05
3.000000e-02 1.604000e-02  1.069333e-02  5.000000e-01 1.308984e-04 8.000000e-04 2.046857e+02 1.873491e+01 8.476668e+01 1.455049e+02 1.436066e+03 3.403066e+03 3.927094e+03 3.096482e+04 2.043916e+05
3.000000e-02 1.604000e-02  1.069333e-02  5.000000e-01 1.343863e-04 8.000000e-04 2.046857e+02 1.952337e+01 8.739928e+01 1.487960e+02 1.512579e+03 3.590267e+03 4.139166e+03 3.263699e+04 2.154292e+05
3.000000e-02 1.604000e-02  1.069333e-02  5.000000e-01 1.379672e-04 8.000000e-04 2.046857e+02 1.824178e+01 8.894019e+01 1.512552e+02 1.606214e+03 3.824737e+03 4.362690e+03 3.439946e+04 2.270629e+05
3.000000e-02 1.604000e-02  1.069333e-02  5.000000e-01 1.416435e-04 8.000000e-04 2.046857e+02 2.002424e+01 9.134850e+01 1.541531e+02 1.696903e+03 4.006754e+03 4.598286e+03 3.625711e+04 2.393248e+05
3.000000e-02 1.604000e-02  1.069333e-02  5.000000e-01 1.454177e-04 8.000000e-04 2.046857e+02 2.205537e+01 9.303735e+01 1.578298e+02 1.772497e+03 4.221944e+03 4.846604e+03 3.821508e+04 2.522489e+05
3.000000e-02 1.604000e-02  1.069333e-02  5.000000e-01 1.492926e-04 8.000000e-04 2.046857e+02 2.192785e+01 9.555801e+01 1.612822e+02 1.846955e+03 4.454438e+03 5.108332e+03 4.027878e+04 2.658709e+05
3.000000e-02 1.604000e-02  1.069333e-02  5.000000e-01 1.532706e-04 8.000000e-04 2.046857e+02 2.227535e+01 9.768351e+01 1.634200e+02 1.949567e+03 4.690344e+03 5.384193e+03 4.245393e+04 2.802286e+05
3.000000e-02 1.604000e-02  1.069333e-02  5.000000e-01 1.573547e-04 8.000000e-04 2.046857e+02 2.402846e+01 9.946246e+01 1.669969e+02 2.090856e+03 4.929009e+03 5.674952e+03 4.474654e+04 2.953616e+05
3.000000e-02 1.604000e-02  1.069333e-02  5.000000e-01 1.615476e-04 8.000000e-04 2.046857e+02 2.480763e+01 1.026830e+02 1.717945e+02 2.157472e+03 5.216491e+03 5.981413e+03 4.716296e+04 3.113118e+05
3.000000e-02 1.604000e-02  1.069333e-02  5.000000e-01 1.658522e-04 8.000000e-04 2.046857e+02 2.399539e+01 1.039533e+02 1.724619e+02 2.296783e+03 5.488686e+03 6.304423e+03 4.970987e+04 3.281233e+05
3.000000e-02 1.604000e-02  1.069333e-02  5.000000e-01 1.702715e-04 8.000000e-04 2.046857e+02 2.584713e+01 1.052122e+02 1.735996e+02 2.454930e+03 5.815038e+03 6.644876e+03 5.239432e+04 3.458428e+05
3.000000e-02 1.604000e-02  1.069333e-02  5.000000e-01 1.748086e-04 8.000000e-04 2.046857e+02 2.561741e+01 1.084207e+02 1.800447e+02 2.554134e+03 6.094405e+03 7.003715e+03 5.522373e+04 3.645191e+05
3.000000e-02 1.604000e-02  1.069333e-02  5.000000e-01 1.794666e-04 8.000000e-04 2.046857e+02 2.686308e+01 1.113378e+02 1.826822e+02 2.682474e+03 6.415680e+03 7.381932e+03 5.820594e+04 3.842039e+05
3.000000e-02 1.604000e-02  1.069333e-02  5.000000e-01 1.842487e-04 8.000000e-04 2.046857e+02 2.772800e+01 1.124542e+02 1.851133e+02 2.862265e+03 6.825775e+03 7.780573e+03 6.134919e+04 4.049518e+05
3.000000e-02 1.604000e-02  1.069333e-02  5.000000e-01 1.891582e-04 8.000000e-04 2.046857e+02 2.983254e+01 1.151054e+02 1.900892e+02 2.989051e+03 7.180012e+03 8.200742e+03 6.466219e+04 4.268202e+05
3.000000e-02 1.604000e-02  1.069333e-02  5.000000e-01 1.941986e-04 8.000000e-04 2.046857e+02 2.888110e+01 1.174760e+02 1.944537e+02 3.128397e+03 7.541852e+03 8.643601e+03 6.815410e+04 4.498694e+05
3.000000e-02 1.604000e-02  1.069333e-02  5.000000e-01 1.993732e-04 8.000000e-04 2.046857e+02 3.174880e+01 1.207699e+02 2.019424e+02 3.339432e+03 7.951649e+03 9.110376e+03 7.183458e+04 4.741634e+05
3.000000e-02 1.604000e-02  1.069333e-02  5.000000e-01 2.046857e-04 8.000000e-04 2.046857e+02 3.230150e+01 1.243816e+02 2.071082e+02 3.496018e+03 8.384318e+03 9.602357e+03 7.571381e+04 4.997694e+05
3.000000e-02 1.604000e-02  1.069333e-02  5.000000e-01 2.101398e-04 8.000000e-04 2.046857e+02 3.606935e+01 1.243520e+02 2.070106e+02 3.748903e+03 8.830754e+03 1.012091e+04 7.980253e+04 5.267581e+05
3.000000e-02 1.604000e-02  1.069333e-02  5.000000e-01 2.157392e-04 8.000000e-04 2.046857e+02 3.638932e+01 1.281737e+02 2.131704e+02 3.937089e+03 9.302024e+03 1.066746e+04 8.411206e+04 5.552042e+05
3.000000e-02 1.604000e-02  1.069333e-02  5.000000e-01 2.214878e-04 8.000000e-04 2.046857e+02 3.578439e+01 1.303162e+02 2.153875e+02 4.100087e+03 9.824004e+03 1.124353e+04 8.865430e+04 5.851865e+05
3.000000e-02 1.604000e-02  1.069333e-02  5.000000e-01 2.273896e-04 8.000000e-04 2.046857e+02 3.866946e+01 1.320069e+02 2.200452e+02 4.358287e+03 1.035890e+04 1.185070e+04 9.344184e+04 6.167879e+05
3.000000e-02 1.604000e-02  1.069333e-02  5.000000e-01 2.334487e-04 8.000000e-04 2.046857e+02 4.031252e+01 1.367016e+02 2.305310e+02 4.614992e+03 1.091824e+04 1.249067e+04 9.848791e+04 6.500959e+05
