3.000000e-02 5.223000e-02  3.482000e-02  5.000000e-01 2.000000e-06 8.000000e-04 3.824124e-01 3.177856e+01 1.933322e+01 6.740410e+01 2.611968e-01 1.483864e+01 1.479402e+00 4.861520e+00 9.177237e+01
3.000000e-02 5.223000e-02  3.482000e-02  5.000000e-01 2.053292e-06 8.000000e-04 3.824124e-01 3.177746e+01 1.918218e+01 6.733624e+01 2.757259e-01 1.557990e+01 1.559293e+00 5.124053e+00 9.672829e+01
3.000000e-02 5.223000e-02  3.482000e-02  5.000000e-01 2.108005e-06 8.000000e-04 3.824124e-01 3.177595e+01 1.901170e+01 6.729402e+01 2.901157e-01 1.638886e+01 1.643498e+00 5.400764e+00 1.019518e+02
3.000000e-02 5.223000e-02  3.482000e-02  5.000000e-01 2.164175e-06 8.000000e-04 3.824124e-01 3.177414e+01 1.885854e+01 6.725843e+01 3.104743e-01 1.729604e+01 1.732251e+00 5.692418e+00 1.074575e+02
3.000000e-02 5.223000e-02  3.482000e-02  5.000000e-01 2.221842e-06 8.000000e-04 3.824124e-01 3.177267e+01 1.863748e+01 6.716448e+01 3.262692e-01 1.834100e+01 1.825797e+00 5.999821e+00 1.132604e+02
3.000000e-02 5.223000e-02  3.482000e-02  5.000000e-01 2.281045e-06 8.000000e-04 3.824124e-01 3.177174e+01 1.841321e+01 6.710247e+01 3.405017e-01 1.935163e+01 1.924394e+00 6.323825e+00 1.193768e+02
3.000000e-02 5.223000e-02  3.482000e-02  5.000000e-01 2.341826e-06 8.000000e-04 3.824124e-01 3.176963e+01 1.827891e+01 6.706764e+01 3.623285e-01 2.025712e+01 2.028315e+00 6.665327e+00 1.258234e+02
3.000000e-02 5.223000e-02  3.482000e-02  5.000000e-01 2.404227e-06 8.000000e-04 3.824124e-01 3.176838e+01 1.806251e+01 6.698639e+01 3.799742e-01 2.143388e+01 2.137849e+00 7.025270e+00 1.326181e+02
3.000000e-02 5.223000e-02  3.482000e-02  5.000000e-01 2.468290e-06 8.000000e-04 3.824124e-01 3.176600e+01 1.783349e+01 6.694683e+01 4.011869e-01 2.263141e+01 2.253298e+00 7.404650e+00 1.397798e+02
3.000000e-02 5.223000e-02  3.482000e-02  5.000000e-01 2.534061e-06 8.000000e-04 3.824124e-01 3.176374e+01 1.761575e+01 6.683138e+01 4.248303e-01 2.385053e+01 2.374981e+00 7.804519e+00 1.473283e+02
3.000000e-02 5.223000e-02  3.482000e-02  5.000000e-01 2.601584e-06 8.000000e-04 3.824124e-01 3.176255e+01 1.747815e+01 6.692523e+01 4.423858e-01 2.495655e+01 2.503236e+00 8.225981e+00 1.552843e+02
3.000000e-02 5.223000e-02  3.482000e-02  5.000000e-01 2.670906e-06 8.000000e-04 3.824124e-01 3.175948e+01 1.718527e+01 6.683152e+01 4.707667e-01 2.643284e+01 2.638416e+00 8.670203e+00 1.636700e+02
3.000000e-02 5.223000e-02  3.482000e-02  5.000000e-01 2.742075e-06 8.000000e-04 3.824124e-01 3.175733e+01 1.694947e+01 6.674683e+01 4.932355e-01 2.786620e+01 2.780897e+00 9.138414e+00 1.725086e+02
3.000000e-02 5.223000e-02  3.482000e-02  5.000000e-01 2.815141e-06 8.000000e-04 3.824124e-01 3.175537e+01 1.671495e+01 6.669337e+01 5.187910e-01 2.936248e+01 2.931072e+00 9.631909e+00 1.818245e+02
3.000000e-02 5.223000e-02  3.482000e-02  5.000000e-01 2.890154e-06 8.000000e-04 3.824124e-01 3.175326e+01 1.653024e+01 6.678193e+01 5.467917e-01 3.088964e+01 3.089356e+00 1.015205e+01 1.916434e+02
3.000000e-02 5.223000e-02  3.482000e-02  5.000000e-01 2.967165e-06 8.000000e-04 3.824124e-01 3.175042e+01 1.631561e+01 6.673118e+01 5.757155e-01 3.230916e+01 3.256189e+00 1.070029e+01 2.019926e+02
3.000000e-02 5.223000e-02  3.482000e-02  5.000000e-01 3.046229e-06 8.000000e-04 3.824124e-01 3.174661e+01 1.596666e+01 6.681147e+01 6.080880e-01 3.454156e+01 3.432030e+00 1.127813e+01 2.129006e+02
3.000000e-02 5.223000e-02  3.482000e-02  5.000000e-01 3.127399e-06 8.000000e-04 3.824124e-01 3.174418e+01 1.579057e+01 6.678238e+01 6.425770e-01 3.595382e+01 3.617368e+00 1.188717e+01 2.243978e+02
3.000000e-02 5.223000e-02  3.482000e-02  5.000000e-01 3.210732e-06 8.000000e-04 3.824124e-01 3.174101e+01 1.555050e+01 6.675020e+01 6.807289e-01 3.803551e+01 3.812714e+00 1.252911e+01 2.365158e+02
3.000000e-02 5.223000e-02  3.482000e-02  5.000000e-01 3.296286e-06 8.000000e-04 3.824124e-01 3.173793e+01 1.524111e+01 6.686237e+01 7.090119e-01 4.031496e+01 4.018610e+00 1.320571e+01 2.492882e+02
3.000000e-02 5.223000e-02  3.482000e-02  5.000000e-01 3.384119e-06 8.000000e-04 3.824124e-01 3.173481e+01 1.506358e+01 6.694136e+01 7.472142e-01 4.217935e+01 4.235624e+00 1.391885e+01 2.627503e+02
3.000000e-02 5.223000e-02  3.482000e-02  5.000000e-01 3.474293e-06 8.000000e-04 3.824124e-01 3.173023e+01 1.477682e+01 6.696743e+01 7.977703e-01 4.464648e+01 4.464357e+00 1.467050e+01 2.769394e+02
3.000000e-02 5.223000e-02  3.482000e-02  5.000000e-01 3.566869e-06 8.000000e-04 3.824124e-01 3.172686e+01 1.453407e+01 6.724966e+01 8.374793e-01 4.718943e+01 4.705443e+00 1.546274e+01 2.918948e+02
3.000000e-02 5.223000e-02  3.482000e-02  5.000000e-01 3.661913e-06 8.000000e-04 3.824124e-01 3.172323e+01 1.434802e+01 6.732269e+01 8.766536e-01 4.946320e+01 4.959548e+00 1.629776e+01 3.076578e+02
3.000000e-02 5.223000e-02  3.482000e-02  5.000000e-01 3.759488e-06 8.000000e-04 3.824124e-01 3.171876e+01 1.418724e+01 6.765606e+01 9.235953e-01 5.217483e+01 5.227375e+00 1.717788e+01 3.242720e+02
3.000000e-02 5.223000e-02  3.482000e-02  5.000000e-01 3.859664e-06 8.000000e-04 3.824124e-01 3.171309e+01 1.381206e+01 6.758947e+01 9.792478e-01 5.526765e+01 5.509665e+00 1.810553e+01 3.417835e+02
3.000000e-02 5.223000e-02  3.482000e-02  5.000000e-01 3.962510e-06 8.000000e-04 3.824124e-01 3.170946e+01 1.368831e+01 6.808062e+01 1.033449e+00 5.849597e+01 5.807200e+00 1.908327e+01 3.602406e+02
3.000000e-02 5.223000e-02  3.482000e-02  5.000000e-01 4.068095e-06 8.000000e-04 3.824124e-01 3.170309e+01 1.347405e+01 6.806861e+01 1.090449e+00 6.120799e+01 6.120802e+00 2.011381e+01 3.796944e+02
3.000000e-02 5.223000e-02  3.482000e-02  5.000000e-01 4.176494e-06 8.000000e-04 3.824124e-01 3.170097e+01 1.329848e+01 6.866272e+01 1.136648e+00 6.479716e+01 6.451339e+00 2.120000e+01 4.001988e+02
3.000000e-02 5.223000e-02  3.482000e-02  5.000000e-01 4.287782e-06 8.000000e-04 3.824124e-01 3.169307e+01 1.306320e+01 6.877589e+01 1.205746e+00 6.836538e+01 6.799727e+00 2.234485e+01 4.218104e+02
3.000000e-02 5.223000e-02  3.482000e-02  5.000000e-01 4.402035e-06 8.000000e-04 3.824124e-01 3.168839e+01 1.295848e+01 6.926297e+01 1.266106e+00 7.168289e+01 7.166928e+00 2.355152e+01 4.445892e+02
3.000000e-02 5.223000e-02  3.482000e-02  5.000000e-01 4.519332e-06 8.000000e-04 3.824124e-01 3.168140e+01 1.287385e+01 6.990110e+01 1.341070e+00 7.595374e+01 7.553958e+00 2.482336e+01 4.685980e+02
3.000000e-02 5.223000e-02  3.482000e-02  5.000000e-01 4.639755e-06 8.000000e-04 3.824124e-01 3.167613e+01 1.270925e+01 7.019583e+01 1.411121e+00 7.936400e+01 7.961889e+00 2.616388e+01 4.939034e+02
3.000000e-02 5.223000e-02  3.482000e-02  5.000000e-01 4.763386e-06 8.000000e-04 3.824124e-01 3.166853e+01 1.267291e+01 7.079771e+01 1.489597e+00 8.419445e+01 8.391850e+00 2.757679e+01 5.205753e+02
3.000000e-02 5.223000e-02  3.482000e-02  5.000000e-01 4.890312e-06 8.000000e-04 3.824124e-01 3.166289e+01 1.268568e+01 7.161167e+01 1.568391e+00 8.891307e+01 8.845029e+00 2.906600e+01 5.486876e+02
3.000000e-02 5.223000e-02  3.482000e-02  5.000000e-01 5.020620e-06 8.000000e-04 3.824124e-01 3.165501e+01 1.265877e+01 7.222127e+01 1.644925e+00 9.346607e+01 9.322681e+00 3.063563e+01 5.783180e+02
3.000000e-02 5.223000e-02  3.482000e-02  5.000000e-01 5.154400e-06 8.000000e-04 3.824124e-01 3.164565e+01 1.267079e+01 7.284296e+01 1.742331e+00 9.845486e+01 9.826127e+00 3.229002e+01 6.095485e+02
3.000000e-02 5.223000e-02  3.482000e-02  5.000000e-01 5.291745e-06 8.000000e-04 3.824124e-01 3.163618e+01 1.273708e+01 7.365653e+01 1.851933e+00 1.040113e+02 1.035676e+01 3.403376e+01 6.424655e+02
3.000000e-02 5.223000e-02  3.482000e-02  5.000000e-01 5.432750e-06 8.000000e-04 3.824124e-01 3.162879e+01 1.291182e+01 7.491468e+01 1.935387e+00 1.095544e+02 1.091605e+01 3.587166e+01 6.771601e+02
3.000000e-02 5.223000e-02  3.482000e-02  5.000000e-01 5.577512e-06 8.000000e-04 3.824124e-01 3.161548e+01 1.300748e+01 7.552889e+01 2.056817e+00 1.146248e+02 1.150554e+01 3.780881e+01 7.137283e+02
3.000000e-02 5.223000e-02  3.482000e-02  5.000000e-01 5.726131e-06 8.000000e-04 3.824124e-01 3.160921e+01 1.315908e+01 7.653993e+01 2.146349e+00 1.225089e+02 1.212687e+01 3.985057e+01 7.522713e+02
3.000000e-02 5.223000e-02  3.482000e-02  5.000000e-01 5.878710e-06 8.000000e-04 3.824124e-01 3.160252e+01 1.337926e+01 7.762705e+01 2.264071e+00 1.275306e+02 1.278175e+01 4.200260e+01 7.928957e+02
3.000000e-02 5.223000e-02  3.482000e-02  5.000000e-01 6.035355e-06 8.000000e-04 3.824124e-01 3.158588e+01 1.372120e+01 7.886714e+01 2.398662e+00 1.353153e+02 1.347199e+01 4.427083e+01 8.357139e+02
3.000000e-02 5.223000e-02  3.482000e-02  5.000000e-01 6.196174e-06 8.000000e-04 3.824124e-01 3.157644e+01 1.394976e+01 7.981128e+01 2.504376e+00 1.412511e+02 1.419951e+01 4.666156e+01 8.808444e+02
3.000000e-02 5.223000e-02  3.482000e-02  5.000000e-01 6.361278e-06 8.000000e-04 3.824124e-01 3.156245e+01 1.442694e+01 8.144213e+01 2.665549e+00 1.498465e+02 1.496632e+01 4.918139e+01 9.284120e+02
3.000000e-02 5.223000e-02  3.482000e-02  5.000000e-01 6.530782e-06 8.000000e-04 3.824124e-01 3.155338e+01 1.478228e+01 8.250752e+01 2.795255e+00 1.580358e+02 1.577453e+01 5.183730e+01 9.785484e+02
3.000000e-02 5.223000e-02  3.482000e-02  5.000000e-01 6.704802e-06 8.000000e-04 3.824124e-01 3.154121e+01 1.535421e+01 8.423824e+01 2.933969e+00 1.667395e+02 1.662639e+01 5.463664e+01 1.031392e+03
3.000000e-02 5.223000e-02  3.482000e-02  5.000000e-01 6.883459e-06 8.000000e-04 3.824124e-01 3.152275e+01 1.591104e+01 8.593708e+01 3.110323e+00 1.761350e+02 1.752426e+01 5.758714e+01 1.087090e+03
3.000000e-02 5.223000e-02  3.482000e-02  5.000000e-01 7.066877e-06 8.000000e-04 3.824124e-01 3.150846e+01 1.649469e+01 8.746170e+01 3.262499e+00 1.847633e+02 1.847061e+01 6.069698e+01 1.145795e+03
3.000000e-02 5.223000e-02  3.482000e-02  5.000000e-01 7.255182e-06 8.000000e-04 3.824124e-01 3.149258e+01 1.706923e+01 8.911918e+01 3.460799e+00 1.953984e+02 1.946806e+01 6.397476e+01 1.207671e+03
3.000000e-02 5.223000e-02  3.482000e-02  5.000000e-01 7.448504e-06 8.000000e-04 3.824124e-01 3.147420e+01 1.756536e+01 9.041223e+01 3.614244e+00 2.044330e+02 2.051938e+01 6.742954e+01 1.272888e+03
3.000000e-02 5.223000e-02  3.482000e-02  5.000000e-01 7.646978e-06 8.000000e-04 3.824124e-01 3.145865e+01 1.834180e+01 9.227046e+01 3.832631e+00 2.166615e+02 2.162748e+01 7.107089e+01 1.341627e+03
3.000000e-02 5.223000e-02  3.482000e-02  5.000000e-01 7.850741e-06 8.000000e-04 3.824124e-01 3.143683e+01 1.913396e+01 9.410416e+01 4.043447e+00 2.291888e+02 2.279541e+01 7.490889e+01 1.414078e+03
3.000000e-02 5.223000e-02  3.482000e-02  5.000000e-01 8.059933e-06 8.000000e-04 3.824124e-01 3.142083e+01 2.005384e+01 9.631913e+01 4.258767e+00 2.409111e+02 2.402641e+01 7.895414e+01 1.490441e+03
3.000000e-02 5.223000e-02  3.482000e-02  5.000000e-01 8.274699e-06 8.000000e-04 3.824124e-01 3.139579e+01 2.069674e+01 9.790668e+01 4.487422e+00 2.532900e+02 2.532390e+01 8.321785e+01 1.570928e+03
3.000000e-02 5.223000e-02  3.482000e-02  5.000000e-01 8.495188e-06 8.000000e-04 3.824124e-01 3.138059e+01 2.157964e+01 1.000054e+02 4.737936e+00 2.669012e+02 2.669145e+01 8.771180e+01 1.655762e+03
3.000000e-02 5.223000e-02  3.482000e-02  5.000000e-01 8.721552e-06 8.000000e-04 3.824124e-01 3.135427e+01 2.233772e+01 1.013945e+02 5.012349e+00 2.805395e+02 2.813285e+01 9.244844e+01 1.745177e+03
3.000000e-02 5.223000e-02  3.482000e-02  5.000000e-01 8.953948e-06 8.000000e-04 3.824124e-01 3.133561e+01 2.340620e+01 1.038556e+02 5.263068e+00 2.976580e+02 2.965208e+01 9.744087e+01 1.839421e+03
3.000000e-02 5.223000e-02  3.482000e-02  5.000000e-01 9.192536e-06 8.000000e-04 3.824124e-01 3.130517e+01 2.472428e+01 1.066485e+02 5.538811e+00 3.133618e+02 3.125336e+01 1.027029e+02 1.938754e+03
3.000000e-02 5.223000e-02  3.482000e-02  5.000000e-01 9.437481e-06 8.000000e-04 3.824124e-01 3.128485e+01 2.575079e+01 1.088009e+02 5.812181e+00 3.309837e+02 3.294112e+01 1.082491e+02 2.043451e+03
3.000000e-02 5.223000e-02  3.482000e-02  5.000000e-01 9.688954e-06 8.000000e-04 3.824124e-01 3.125132e+01 2.651051e+01 1.104074e+02 6.149994e+00 3.474204e+02 3.472002e+01 1.140948e+02 2.153802e+03
3.000000e-02 5.223000e-02  3.482000e-02  5.000000e-01 9.947127e-06 8.000000e-04 3.824124e-01 3.122313e+01 2.771850e+01 1.127106e+02 6.487264e+00 3.667099e+02 3.659498e+01 1.202562e+02 2.270112e+03
3.000000e-02 5.223000e-02  3.482000e-02  5.000000e-01 1.021218e-05 8.000000e-04 3.824124e-01 3.119129e+01 2.868637e+01 1.147627e+02 6.813977e+00 3.848359e+02 3.857119e+01 1.267503e+02 2.392703e+03
3.000000e-02 5.223000e-02  3.482000e-02  5.000000e-01 1.048430e-05 8.000000e-04 3.824124e-01 3.115520e+01 2.975006e+01 1.169888e+02 7.250801e+00 4.082920e+02 4.065412e+01 1.335951e+02 2.521915e+03
3.000000e-02 5.223000e-02  3.482000e-02  5.000000e-01 1.076366e-05 8.000000e-04 3.824124e-01 3.112269e+01 3.128138e+01 1.198031e+02 7.627346e+00 4.299417e+02 4.284954e+01 1.408095e+02 2.658104e+03
3.000000e-02 5.223000e-02  3.482000e-02  5.000000e-01 1.105047e-05 8.000000e-04 3.824124e-01 3.107804e+01 3.221919e+01 1.216569e+02 8.095452e+00 4.524509e+02 4.516351e+01 1.484136e+02 2.801648e+03
3.000000e-02 5.223000e-02  3.482000e-02  5.000000e-01 1.134492e-05 8.000000e-04 3.824124e-01 3.105856e+01 3.352589e+01 1.243285e+02 8.454378e+00 4.774742e+02 4.760245e+01 1.564283e+02 2.952943e+03
3.000000e-02 5.223000e-02  3.482000e-02  5.000000e-01 1.164722e-05 8.000000e-04 3.824124e-01 3.099739e+01 3.500357e+01 1.268814e+02 8.972443e+00 5.033496e+02 5.017309e+01 1.648758e+02 3.112409e+03
3.000000e-02 5.223000e-02  3.482000e-02  5.000000e-01 1.195758e-05 8.000000e-04 3.824124e-01 3.096783e+01 3.636307e+01 1.295727e+02 9.386190e+00 5.326259e+02 5.288255e+01 1.737794e+02 3.280487e+03
3.000000e-02 5.223000e-02  3.482000e-02  5.000000e-01 1.227620e-05 8.000000e-04 3.824124e-01 3.093406e+01 3.728591e+01 1.312903e+02 9.861413e+00 5.594679e+02 5.573833e+01 1.831639e+02 3.457640e+03
3.000000e-02 5.223000e-02  3.482000e-02  5.000000e-01 1.260331e-05 8.000000e-04 3.824124e-01 3.087941e+01 3.855865e+01 1.339493e+02 1.040575e+01 5.890982e+02 5.874833e+01 1.930552e+02 3.644361e+03
3.000000e-02 5.223000e-02  3.482000e-02  5.000000e-01 1.293914e-05 8.000000e-04 3.824124e-01 3.081719e+01 3.992050e+01 1.364525e+02 1.098918e+01 6.221696e+02 6.192088e+01 2.034806e+02 3.841165e+03
3.000000e-02 5.223000e-02  3.482000e-02  5.000000e-01 1.328392e-05 8.000000e-04 3.824124e-01 3.079384e+01 4.100041e+01 1.388497e+02 1.151914e+01 6.530555e+02 6.526475e+01 2.144690e+02 4.048597e+03
3.000000e-02 5.223000e-02  3.482000e-02  5.000000e-01 1.363789e-05 8.000000e-04 3.824124e-01 3.070209e+01 4.275795e+01 1.418151e+02 1.232274e+01 6.915589e+02 6.878920e+01 2.260509e+02 4.267230e+03
3.000000e-02 5.223000e-02  3.482000e-02  5.000000e-01 1.400128e-05 8.000000e-04 3.824124e-01 3.066061e+01 4.426278e+01 1.443975e+02 1.288246e+01 7.263359e+02 7.250397e+01 2.382581e+02 4.497671e+03
3.000000e-02 5.223000e-02  3.482000e-02  5.000000e-01 1.437436e-05 8.000000e-04 3.824124e-01 3.061095e+01 4.595695e+01 1.474580e+02 1.350543e+01 7.632605e+02 7.641935e+01 2.511246e+02 4.740555e+03
3.000000e-02 5.223000e-02  3.482000e-02  5.000000e-01 1.475738e-05 8.000000e-04 3.824124e-01 3.053636e+01 4.748665e+01 1.499585e+02 1.428075e+01 8.057749e+02 8.054617e+01 2.646859e+02 4.996556e+03
3.000000e-02 5.223000e-02  3.482000e-02  5.000000e-01 1.515061e-05 8.000000e-04 3.824124e-01 3.046680e+01 4.935204e+01 1.535155e+02 1.513113e+01 8.530383e+02 8.489585e+01 2.789796e+02 5.266382e+03
3.000000e-02 5.223000e-02  3.482000e-02  5.000000e-01 1.555432e-05 8.000000e-04 3.824124e-01 3.041368e+01 5.092070e+01 1.560636e+02 1.582972e+01 8.989552e+02 8.948043e+01 2.940451e+02 5.550778e+03
3.000000e-02 5.223000e-02  3.482000e-02  5.000000e-01 1.596878e-05 8.000000e-04 3.824124e-01 3.033250e+01 5.276704e+01 1.593893e+02 1.671466e+01 9.500949e+02 9.431258e+01 3.099242e+02 5.850533e+03
3.000000e-02 5.223000e-02  3.482000e-02  5.000000e-01 1.639429e-05 8.000000e-04 3.824124e-01 3.024083e+01 5.349879e+01 1.615000e+02 1.771232e+01 9.972451e+02 9.940567e+01 3.266609e+02 6.166476e+03
3.000000e-02 5.223000e-02  3.482000e-02  5.000000e-01 1.683113e-05 8.000000e-04 3.824124e-01 3.019504e+01 5.663478e+01 1.668333e+02 1.841178e+01 1.052524e+03 1.047738e+02 3.443013e+02 6.499480e+03
3.000000e-02 5.223000e-02  3.482000e-02  5.000000e-01 1.727962e-05 8.000000e-04 3.824124e-01 3.004875e+01 5.779403e+01 1.690459e+02 1.976760e+01 1.108901e+03 1.104318e+02 3.628944e+02 6.850466e+03
3.000000e-02 5.223000e-02  3.482000e-02  5.000000e-01 1.774005e-05 8.000000e-04 3.824124e-01 3.001249e+01 5.942807e+01 1.720070e+02 2.053914e+01 1.161796e+03 1.163954e+02 3.824915e+02 7.220407e+03
3.000000e-02 5.223000e-02  3.482000e-02  5.000000e-01 1.821276e-05 8.000000e-04 3.824124e-01 2.988425e+01 6.161068e+01 1.756494e+02 2.170532e+01 1.229392e+03 1.226810e+02 4.031469e+02 7.610326e+03
3.000000e-02 5.223000e-02  3.482000e-02  5.000000e-01 1.869805e-05 8.000000e-04 3.824124e-01 2.979614e+01 6.358219e+01 1.796221e+02 2.288497e+01 1.295154e+03 1.293061e+02 4.249178e+02 8.021301e+03
3.000000e-02 5.223000e-02  3.482000e-02  5.000000e-01 1.919629e-05 8.000000e-04 3.824124e-01 2.969881e+01 6.507424e+01 1.823188e+02 2.417597e+01 1.366196e+03 1.362889e+02 4.478643e+02 8.454470e+03
3.000000e-02 5.223000e-02  3.482000e-02  5.000000e-01 1.970779e-05 8.000000e-04 3.824124e-01 2.959979e+01 6.742305e+01 1.868180e+02 2.535555e+01 1.443565e+03 1.436488e+02 4.720501e+02 8.911031e+03
3.000000e-02 5.223000e-02  3.482000e-02  5.000000e-01 2.023293e-05 8.000000e-04 3.824124e-01 2.944503e+01 6.915498e+01 1.896000e+02 2.680757e+01 1.512197e+03 1.514062e+02 4.975418e+02 9.392247e+03
3.000000e-02 5.223000e-02  3.482000e-02  5.000000e-01 2.077206e-05 8.000000e-04 3.824124e-01 2.935444e+01 7.195226e+01 1.951739e+02 2.826735e+01 1.592857e+03 1.595825e+02 5.244103e+02 9.899450e+03
3.000000e-02 5.223000e-02  3.482000e-02  5.000000e-01 2.132555e-05 8.000000e-04 3.824124e-01 2.920341e+01 7.410533e+01 1.988115e+02 2.988666e+01 1.687195e+03 1.682003e+02 5.527296e+02 1.043404e+04
3.000000e-02 5.223000e-02  3.482000e-02  5.000000e-01 2.189380e-05 8.000000e-04 3.824124e-01 2.909205e+01 7.516711e+01 2.021734e+02 3.144097e+01 1.781576e+03 1.772835e+02 5.825783e+02 1.099751e+04
3.000000e-02 5.223000e-02  3.482000e-02  5.000000e-01 2.247718e-05 8.000000e-04 3.824124e-01 2.889722e+01 7.765423e+01 2.065695e+02 3.338531e+01 1.867822e+03 1.868572e+02 6.140389e+02 1.159140e+04
3.000000e-02 5.223000e-02  3.482000e-02  5.000000e-01 2.307611e-05 8.000000e-04 3.824124e-01 2.877471e+01 7.997914e+01 2.116661e+02 3.521466e+01 1.966238e+03 1.969480e+02 6.471984e+02 1.221736e+04
3.000000e-02 5.223000e-02  3.482000e-02  5.000000e-01 2.369100e-05 8.000000e-04 3.824124e-01 2.867466e+01 8.272131e+01 2.157688e+02 3.673122e+01 2.076501e+03 2.075836e+02 6.821486e+02 1.287712e+04
3.000000e-02 5.223000e-02  3.482000e-02  5.000000e-01 2.432228e-05 8.000000e-04 3.824124e-01 2.850625e+01 8.503168e+01 2.203901e+02 3.839833e+01 2.187110e+03 2.187936e+02 7.189862e+02 1.357252e+04
3.000000e-02 5.223000e-02  3.482000e-02  5.000000e-01 2.497037e-05 8.000000e-04 3.824124e-01 2.831023e+01 8.641874e+01 2.239371e+02 4.089380e+01 2.294225e+03 2.306090e+02 7.578131e+02 1.430547e+04
3.000000e-02 5.223000e-02  3.482000e-02  5.000000e-01 2.563574e-05 8.000000e-04 3.824124e-01 2.809546e+01 8.964655e+01 2.303186e+02 4.303676e+01 2.448719e+03 2.430624e+02 7.987368e+02 1.507799e+04
3.000000e-02 5.223000e-02  3.482000e-02  5.000000e-01 2.631883e-05 8.000000e-04 3.824124e-01 2.793576e+01 9.265606e+01 2.356127e+02 4.537303e+01 2.572139e+03 2.561883e+02 8.418704e+02 1.589224e+04
3.000000e-02 5.223000e-02  3.482000e-02  5.000000e-01 2.702013e-05 8.000000e-04 3.824124e-01 2.775299e+01 9.389873e+01 2.392747e+02 4.772141e+01 2.687709e+03 2.700231e+02 8.873334e+02 1.675046e+04
3.000000e-02 5.223000e-02  3.482000e-02  5.000000e-01 2.774011e-05 8.000000e-04 3.824124e-01 2.749049e+01 9.662138e+01 2.441705e+02 5.048581e+01 2.849251e+03 2.846049e+02 9.352514e+02 1.765502e+04
3.000000e-02 5.223000e-02  3.482000e-02  5.000000e-01 2.847928e-05 8.000000e-04 3.824124e-01 2.726518e+01 9.961471e+01 2.508490e+02 5.319747e+01 2.999141e+03 2.999743e+02 9.857571e+02 1.860843e+04
3.000000e-02 5.223000e-02  3.482000e-02  5.000000e-01 2.923814e-05 8.000000e-04 3.824124e-01 2.711706e+01 1.024867e+02 2.547810e+02 5.607943e+01 3.154284e+03 3.161736e+02 1.038990e+03 1.961333e+04
3.000000e-02 5.223000e-02  3.482000e-02  5.000000e-01 3.001722e-05 8.000000e-04 3.824124e-01 2.680842e+01 1.047669e+02 2.604749e+02 5.905325e+01 3.318989e+03 3.332477e+02 1.095098e+03 2.067250e+04
3.000000e-02 5.223000e-02  3.482000e-02  5.000000e-01 3.081707e-05 8.000000e-04 3.824124e-01 2.660491e+01 1.074378e+02 2.656067e+02 6.194016e+01 3.515873e+03 3.512438e+02 1.154236e+03 2.178886e+04
3.000000e-02 5.223000e-02  3.482000e-02  5.000000e-01 3.163822e-05 8.000000e-04 3.824124e-01 2.627499e+01 1.104595e+02 2.731448e+02 6.623515e+01 3.679528e+03 3.702118e+02 1.216567e+03 2.296551e+04
3.000000e-02 5.223000e-02  3.482000e-02  5.000000e-01 3.248126e-05 8.000000e-04 3.824124e-01 2.614343e+01 1.134521e+02 2.779347e+02 6.867882e+01 3.917425e+03 3.902041e+02 1.282265e+03 2.420570e+04
3.000000e-02 5.223000e-02  3.482000e-02  5.000000e-01 3.334676e-05 8.000000e-04 3.824124e-01 2.576613e+01 1.168370e+02 2.844098e+02 7.244282e+01 4.114443e+03 4.112760e+02 1.351510e+03 2.551286e+04
3.000000e-02 5.223000e-02  3.482000e-02  5.000000e-01 3.423532e-05 8.000000e-04 3.824124e-01 2.548884e+01 1.176955e+02 2.862076e+02 7.661911e+01 4.367624e+03 4.334859e+02 1.424495e+03 2.689062e+04
3.000000e-02 5.223000e-02  3.482000e-02  5.000000e-01 3.514756e-05 8.000000e-04 3.824124e-01 2.531312e+01 1.210532e+02 2.944391e+02 8.063057e+01 4.569677e+03 4.568951e+02 1.501421e+03 2.834277e+04
3.000000e-02 5.223000e-02  3.482000e-02  5.000000e-01 3.608411e-05 8.000000e-04 3.824124e-01 2.482147e+01 1.239675e+02 3.006252e+02 8.595879e+01 4.805103e+03 4.815685e+02 1.582501e+03 2.987335e+04
3.000000e-02 5.223000e-02  3.482000e-02  5.000000e-01 3.704561e-05 8.000000e-04 3.824124e-01 2.453674e+01 1.257848e+02 3.041954e+02 9.011619e+01 5.078898e+03 5.075743e+02 1.667960e+03 3.148658e+04
3.000000e-02 5.223000e-02  3.482000e-02  5.000000e-01 3.803273e-05 8.000000e-04 3.824124e-01 2.423749e+01 1.292534e+02 3.114046e+02 9.475005e+01 5.359305e+03 5.349845e+02 1.758033e+03 3.318693e+04
3.000000e-02 5.223000e-02  3.482000e-02  5.000000e-01 3.904616e-05 8.000000e-04 3.824124e-01 2.391147e+01 1.307387e+02 3.148621e+02 9.931183e+01 5.618504e+03 5.638749e+02 1.852971e+03 3.497910e+04
3.000000e-02 5.223000e-02  3.482000e-02  5.000000e-01 4.008659e-05 8.000000e-04 3.824124e-01 2.344979e+01 1.351018e+02 3.232682e+02 1.060628e+02 5.948355e+03 5.943254e+02 1.953036e+03 3.686805e+04
3.000000e-02 5.223000e-02  3.482000e-02  5.000000e-01 4.115474e-05 8.000000e-04 3.824124e-01 2.310199e+01 1.377223e+02 3.293154e+02 1.112768e+02 6.240614e+03 6.264204e+02 2.058504e+03 3.885901e+04
3.000000e-02 5.223000e-02  3.482000e-02  5.000000e-01 4.225136e-05 8.000000e-04 3.824124e-01 2.259489e+01 1.404259e+02 3.340348e+02 1.188137e+02 6.655065e+03 6.602485e+02 2.169668e+03 4.095749e+04
3.000000e-02 5.223000e-02  3.482000e-02  5.000000e-01 4.337719e-05 8.000000e-04 3.824124e-01 2.241715e+01 1.437550e+02 3.414803e+02 1.224024e+02 6.971942e+03 6.959035e+02 2.286836e+03 4.316928e+04
3.000000e-02 5.223000e-02  3.482000e-02  5.000000e-01 4.453303e-05 8.000000e-04 3.824124e-01 2.190532e+01 1.459338e+02 3.470277e+02 1.304975e+02 7.327493e+03 7.334839e+02 2.410330e+03 4.550053e+04
3.000000e-02 5.223000e-02  3.482000e-02  5.000000e-01 4.571966e-05 8.000000e-04 3.824124e-01 2.149092e+01 1.499299e+02 3.555025e+02 1.366182e+02 7.772368e+03 7.730937e+02 2.540493e+03 4.795766e+04
3.000000e-02 5.223000e-02  3.482000e-02  5.000000e-01 4.693791e-05 8.000000e-04 3.824124e-01 2.109846e+01 1.529917e+02 3.613454e+02 1.439545e+02 8.177150e+03 8.148425e+02 2.677686e+03 5.054748e+04
3.000000e-02 5.223000e-02  3.482000e-02  5.000000e-01 4.818863e-05 8.000000e-04 3.824124e-01 2.059176e+01 1.542083e+02 3.638657e+02 1.511556e+02 8.593614e+03 8.588459e+02 2.822287e+03 5.327716e+04
3.000000e-02 5.223000e-02  3.482000e-02  5.000000e-01 4.947267e-05 8.000000e-04 3.824124e-01 1.996394e+01 1.596197e+02 3.745612e+02 1.604184e+02 9.056373e+03 9.052256e+02 2.974697e+03 5.615426e+04
3.000000e-02 5.223000e-02  3.482000e-02  5.000000e-01 5.079093e-05 8.000000e-04 3.824124e-01 1.973725e+01 1.622299e+02 3.787096e+02 1.682420e+02 9.624338e+03 9.541099e+02 3.135338e+03 5.918671e+04
3.000000e-02 5.223000e-02  3.482000e-02  5.000000e-01 5.214431e-05 8.000000e-04 3.824124e-01 1.908463e+01 1.630699e+02 3.815665e+02 1.773263e+02 1.004664e+04 1.005634e+03 3.304653e+03 6.238293e+04
3.000000e-02 5.223000e-02  3.482000e-02  5.000000e-01 5.353375e-05 8.000000e-04 3.824124e-01 1.873003e+01 1.681458e+02 3.919672e+02 1.863818e+02 1.065038e+04 1.059941e+03 3.483112e+03 6.575176e+04
3.000000e-02 5.223000e-02  3.482000e-02  5.000000e-01 5.496022e-05 8.000000e-04 3.824124e-01 1.806764e+01 1.712295e+02 3.978236e+02 1.989918e+02 1.117452e+04 1.117180e+03 3.671208e+03 6.930250e+04
3.000000e-02 5.223000e-02  3.482000e-02  5.000000e-01 5.642470e-05 8.000000e-04 3.824124e-01 1.770979e+01 1.779286e+02 4.110899e+02 2.076657e+02 1.174410e+04 1.177510e+03 3.869462e+03 7.304500e+04
3.000000e-02 5.223000e-02  3.482000e-02  5.000000e-01 5.792820e-05 8.000000e-04 3.824124e-01 1.722214e+01 1.748653e+02 4.059214e+02 2.194558e+02 1.240638e+04 1.241098e+03 4.078422e+03 7.698960e+04
3.000000e-02 5.223000e-02  3.482000e-02  5.000000e-01 5.947176e-05 8.000000e-04 3.824124e-01 1.672239e+01 1.797017e+02 4.152665e+02 2.320253e+02 1.314484e+04 1.308121e+03 4.298666e+03 8.114721e+04
3.000000e-02 5.223000e-02  3.482000e-02  5.000000e-01 6.105646e-05 8.000000e-04 3.824124e-01 1.606637e+01 1.817919e+02 4.194932e+02 2.458568e+02 1.379084e+04 1.378762e+03 4.530804e+03 8.552935e+04
3.000000e-02 5.223000e-02  3.482000e-02  5.000000e-01 6.268338e-05 8.000000e-04 3.824124e-01 1.565121e+01 1.857927e+02 4.268572e+02 2.572651e+02 1.441835e+04 1.453218e+03 4.775478e+03 9.014813e+04
3.000000e-02 5.223000e-02  3.482000e-02  5.000000e-01 6.435365e-05 8.000000e-04 3.824124e-01 1.528063e+01 1.896902e+02 4.348066e+02 2.712088e+02 1.532507e+04 1.531696e+03 5.033365e+03 9.501634e+04
3.000000e-02 5.223000e-02  3.482000e-02  5.000000e-01 6.606842e-05 8.000000e-04 3.824124e-01 1.483561e+01 1.947969e+02 4.443338e+02 2.852780e+02 1.611928e+04 1.614411e+03 5.305178e+03 1.001474e+05
3.000000e-02 5.223000e-02  3.482000e-02  5.000000e-01 6.782889e-05 8.000000e-04 3.824124e-01 1.423862e+01 1.963967e+02 4.457024e+02 3.039107e+02 1.703985e+04 1.701593e+03 5.591670e+03 1.055556e+05
3.000000e-02 5.223000e-02  3.482000e-02  5.000000e-01 6.963627e-05 8.000000e-04 3.824124e-01 1.390440e+01 1.995359e+02 4.533147e+02 3.159022e+02 1.800976e+04 1.793483e+03 5.893633e+03 1.112559e+05
3.000000e-02 5.223000e-02  3.482000e-02  5.000000e-01 7.149181e-05 8.000000e-04 3.824124e-01 1.357369e+01 2.010933e+02 4.563235e+02 3.334473e+02 1.896293e+04 1.890335e+03 6.211903e+03 1.172640e+05
3.000000e-02 5.223000e-02  3.482000e-02  5.000000e-01 7.339679e-05 8.000000e-04 3.824124e-01 1.321432e+01 2.069231e+02 4.663233e+02 3.523436e+02 1.987221e+04 1.992417e+03 6.547360e+03 1.235965e+05
3.000000e-02 5.223000e-02  3.482000e-02  5.000000e-01 7.535253e-05 8.000000e-04 3.824124e-01 1.275108e+01 2.099178e+02 4.693176e+02 3.712404e+02 2.102146e+04 2.100012e+03 6.900932e+03 1.302710e+05
3.000000e-02 5.223000e-02  3.482000e-02  5.000000e-01 7.736039e-05 8.000000e-04 3.824124e-01 1.246988e+01 2.165610e+02 4.811884e+02 3.907419e+02 2.206125e+04 2.213418e+03 7.273599e+03 1.373059e+05
3.000000e-02 5.223000e-02  3.482000e-02  5.000000e-01 7.942174e-05 8.000000e-04 3.824124e-01 1.230095e+01 2.160146e+02 4.820453e+02 4.094646e+02 2.342939e+04 2.332947e+03 7.666390e+03 1.447208e+05
3.000000e-02 5.223000e-02  3.482000e-02  5.000000e-01 8.153803e-05 8.000000e-04 3.824124e-01 1.206358e+01 2.234549e+02 4.946410e+02 4.350549e+02 2.442384e+04 2.458932e+03 8.080393e+03 1.525360e+05
3.000000e-02 5.223000e-02  3.482000e-02  5.000000e-01 8.371070e-05 8.000000e-04 3.824124e-01 1.202544e+01 2.223919e+02 4.927043e+02 4.604870e+02 2.588902e+04 2.591720e+03 8.516752e+03 1.607733e+05
3.000000e-02 5.223000e-02  3.482000e-02  5.000000e-01 8.594127e-05 8.000000e-04 3.824124e-01 1.159079e+01 2.261359e+02 4.992351e+02 4.885056e+02 2.710925e+04 2.731679e+03 8.976677e+03 1.694554e+05
3.000000e-02 5.223000e-02  3.482000e-02  5.000000e-01 8.823127e-05 8.000000e-04 3.824124e-01 1.169906e+01 2.328934e+02 5.089477e+02 5.127092e+02 2.866660e+04 2.879196e+03 9.461438e+03 1.786064e+05
3.000000e-02 5.223000e-02  3.482000e-02  5.000000e-01 9.058230e-05 8.000000e-04 3.824124e-01 1.173599e+01 2.326541e+02 5.074932e+02 5.358516e+02 3.041811e+04 3.034679e+03 9.972378e+03 1.882516e+05
3.000000e-02 5.223000e-02  3.482000e-02  5.000000e-01 9.299597e-05 8.000000e-04 3.824124e-01 1.164294e+01 2.348106e+02 5.116378e+02 5.726407e+02 3.198269e+04 3.198559e+03 1.051091e+04 1.984176e+05
3.000000e-02 5.223000e-02  3.482000e-02  5.000000e-01 9.547395e-05 8.000000e-04 3.824124e-01 1.144915e+01 2.493194e+02 5.322876e+02 5.972713e+02 3.380467e+04 3.371288e+03 1.107852e+04 2.091326e+05
3.000000e-02 5.223000e-02  3.482000e-02  5.000000e-01 9.801796e-05 8.000000e-04 3.824124e-01 1.212289e+01 2.476451e+02 5.182858e+02 6.329068e+02 3.546370e+04 3.553346e+03 1.167679e+04 2.204263e+05
3.000000e-02 5.223000e-02  3.482000e-02  5.000000e-01 1.006298e-04 8.000000e-04 3.824124e-01 1.217971e+01 2.526092e+02 5.353073e+02 6.597661e+02 3.757246e+04 3.745235e+03 1.230736e+04 2.323298e+05
3.000000e-02 5.223000e-02  3.482000e-02  5.000000e-01 1.033112e-04 8.000000e-04 3.824124e-01 1.206349e+01 2.558058e+02 5.390994e+02 6.964059e+02 3.945606e+04 3.947486e+03 1.297199e+04 2.448761e+05
3.000000e-02 5.223000e-02  3.482000e-02  5.000000e-01 1.060640e-04 8.000000e-04 3.824124e-01 1.256603e+01 2.599604e+02 5.437999e+02 7.387923e+02 4.154554e+04 4.160659e+03 1.367251e+04 2.581000e+05
3.000000e-02 5.223000e-02  3.482000e-02  5.000000e-01 1.088902e-04 8.000000e-04 3.824124e-01 1.240891e+01 2.667072e+02 5.484800e+02 7.780390e+02 4.385829e+04 4.385345e+03 1.441085e+04 2.720380e+05
3.000000e-02 5.223000e-02  3.482000e-02  5.000000e-01 1.117917e-04 8.000000e-04 3.824124e-01 1.310546e+01 2.691621e+02 5.332071e+02 8.218848e+02 4.620080e+04 4.622163e+03 1.518907e+04 2.867287e+05
3.000000e-02 5.223000e-02  3.482000e-02  5.000000e-01 1.147705e-04 8.000000e-04 3.824124e-01 1.384162e+01 2.796275e+02 5.446929e+02 8.651205e+02 4.861872e+04 4.871771e+03 1.600932e+04 3.022127e+05
3.000000e-02 5.223000e-02  3.482000e-02  5.000000e-01 1.178287e-04 8.000000e-04 3.824124e-01 1.361404e+01 2.801556e+02 5.525504e+02 9.040644e+02 5.136523e+04 5.134858e+03 1.687386e+04 3.185329e+05
3.000000e-02 5.223000e-02  3.482000e-02  5.000000e-01 1.209684e-04 8.000000e-04 3.824124e-01 1.436938e+01 2.854630e+02 6.367326e+02 9.650849e+02 5.400854e+04 5.412152e+03 1.778508e+04 3.357344e+05
3.000000e-02 5.223000e-02  3.482000e-02  5.000000e-01 1.241917e-04 8.000000e-04 3.824124e-01 1.465301e+01 2.907887e+02 2.838910e+02 1.009943e+03 5.707937e+04 5.704421e+03 1.874552e+04 3.538648e+05
3.000000e-02 5.223000e-02  3.482000e-02  5.000000e-01 1.275010e-04 8.000000e-04 3.824124e-01 1.515833e+01 2.850493e+02 5.757224e+02 1.065146e+03 6.039288e+04 6.012472e+03 1.975782e+04 3.729743e+05
3.000000e-02 5.223000e-02  3.482000e-02  5.000000e-01 1.308984e-04 8.000000e-04 3.824124e-01 1.594211e+01 2.990976e+02 5.900232e+02 1.126306e+03 6.370912e+04 6.337160e+03 2.082479e+04 3.931158e+05
3.000000e-02 5.223000e-02  3.482000e-02  5.000000e-01 1.343863e-04 8.000000e-04 3.824124e-01 1.711960e+01 3.019588e+02 6.319773e+02 1.190295e+03 6.664943e+04 6.679381e+03 2.194938e+04 4.143450e+05
3.000000e-02 5.223000e-02  3.482000e-02  5.000000e-01 1.379672e-04 8.000000e-04 3.824124e-01 1.683365e+01 3.061323e+02 6.270086e+02 1.249649e+03 7.065804e+04 7.040083e+03 2.313469e+04 4.367206e+05
3.000000e-02 5.223000e-02  3.482000e-02  5.000000e-01 1.416435e-04 8.000000e-04 3.824124e-01 1.704864e+01 3.135531e+02 6.341227e+02 1.318918e+03 7.441741e+04 7.420264e+03 2.438402e+04 4.603045e+05
3.000000e-02 5.223000e-02  3.482000e-02  5.000000e-01 1.454177e-04 8.000000e-04 3.824124e-01 1.760591e+01 3.205980e+02 6.167345e+02 1.381056e+03 7.790627e+04 7.820975e+03 2.570081e+04 4.851620e+05
3.000000e-02 5.223000e-02  3.482000e-02  5.000000e-01 1.492926e-04 8.000000e-04 3.824124e-01 1.867277e+01 3.264101e+02 6.262469e+02 1.465022e+03 8.293553e+04 8.243326e+03 2.708872e+04 5.113619e+05
3.000000e-02 5.223000e-02  3.482000e-02  5.000000e-01 1.532706e-04 8.000000e-04 3.824124e-01 1.945411e+01 3.375996e+02 6.620922e+02 1.541783e+03 8.710917e+04 8.688485e+03 2.855157e+04 5.389766e+05
3.000000e-02 5.223000e-02  3.482000e-02  5.000000e-01 1.573547e-04 8.000000e-04 3.824124e-01 1.936552e+01 3.351600e+02 6.410981e+02 1.627413e+03 9.204284e+04 9.157683e+03 3.009342e+04 5.680826e+05
3.000000e-02 5.223000e-02  3.482000e-02  5.000000e-01 1.615476e-04 8.000000e-04 3.824124e-01 2.046076e+01 3.391030e+02 6.407339e+02 1.717178e+03 9.694119e+04 9.652219e+03 3.171853e+04 5.987603e+05
3.000000e-02 5.223000e-02  3.482000e-02  5.000000e-01 1.658522e-04 8.000000e-04 3.824124e-01 2.163672e+01 3.503566e+02 6.755949e+02 1.793621e+03 1.015237e+05 1.017346e+04 3.343141e+04 6.310948e+05
3.000000e-02 5.223000e-02  3.482000e-02  5.000000e-01 1.702715e-04 8.000000e-04 3.824124e-01 2.192764e+01 3.498876e+02 6.634471e+02 1.899975e+03 1.073872e+05 1.072285e+04 3.523678e+04 6.651753e+05
3.000000e-02 5.223000e-02  3.482000e-02  5.000000e-01 1.748086e-04 8.000000e-04 3.824124e-01 2.180413e+01 3.617649e+02 6.774840e+02 1.998313e+03 1.128777e+05 1.130191e+04 3.713965e+04 7.010964e+05
3.000000e-02 5.223000e-02  3.482000e-02  5.000000e-01 1.794666e-04 8.000000e-04 3.824124e-01 2.380558e+01 3.622725e+02 6.654199e+02 2.095785e+03 1.191513e+05 1.191224e+04 3.914528e+04 7.389572e+05
3.000000e-02 5.223000e-02  3.482000e-02  5.000000e-01 1.842487e-04 8.000000e-04 3.824124e-01 2.393183e+01 3.734515e+02 6.823427e+02 2.220503e+03 1.259277e+05 1.255553e+04 4.125921e+04 7.788626e+05
3.000000e-02 5.223000e-02  3.482000e-02  5.000000e-01 1.891582e-04 8.000000e-04 3.824124e-01 2.500059e+01 3.721711e+02 6.725962e+02 2.344754e+03 1.329419e+05 1.323356e+04 4.348730e+04 8.209230e+05
3.000000e-02 5.223000e-02  3.482000e-02  5.000000e-01 1.941986e-04 8.000000e-04 3.824124e-01 2.523329e+01 3.878129e+02 7.054292e+02 2.494322e+03 1.392505e+05 1.394820e+04 4.583572e+04 8.652547e+05
3.000000e-02 5.223000e-02  3.482000e-02  5.000000e-01 1.993732e-04 8.000000e-04 3.824124e-01 2.658105e+01 3.924303e+02 7.133854e+02 2.589530e+03 1.473976e+05 1.470143e+04 4.831095e+04 9.119804e+05
3.000000e-02 5.223000e-02  3.482000e-02  5.000000e-01 2.046857e-04 8.000000e-04 3.824124e-01 2.750889e+01 3.937245e+02 6.966450e+02 2.747885e+03 1.555256e+05 1.549534e+04 5.091986e+04 9.612295e+05
3.000000e-02 5.223000e-02  3.482000e-02  5.000000e-01 2.101398e-04 8.000000e-04 3.824124e-01 2.850459e+01 4.013091e+02 7.048515e+02 2.905348e+03 1.632565e+05 1.633213e+04 5.366965e+04 1.013138e+06
