1.250000e+00 2.154000e-01  1.436000e-01  5.000000e-01 2.000000e-06 8.000000e-04 1.351414e+03 3.180203e+01 2.288802e+01 6.923341e+01 1.649331e-06 1.222779e-05 3.123109e-06 3.731783e-05 2.586541e-04
1.250000e+00 2.154000e-01  1.436000e-01  5.000000e-01 2.053292e-06 8.000000e-04 1.351414e+03 3.180203e+01 2.288802e+01 6.923341e+01 1.775550e-06 1.283728e-05 3.291764e-06 3.933308e-05 2.726220e-04
1.250000e+00 2.154000e-01  1.436000e-01  5.000000e-01 2.108005e-06 8.000000e-04 1.351414e+03 3.180203e+01 2.288802e+01 6.923341e+01 1.885399e-06 1.354845e-05 3.469526e-06 4.145715e-05 2.873442e-04
1.250000e+00 2.154000e-01  1.436000e-01  5.000000e-01 2.164175e-06 8.000000e-04 1.351414e+03 3.180203e+01 2.288802e+01 6.923341e+01 1.957634e-06 1.424933e-05 3.656889e-06 4.369594e-05 3.028615e-04
1.250000e+00 2.154000e-01  1.436000e-01  5.000000e-01 2.221842e-06 8.000000e-04 1.351414e+03 3.180203e+01 2.288802e+01 6.923341e+01 2.087251e-06 1.498933e-05 3.854369e-06 4.605562e-05 3.192167e-04
1.250000e+00 2.154000e-01  1.436000e-01  5.000000e-01 2.281045e-06 8.000000e-04 1.351414e+03 3.180203e+01 2.288802e+01 6.923341e+01 2.169179e-06 1.582029e-05 4.062514e-06 4.854273e-05 3.364551e-04
1.250000e+00 2.154000e-01  1.436000e-01  5.000000e-01 2.341826e-06 8.000000e-04 1.351414e+03 3.180203e+01 2.288802e+01 6.923341e+01 2.327033e-06 1.670737e-05 4.281899e-06 5.116415e-05 3.546245e-04
1.250000e+00 2.154000e-01  1.436000e-01  5.000000e-01 2.404227e-06 8.000000e-04 1.351414e+03 3.180203e+01 2.288802e+01 6.923341e+01 2.455246e-06 1.758107e-05 4.513132e-06 5.392713e-05 3.737750e-04
1.250000e+00 2.154000e-01  1.436000e-01  5.000000e-01 2.468290e-06 8.000000e-04 1.351414e+03 3.180203e+01 2.288802e+01 6.923341e+01 2.559583e-06 1.864588e-05 4.756851e-06 5.683932e-05 3.939597e-04
1.250000e+00 2.154000e-01  1.436000e-01  5.000000e-01 2.534061e-06 8.000000e-04 1.351414e+03 3.180203e+01 2.288801e+01 6.923341e+01 2.697410e-06 1.954528e-05 5.013732e-06 5.990877e-05 4.152345e-04
1.250000e+00 2.154000e-01  1.436000e-01  5.000000e-01 2.601584e-06 8.000000e-04 1.351414e+03 3.180203e+01 2.288801e+01 6.923341e+01 2.859102e-06 2.060528e-05 5.284486e-06 6.314399e-05 4.376581e-04
1.250000e+00 2.154000e-01  1.436000e-01  5.000000e-01 2.670906e-06 8.000000e-04 1.351414e+03 3.180203e+01 2.288801e+01 6.923341e+01 2.991643e-06 2.171199e-05 5.569860e-06 6.655391e-05 4.612926e-04
1.250000e+00 2.154000e-01  1.436000e-01  5.000000e-01 2.742075e-06 8.000000e-04 1.351414e+03 3.180203e+01 2.288801e+01 6.923341e+01 3.198881e-06 2.281932e-05 5.870645e-06 7.014797e-05 4.862035e-04
1.250000e+00 2.154000e-01  1.436000e-01  5.000000e-01 2.815141e-06 8.000000e-04 1.351414e+03 3.180203e+01 2.288801e+01 6.923341e+01 3.372609e-06 2.408307e-05 6.187674e-06 7.393612e-05 5.124596e-04
1.250000e+00 2.154000e-01  1.436000e-01  5.000000e-01 2.890154e-06 8.000000e-04 1.351414e+03 3.180203e+01 2.288801e+01 6.923341e+01 3.496467e-06 2.541886e-05 6.521822e-06 7.792885e-05 5.401336e-04
1.250000e+00 2.154000e-01  1.436000e-01  5.000000e-01 2.967165e-06 8.000000e-04 1.351414e+03 3.180203e+01 2.288801e+01 6.923341e+01 3.681447e-06 2.680704e-05 6.874016e-06 8.213718e-05 5.693021e-04
1.250000e+00 2.154000e-01  1.436000e-01  5.000000e-01 3.046229e-06 8.000000e-04 1.351414e+03 3.180203e+01 2.288801e+01 6.923341e+01 3.956252e-06 2.811497e-05 7.245229e-06 8.657278e-05 6.000457e-04
1.250000e+00 2.154000e-01  1.436000e-01  5.000000e-01 3.127399e-06 8.000000e-04 1.351414e+03 3.180203e+01 2.288801e+01 6.923341e+01 4.230750e-06 2.969663e-05 7.636488e-06 9.124791e-05 6.324496e-04
1.250000e+00 2.154000e-01  1.436000e-01  5.000000e-01 3.210732e-06 8.000000e-04 1.351414e+03 3.180203e+01 2.288801e+01 6.923341e+01 4.345909e-06 3.136705e-05 8.048876e-06 9.617551e-05 6.666033e-04
1.250000e+00 2.154000e-01  1.436000e-01  5.000000e-01 3.296286e-06 8.000000e-04 1.351414e+03 3.180203e+01 2.288801e+01 6.923341e+01 4.552699e-06 3.324350e-05 8.483534e-06 1.013692e-04 7.026014e-04
1.250000e+00 2.154000e-01  1.436000e-01  5.000000e-01 3.384119e-06 8.000000e-04 1.351414e+03 3.180203e+01 2.288801e+01 6.923341e+01 4.837886e-06 3.467873e-05 8.941664e-06 1.068434e-04 7.405435e-04
1.250000e+00 2.154000e-01  1.436000e-01  5.000000e-01 3.474293e-06 8.000000e-04 1.351414e+03 3.180203e+01 2.288801e+01 6.923341e+01 5.074172e-06 3.690520e-05 9.424534e-06 1.126132e-04 7.805346e-04
1.250000e+00 2.154000e-01  1.436000e-01  5.000000e-01 3.566869e-06 8.000000e-04 1.351414e+03 3.180203e+01 2.288801e+01 6.923341e+01 5.268141e-06 3.862631e-05 9.933481e-06 1.186945e-04 8.226853e-04
1.250000e+00 2.154000e-01  1.436000e-01  5.000000e-01 3.661913e-06 8.000000e-04 1.351414e+03 3.180203e+01 2.288801e+01 6.923340e+01 5.575384e-06 4.072887e-05 1.046991e-05 1.251043e-04 8.671122e-04
1.250000e+00 2.154000e-01  1.436000e-01  5.000000e-01 3.759488e-06 8.000000e-04 1.351414e+03 3.180203e+01 2.288801e+01 6.923340e+01 6.008429e-06 4.311134e-05 1.103531e-05 1.318602e-04 9.139382e-04
1.250000e+00 2.154000e-01  1.436000e-01  5.000000e-01 3.859664e-06 8.000000e-04 1.351414e+03 3.180203e+01 2.288801e+01 6.923340e+01 6.343584e-06 4.530172e-05 1.163124e-05 1.389810e-04 9.632930e-04
1.250000e+00 2.154000e-01  1.436000e-01  5.000000e-01 3.962510e-06 8.000000e-04 1.351414e+03 3.180203e+01 2.288801e+01 6.923340e+01 6.647300e-06 4.807177e-05 1.225936e-05 1.464863e-04 1.015313e-03
1.250000e+00 2.154000e-01  1.436000e-01  5.000000e-01 4.068095e-06 8.000000e-04 1.351414e+03 3.180203e+01 2.288801e+01 6.923340e+01 7.033548e-06 5.052800e-05 1.292139e-05 1.543969e-04 1.070142e-03
1.250000e+00 2.154000e-01  1.436000e-01  5.000000e-01 4.176494e-06 8.000000e-04 1.351414e+03 3.180203e+01 2.288801e+01 6.923340e+01 7.417659e-06 5.322716e-05 1.361918e-05 1.627347e-04 1.127932e-03
1.250000e+00 2.154000e-01  1.436000e-01  5.000000e-01 4.287782e-06 8.000000e-04 1.351414e+03 3.180203e+01 2.288801e+01 6.923340e+01 7.722345e-06 5.594743e-05 1.435464e-05 1.715227e-04 1.188843e-03
1.250000e+00 2.154000e-01  1.436000e-01  5.000000e-01 4.402035e-06 8.000000e-04 1.351414e+03 3.180203e+01 2.288800e+01 6.923340e+01 8.152331e-06 5.911826e-05 1.512983e-05 1.807854e-04 1.253044e-03
1.250000e+00 2.154000e-01  1.436000e-01  5.000000e-01 4.519332e-06 8.000000e-04 1.351414e+03 3.180203e+01 2.288800e+01 6.923340e+01 8.793454e-06 6.235172e-05 1.594687e-05 1.905482e-04 1.320711e-03
1.250000e+00 2.154000e-01  1.436000e-01  5.000000e-01 4.639755e-06 8.000000e-04 1.351414e+03 3.180203e+01 2.288800e+01 6.923340e+01 8.899433e-06 6.592570e-05 1.680804e-05 2.008382e-04 1.392032e-03
1.250000e+00 2.154000e-01  1.436000e-01  5.000000e-01 4.763386e-06 8.000000e-04 1.351414e+03 3.180203e+01 2.288800e+01 6.923340e+01 9.597192e-06 6.921169e-05 1.771571e-05 2.116840e-04 1.467205e-03
1.250000e+00 2.154000e-01  1.436000e-01  5.000000e-01 4.890312e-06 8.000000e-04 1.351414e+03 3.180203e+01 2.288800e+01 6.923340e+01 9.972179e-06 7.251850e-05 1.867240e-05 2.231154e-04 1.546438e-03
1.250000e+00 2.154000e-01  1.436000e-01  5.000000e-01 5.020620e-06 8.000000e-04 1.351414e+03 3.180203e+01 2.288800e+01 6.923340e+01 1.045901e-05 7.660547e-05 1.968076e-05 2.351641e-04 1.629949e-03
1.250000e+00 2.154000e-01  1.436000e-01  5.000000e-01 5.154400e-06 8.000000e-04 1.351414e+03 3.180203e+01 2.288800e+01 6.923340e+01 1.139743e-05 8.065203e-05 2.074356e-05 2.478635e-04 1.717970e-03
1.250000e+00 2.154000e-01  1.436000e-01  5.000000e-01 5.291745e-06 8.000000e-04 1.351414e+03 3.180203e+01 2.288800e+01 6.923340e+01 1.184059e-05 8.521047e-05 2.186376e-05 2.612487e-04 1.810744e-03
1.250000e+00 2.154000e-01  1.436000e-01  5.000000e-01 5.432750e-06 8.000000e-04 1.351414e+03 3.180203e+01 2.288800e+01 6.923340e+01 1.246943e-05 8.969978e-05 2.304446e-05 2.753568e-04 1.908529e-03
1.250000e+00 2.154000e-01  1.436000e-01  5.000000e-01 5.577512e-06 8.000000e-04 1.351414e+03 3.180203e+01 2.288800e+01 6.923340e+01 1.313526e-05 9.466805e-05 2.428891e-05 2.902267e-04 2.011594e-03
1.250000e+00 2.154000e-01  1.436000e-01  5.000000e-01 5.726131e-06 8.000000e-04 1.351414e+03 3.180203e+01 2.288799e+01 6.923339e+01 1.402051e-05 9.970705e-05 2.560057e-05 3.058996e-04 2.120225e-03
1.250000e+00 2.154000e-01  1.436000e-01  5.000000e-01 5.878710e-06 8.000000e-04 1.351414e+03 3.180203e+01 2.288799e+01 6.923339e+01 1.477129e-05 1.053844e-04 2.698306e-05 3.224189e-04 2.234722e-03
1.250000e+00 2.154000e-01  1.436000e-01  5.000000e-01 6.035355e-06 8.000000e-04 1.351414e+03 3.180203e+01 2.288799e+01 6.923339e+01 1.532870e-05 1.109284e-04 2.844021e-05 3.398302e-04 2.355402e-03
1.250000e+00 2.154000e-01  1.436000e-01  5.000000e-01 6.196174e-06 8.000000e-04 1.351414e+03 3.180203e+01 2.288799e+01 6.923339e+01 1.618788e-05 1.172166e-04 2.997604e-05 3.581818e-04 2.482599e-03
1.250000e+00 2.154000e-01  1.436000e-01  5.000000e-01 6.361278e-06 8.000000e-04 1.351414e+03 3.180203e+01 2.288799e+01 6.923339e+01 1.694061e-05 1.238552e-04 3.159482e-05 3.775245e-04 2.616665e-03
1.250000e+00 2.154000e-01  1.436000e-01  5.000000e-01 6.530782e-06 8.000000e-04 1.351414e+03 3.180203e+01 2.288799e+01 6.923339e+01 1.815512e-05 1.295496e-04 3.330101e-05 3.979117e-04 2.757971e-03
1.250000e+00 2.154000e-01  1.436000e-01  5.000000e-01 6.704802e-06 8.000000e-04 1.351414e+03 3.180203e+01 2.288798e+01 6.923339e+01 1.889942e-05 1.371089e-04 3.509934e-05 4.193998e-04 2.906908e-03
1.250000e+00 2.154000e-01  1.436000e-01  5.000000e-01 6.883459e-06 8.000000e-04 1.351414e+03 3.180203e+01 2.288798e+01 6.923339e+01 2.004420e-05 1.443572e-04 3.699479e-05 4.420484e-04 3.063887e-03
1.250000e+00 2.154000e-01  1.436000e-01  5.000000e-01 7.066877e-06 8.000000e-04 1.351414e+03 3.180203e+01 2.288798e+01 6.923339e+01 2.105789e-05 1.521894e-04 3.899259e-05 4.659200e-04 3.229344e-03
1.250000e+00 2.154000e-01  1.436000e-01  5.000000e-01 7.255182e-06 8.000000e-04 1.351414e+03 3.180203e+01 2.288798e+01 6.923338e+01 2.207492e-05 1.605128e-04 4.109828e-05 4.910808e-04 3.403736e-03
1.250000e+00 2.154000e-01  1.436000e-01  5.000000e-01 7.448504e-06 8.000000e-04 1.351414e+03 3.180203e+01 2.288798e+01 6.923338e+01 2.330374e-05 1.699709e-04 4.331768e-05 5.176003e-04 3.587546e-03
1.250000e+00 2.154000e-01  1.436000e-01  5.000000e-01 7.646978e-06 8.000000e-04 1.351414e+03 3.180203e+01 2.288797e+01 6.923338e+01 2.473464e-05 1.791372e-04 4.565694e-05 5.455519e-04 3.781282e-03
1.250000e+00 2.154000e-01  1.436000e-01  5.000000e-01 7.850741e-06 8.000000e-04 1.351414e+03 3.180203e+01 2.288797e+01 6.923338e+01 2.607527e-05 1.881997e-04 4.812252e-05 5.750130e-04 3.985480e-03
1.250000e+00 2.154000e-01  1.436000e-01  5.000000e-01 8.059933e-06 8.000000e-04 1.351414e+03 3.180203e+01 2.288797e+01 6.923338e+01 2.683871e-05 1.977338e-04 5.072125e-05 6.060650e-04 4.200705e-03
1.250000e+00 2.154000e-01  1.436000e-01  5.000000e-01 8.274699e-06 8.000000e-04 1.351414e+03 3.180203e+01 2.288797e+01 6.923338e+01 2.905316e-05 2.086168e-04 5.346031e-05 6.387939e-04 4.427553e-03
1.250000e+00 2.154000e-01  1.436000e-01  5.000000e-01 8.495188e-06 8.000000e-04 1.351414e+03 3.180203e+01 2.288796e+01 6.923337e+01 3.022845e-05 2.209786e-04 5.634729e-05 6.732903e-04 4.666651e-03
1.250000e+00 2.154000e-01  1.436000e-01  5.000000e-01 8.721552e-06 8.000000e-04 1.351414e+03 3.180203e+01 2.288796e+01 6.923337e+01 3.219309e-05 2.320551e-04 5.939018e-05 7.096495e-04 4.918661e-03
1.250000e+00 2.154000e-01  1.436000e-01  5.000000e-01 8.953948e-06 8.000000e-04 1.351414e+03 3.180203e+01 2.288796e+01 6.923337e+01 3.353333e-05 2.446751e-04 6.259738e-05 7.479722e-04 5.184280e-03
1.250000e+00 2.154000e-01  1.436000e-01  5.000000e-01 9.192536e-06 8.000000e-04 1.351414e+03 3.180203e+01 2.288795e+01 6.923337e+01 3.564092e-05 2.563083e-04 6.597779e-05 7.883644e-04 5.464243e-03
1.250000e+00 2.154000e-01  1.436000e-01  5.000000e-01 9.437481e-06 8.000000e-04 1.351414e+03 3.180203e+01 2.288795e+01 6.923337e+01 3.739155e-05 2.713390e-04 6.954074e-05 8.309379e-04 5.759325e-03
1.250000e+00 2.154000e-01  1.436000e-01  5.000000e-01 9.688954e-06 8.000000e-04 1.351414e+03 3.180203e+01 2.288794e+01 6.923336e+01 3.939450e-05 2.859799e-04 7.329610e-05 8.758105e-04 6.070341e-03
1.250000e+00 2.154000e-01  1.436000e-01  5.000000e-01 9.947127e-06 8.000000e-04 1.351414e+03 3.180203e+01 2.288794e+01 6.923336e+01 4.087193e-05 3.029363e-04 7.725426e-05 9.231063e-04 6.398154e-03
1.250000e+00 2.154000e-01  1.436000e-01  5.000000e-01 1.021218e-05 8.000000e-04 1.351414e+03 3.180203e+01 2.288794e+01 6.923336e+01 4.406167e-05 3.180930e-04 8.142617e-05 9.729562e-04 6.743669e-03
1.250000e+00 2.154000e-01  1.436000e-01  5.000000e-01 1.048430e-05 8.000000e-04 1.351414e+03 3.180203e+01 2.288793e+01 6.923336e+01 4.632152e-05 3.333161e-04 8.582337e-05 1.025498e-03 7.107843e-03
1.250000e+00 2.154000e-01  1.436000e-01  5.000000e-01 1.076366e-05 8.000000e-04 1.351414e+03 3.180203e+01 2.288793e+01 6.923335e+01 4.916263e-05 3.527462e-04 9.045803e-05 1.080877e-03 7.491683e-03
1.250000e+00 2.154000e-01  1.436000e-01  5.000000e-01 1.105047e-05 8.000000e-04 1.351414e+03 3.180203e+01 2.288792e+01 6.923335e+01 5.128939e-05 3.723717e-04 9.534297e-05 1.139247e-03 7.896251e-03
1.250000e+00 2.154000e-01  1.436000e-01  5.000000e-01 1.134492e-05 8.000000e-04 1.351414e+03 3.180203e+01 2.288792e+01 6.923334e+01 5.354953e-05 3.937023e-04 1.004917e-04 1.200769e-03 8.322667e-03
1.250000e+00 2.154000e-01  1.436000e-01  5.000000e-01 1.164722e-05 8.000000e-04 1.351414e+03 3.180203e+01 2.288791e+01 6.923334e+01 5.679242e-05 4.149152e-04 1.059185e-04 1.265613e-03 8.772110e-03
1.250000e+00 2.154000e-01  1.436000e-01  5.000000e-01 1.195758e-05 8.000000e-04 1.351414e+03 3.180203e+01 2.288791e+01 6.923334e+01 6.001508e-05 4.335659e-04 1.116383e-04 1.333960e-03 9.245824e-03
1.250000e+00 2.154000e-01  1.436000e-01  5.000000e-01 1.227620e-05 8.000000e-04 1.351414e+03 3.180203e+01 2.288790e+01 6.923333e+01 6.313633e-05 4.585933e-04 1.176671e-04 1.405996e-03 9.745120e-03
1.250000e+00 2.154000e-01  1.436000e-01  5.000000e-01 1.260331e-05 8.000000e-04 1.351414e+03 3.180203e+01 2.288789e+01 6.923333e+01 6.690679e-05 4.833388e-04 1.240214e-04 1.481923e-03 1.027138e-02
1.250000e+00 2.154000e-01  1.436000e-01  5.000000e-01 1.293914e-05 8.000000e-04 1.351414e+03 3.180202e+01 2.288789e+01 6.923332e+01 7.026062e-05 5.094621e-04 1.307188e-04 1.561951e-03 1.082606e-02
1.250000e+00 2.154000e-01  1.436000e-01  5.000000e-01 1.328392e-05 8.000000e-04 1.351414e+03 3.180202e+01 2.288788e+01 6.923332e+01 7.367323e-05 5.379043e-04 1.377779e-04 1.646300e-03 1.141069e-02
1.250000e+00 2.154000e-01  1.436000e-01  5.000000e-01 1.363789e-05 8.000000e-04 1.351414e+03 3.180202e+01 2.288787e+01 6.923332e+01 7.751204e-05 5.665590e-04 1.452182e-04 1.735204e-03 1.202689e-02
