1.000000e-01 5.541000e-01  3.694000e-01  5.000000e-01 2.000000e-06 8.000000e-04 7.102540e-13 3.180198e+01 2.288496e+01 6.923158e+01 5.416075e-04 1.118644e-02 2.230608e-03 7.315847e-03 8.415485e-02
1.000000e-01 5.541000e-01  3.694000e-01  5.000000e-01 2.053292e-06 8.000000e-04 7.102540e-13 3.180198e+01 2.288473e+01 6.923147e+01 5.744083e-04 1.188083e-02 2.351066e-03 7.710919e-03 8.869941e-02
1.000000e-01 5.541000e-01  3.694000e-01  5.000000e-01 2.108005e-06 8.000000e-04 7.102540e-13 3.180198e+01 2.288455e+01 6.923135e+01 6.029565e-04 1.250700e-02 2.478029e-03 8.127327e-03 9.348938e-02
1.000000e-01 5.541000e-01  3.694000e-01  5.000000e-01 2.164175e-06 8.000000e-04 7.102540e-13 3.180197e+01 2.288440e+01 6.923123e+01 6.350068e-04 1.323798e-02 2.611848e-03 8.566221e-03 9.853802e-02
1.000000e-01 5.541000e-01  3.694000e-01  5.000000e-01 2.221842e-06 8.000000e-04 7.102540e-13 3.180197e+01 2.288415e+01 6.923107e+01 6.727100e-04 1.396118e-02 2.752894e-03 9.028817e-03 1.038593e-01
1.000000e-01 5.541000e-01  3.694000e-01  5.000000e-01 2.281045e-06 8.000000e-04 7.102540e-13 3.180197e+01 2.288397e+01 6.923100e+01 6.959049e-04 1.462200e-02 2.901557e-03 9.516394e-03 1.094679e-01
1.000000e-01 5.541000e-01  3.694000e-01  5.000000e-01 2.341826e-06 8.000000e-04 7.102540e-13 3.180196e+01 2.288378e+01 6.923089e+01 7.480311e-04 1.544584e-02 3.058248e-03 1.003030e-02 1.153795e-01
1.000000e-01 5.541000e-01  3.694000e-01  5.000000e-01 2.404227e-06 8.000000e-04 7.102540e-13 3.180196e+01 2.288353e+01 6.923074e+01 7.871843e-04 1.621499e-02 3.223400e-03 1.057196e-02 1.216102e-01
1.000000e-01 5.541000e-01  3.694000e-01  5.000000e-01 2.468290e-06 8.000000e-04 7.102540e-13 3.180196e+01 2.288334e+01 6.923069e+01 8.276114e-04 1.715274e-02 3.397471e-03 1.114287e-02 1.281775e-01
1.000000e-01 5.541000e-01  3.694000e-01  5.000000e-01 2.534061e-06 8.000000e-04 7.102540e-13 3.180195e+01 2.288310e+01 6.923055e+01 8.770210e-04 1.802592e-02 3.580942e-03 1.174461e-02 1.350993e-01
1.000000e-01 5.541000e-01  3.694000e-01  5.000000e-01 2.601584e-06 8.000000e-04 7.102540e-13 3.180195e+01 2.288280e+01 6.923029e+01 9.261769e-04 1.888057e-02 3.774322e-03 1.237885e-02 1.423950e-01
1.000000e-01 5.541000e-01  3.694000e-01  5.000000e-01 2.670906e-06 8.000000e-04 7.102540e-13 3.180194e+01 2.288252e+01 6.923019e+01 9.675221e-04 2.001411e-02 3.978144e-03 1.304733e-02 1.500847e-01
1.000000e-01 5.541000e-01  3.694000e-01  5.000000e-01 2.742075e-06 8.000000e-04 7.102540e-13 3.180194e+01 2.288230e+01 6.922994e+01 1.025363e-03 2.092804e-02 4.192973e-03 1.375192e-02 1.581896e-01
1.000000e-01 5.541000e-01  3.694000e-01  5.000000e-01 2.815141e-06 8.000000e-04 7.102540e-13 3.180193e+01 2.288187e+01 6.922976e+01 1.069613e-03 2.234433e-02 4.419403e-03 1.449456e-02 1.667322e-01
1.000000e-01 5.541000e-01  3.694000e-01  5.000000e-01 2.890154e-06 8.000000e-04 7.102540e-13 3.180193e+01 2.288156e+01 6.922957e+01 1.128221e-03 2.345007e-02 4.658061e-03 1.527730e-02 1.757361e-01
1.000000e-01 5.541000e-01  3.694000e-01  5.000000e-01 2.967165e-06 8.000000e-04 7.102540e-13 3.180192e+01 2.288125e+01 6.922940e+01 1.200653e-03 2.481612e-02 4.909607e-03 1.610230e-02 1.852263e-01
1.000000e-01 5.541000e-01  3.694000e-01  5.000000e-01 3.046229e-06 8.000000e-04 7.102540e-13 3.180192e+01 2.288079e+01 6.922914e+01 1.268248e-03 2.626901e-02 5.174737e-03 1.697187e-02 1.952289e-01
1.000000e-01 5.541000e-01  3.694000e-01  5.000000e-01 3.127399e-06 8.000000e-04 7.102540e-13 3.180191e+01 2.288043e+01 6.922889e+01 1.333331e-03 2.755505e-02 5.454185e-03 1.788839e-02 2.057717e-01
1.000000e-01 5.541000e-01  3.694000e-01  5.000000e-01 3.210732e-06 8.000000e-04 7.102540e-13 3.180191e+01 2.288006e+01 6.922872e+01 1.398146e-03 2.902534e-02 5.748723e-03 1.885440e-02 2.168839e-01
1.000000e-01 5.541000e-01  3.694000e-01  5.000000e-01 3.296286e-06 8.000000e-04 7.102540e-13 3.180190e+01 2.287965e+01 6.922845e+01 1.479597e-03 3.048045e-02 6.059168e-03 1.987258e-02 2.285961e-01
1.000000e-01 5.541000e-01  3.694000e-01  5.000000e-01 3.384119e-06 8.000000e-04 7.102540e-13 3.180189e+01 2.287927e+01 6.922821e+01 1.553085e-03 3.194331e-02 6.386377e-03 2.094575e-02 2.409408e-01
1.000000e-01 5.541000e-01  3.694000e-01  5.000000e-01 3.474293e-06 8.000000e-04 7.102540e-13 3.180188e+01 2.287870e+01 6.922789e+01 1.658454e-03 3.384775e-02 6.731256e-03 2.207687e-02 2.539522e-01
1.000000e-01 5.541000e-01  3.694000e-01  5.000000e-01 3.566869e-06 8.000000e-04 7.102540e-13 3.180188e+01 2.287811e+01 6.922750e+01 1.729446e-03 3.560452e-02 7.094759e-03 2.326907e-02 2.676662e-01
1.000000e-01 5.541000e-01  3.694000e-01  5.000000e-01 3.661913e-06 8.000000e-04 7.102540e-13 3.180187e+01 2.287778e+01 6.922728e+01 1.822878e-03 3.732024e-02 7.477893e-03 2.452565e-02 2.821208e-01
1.000000e-01 5.541000e-01  3.694000e-01  5.000000e-01 3.759488e-06 8.000000e-04 7.102540e-13 3.180186e+01 2.287708e+01 6.922696e+01 1.915162e-03 3.990683e-02 7.881716e-03 2.585009e-02 2.973560e-01
1.000000e-01 5.541000e-01  3.694000e-01  5.000000e-01 3.859664e-06 8.000000e-04 7.102540e-13 3.180185e+01 2.287654e+01 6.922670e+01 2.020104e-03 4.181149e-02 8.307347e-03 2.724606e-02 3.134139e-01
1.000000e-01 5.541000e-01  3.694000e-01  5.000000e-01 3.962510e-06 8.000000e-04 7.102540e-13 3.180184e+01 2.287596e+01 6.922630e+01 2.141909e-03 4.415288e-02 8.755963e-03 2.871741e-02 3.303390e-01
1.000000e-01 5.541000e-01  3.694000e-01  5.000000e-01 4.068095e-06 8.000000e-04 7.102540e-13 3.180183e+01 2.287544e+01 6.922587e+01 2.245366e-03 4.617230e-02 9.228805e-03 3.026821e-02 3.481780e-01
1.000000e-01 5.541000e-01  3.694000e-01  5.000000e-01 4.176494e-06 8.000000e-04 7.102540e-13 3.180181e+01 2.287452e+01 6.922541e+01 2.389243e-03 4.913179e-02 9.727182e-03 3.190277e-02 3.669804e-01
1.000000e-01 5.541000e-01  3.694000e-01  5.000000e-01 4.287782e-06 8.000000e-04 7.102540e-13 3.180180e+01 2.287406e+01 6.922501e+01 2.493797e-03 5.151905e-02 1.025247e-02 3.362559e-02 3.867982e-01
1.000000e-01 5.541000e-01  3.694000e-01  5.000000e-01 4.402035e-06 8.000000e-04 7.102540e-13 3.180179e+01 2.287282e+01 6.922440e+01 2.640922e-03 5.497494e-02 1.080613e-02 3.544145e-02 4.076862e-01
1.000000e-01 5.541000e-01  3.694000e-01  5.000000e-01 4.519332e-06 8.000000e-04 7.102540e-13 3.180178e+01 2.287207e+01 6.922403e+01 2.798582e-03 5.770035e-02 1.138969e-02 3.735537e-02 4.297022e-01
1.000000e-01 5.541000e-01  3.694000e-01  5.000000e-01 4.639755e-06 8.000000e-04 7.102540e-13 3.180176e+01 2.287130e+01 6.922350e+01 2.927977e-03 6.040147e-02 1.200475e-02 3.937265e-02 4.529071e-01
1.000000e-01 5.541000e-01  3.694000e-01  5.000000e-01 4.763386e-06 8.000000e-04 7.102540e-13 3.180175e+01 2.287066e+01 6.922324e+01 3.109487e-03 6.400228e-02 1.265304e-02 4.149886e-02 4.773652e-01
1.000000e-01 5.541000e-01  3.694000e-01  5.000000e-01 4.890312e-06 8.000000e-04 7.102540e-13 3.180173e+01 2.286932e+01 6.922219e+01 3.282492e-03 6.725872e-02 1.333633e-02 4.373990e-02 5.031440e-01
1.000000e-01 5.541000e-01  3.694000e-01  5.000000e-01 5.020620e-06 8.000000e-04 7.102540e-13 3.180172e+01 2.286851e+01 6.922179e+01 3.410721e-03 7.113720e-02 1.405653e-02 4.610195e-02 5.303149e-01
1.000000e-01 5.541000e-01  3.694000e-01  5.000000e-01 5.154400e-06 8.000000e-04 7.102540e-13 3.180171e+01 2.286741e+01 6.922116e+01 3.600556e-03 7.496709e-02 1.481561e-02 4.859156e-02 5.589532e-01
1.000000e-01 5.541000e-01  3.694000e-01  5.000000e-01 5.291745e-06 8.000000e-04 7.102540e-13 3.180169e+01 2.286656e+01 6.922070e+01 3.791153e-03 7.859239e-02 1.561569e-02 5.121562e-02 5.891379e-01
1.000000e-01 5.541000e-01  3.694000e-01  5.000000e-01 5.432750e-06 8.000000e-04 7.102540e-13 3.180166e+01 2.286492e+01 6.921960e+01 4.055144e-03 8.368014e-02 1.645897e-02 5.398138e-02 6.209527e-01
1.000000e-01 5.541000e-01  3.694000e-01  5.000000e-01 5.577512e-06 8.000000e-04 7.102540e-13 3.180165e+01 2.286407e+01 6.921912e+01 4.248284e-03 8.741839e-02 1.734779e-02 5.689650e-02 6.544856e-01
1.000000e-01 5.541000e-01  3.694000e-01  5.000000e-01 5.726131e-06 8.000000e-04 7.102540e-13 3.180163e+01 2.286270e+01 6.921839e+01 4.428304e-03 9.215596e-02 1.828461e-02 5.996904e-02 6.898294e-01
1.000000e-01 5.541000e-01  3.694000e-01  5.000000e-01 5.878710e-06 8.000000e-04 7.102540e-13 3.180161e+01 2.286162e+01 6.921769e+01 4.695305e-03 9.626024e-02 1.927203e-02 6.320751e-02 7.270817e-01
1.000000e-01 5.541000e-01  3.694000e-01  5.000000e-01 6.035355e-06 8.000000e-04 7.102540e-13 3.180160e+01 2.286009e+01 6.921690e+01 4.887950e-03 1.015406e-01 2.031276e-02 6.662086e-02 7.663458e-01
1.000000e-01 5.541000e-01  3.694000e-01  5.000000e-01 6.196174e-06 8.000000e-04 7.102540e-13 3.180156e+01 2.285828e+01 6.921555e+01 5.237593e-03 1.080534e-01 2.140970e-02 7.021854e-02 8.077303e-01
1.000000e-01 5.541000e-01  3.694000e-01  5.000000e-01 6.361278e-06 8.000000e-04 7.102540e-13 3.180154e+01 2.285693e+01 6.921486e+01 5.460223e-03 1.137664e-01 2.256587e-02 7.401051e-02 8.513496e-01
1.000000e-01 5.541000e-01  3.694000e-01  5.000000e-01 6.530782e-06 8.000000e-04 7.102540e-13 3.180151e+01 2.285472e+01 6.921378e+01 5.765762e-03 1.204530e-01 2.378448e-02 7.800725e-02 8.973244e-01
1.000000e-01 5.541000e-01  3.694000e-01  5.000000e-01 6.704802e-06 8.000000e-04 7.102540e-13 3.180148e+01 2.285331e+01 6.921238e+01 6.144465e-03 1.259064e-01 2.506889e-02 8.221982e-02 9.457820e-01
1.000000e-01 5.541000e-01  3.694000e-01  5.000000e-01 6.883459e-06 8.000000e-04 7.102540e-13 3.180145e+01 2.285186e+01 6.921181e+01 6.377549e-03 1.336236e-01 2.642267e-02 8.665988e-02 9.968564e-01
1.000000e-01 5.541000e-01  3.694000e-01  5.000000e-01 7.066877e-06 8.000000e-04 7.102540e-13 3.180141e+01 2.284979e+01 6.921064e+01 6.769884e-03 1.401455e-01 2.784956e-02 9.133971e-02 1.050689e+00
1.000000e-01 5.541000e-01  3.694000e-01  5.000000e-01 7.255182e-06 8.000000e-04 7.102540e-13 3.180138e+01 2.284760e+01 6.920940e+01 7.125499e-03 1.475081e-01 2.935350e-02 9.627227e-02 1.107429e+00
1.000000e-01 5.541000e-01  3.694000e-01  5.000000e-01 7.448504e-06 8.000000e-04 7.102540e-13 3.180134e+01 2.284479e+01 6.920726e+01 7.584597e-03 1.563776e-01 3.093865e-02 1.014712e-01 1.167232e+00
1.000000e-01 5.541000e-01  3.694000e-01  5.000000e-01 7.646978e-06 8.000000e-04 7.102540e-13 3.180131e+01 2.284278e+01 6.920616e+01 7.909189e-03 1.641368e-01 3.260941e-02 1.069509e-01 1.230266e+00
1.000000e-01 5.541000e-01  3.694000e-01  5.000000e-01 7.850741e-06 8.000000e-04 7.102540e-13 3.180127e+01 2.284035e+01 6.920569e+01 8.357584e-03 1.728983e-01 3.437040e-02 1.127265e-01 1.296703e+00
1.000000e-01 5.541000e-01  3.694000e-01  5.000000e-01 8.059933e-06 8.000000e-04 7.102540e-13 3.180124e+01 2.283845e+01 6.920446e+01 8.757444e-03 1.822637e-01 3.622648e-02 1.188140e-01 1.366728e+00
1.000000e-01 5.541000e-01  3.694000e-01  5.000000e-01 8.274699e-06 8.000000e-04 7.102540e-13 3.180117e+01 2.283583e+01 6.920293e+01 9.402460e-03 1.915088e-01 3.818279e-02 1.252302e-01 1.440534e+00
1.000000e-01 5.541000e-01  3.694000e-01  5.000000e-01 8.495188e-06 8.000000e-04 7.102540e-13 3.180115e+01 2.283217e+01 6.919931e+01 9.882114e-03 2.024593e-01 4.024475e-02 1.319929e-01 1.518326e+00
1.000000e-01 5.541000e-01  3.694000e-01  5.000000e-01 8.721552e-06 8.000000e-04 7.102540e-13 3.180109e+01 2.282910e+01 6.919865e+01 1.045655e-02 2.143063e-01 4.241806e-02 1.391208e-01 1.600319e+00
1.000000e-01 5.541000e-01  3.694000e-01  5.000000e-01 8.953948e-06 8.000000e-04 7.102540e-13 3.180105e+01 2.282637e+01 6.919770e+01 1.092926e-02 2.268227e-01 4.470873e-02 1.466337e-01 1.686740e+00
1.000000e-01 5.541000e-01  3.694000e-01  5.000000e-01 9.192536e-06 8.000000e-04 7.102540e-13 3.180099e+01 2.282262e+01 6.919491e+01 1.152167e-02 2.392481e-01 4.712311e-02 1.545522e-01 1.777828e+00
1.000000e-01 5.541000e-01  3.694000e-01  5.000000e-01 9.437481e-06 8.000000e-04 7.102540e-13 3.180095e+01 2.281867e+01 6.919181e+01 1.213573e-02 2.508753e-01 4.966787e-02 1.628984e-01 1.873835e+00
1.000000e-01 5.541000e-01  3.694000e-01  5.000000e-01 9.688954e-06 8.000000e-04 7.102540e-13 3.180090e+01 2.281552e+01 6.919032e+01 1.269676e-02 2.652413e-01 5.235004e-02 1.716953e-01 1.975027e+00
1.000000e-01 5.541000e-01  3.694000e-01  5.000000e-01 9.947127e-06 8.000000e-04 7.102540e-13 3.180083e+01 2.281243e+01 6.918904e+01 1.340040e-02 2.773538e-01 5.517707e-02 1.809672e-01 2.081683e+00
1.000000e-01 5.541000e-01  3.694000e-01  5.000000e-01 1.021218e-05 8.000000e-04 7.102540e-13 3.180073e+01 2.280792e+01 6.918622e+01 1.417516e-02 2.928936e-01 5.815676e-02 1.907399e-01 2.194098e+00
1.000000e-01 5.541000e-01  3.694000e-01  5.000000e-01 1.048430e-05 8.000000e-04 7.102540e-13 3.180068e+01 2.280421e+01 6.918309e+01 1.501126e-02 3.057687e-01 6.129736e-02 2.010403e-01 2.312585e+00
1.000000e-01 5.541000e-01  3.694000e-01  5.000000e-01 1.076366e-05 8.000000e-04 7.102540e-13 3.180061e+01 2.279956e+01 6.918203e+01 1.574107e-02 3.254695e-01 6.460756e-02 2.118969e-01 2.437469e+00
1.000000e-01 5.541000e-01  3.694000e-01  5.000000e-01 1.105047e-05 8.000000e-04 7.102540e-13 3.180049e+01 2.279285e+01 6.917705e+01 1.671558e-02 3.430437e-01 6.809651e-02 2.233398e-01 2.569098e+00
1.000000e-01 5.541000e-01  3.694000e-01  5.000000e-01 1.134492e-05 8.000000e-04 7.102540e-13 3.180044e+01 2.278801e+01 6.917434e+01 1.750877e-02 3.633739e-01 7.177388e-02 2.354007e-01 2.707836e+00
1.000000e-01 5.541000e-01  3.694000e-01  5.000000e-01 1.164722e-05 8.000000e-04 7.102540e-13 3.180036e+01 2.278309e+01 6.917071e+01 1.845069e-02 3.824241e-01 7.564984e-02 2.481129e-01 2.854065e+00
1.000000e-01 5.541000e-01  3.694000e-01  5.000000e-01 1.195758e-05 8.000000e-04 7.102540e-13 3.180029e+01 2.277738e+01 6.916842e+01 1.931691e-02 4.012200e-01 7.973510e-02 2.615116e-01 3.008191e+00
1.000000e-01 5.541000e-01  3.694000e-01  5.000000e-01 1.227620e-05 8.000000e-04 7.102540e-13 3.180016e+01 2.277160e+01 6.916440e+01 2.061377e-02 4.246769e-01 8.404098e-02 2.756338e-01 3.170641e+00
1.000000e-01 5.541000e-01  3.694000e-01  5.000000e-01 1.260331e-05 8.000000e-04 7.102540e-13 3.180010e+01 2.276685e+01 6.916209e+01 2.154071e-02 4.473560e-01 8.857939e-02 2.905187e-01 3.341862e+00
1.000000e-01 5.541000e-01  3.694000e-01  5.000000e-01 1.293914e-05 8.000000e-04 7.102540e-13 3.179996e+01 2.275992e+01 6.915759e+01 2.276354e-02 4.686537e-01 9.336288e-02 3.062073e-01 3.522331e+00
1.000000e-01 5.541000e-01  3.694000e-01  5.000000e-01 1.328392e-05 8.000000e-04 7.102540e-13 3.179985e+01 2.275169e+01 6.915309e+01 2.411519e-02 4.975561e-01 9.840469e-02 3.227432e-01 3.712545e+00
1.000000e-01 5.541000e-01  3.694000e-01  5.000000e-01 1.363789e-05 8.000000e-04 7.102540e-13 3.179977e+01 2.274491e+01 6.914777e+01 2.512101e-02 5.209139e-01 1.037188e-01 3.401721e-01 3.913031e+00
1.000000e-01 5.541000e-01  3.694000e-01  5.000000e-01 1.400128e-05 8.000000e-04 7.102540e-13 3.179963e+01 2.273666e+01 6.914535e+01 2.674624e-02 5.539633e-01 1.093198e-01 3.585422e-01 4.124343e+00
1.000000e-01 5.541000e-01  3.694000e-01  5.000000e-01 1.437436e-05 8.000000e-04 7.102540e-13 3.179954e+01 2.272854e+01 6.914081e+01 2.798423e-02 5.816287e-01 1.152234e-01 3.779043e-01 4.347068e+00
1.000000e-01 5.541000e-01  3.694000e-01  5.000000e-01 1.475738e-05 8.000000e-04 7.102540e-13 3.179938e+01 2.272235e+01 6.913589e+01 2.936320e-02 6.095697e-01 1.214457e-01 3.983120e-01 4.581819e+00
1.000000e-01 5.541000e-01  3.694000e-01  5.000000e-01 1.515061e-05 8.000000e-04 7.102540e-13 3.179921e+01 2.271123e+01 6.912713e+01 3.115871e-02 6.430032e-01 1.280040e-01 4.198218e-01 4.829248e+00
1.000000e-01 5.541000e-01  3.694000e-01  5.000000e-01 1.555432e-05 8.000000e-04 7.102540e-13 3.179898e+01 2.270003e+01 6.912301e+01 3.306285e-02 6.799749e-01 1.349165e-01 4.424931e-01 5.090039e+00
1.000000e-01 5.541000e-01  3.694000e-01  5.000000e-01 1.596878e-05 8.000000e-04 7.102540e-13 3.179889e+01 2.269171e+01 6.911614e+01 3.460410e-02 7.181021e-01 1.422023e-01 4.663888e-01 5.364912e+00
1.000000e-01 5.541000e-01  3.694000e-01  5.000000e-01 1.639429e-05 8.000000e-04 7.102540e-13 3.179874e+01 2.268355e+01 6.911204e+01 3.647634e-02 7.555120e-01 1.498816e-01 4.915748e-01 5.654630e+00
1.000000e-01 5.541000e-01  3.694000e-01  5.000000e-01 1.683113e-05 8.000000e-04 7.102540e-13 3.179863e+01 2.267099e+01 6.910584e+01 3.824836e-02 7.970785e-01 1.579756e-01 5.181210e-01 5.959993e+00
1.000000e-01 5.541000e-01  3.694000e-01  5.000000e-01 1.727962e-05 8.000000e-04 7.102540e-13 3.179832e+01 2.266112e+01 6.910101e+01 4.069537e-02 8.356450e-01 1.665066e-01 5.461008e-01 6.281847e+00
1.000000e-01 5.541000e-01  3.694000e-01  5.000000e-01 1.774005e-05 8.000000e-04 7.102540e-13 3.179811e+01 2.264526e+01 6.909115e+01 4.297394e-02 8.837084e-01 1.754983e-01 5.755915e-01 6.621081e+00
1.000000e-01 5.541000e-01  3.694000e-01  5.000000e-01 1.821276e-05 8.000000e-04 7.102540e-13 3.179798e+01 2.263563e+01 6.908620e+01 4.545601e-02 9.259281e-01 1.849757e-01 6.066747e-01 6.978634e+00
