5.000000e-01 1.061000e-01  7.073333e-02  5.000000e-01 2.000000e-06 8.000000e-04 1.192728e+03 3.180203e+01 2.288795e+01 6.923337e+01 5.641944e-05 2.601745e-04 8.752411e-05 1.192252e-03 7.141769e-03
5.000000e-01 1.061000e-01  7.073333e-02  5.000000e-01 2.053292e-06 8.000000e-04 1.192728e+03 3.180203e+01 2.288795e+01 6.923336e+01 5.953392e-05 2.745991e-04 9.225061e-05 1.256636e-03 7.527441e-03
5.000000e-01 1.061000e-01  7.073333e-02  5.000000e-01 2.108005e-06 8.000000e-04 1.192728e+03 3.180203e+01 2.288795e+01 6.923336e+01 6.135775e-05 2.900350e-04 9.723236e-05 1.324497e-03 7.933941e-03
5.000000e-01 1.061000e-01  7.073333e-02  5.000000e-01 2.164175e-06 8.000000e-04 1.192728e+03 3.180203e+01 2.288794e+01 6.923336e+01 6.594802e-05 3.061900e-04 1.024831e-04 1.396023e-03 8.362392e-03
5.000000e-01 1.061000e-01  7.073333e-02  5.000000e-01 2.221842e-06 8.000000e-04 1.192728e+03 3.180202e+01 2.288794e+01 6.923336e+01 6.798012e-05 3.213720e-04 1.080175e-04 1.471412e-03 8.813980e-03
5.000000e-01 1.061000e-01  7.073333e-02  5.000000e-01 2.281045e-06 8.000000e-04 1.192728e+03 3.180202e+01 2.288793e+01 6.923335e+01 7.319738e-05 3.399641e-04 1.138506e-04 1.550871e-03 9.289955e-03
5.000000e-01 1.061000e-01  7.073333e-02  5.000000e-01 2.341826e-06 8.000000e-04 1.192728e+03 3.180202e+01 2.288793e+01 6.923335e+01 7.616956e-05 3.588248e-04 1.199988e-04 1.634622e-03 9.791634e-03
5.000000e-01 1.061000e-01  7.073333e-02  5.000000e-01 2.404227e-06 8.000000e-04 1.192728e+03 3.180202e+01 2.288793e+01 6.923335e+01 8.124300e-05 3.760904e-04 1.264791e-04 1.722895e-03 1.032041e-02
5.000000e-01 1.061000e-01  7.073333e-02  5.000000e-01 2.468290e-06 8.000000e-04 1.192728e+03 3.180202e+01 2.288792e+01 6.923334e+01 8.549704e-05 3.968629e-04 1.333092e-04 1.815935e-03 1.087773e-02
5.000000e-01 1.061000e-01  7.073333e-02  5.000000e-01 2.534061e-06 8.000000e-04 1.192728e+03 3.180202e+01 2.288791e+01 6.923334e+01 8.947438e-05 4.206632e-04 1.405082e-04 1.914000e-03 1.146515e-02
5.000000e-01 1.061000e-01  7.073333e-02  5.000000e-01 2.601584e-06 8.000000e-04 1.192728e+03 3.180202e+01 2.288791e+01 6.923334e+01 9.383481e-05 4.421739e-04 1.480960e-04 2.017361e-03 1.208430e-02
5.000000e-01 1.061000e-01  7.073333e-02  5.000000e-01 2.670906e-06 8.000000e-04 1.192728e+03 3.180202e+01 2.288790e+01 6.923333e+01 1.006938e-04 4.677750e-04 1.560935e-04 2.126303e-03 1.273688e-02
5.000000e-01 1.061000e-01  7.073333e-02  5.000000e-01 2.742075e-06 8.000000e-04 1.192728e+03 3.180202e+01 2.288790e+01 6.923333e+01 1.037499e-04 4.874376e-04 1.645229e-04 2.241128e-03 1.342470e-02
5.000000e-01 1.061000e-01  7.073333e-02  5.000000e-01 2.815141e-06 8.000000e-04 1.192728e+03 3.180202e+01 2.288789e+01 6.923332e+01 1.088602e-04 5.179192e-04 1.734076e-04 2.362154e-03 1.414966e-02
5.000000e-01 1.061000e-01  7.073333e-02  5.000000e-01 2.890154e-06 8.000000e-04 1.192728e+03 3.180202e+01 2.288788e+01 6.923332e+01 1.159203e-04 5.463809e-04 1.827720e-04 2.489716e-03 1.491378e-02
5.000000e-01 1.061000e-01  7.073333e-02  5.000000e-01 2.967165e-06 8.000000e-04 1.192728e+03 3.180202e+01 2.288788e+01 6.923331e+01 1.240810e-04 5.753106e-04 1.926421e-04 2.624166e-03 1.571916e-02
5.000000e-01 1.061000e-01  7.073333e-02  5.000000e-01 3.046229e-06 8.000000e-04 1.192728e+03 3.180202e+01 2.288787e+01 6.923331e+01 1.293039e-04 6.043234e-04 2.030452e-04 2.765877e-03 1.656803e-02
5.000000e-01 1.061000e-01  7.073333e-02  5.000000e-01 3.127399e-06 8.000000e-04 1.192728e+03 3.180202e+01 2.288786e+01 6.923330e+01 1.345490e-04 6.371945e-04 2.140101e-04 2.915241e-03 1.746274e-02
5.000000e-01 1.061000e-01  7.073333e-02  5.000000e-01 3.210732e-06 8.000000e-04 1.192728e+03 3.180202e+01 2.288785e+01 6.923330e+01 1.440839e-04 6.753710e-04 2.255671e-04 3.072671e-03 1.840577e-02
5.000000e-01 1.061000e-01  7.073333e-02  5.000000e-01 3.296286e-06 8.000000e-04 1.192728e+03 3.180202e+01 2.288784e+01 6.923329e+01 1.499422e-04 7.070847e-04 2.377483e-04 3.238602e-03 1.939972e-02
5.000000e-01 1.061000e-01  7.073333e-02  5.000000e-01 3.384119e-06 8.000000e-04 1.192728e+03 3.180202e+01 2.288783e+01 6.923328e+01 1.599924e-04 7.459696e-04 2.505872e-04 3.413494e-03 2.044735e-02
5.000000e-01 1.061000e-01  7.073333e-02  5.000000e-01 3.474293e-06 8.000000e-04 1.192728e+03 3.180202e+01 2.288782e+01 6.923328e+01 1.680703e-04 7.878478e-04 2.641195e-04 3.597831e-03 2.155156e-02
5.000000e-01 1.061000e-01  7.073333e-02  5.000000e-01 3.566869e-06 8.000000e-04 1.192728e+03 3.180202e+01 2.288781e+01 6.923327e+01 1.785606e-04 8.345481e-04 2.783826e-04 3.792122e-03 2.271539e-02
5.000000e-01 1.061000e-01  7.073333e-02  5.000000e-01 3.661913e-06 8.000000e-04 1.192728e+03 3.180201e+01 2.288780e+01 6.923326e+01 1.877589e-04 8.704304e-04 2.934159e-04 3.996905e-03 2.394207e-02
5.000000e-01 1.061000e-01  7.073333e-02  5.000000e-01 3.759488e-06 8.000000e-04 1.192728e+03 3.180201e+01 2.288779e+01 6.923325e+01 1.973262e-04 9.210332e-04 3.092610e-04 4.212747e-03 2.523500e-02
5.000000e-01 1.061000e-01  7.073333e-02  5.000000e-01 3.859664e-06 8.000000e-04 1.192728e+03 3.180201e+01 2.288778e+01 6.923324e+01 2.078185e-04 9.753699e-04 3.259618e-04 4.440246e-03 2.659775e-02
5.000000e-01 1.061000e-01  7.073333e-02  5.000000e-01 3.962510e-06 8.000000e-04 1.192728e+03 3.180201e+01 2.288776e+01 6.923323e+01 2.178004e-04 1.025529e-03 3.435645e-04 4.680029e-03 2.803409e-02
5.000000e-01 1.061000e-01  7.073333e-02  5.000000e-01 4.068095e-06 8.000000e-04 1.192728e+03 3.180201e+01 2.288775e+01 6.923323e+01 2.288429e-04 1.080452e-03 3.621178e-04 4.932761e-03 2.954800e-02
5.000000e-01 1.061000e-01  7.073333e-02  5.000000e-01 4.176494e-06 8.000000e-04 1.192728e+03 3.180201e+01 2.288773e+01 6.923321e+01 2.439113e-04 1.132209e-03 3.816730e-04 5.199142e-03 3.114366e-02
5.000000e-01 1.061000e-01  7.073333e-02  5.000000e-01 4.287782e-06 8.000000e-04 1.192728e+03 3.180201e+01 2.288772e+01 6.923321e+01 2.531817e-04 1.203215e-03 4.022842e-04 5.479908e-03 3.282548e-02
5.000000e-01 1.061000e-01  7.073333e-02  5.000000e-01 4.402035e-06 8.000000e-04 1.192728e+03 3.180201e+01 2.288770e+01 6.923320e+01 2.682386e-04 1.263474e-03 4.240085e-04 5.775835e-03 3.459814e-02
5.000000e-01 1.061000e-01  7.073333e-02  5.000000e-01 4.519332e-06 8.000000e-04 1.192728e+03 3.180201e+01 2.288769e+01 6.923318e+01 2.815949e-04 1.328859e-03 4.469060e-04 6.087744e-03 3.646652e-02
5.000000e-01 1.061000e-01  7.073333e-02  5.000000e-01 4.639755e-06 8.000000e-04 1.192728e+03 3.180200e+01 2.288767e+01 6.923317e+01 2.993885e-04 1.404548e-03 4.710399e-04 6.416496e-03 3.843579e-02
5.000000e-01 1.061000e-01  7.073333e-02  5.000000e-01 4.763386e-06 8.000000e-04 1.192728e+03 3.180200e+01 2.288765e+01 6.923316e+01 3.186643e-04 1.477187e-03 4.964772e-04 6.763002e-03 4.051141e-02
5.000000e-01 1.061000e-01  7.073333e-02  5.000000e-01 4.890312e-06 8.000000e-04 1.192728e+03 3.180200e+01 2.288763e+01 6.923314e+01 3.355126e-04 1.561013e-03 5.232881e-04 7.128219e-03 4.269912e-02
5.000000e-01 1.061000e-01  7.073333e-02  5.000000e-01 5.020620e-06 8.000000e-04 1.192728e+03 3.180200e+01 2.288761e+01 6.923313e+01 3.519105e-04 1.639276e-03 5.515468e-04 7.513160e-03 4.500497e-02
5.000000e-01 1.061000e-01  7.073333e-02  5.000000e-01 5.154400e-06 8.000000e-04 1.192728e+03 3.180200e+01 2.288758e+01 6.923311e+01 3.630428e-04 1.728499e-03 5.813316e-04 7.918888e-03 4.743535e-02
5.000000e-01 1.061000e-01  7.073333e-02  5.000000e-01 5.291745e-06 8.000000e-04 1.192728e+03 3.180200e+01 2.288756e+01 6.923310e+01 3.911120e-04 1.842646e-03 6.127249e-04 8.346526e-03 4.999697e-02
5.000000e-01 1.061000e-01  7.073333e-02  5.000000e-01 5.432750e-06 8.000000e-04 1.192728e+03 3.180199e+01 2.288754e+01 6.923308e+01 4.087159e-04 1.932567e-03 6.458134e-04 8.797258e-03 5.269692e-02
5.000000e-01 1.061000e-01  7.073333e-02  5.000000e-01 5.577512e-06 8.000000e-04 1.192728e+03 3.180199e+01 2.288751e+01 6.923306e+01 4.274136e-04 2.023654e-03 6.806889e-04 9.272330e-03 5.554267e-02
5.000000e-01 1.061000e-01  7.073333e-02  5.000000e-01 5.726131e-06 8.000000e-04 1.192728e+03 3.180199e+01 2.288748e+01 6.923304e+01 4.583953e-04 2.138670e-03 7.174476e-04 9.773057e-03 5.854211e-02
5.000000e-01 1.061000e-01  7.073333e-02  5.000000e-01 5.878710e-06 8.000000e-04 1.192728e+03 3.180199e+01 2.288745e+01 6.923302e+01 4.773183e-04 2.261558e-03 7.561915e-04 1.030082e-02 6.170351e-02
5.000000e-01 1.061000e-01  7.073333e-02  5.000000e-01 6.035355e-06 8.000000e-04 1.192728e+03 3.180199e+01 2.288742e+01 6.923300e+01 5.021456e-04 2.384945e-03 7.970276e-04 1.085709e-02 6.503565e-02
5.000000e-01 1.061000e-01  7.073333e-02  5.000000e-01 6.196174e-06 8.000000e-04 1.192728e+03 3.180198e+01 2.288739e+01 6.923298e+01 5.352345e-04 2.505571e-03 8.400689e-04 1.144340e-02 6.854772e-02
5.000000e-01 1.061000e-01  7.073333e-02  5.000000e-01 6.361278e-06 8.000000e-04 1.192728e+03 3.180198e+01 2.288736e+01 6.923296e+01 5.668804e-04 2.633704e-03 8.854345e-04 1.206137e-02 7.224946e-02
5.000000e-01 1.061000e-01  7.073333e-02  5.000000e-01 6.530782e-06 8.000000e-04 1.192728e+03 3.180198e+01 2.288732e+01 6.923293e+01 5.989129e-04 2.788295e-03 9.332501e-04 1.271271e-02 7.615110e-02
5.000000e-01 1.061000e-01  7.073333e-02  5.000000e-01 6.704802e-06 8.000000e-04 1.192728e+03 3.180197e+01 2.288728e+01 6.923291e+01 6.311587e-04 2.919024e-03 9.836477e-04 1.339923e-02 8.026343e-02
5.000000e-01 1.061000e-01  7.073333e-02  5.000000e-01 6.883459e-06 8.000000e-04 1.192728e+03 3.180197e+01 2.288724e+01 6.923288e+01 6.658548e-04 3.090254e-03 1.036767e-03 1.412282e-02 8.459784e-02
5.000000e-01 1.061000e-01  7.073333e-02  5.000000e-01 7.066877e-06 8.000000e-04 1.192728e+03 3.180197e+01 2.288720e+01 6.923285e+01 6.804510e-04 3.254973e-03 1.092755e-03 1.488548e-02 8.916632e-02
5.000000e-01 1.061000e-01  7.073333e-02  5.000000e-01 7.255182e-06 8.000000e-04 1.192728e+03 3.180197e+01 2.288715e+01 6.923282e+01 7.342439e-04 3.437361e-03 1.151766e-03 1.568933e-02 9.398151e-02
5.000000e-01 1.061000e-01  7.073333e-02  5.000000e-01 7.448504e-06 8.000000e-04 1.192728e+03 3.180196e+01 2.288711e+01 6.923279e+01 7.785242e-04 3.620801e-03 1.213964e-03 1.653659e-02 9.905673e-02
5.000000e-01 1.061000e-01  7.073333e-02  5.000000e-01 7.646978e-06 8.000000e-04 1.192728e+03 3.180196e+01 2.288706e+01 6.923276e+01 8.133105e-04 3.822425e-03 1.279521e-03 1.742961e-02 1.044060e-01
5.000000e-01 1.061000e-01  7.073333e-02  5.000000e-01 7.850741e-06 8.000000e-04 1.192728e+03 3.180195e+01 2.288700e+01 6.923272e+01 8.586817e-04 4.027325e-03 1.348618e-03 1.837085e-02 1.100442e-01
5.000000e-01 1.061000e-01  7.073333e-02  5.000000e-01 8.059933e-06 8.000000e-04 1.192728e+03 3.180195e+01 2.288696e+01 6.923269e+01 9.030802e-04 4.231753e-03 1.421447e-03 1.936292e-02 1.159868e-01
5.000000e-01 1.061000e-01  7.073333e-02  5.000000e-01 8.274699e-06 8.000000e-04 1.192728e+03 3.180195e+01 2.288689e+01 6.923264e+01 9.586930e-04 4.467781e-03 1.498208e-03 2.040856e-02 1.222504e-01
5.000000e-01 1.061000e-01  7.073333e-02  5.000000e-01 8.495188e-06 8.000000e-04 1.192728e+03 3.180194e+01 2.288683e+01 6.923261e+01 1.002406e-03 4.726967e-03 1.579115e-03 2.151067e-02 1.288522e-01
5.000000e-01 1.061000e-01  7.073333e-02  5.000000e-01 8.721552e-06 8.000000e-04 1.192728e+03 3.180194e+01 2.288678e+01 6.923257e+01 1.054636e-03 4.951109e-03 1.664390e-03 2.267229e-02 1.358105e-01
5.000000e-01 1.061000e-01  7.073333e-02  5.000000e-01 8.953948e-06 8.000000e-04 1.192728e+03 3.180193e+01 2.288670e+01 6.923251e+01 1.116430e-03 5.251965e-03 1.754271e-03 2.389665e-02 1.431446e-01
5.000000e-01 1.061000e-01  7.073333e-02  5.000000e-01 9.192536e-06 8.000000e-04 1.192728e+03 3.180193e+01 2.288664e+01 6.923247e+01 1.176712e-03 5.498952e-03 1.849006e-03 2.518712e-02 1.508747e-01
5.000000e-01 1.061000e-01  7.073333e-02  5.000000e-01 9.437481e-06 8.000000e-04 1.192728e+03 3.180192e+01 2.288656e+01 6.923243e+01 1.239941e-03 5.796886e-03 1.948857e-03 2.654729e-02 1.590223e-01
5.000000e-01 1.061000e-01  7.073333e-02  5.000000e-01 9.688954e-06 8.000000e-04 1.192728e+03 3.180191e+01 2.288648e+01 6.923236e+01 1.316067e-03 6.105972e-03 2.054099e-03 2.798090e-02 1.676099e-01
5.000000e-01 1.061000e-01  7.073333e-02  5.000000e-01 9.947127e-06 8.000000e-04 1.192728e+03 3.180191e+01 2.288641e+01 6.923233e+01 1.374173e-03 6.419258e-03 2.165026e-03 2.949193e-02 1.766612e-01
5.000000e-01 1.061000e-01  7.073333e-02  5.000000e-01 1.021218e-05 8.000000e-04 1.192728e+03 3.180190e+01 2.288631e+01 6.923225e+01 1.443515e-03 6.788018e-03 2.281942e-03 3.108457e-02 1.862013e-01
5.000000e-01 1.061000e-01  7.073333e-02  5.000000e-01 1.048430e-05 8.000000e-04 1.192728e+03 3.180190e+01 2.288620e+01 6.923219e+01 1.510814e-03 7.191276e-03 2.405172e-03 3.276321e-02 1.962566e-01
5.000000e-01 1.061000e-01  7.073333e-02  5.000000e-01 1.076366e-05 8.000000e-04 1.192728e+03 3.180188e+01 2.288611e+01 6.923211e+01 1.612406e-03 7.559171e-03 2.535057e-03 3.453249e-02 2.068549e-01
5.000000e-01 1.061000e-01  7.073333e-02  5.000000e-01 1.105047e-05 8.000000e-04 1.192728e+03 3.180188e+01 2.288601e+01 6.923205e+01 1.702675e-03 8.010269e-03 2.671956e-03 3.639733e-02 2.180256e-01
5.000000e-01 1.061000e-01  7.073333e-02  5.000000e-01 1.134492e-05 8.000000e-04 1.192728e+03 3.180187e+01 2.288591e+01 6.923197e+01 1.775903e-03 8.395745e-03 2.816248e-03 3.836287e-02 2.297994e-01
5.000000e-01 1.061000e-01  7.073333e-02  5.000000e-01 1.164722e-05 8.000000e-04 1.192728e+03 3.180186e+01 2.288579e+01 6.923190e+01 1.887496e-03 8.818859e-03 2.968332e-03 4.043455e-02 2.422091e-01
5.000000e-01 1.061000e-01  7.073333e-02  5.000000e-01 1.195758e-05 8.000000e-04 1.192728e+03 3.180185e+01 2.288568e+01 6.923180e+01 2.011116e-03 9.312545e-03 3.128628e-03 4.261811e-02 2.552890e-01
5.000000e-01 1.061000e-01  7.073333e-02  5.000000e-01 1.227620e-05 8.000000e-04 1.192728e+03 3.180184e+01 2.288556e+01 6.923174e+01 2.077857e-03 9.810595e-03 3.297582e-03 4.491959e-02 2.690752e-01
5.000000e-01 1.061000e-01  7.073333e-02  5.000000e-01 1.260331e-05 8.000000e-04 1.192728e+03 3.180183e+01 2.288542e+01 6.923163e+01 2.199146e-03 1.037023e-02 3.475659e-03 4.734535e-02 2.836059e-01
5.000000e-01 1.061000e-01  7.073333e-02  5.000000e-01 1.293914e-05 8.000000e-04 1.192728e+03 3.180182e+01 2.288529e+01 6.923155e+01 2.305353e-03 1.089780e-02 3.663352e-03 4.990211e-02 2.989213e-01
5.000000e-01 1.061000e-01  7.073333e-02  5.000000e-01 1.328392e-05 8.000000e-04 1.192728e+03 3.180181e+01 2.288513e+01 6.923145e+01 2.448322e-03 1.150517e-02 3.861182e-03 5.259694e-02 3.150637e-01
5.000000e-01 1.061000e-01  7.073333e-02  5.000000e-01 1.363789e-05 8.000000e-04 1.192728e+03 3.180180e+01 2.288494e+01 6.923132e+01 2.592832e-03 1.217654e-02 4.069694e-03 5.543729e-02 3.320779e-01
5.000000e-01 1.061000e-01  7.073333e-02  5.000000e-01 1.400128e-05 8.000000e-04 1.192728e+03 3.180178e+01 2.288480e+01 6.923123e+01 2.735688e-03 1.281106e-02 4.289467e-03 5.843104e-02 3.500108e-01
5.000000e-01 1.061000e-01  7.073333e-02  5.000000e-01 1.437436e-05 8.000000e-04 1.192728e+03 3.180178e+01 2.288461e+01 6.923111e+01 2.857843e-03 1.350073e-02 4.521108e-03 6.158645e-02 3.689122e-01
5.000000e-01 1.061000e-01  7.073333e-02  5.000000e-01 1.475738e-05 8.000000e-04 1.192728e+03 3.180175e+01 2.288446e+01 6.923098e+01 3.043912e-03 1.421078e-02 4.765259e-03 6.491226e-02 3.888343e-01
5.000000e-01 1.061000e-01  7.073333e-02  5.000000e-01 1.515061e-05 8.000000e-04 1.192728e+03 3.180175e+01 2.288426e+01 6.923085e+01 3.155212e-03 1.497958e-02 5.022594e-03 6.841767e-02 4.098323e-01
5.000000e-01 1.061000e-01  7.073333e-02  5.000000e-01 1.555432e-05 8.000000e-04 1.192728e+03 3.180173e+01 2.288404e+01 6.923070e+01 3.380567e-03 1.578712e-02 5.293825e-03 7.211238e-02 4.319642e-01
5.000000e-01 1.061000e-01  7.073333e-02  5.000000e-01 1.596878e-05 8.000000e-04 1.192728e+03 3.180171e+01 2.288383e+01 6.923054e+01 3.558060e-03 1.666895e-02 5.579704e-03 7.600662e-02 4.552912e-01
5.000000e-01 1.061000e-01  7.073333e-02  5.000000e-01 1.639429e-05 8.000000e-04 1.192728e+03 3.180169e+01 2.288359e+01 6.923039e+01 3.783761e-03 1.753734e-02 5.881021e-03 8.011115e-02 4.798780e-01
5.000000e-01 1.061000e-01  7.073333e-02  5.000000e-01 1.683113e-05 8.000000e-04 1.192728e+03 3.180169e+01 2.288336e+01 6.923025e+01 3.940282e-03 1.849331e-02 6.198610e-03 8.443734e-02 5.057926e-01
