1.000000e-01 1.425000e-02  9.500000e-03  5.000000e-01 2.000000e-06 8.000000e-04 4.784289e+04 3.180202e+01 2.288798e+01 6.923337e+01 1.260840e-04 1.623444e-04 1.536256e-04 2.770987e-03 9.687582e-03
1.000000e-01 1.425000e-02  9.500000e-03  5.000000e-01 2.053292e-06 8.000000e-04 4.784289e+04 3.180202e+01 2.288798e+01 6.923337e+01 1.372990e-04 1.710068e-04 1.619218e-04 2.920626e-03 1.021073e-02
1.000000e-01 1.425000e-02  9.500000e-03  5.000000e-01 2.108005e-06 8.000000e-04 4.784289e+04 3.180202e+01 2.288798e+01 6.923337e+01 1.427312e-04 1.803756e-04 1.706659e-04 3.078347e-03 1.076214e-02
1.000000e-01 1.425000e-02  9.500000e-03  5.000000e-01 2.164175e-06 8.000000e-04 4.784289e+04 3.180202e+01 2.288797e+01 6.923337e+01 1.498933e-04 1.886862e-04 1.798823e-04 3.244585e-03 1.134332e-02
1.000000e-01 1.425000e-02  9.500000e-03  5.000000e-01 2.221842e-06 8.000000e-04 4.784289e+04 3.180202e+01 2.288797e+01 6.923336e+01 1.599845e-04 1.994340e-04 1.895963e-04 3.419800e-03 1.195588e-02
1.000000e-01 1.425000e-02  9.500000e-03  5.000000e-01 2.281045e-06 8.000000e-04 4.784289e+04 3.180202e+01 2.288797e+01 6.923336e+01 1.709245e-04 2.109991e-04 1.998349e-04 3.604477e-03 1.260153e-02
1.000000e-01 1.425000e-02  9.500000e-03  5.000000e-01 2.341826e-06 8.000000e-04 4.784289e+04 3.180202e+01 2.288797e+01 6.923336e+01 1.748918e-04 2.220698e-04 2.106265e-04 3.799127e-03 1.328204e-02
1.000000e-01 1.425000e-02  9.500000e-03  5.000000e-01 2.404227e-06 8.000000e-04 4.784289e+04 3.180201e+01 2.288796e+01 6.923335e+01 1.839084e-04 2.337269e-04 2.220008e-04 4.004289e-03 1.399930e-02
1.000000e-01 1.425000e-02  9.500000e-03  5.000000e-01 2.468290e-06 8.000000e-04 4.784289e+04 3.180201e+01 2.288796e+01 6.923335e+01 1.928089e-04 2.463567e-04 2.339894e-04 4.220529e-03 1.475529e-02
1.000000e-01 1.425000e-02  9.500000e-03  5.000000e-01 2.534061e-06 8.000000e-04 4.784289e+04 3.180201e+01 2.288796e+01 6.923335e+01 2.027581e-04 2.588715e-04 2.466253e-04 4.448448e-03 1.555211e-02
1.000000e-01 1.425000e-02  9.500000e-03  5.000000e-01 2.601584e-06 8.000000e-04 4.784289e+04 3.180201e+01 2.288795e+01 6.923335e+01 2.162901e-04 2.742470e-04 2.599437e-04 4.688674e-03 1.639196e-02
1.000000e-01 1.425000e-02  9.500000e-03  5.000000e-01 2.670906e-06 8.000000e-04 4.784289e+04 3.180201e+01 2.288795e+01 6.923334e+01 2.297167e-04 2.916256e-04 2.739812e-04 4.941874e-03 1.727717e-02
1.000000e-01 1.425000e-02  9.500000e-03  5.000000e-01 2.742075e-06 8.000000e-04 4.784289e+04 3.180201e+01 2.288795e+01 6.923334e+01 2.502451e-04 3.067588e-04 2.887769e-04 5.208746e-03 1.821018e-02
1.000000e-01 1.425000e-02  9.500000e-03  5.000000e-01 2.815141e-06 8.000000e-04 4.784289e+04 3.180201e+01 2.288794e+01 6.923333e+01 2.568634e-04 3.212516e-04 3.043715e-04 5.490030e-03 1.919357e-02
1.000000e-01 1.425000e-02  9.500000e-03  5.000000e-01 2.890154e-06 8.000000e-04 4.784289e+04 3.180201e+01 2.288794e+01 6.923333e+01 2.738420e-04 3.375591e-04 3.208082e-04 5.786505e-03 2.023006e-02
1.000000e-01 1.425000e-02  9.500000e-03  5.000000e-01 2.967165e-06 8.000000e-04 4.784289e+04 3.180201e+01 2.288793e+01 6.923333e+01 2.823499e-04 3.578182e-04 3.381326e-04 6.098989e-03 2.132253e-02
1.000000e-01 1.425000e-02  9.500000e-03  5.000000e-01 3.046229e-06 8.000000e-04 4.784289e+04 3.180200e+01 2.288793e+01 6.923332e+01 3.052842e-04 3.775281e-04 3.563926e-04 6.428349e-03 2.247400e-02
1.000000e-01 1.425000e-02  9.500000e-03  5.000000e-01 3.127399e-06 8.000000e-04 4.784289e+04 3.180200e+01 2.288792e+01 6.923332e+01 3.097975e-04 3.955118e-04 3.756386e-04 6.775495e-03 2.368765e-02
1.000000e-01 1.425000e-02  9.500000e-03  5.000000e-01 3.210732e-06 8.000000e-04 4.784289e+04 3.180200e+01 2.288792e+01 6.923331e+01 3.361211e-04 4.174592e-04 3.959239e-04 7.141387e-03 2.496684e-02
1.000000e-01 1.425000e-02  9.500000e-03  5.000000e-01 3.296286e-06 8.000000e-04 4.784289e+04 3.180200e+01 2.288791e+01 6.923330e+01 3.561458e-04 4.403323e-04 4.173048e-04 7.527038e-03 2.631510e-02
1.000000e-01 1.425000e-02  9.500000e-03  5.000000e-01 3.384119e-06 8.000000e-04 4.784289e+04 3.180200e+01 2.288791e+01 6.923330e+01 3.693027e-04 4.640222e-04 4.398402e-04 7.933516e-03 2.773618e-02
1.000000e-01 1.425000e-02  9.500000e-03  5.000000e-01 3.474293e-06 8.000000e-04 4.784289e+04 3.180200e+01 2.288790e+01 6.923329e+01 3.886857e-04 4.875175e-04 4.635926e-04 8.361944e-03 2.923400e-02
1.000000e-01 1.425000e-02  9.500000e-03  5.000000e-01 3.566869e-06 8.000000e-04 4.784289e+04 3.180199e+01 2.288790e+01 6.923328e+01 4.125561e-04 5.147178e-04 4.886276e-04 8.813508e-03 3.081270e-02
1.000000e-01 1.425000e-02  9.500000e-03  5.000000e-01 3.661913e-06 8.000000e-04 4.784289e+04 3.180199e+01 2.288789e+01 6.923328e+01 4.208488e-04 5.440498e-04 5.150146e-04 9.289458e-03 3.247666e-02
1.000000e-01 1.425000e-02  9.500000e-03  5.000000e-01 3.759488e-06 8.000000e-04 4.784289e+04 3.180199e+01 2.288788e+01 6.923327e+01 4.544154e-04 5.718653e-04 5.428266e-04 9.791110e-03 3.423047e-02
1.000000e-01 1.425000e-02  9.500000e-03  5.000000e-01 3.859664e-06 8.000000e-04 4.784289e+04 3.180199e+01 2.288787e+01 6.923326e+01 4.844233e-04 6.026651e-04 5.721405e-04 1.031985e-02 3.607900e-02
1.000000e-01 1.425000e-02  9.500000e-03  5.000000e-01 3.962510e-06 8.000000e-04 4.784289e+04 3.180199e+01 2.288787e+01 6.923326e+01 5.186315e-04 6.336894e-04 6.030374e-04 1.087715e-02 3.802735e-02
1.000000e-01 1.425000e-02  9.500000e-03  5.000000e-01 4.068095e-06 8.000000e-04 4.784289e+04 3.180198e+01 2.288786e+01 6.923325e+01 5.277311e-04 6.679635e-04 6.356028e-04 1.146454e-02 4.008091e-02
1.000000e-01 1.425000e-02  9.500000e-03  5.000000e-01 4.176494e-06 8.000000e-04 4.784289e+04 3.180198e+01 2.288785e+01 6.923324e+01 5.584583e-04 7.111446e-04 6.699269e-04 1.208365e-02 4.224537e-02
1.000000e-01 1.425000e-02  9.500000e-03  5.000000e-01 4.287782e-06 8.000000e-04 4.784289e+04 3.180198e+01 2.288784e+01 6.923323e+01 5.859719e-04 7.449448e-04 7.061045e-04 1.273620e-02 4.452672e-02
1.000000e-01 1.425000e-02  9.500000e-03  5.000000e-01 4.402035e-06 8.000000e-04 4.784289e+04 3.180197e+01 2.288783e+01 6.923322e+01 6.260166e-04 7.837361e-04 7.442357e-04 1.342398e-02 4.693127e-02
1.000000e-01 1.425000e-02  9.500000e-03  5.000000e-01 4.519332e-06 8.000000e-04 4.784289e+04 3.180197e+01 2.288782e+01 6.923321e+01 6.409681e-04 8.238958e-04 7.844262e-04 1.414891e-02 4.946566e-02
1.000000e-01 1.425000e-02  9.500000e-03  5.000000e-01 4.639755e-06 8.000000e-04 4.784289e+04 3.180197e+01 2.288781e+01 6.923320e+01 6.741477e-04 8.689428e-04 8.267870e-04 1.491298e-02 5.213692e-02
1.000000e-01 1.425000e-02  9.500000e-03  5.000000e-01 4.763386e-06 8.000000e-04 4.784289e+04 3.180197e+01 2.288780e+01 6.923319e+01 7.034786e-04 9.209266e-04 8.714354e-04 1.571832e-02 5.495244e-02
1.000000e-01 1.425000e-02  9.500000e-03  5.000000e-01 4.890312e-06 8.000000e-04 4.784289e+04 3.180196e+01 2.288779e+01 6.923317e+01 7.811373e-04 9.704344e-04 9.184950e-04 1.656714e-02 5.792000e-02
1.000000e-01 1.425000e-02  9.500000e-03  5.000000e-01 5.020620e-06 8.000000e-04 4.784289e+04 3.180196e+01 2.288778e+01 6.923317e+01 7.784684e-04 1.017649e-03 9.680958e-04 1.746181e-02 6.104781e-02
1.000000e-01 1.425000e-02  9.500000e-03  5.000000e-01 5.154400e-06 8.000000e-04 4.784289e+04 3.180195e+01 2.288776e+01 6.923315e+01 8.579530e-04 1.074961e-03 1.020375e-03 1.840478e-02 6.434453e-02
1.000000e-01 1.425000e-02  9.500000e-03  5.000000e-01 5.291745e-06 8.000000e-04 4.784289e+04 3.180195e+01 2.288775e+01 6.923313e+01 9.152061e-04 1.134459e-03 1.075478e-03 1.939868e-02 6.781929e-02
1.000000e-01 1.425000e-02  9.500000e-03  5.000000e-01 5.432750e-06 8.000000e-04 4.784289e+04 3.180194e+01 2.288773e+01 6.923311e+01 9.591750e-04 1.188234e-03 1.133556e-03 2.044626e-02 7.148169e-02
1.000000e-01 1.425000e-02  9.500000e-03  5.000000e-01 5.577512e-06 8.000000e-04 4.784289e+04 3.180194e+01 2.288771e+01 6.923310e+01 1.013723e-03 1.262440e-03 1.194771e-03 2.155040e-02 7.534186e-02
1.000000e-01 1.425000e-02  9.500000e-03  5.000000e-01 5.726131e-06 8.000000e-04 4.784289e+04 3.180194e+01 2.288770e+01 6.923309e+01 1.050804e-03 1.321906e-03 1.259291e-03 2.271417e-02 7.941050e-02
1.000000e-01 1.425000e-02  9.500000e-03  5.000000e-01 5.878710e-06 8.000000e-04 4.784289e+04 3.180193e+01 2.288769e+01 6.923307e+01 1.135866e-03 1.394759e-03 1.327296e-03 2.394079e-02 8.369885e-02
1.000000e-01 1.425000e-02  9.500000e-03  5.000000e-01 6.035355e-06 8.000000e-04 4.784289e+04 3.180192e+01 2.288766e+01 6.923304e+01 1.183867e-03 1.479438e-03 1.398973e-03 2.523365e-02 8.821878e-02
1.000000e-01 1.425000e-02  9.500000e-03  5.000000e-01 6.196174e-06 8.000000e-04 4.784289e+04 3.180192e+01 2.288764e+01 6.923304e+01 1.217209e-03 1.553213e-03 1.474521e-03 2.659633e-02 9.298280e-02
1.000000e-01 1.425000e-02  9.500000e-03  5.000000e-01 6.361278e-06 8.000000e-04 4.784289e+04 3.180192e+01 2.288762e+01 6.923302e+01 1.272216e-03 1.633736e-03 1.554148e-03 2.803259e-02 9.800408e-02
1.000000e-01 1.425000e-02  9.500000e-03  5.000000e-01 6.530782e-06 8.000000e-04 4.784289e+04 3.180190e+01 2.288760e+01 6.923297e+01 1.416110e-03 1.728012e-03 1.638076e-03 2.954641e-02 1.032965e-01
1.000000e-01 1.425000e-02  9.500000e-03  5.000000e-01 6.704802e-06 8.000000e-04 4.784289e+04 3.180190e+01 2.288758e+01 6.923297e+01 1.435508e-03 1.819905e-03 1.726536e-03 3.114199e-02 1.088748e-01
1.000000e-01 1.425000e-02  9.500000e-03  5.000000e-01 6.883459e-06 8.000000e-04 4.784289e+04 3.180189e+01 2.288756e+01 6.923293e+01 1.555905e-03 1.927352e-03 1.819772e-03 3.282373e-02 1.147543e-01
1.000000e-01 1.425000e-02  9.500000e-03  5.000000e-01 7.066877e-06 8.000000e-04 4.784289e+04 3.180189e+01 2.288753e+01 6.923291e+01 1.598552e-03 2.035783e-03 1.918044e-03 3.459628e-02 1.209513e-01
1.000000e-01 1.425000e-02  9.500000e-03  5.000000e-01 7.255182e-06 8.000000e-04 4.784289e+04 3.180188e+01 2.288751e+01 6.923289e+01 1.705677e-03 2.143544e-03 2.021623e-03 3.646456e-02 1.274829e-01
1.000000e-01 1.425000e-02  9.500000e-03  5.000000e-01 7.448504e-06 8.000000e-04 4.784289e+04 3.180187e+01 2.288747e+01 6.923286e+01 1.803434e-03 2.260603e-03 2.130796e-03 3.843373e-02 1.343673e-01
1.000000e-01 1.425000e-02  9.500000e-03  5.000000e-01 7.646978e-06 8.000000e-04 4.784289e+04 3.180187e+01 2.288746e+01 6.923285e+01 1.845311e-03 2.356317e-03 2.245863e-03 4.050925e-02 1.416234e-01
1.000000e-01 1.425000e-02  9.500000e-03  5.000000e-01 7.850741e-06 8.000000e-04 4.784289e+04 3.180186e+01 2.288742e+01 6.923281e+01 1.927431e-03 2.494009e-03 2.367145e-03 4.269684e-02 1.492714e-01
1.000000e-01 1.425000e-02  9.500000e-03  5.000000e-01 8.059933e-06 8.000000e-04 4.784289e+04 3.180184e+01 2.288739e+01 6.923276e+01 2.133149e-03 2.640043e-03 2.494977e-03 4.500257e-02 1.573324e-01
1.000000e-01 1.425000e-02  9.500000e-03  5.000000e-01 8.274699e-06 8.000000e-04 4.784289e+04 3.180184e+01 2.288735e+01 6.923273e+01 2.183263e-03 2.777985e-03 2.629711e-03 4.743281e-02 1.658287e-01
1.000000e-01 1.425000e-02  9.500000e-03  5.000000e-01 8.495188e-06 8.000000e-04 4.784289e+04 3.180182e+01 2.288732e+01 6.923269e+01 2.348762e-03 2.926919e-03 2.771722e-03 4.999429e-02 1.747839e-01
1.000000e-01 1.425000e-02  9.500000e-03  5.000000e-01 8.721552e-06 8.000000e-04 4.784289e+04 3.180181e+01 2.288728e+01 6.923267e+01 2.433482e-03 3.083323e-03 2.921401e-03 5.269410e-02 1.842226e-01
1.000000e-01 1.425000e-02  9.500000e-03  5.000000e-01 8.953948e-06 8.000000e-04 4.784289e+04 3.180180e+01 2.288724e+01 6.923261e+01 2.620867e-03 3.241615e-03 3.079163e-03 5.553970e-02 1.941711e-01
1.000000e-01 1.425000e-02  9.500000e-03  5.000000e-01 9.192536e-06 8.000000e-04 4.784289e+04 3.180179e+01 2.288720e+01 6.923259e+01 2.721574e-03 3.408554e-03 3.245445e-03 5.853897e-02 2.046567e-01
1.000000e-01 1.425000e-02  9.500000e-03  5.000000e-01 9.437481e-06 8.000000e-04 4.784289e+04 3.180177e+01 2.288715e+01 6.923252e+01 2.886729e-03 3.622747e-03 3.420707e-03 6.170021e-02 2.157087e-01
1.000000e-01 1.425000e-02  9.500000e-03  5.000000e-01 9.688954e-06 8.000000e-04 4.784289e+04 3.180177e+01 2.288710e+01 6.923250e+01 2.977491e-03 3.804805e-03 3.605433e-03 6.503217e-02 2.273574e-01
1.000000e-01 1.425000e-02  9.500000e-03  5.000000e-01 9.947127e-06 8.000000e-04 4.784289e+04 3.180174e+01 2.288706e+01 6.923241e+01 3.217595e-03 3.984495e-03 3.800135e-03 6.854405e-02 2.396353e-01
1.000000e-01 1.425000e-02  9.500000e-03  5.000000e-01 1.021218e-05 8.000000e-04 4.784289e+04 3.180174e+01 2.288700e+01 6.923238e+01 3.381996e-03 4.227746e-03 4.005351e-03 7.224559e-02 2.525761e-01
1.000000e-01 1.425000e-02  9.500000e-03  5.000000e-01 1.048430e-05 8.000000e-04 4.784289e+04 3.180171e+01 2.288694e+01 6.923231e+01 3.554369e-03 4.470674e-03 4.221649e-03 7.614702e-02 2.662158e-01
1.000000e-01 1.425000e-02  9.500000e-03  5.000000e-01 1.076366e-05 8.000000e-04 4.784289e+04 3.180169e+01 2.288691e+01 6.923225e+01 3.858100e-03 4.670056e-03 4.449628e-03 8.025913e-02 2.805921e-01
1.000000e-01 1.425000e-02  9.500000e-03  5.000000e-01 1.105047e-05 8.000000e-04 4.784289e+04 3.180168e+01 2.288682e+01 6.923219e+01 3.979122e-03 4.970428e-03 4.689918e-03 8.459331e-02 2.957447e-01
1.000000e-01 1.425000e-02  9.500000e-03  5.000000e-01 1.134492e-05 8.000000e-04 4.784289e+04 3.180166e+01 2.288677e+01 6.923214e+01 4.124231e-03 5.216052e-03 4.943184e-03 8.916155e-02 3.117156e-01
1.000000e-01 1.425000e-02  9.500000e-03  5.000000e-01 1.164722e-05 8.000000e-04 4.784289e+04 3.180165e+01 2.288669e+01 6.923208e+01 4.320177e-03 5.525375e-03 5.210128e-03 9.397648e-02 3.285490e-01
1.000000e-01 1.425000e-02  9.500000e-03  5.000000e-01 1.195758e-05 8.000000e-04 4.784289e+04 3.180163e+01 2.288663e+01 6.923203e+01 4.583483e-03 5.797546e-03 5.491487e-03 9.905142e-02 3.462914e-01
1.000000e-01 1.425000e-02  9.500000e-03  5.000000e-01 1.227620e-05 8.000000e-04 4.784289e+04 3.180160e+01 2.288655e+01 6.923191e+01 4.802709e-03 6.087859e-03 5.788040e-03 1.044004e-01 3.649919e-01
1.000000e-01 1.425000e-02  9.500000e-03  5.000000e-01 1.260331e-05 8.000000e-04 4.784289e+04 3.180156e+01 2.288647e+01 6.923181e+01 5.246833e-03 6.439026e-03 6.100607e-03 1.100383e-01 3.847023e-01
1.000000e-01 1.425000e-02  9.500000e-03  5.000000e-01 1.293914e-05 8.000000e-04 4.784289e+04 3.180155e+01 2.288639e+01 6.923175e+01 5.531002e-03 6.783004e-03 6.430054e-03 1.159806e-01 4.054771e-01
1.000000e-01 1.425000e-02  9.500000e-03  5.000000e-01 1.328392e-05 8.000000e-04 4.784289e+04 3.180151e+01 2.288632e+01 6.923163e+01 5.776456e-03 7.112255e-03 6.777292e-03 1.222438e-01 4.273738e-01
1.000000e-01 1.425000e-02  9.500000e-03  5.000000e-01 1.363789e-05 8.000000e-04 4.784289e+04 3.180149e+01 2.288621e+01 6.923157e+01 6.185665e-03 7.469298e-03 7.143281e-03 1.288453e-01 4.504530e-01
1.000000e-01 1.425000e-02  9.500000e-03  5.000000e-01 1.400128e-05 8.000000e-04 4.784289e+04 3.180143e+01 2.288613e+01 6.923142e+01 6.448992e-03 7.893993e-03 7.529035e-03 1.358032e-01 4.747785e-01
1.000000e-01 1.425000e-02  9.500000e-03  5.000000e-01 1.437436e-05 8.000000e-04 4.784289e+04 3.180146e+01 2.288601e+01 6.923141e+01 6.529145e-03 8.316470e-03 7.935620e-03 1.431369e-01 5.004177e-01
1.000000e-01 1.425000e-02  9.500000e-03  5.000000e-01 1.475738e-05 8.000000e-04 4.784289e+04 3.180142e+01 2.288589e+01 6.923127e+01 6.964243e-03 8.819984e-03 8.364162e-03 1.508666e-01 5.274414e-01
1.000000e-01 1.425000e-02  9.500000e-03  5.000000e-01 1.515061e-05 8.000000e-04 4.784289e+04 3.180140e+01 2.288580e+01 6.923119e+01 7.307450e-03 9.277380e-03 8.815846e-03 1.590138e-01 5.559244e-01
1.000000e-01 1.425000e-02  9.500000e-03  5.000000e-01 1.555432e-05 8.000000e-04 4.784289e+04 3.180133e+01 2.288567e+01 6.923101e+01 7.675305e-03 9.755676e-03 9.291922e-03 1.676009e-01 5.859456e-01
1.000000e-01 1.425000e-02  9.500000e-03  5.000000e-01 1.596878e-05 8.000000e-04 4.784289e+04 3.180132e+01 2.288554e+01 6.923091e+01 8.196931e-03 1.035855e-02 9.793707e-03 1.766517e-01 6.175880e-01
1.000000e-01 1.425000e-02  9.500000e-03  5.000000e-01 1.639429e-05 8.000000e-04 4.784289e+04 3.180122e+01 2.288541e+01 6.923067e+01 8.881056e-03 1.090256e-02 1.032259e-02 1.861913e-01 6.509392e-01
1.000000e-01 1.425000e-02  9.500000e-03  5.000000e-01 1.683113e-05 8.000000e-04 4.784289e+04 3.180126e+01 2.288527e+01 6.923069e+01 8.990211e-03 1.144147e-02 1.088003e-02 1.962461e-01 6.860914e-01
1.000000e-01 1.425000e-02  9.500000e-03  5.000000e-01 1.727962e-05 8.000000e-04 4.784289e+04 3.180117e+01 2.288510e+01 6.923042e+01 9.551113e-03 1.207104e-02 1.146758e-02 2.068438e-01 7.231420e-01
1.000000e-01 1.425000e-02  9.500000e-03  5.000000e-01 1.774005e-05 8.000000e-04 4.784289e+04 3.180114e+01 2.288497e+01 6.923030e+01 1.018546e-02 1.273096e-02 1.208686e-02 2.180139e-01 7.621933e-01
