2.000000e-01 1.194000e-01  7.960000e-02  5.000000e-01 2.000000e-06 8.000000e-04 1.641310e+01 3.180186e+01 2.286442e+01 6.921886e+01 1.931950e-03 8.710067e-02 7.247207e-03 2.543566e-02 4.170445e-01
2.000000e-01 1.194000e-01  7.960000e-02  5.000000e-01 2.053292e-06 8.000000e-04 1.641310e+01 3.180185e+01 2.286303e+01 6.921807e+01 2.037568e-03 9.245354e-02 7.638572e-03 2.680925e-02 4.395658e-01
2.000000e-01 1.194000e-01  7.960000e-02  5.000000e-01 2.108005e-06 8.000000e-04 1.641310e+01 3.180184e+01 2.286180e+01 6.921716e+01 2.139503e-03 9.676256e-02 8.051073e-03 2.825701e-02 4.633034e-01
2.000000e-01 1.194000e-01  7.960000e-02  5.000000e-01 2.164175e-06 8.000000e-04 1.641310e+01 3.180183e+01 2.286032e+01 6.921650e+01 2.254198e-03 1.021977e-01 8.485850e-03 2.978295e-02 4.883228e-01
2.000000e-01 1.194000e-01  7.960000e-02  5.000000e-01 2.221842e-06 8.000000e-04 1.641310e+01 3.180182e+01 2.285916e+01 6.921575e+01 2.377124e-03 1.075072e-01 8.944105e-03 3.139130e-02 5.146934e-01
2.000000e-01 1.194000e-01  7.960000e-02  5.000000e-01 2.281045e-06 8.000000e-04 1.641310e+01 3.180181e+01 2.285723e+01 6.921432e+01 2.515678e-03 1.142179e-01 9.427107e-03 3.308650e-02 5.424880e-01
2.000000e-01 1.194000e-01  7.960000e-02  5.000000e-01 2.341826e-06 8.000000e-04 1.641310e+01 3.180179e+01 2.285547e+01 6.921344e+01 2.656486e-03 1.199597e-01 9.936193e-03 3.487325e-02 5.717836e-01
2.000000e-01 1.194000e-01  7.960000e-02  5.000000e-01 2.404227e-06 8.000000e-04 1.641310e+01 3.180178e+01 2.285383e+01 6.921221e+01 2.781188e-03 1.261522e-01 1.047277e-02 3.675649e-02 6.026613e-01
2.000000e-01 1.194000e-01  7.960000e-02  5.000000e-01 2.468290e-06 8.000000e-04 1.641310e+01 3.180177e+01 2.285202e+01 6.921127e+01 2.960453e-03 1.329818e-01 1.103832e-02 3.874142e-02 6.352064e-01
2.000000e-01 1.194000e-01  7.960000e-02  5.000000e-01 2.534061e-06 8.000000e-04 1.641310e+01 3.180175e+01 2.285031e+01 6.920994e+01 3.103115e-03 1.400556e-01 1.163442e-02 4.083355e-02 6.695090e-01
2.000000e-01 1.194000e-01  7.960000e-02  5.000000e-01 2.601584e-06 8.000000e-04 1.641310e+01 3.180174e+01 2.284809e+01 6.920894e+01 3.268998e-03 1.477631e-01 1.226270e-02 4.303865e-02 7.056640e-01
2.000000e-01 1.194000e-01  7.960000e-02  5.000000e-01 2.670906e-06 8.000000e-04 1.641310e+01 3.180172e+01 2.284598e+01 6.920779e+01 3.440433e-03 1.551749e-01 1.292492e-02 4.536284e-02 7.437715e-01
2.000000e-01 1.194000e-01  7.960000e-02  5.000000e-01 2.742075e-06 8.000000e-04 1.641310e+01 3.180170e+01 2.284390e+01 6.920623e+01 3.643595e-03 1.639258e-01 1.362289e-02 4.781254e-02 7.839369e-01
2.000000e-01 1.194000e-01  7.960000e-02  5.000000e-01 2.815141e-06 8.000000e-04 1.641310e+01 3.180169e+01 2.284127e+01 6.920456e+01 3.848812e-03 1.726545e-01 1.435856e-02 5.039453e-02 8.262713e-01
2.000000e-01 1.194000e-01  7.960000e-02  5.000000e-01 2.890154e-06 8.000000e-04 1.641310e+01 3.180168e+01 2.283870e+01 6.920318e+01 3.997594e-03 1.822435e-01 1.513396e-02 5.311595e-02 8.708919e-01
2.000000e-01 1.194000e-01  7.960000e-02  5.000000e-01 2.967165e-06 8.000000e-04 1.641310e+01 3.180165e+01 2.283614e+01 6.920168e+01 4.268385e-03 1.929556e-01 1.595123e-02 5.598433e-02 9.179220e-01
2.000000e-01 1.194000e-01  7.960000e-02  5.000000e-01 3.046229e-06 8.000000e-04 1.641310e+01 3.180163e+01 2.283290e+01 6.920003e+01 4.485579e-03 2.033827e-01 1.681263e-02 5.900762e-02 9.674919e-01
2.000000e-01 1.194000e-01  7.960000e-02  5.000000e-01 3.127399e-06 8.000000e-04 1.641310e+01 3.180161e+01 2.283028e+01 6.919818e+01 4.735719e-03 2.127466e-01 1.772055e-02 6.219416e-02 1.019739e+00
2.000000e-01 1.194000e-01  7.960000e-02  5.000000e-01 3.210732e-06 8.000000e-04 1.641310e+01 3.180158e+01 2.282730e+01 6.919605e+01 5.000945e-03 2.246494e-01 1.867750e-02 6.555279e-02 1.074807e+00
2.000000e-01 1.194000e-01  7.960000e-02  5.000000e-01 3.296286e-06 8.000000e-04 1.641310e+01 3.180156e+01 2.282363e+01 6.919420e+01 5.239003e-03 2.379502e-01 1.968613e-02 6.909279e-02 1.132849e+00
2.000000e-01 1.194000e-01  7.960000e-02  5.000000e-01 3.384119e-06 8.000000e-04 1.641310e+01 3.180154e+01 2.282039e+01 6.919191e+01 5.538167e-03 2.506229e-01 2.074923e-02 7.282396e-02 1.194026e+00
2.000000e-01 1.194000e-01  7.960000e-02  5.000000e-01 3.474293e-06 8.000000e-04 1.641310e+01 3.180150e+01 2.281713e+01 6.918960e+01 5.848222e-03 2.634751e-01 2.186973e-02 7.675663e-02 1.258506e+00
2.000000e-01 1.194000e-01  7.960000e-02  5.000000e-01 3.566869e-06 8.000000e-04 1.641310e+01 3.180148e+01 2.281274e+01 6.918758e+01 6.182575e-03 2.780578e-01 2.305075e-02 8.090166e-02 1.326468e+00
2.000000e-01 1.194000e-01  7.960000e-02  5.000000e-01 3.661913e-06 8.000000e-04 1.641310e+01 3.180145e+01 2.280942e+01 6.918539e+01 6.513315e-03 2.929985e-01 2.429554e-02 8.527054e-02 1.398100e+00
2.000000e-01 1.194000e-01  7.960000e-02  5.000000e-01 3.759488e-06 8.000000e-04 1.641310e+01 3.180141e+01 2.280488e+01 6.918256e+01 6.855086e-03 3.091087e-01 2.560756e-02 8.987535e-02 1.473601e+00
2.000000e-01 1.194000e-01  7.960000e-02  5.000000e-01 3.859664e-06 8.000000e-04 1.641310e+01 3.180138e+01 2.280026e+01 6.918014e+01 7.191250e-03 3.257294e-01 2.699042e-02 9.472882e-02 1.553179e+00
2.000000e-01 1.194000e-01  7.960000e-02  5.000000e-01 3.962510e-06 8.000000e-04 1.641310e+01 3.180136e+01 2.279526e+01 6.917686e+01 7.592980e-03 3.437144e-01 2.844797e-02 9.984440e-02 1.637054e+00
2.000000e-01 1.194000e-01  7.960000e-02  5.000000e-01 4.068095e-06 8.000000e-04 1.641310e+01 3.180131e+01 2.279032e+01 6.917380e+01 7.997778e-03 3.611193e-01 2.998423e-02 1.052362e-01 1.725459e+00
2.000000e-01 1.194000e-01  7.960000e-02  5.000000e-01 4.176494e-06 8.000000e-04 1.641310e+01 3.180128e+01 2.278600e+01 6.917054e+01 8.424505e-03 3.808950e-01 3.160344e-02 1.109192e-01 1.818637e+00
2.000000e-01 1.194000e-01  7.960000e-02  5.000000e-01 4.287782e-06 8.000000e-04 1.641310e+01 3.180122e+01 2.278030e+01 6.916666e+01 8.924562e-03 3.998288e-01 3.331010e-02 1.169091e-01 1.916848e+00
2.000000e-01 1.194000e-01  7.960000e-02  5.000000e-01 4.402035e-06 8.000000e-04 1.641310e+01 3.180119e+01 2.277367e+01 6.916391e+01 9.408275e-03 4.230210e-01 3.510893e-02 1.232225e-01 2.020362e+00
2.000000e-01 1.194000e-01  7.960000e-02  5.000000e-01 4.519332e-06 8.000000e-04 1.641310e+01 3.180113e+01 2.276893e+01 6.916101e+01 9.946489e-03 4.427968e-01 3.700489e-02 1.298768e-01 2.129466e+00
2.000000e-01 1.194000e-01  7.960000e-02  5.000000e-01 4.639755e-06 8.000000e-04 1.641310e+01 3.180110e+01 2.276024e+01 6.915591e+01 1.043847e-02 4.723699e-01 3.900324e-02 1.368904e-01 2.244463e+00
2.000000e-01 1.194000e-01  7.960000e-02  5.000000e-01 4.763386e-06 8.000000e-04 1.641310e+01 3.180105e+01 2.275382e+01 6.915237e+01 1.100659e-02 4.969707e-01 4.110950e-02 1.442828e-01 2.365669e+00
2.000000e-01 1.194000e-01  7.960000e-02  5.000000e-01 4.890312e-06 8.000000e-04 1.641310e+01 3.180100e+01 2.274849e+01 6.914862e+01 1.153708e-02 5.194027e-01 4.332951e-02 1.520744e-01 2.493420e+00
2.000000e-01 1.194000e-01  7.960000e-02  5.000000e-01 5.020620e-06 8.000000e-04 1.641310e+01 3.180095e+01 2.274039e+01 6.914470e+01 1.221593e-02 5.511760e-01 4.566940e-02 1.602868e-01 2.628071e+00
2.000000e-01 1.194000e-01  7.960000e-02  5.000000e-01 5.154400e-06 8.000000e-04 1.641310e+01 3.180088e+01 2.273141e+01 6.913890e+01 1.284106e-02 5.813504e-01 4.813566e-02 1.689427e-01 2.769993e+00
2.000000e-01 1.194000e-01  7.960000e-02  5.000000e-01 5.291745e-06 8.000000e-04 1.641310e+01 3.180082e+01 2.272224e+01 6.913344e+01 1.347164e-02 6.140363e-01 5.073509e-02 1.780660e-01 2.919579e+00
2.000000e-01 1.194000e-01  7.960000e-02  5.000000e-01 5.432750e-06 8.000000e-04 1.641310e+01 3.180075e+01 2.271538e+01 6.912765e+01 1.422354e-02 6.414569e-01 5.347491e-02 1.876819e-01 3.077243e+00
2.000000e-01 1.194000e-01  7.960000e-02  5.000000e-01 5.577512e-06 8.000000e-04 1.641310e+01 3.180070e+01 2.270460e+01 6.912099e+01 1.494667e-02 6.801199e-01 5.636268e-02 1.978172e-01 3.243421e+00
2.000000e-01 1.194000e-01  7.960000e-02  5.000000e-01 5.726131e-06 8.000000e-04 1.641310e+01 3.180060e+01 2.269465e+01 6.911474e+01 1.591747e-02 7.156543e-01 5.940639e-02 2.084998e-01 3.418573e+00
2.000000e-01 1.194000e-01  7.960000e-02  5.000000e-01 5.878710e-06 8.000000e-04 1.641310e+01 3.180053e+01 2.268476e+01 6.910908e+01 1.669203e-02 7.535479e-01 6.261447e-02 2.197592e-01 3.603184e+00
2.000000e-01 1.194000e-01  7.960000e-02  5.000000e-01 6.035355e-06 8.000000e-04 1.641310e+01 3.180043e+01 2.267301e+01 6.910115e+01 1.770262e-02 7.957595e-01 6.599580e-02 2.316267e-01 3.797764e+00
2.000000e-01 1.194000e-01  7.960000e-02  5.000000e-01 6.196174e-06 8.000000e-04 1.641310e+01 3.180038e+01 2.266141e+01 6.909542e+01 1.851540e-02 8.376947e-01 6.955972e-02 2.441351e-01 4.002852e+00
2.000000e-01 1.194000e-01  7.960000e-02  5.000000e-01 6.361278e-06 8.000000e-04 1.641310e+01 3.180027e+01 2.264996e+01 6.908866e+01 1.964105e-02 8.861334e-01 7.331611e-02 2.573190e-01 4.219016e+00
2.000000e-01 1.194000e-01  7.960000e-02  5.000000e-01 6.530782e-06 8.000000e-04 1.641310e+01 3.180018e+01 2.263929e+01 6.908243e+01 2.062477e-02 9.306824e-01 7.727535e-02 2.712148e-01 4.446852e+00
2.000000e-01 1.194000e-01  7.960000e-02  5.000000e-01 6.704802e-06 8.000000e-04 1.641310e+01 3.180009e+01 2.262418e+01 6.907338e+01 2.163610e-02 9.892717e-01 8.144840e-02 2.858610e-01 4.686992e+00
2.000000e-01 1.194000e-01  7.960000e-02  5.000000e-01 6.883459e-06 8.000000e-04 1.641310e+01 3.179995e+01 2.261160e+01 6.906538e+01 2.302310e-02 1.031755e+00 8.584680e-02 3.012982e-01 4.940101e+00
2.000000e-01 1.194000e-01  7.960000e-02  5.000000e-01 7.066877e-06 8.000000e-04 1.641310e+01 3.179985e+01 2.259860e+01 6.905876e+01 2.420900e-02 1.087828e+00 9.048272e-02 3.175690e-01 5.206878e+00
2.000000e-01 1.194000e-01  7.960000e-02  5.000000e-01 7.255182e-06 8.000000e-04 1.641310e+01 3.179973e+01 2.258019e+01 6.904481e+01 2.552777e-02 1.148066e+00 9.536900e-02 3.347184e-01 5.488061e+00
2.000000e-01 1.194000e-01  7.960000e-02  5.000000e-01 7.448504e-06 8.000000e-04 1.641310e+01 3.179965e+01 2.256672e+01 6.903811e+01 2.677998e-02 1.203502e+00 1.005191e-01 3.527940e-01 5.784429e+00
2.000000e-01 1.194000e-01  7.960000e-02  5.000000e-01 7.646978e-06 8.000000e-04 1.641310e+01 3.179950e+01 2.254632e+01 6.902560e+01 2.824671e-02 1.279531e+00 1.059474e-01 3.718457e-01 6.096802e+00
2.000000e-01 1.194000e-01  7.960000e-02  5.000000e-01 7.850741e-06 8.000000e-04 1.641310e+01 3.179932e+01 2.252650e+01 6.901338e+01 3.006409e-02 1.351367e+00 1.116688e-01 3.919262e-01 6.426043e+00
2.000000e-01 1.194000e-01  7.960000e-02  5.000000e-01 8.059933e-06 8.000000e-04 1.641310e+01 3.179919e+01 2.250924e+01 6.900339e+01 3.136776e-02 1.418592e+00 1.176992e-01 4.130912e-01 6.773064e+00
2.000000e-01 1.194000e-01  7.960000e-02  5.000000e-01 8.274699e-06 8.000000e-04 1.641310e+01 3.179908e+01 2.249122e+01 6.899596e+01 3.298607e-02 1.490925e+00 1.240552e-01 4.353990e-01 7.138825e+00
2.000000e-01 1.194000e-01  7.960000e-02  5.000000e-01 8.495188e-06 8.000000e-04 1.641310e+01 3.179896e+01 2.246485e+01 6.897729e+01 3.480869e-02 1.579569e+00 1.307545e-01 4.589116e-01 7.524338e+00
2.000000e-01 1.194000e-01  7.960000e-02  5.000000e-01 8.721552e-06 8.000000e-04 1.641310e+01 3.179876e+01 2.244485e+01 6.896719e+01 3.676963e-02 1.669979e+00 1.378155e-01 4.836939e-01 7.930670e+00
2.000000e-01 1.194000e-01  7.960000e-02  5.000000e-01 8.953948e-06 8.000000e-04 1.641310e+01 3.179857e+01 2.242032e+01 6.895495e+01 3.877102e-02 1.759945e+00 1.452579e-01 5.098145e-01 8.358945e+00
2.000000e-01 1.194000e-01  7.960000e-02  5.000000e-01 9.192536e-06 8.000000e-04 1.641310e+01 3.179835e+01 2.239560e+01 6.893756e+01 4.075293e-02 1.843509e+00 1.531022e-01 5.373456e-01 8.810347e+00
2.000000e-01 1.194000e-01  7.960000e-02  5.000000e-01 9.437481e-06 8.000000e-04 1.641310e+01 3.179815e+01 2.236546e+01 6.892090e+01 4.311874e-02 1.962330e+00 1.613700e-01 5.663635e-01 9.286126e+00
2.000000e-01 1.194000e-01  7.960000e-02  5.000000e-01 9.688954e-06 8.000000e-04 1.641310e+01 3.179796e+01 2.234448e+01 6.890925e+01 4.551503e-02 2.047173e+00 1.700844e-01 5.969485e-01 9.787598e+00
2.000000e-01 1.194000e-01  7.960000e-02  5.000000e-01 9.947127e-06 8.000000e-04 1.641310e+01 3.179774e+01 2.231397e+01 6.889255e+01 4.811778e-02 2.161453e+00 1.792693e-01 6.291851e-01 1.031615e+01
2.000000e-01 1.194000e-01  7.960000e-02  5.000000e-01 1.021218e-05 8.000000e-04 1.641310e+01 3.179750e+01 2.227995e+01 6.887058e+01 5.045153e-02 2.287502e+00 1.889503e-01 6.631625e-01 1.087325e+01
2.000000e-01 1.194000e-01  7.960000e-02  5.000000e-01 1.048430e-05 8.000000e-04 1.641310e+01 3.179728e+01 2.225206e+01 6.885734e+01 5.327255e-02 2.402579e+00 1.991540e-01 6.989748e-01 1.146043e+01
2.000000e-01 1.194000e-01  7.960000e-02  5.000000e-01 1.076366e-05 8.000000e-04 1.641310e+01 3.179701e+01 2.222047e+01 6.883373e+01 5.603705e-02 2.520228e+00 2.099088e-01 7.367211e-01 1.207932e+01
2.000000e-01 1.194000e-01  7.960000e-02  5.000000e-01 1.105047e-05 8.000000e-04 1.641310e+01 3.179675e+01 2.218363e+01 6.881389e+01 5.920489e-02 2.658645e+00 2.212444e-01 7.765057e-01 1.273163e+01
2.000000e-01 1.194000e-01  7.960000e-02  5.000000e-01 1.134492e-05 8.000000e-04 1.641310e+01 3.179644e+01 2.214235e+01 6.879059e+01 6.220061e-02 2.802329e+00 2.331921e-01 8.184388e-01 1.341917e+01
2.000000e-01 1.194000e-01  7.960000e-02  5.000000e-01 1.164722e-05 8.000000e-04 1.641310e+01 3.179617e+01 2.210319e+01 6.876942e+01 6.577303e-02 2.957735e+00 2.457850e-01 8.626364e-01 1.414383e+01
2.000000e-01 1.194000e-01  7.960000e-02  5.000000e-01 1.195758e-05 8.000000e-04 1.641310e+01 3.179586e+01 2.206654e+01 6.874625e+01 6.899054e-02 3.126885e+00 2.590580e-01 9.092208e-01 1.490763e+01
2.000000e-01 1.194000e-01  7.960000e-02  5.000000e-01 1.227620e-05 8.000000e-04 1.641310e+01 3.179552e+01 2.202550e+01 6.872264e+01 7.286642e-02 3.288771e+00 2.730477e-01 9.583208e-01 1.571268e+01
2.000000e-01 1.194000e-01  7.960000e-02  5.000000e-01 1.260331e-05 8.000000e-04 1.641310e+01 3.179507e+01 2.197526e+01 6.869361e+01 7.722651e-02 3.473529e+00 2.877929e-01 1.010072e+00 1.656120e+01
2.000000e-01 1.194000e-01  7.960000e-02  5.000000e-01 1.293914e-05 8.000000e-04 1.641310e+01 3.179484e+01 2.192824e+01 6.866824e+01 8.053237e-02 3.640160e+00 3.033344e-01 1.064619e+00 1.745554e+01
2.000000e-01 1.194000e-01  7.960000e-02  5.000000e-01 1.328392e-05 8.000000e-04 1.641310e+01 3.179446e+01 2.188302e+01 6.864150e+01 8.508741e-02 3.848215e+00 3.197151e-01 1.122110e+00 1.839818e+01
2.000000e-01 1.194000e-01  7.960000e-02  5.000000e-01 1.363789e-05 8.000000e-04 1.641310e+01 3.179400e+01 2.182150e+01 6.860563e+01 8.947203e-02 4.067372e+00 3.369805e-01 1.182707e+00 1.939173e+01
2.000000e-01 1.194000e-01  7.960000e-02  5.000000e-01 1.400128e-05 8.000000e-04 1.641310e+01 3.179354e+01 2.177268e+01 6.858238e+01 9.465096e-02 4.303405e+00 3.551782e-01 1.246576e+00 2.043892e+01
2.000000e-01 1.194000e-01  7.960000e-02  5.000000e-01 1.437436e-05 8.000000e-04 1.641310e+01 3.179310e+01 2.170261e+01 6.854238e+01 1.002172e-01 4.518385e+00 3.743587e-01 1.313894e+00 2.154267e+01
2.000000e-01 1.194000e-01  7.960000e-02  5.000000e-01 1.475738e-05 8.000000e-04 1.641310e+01 3.179255e+01 2.164590e+01 6.850713e+01 1.056890e-01 4.748761e+00 3.945749e-01 1.384847e+00 2.270603e+01
2.000000e-01 1.194000e-01  7.960000e-02  5.000000e-01 1.515061e-05 8.000000e-04 1.641310e+01 3.179206e+01 2.158723e+01 6.847871e+01 1.104769e-01 5.021703e+00 4.158828e-01 1.459632e+00 2.393220e+01
2.000000e-01 1.194000e-01  7.960000e-02  5.000000e-01 1.555432e-05 8.000000e-04 1.641310e+01 3.179171e+01 2.151819e+01 6.844074e+01 1.165546e-01 5.308012e+00 4.383415e-01 1.538456e+00 2.522460e+01
2.000000e-01 1.194000e-01  7.960000e-02  5.000000e-01 1.596878e-05 8.000000e-04 1.641310e+01 3.179101e+01 2.146046e+01 6.840936e+01 1.227095e-01 5.562487e+00 4.620129e-01 1.621536e+00 2.658679e+01
2.000000e-01 1.194000e-01  7.960000e-02  5.000000e-01 1.639429e-05 8.000000e-04 1.641310e+01 3.179053e+01 2.137971e+01 6.835620e+01 1.295603e-01 5.844496e+00 4.869627e-01 1.709102e+00 2.802253e+01
2.000000e-01 1.194000e-01  7.960000e-02  5.000000e-01 1.683113e-05 8.000000e-04 1.641310e+01 3.178975e+01 2.130335e+01 6.833383e+01 1.373087e-01 6.163376e+00 5.132598e-01 1.801398e+00 2.953582e+01
2.000000e-01 1.194000e-01  7.960000e-02  5.000000e-01 1.727962e-05 8.000000e-04 1.641310e+01 3.178919e+01 2.121764e+01 6.830134e+01 1.437393e-01 6.486518e+00 5.409770e-01 1.898678e+00 3.113082e+01
2.000000e-01 1.194000e-01  7.960000e-02  5.000000e-01 1.774005e-05 8.000000e-04 1.641310e+01 3.178828e+01 2.113578e+01 6.826000e+01 1.535081e-01 6.862074e+00 5.701910e-01 2.001211e+00 3.281195e+01
2.000000e-01 1.194000e-01  7.960000e-02  5.000000e-01 1.821276e-05 8.000000e-04 1.641310e+01 3.178765e+01 2.102705e+01 6.817995e+01 1.602093e-01 7.252971e+00 6.009827e-01 2.109281e+00 3.458387e+01
2.000000e-01 1.194000e-01  7.960000e-02  5.000000e-01 1.869805e-05 8.000000e-04 1.641310e+01 3.178698e+01 2.095426e+01 6.816065e+01 1.683568e-01 7.647408e+00 6.334371e-01 2.223187e+00 3.645148e+01
2.000000e-01 1.194000e-01  7.960000e-02  5.000000e-01 1.919629e-05 8.000000e-04 1.641310e+01 3.178604e+01 2.086447e+01 6.811008e+01 1.781889e-01 8.042810e+00 6.676442e-01 2.343244e+00 3.841995e+01
