6.000000e-02 1.125000e-02  7.500000e-03  5.000000e-01 2.000000e-06 8.000000e-04 2.137118e+04 3.180194e+01 2.288776e+01 6.923312e+01 1.099937e-03 1.106238e-03 1.480520e-03 2.459771e-02 7.729491e-02
6.000000e-02 1.125000e-02  7.500000e-03  5.000000e-01 2.053292e-06 8.000000e-04 2.137118e+04 3.180193e+01 2.288774e+01 6.923310e+01 1.190211e-03 1.154095e-03 1.560471e-03 2.592604e-02 8.146902e-02
6.000000e-02 1.125000e-02  7.500000e-03  5.000000e-01 2.108005e-06 8.000000e-04 2.137118e+04 3.180193e+01 2.288773e+01 6.923309e+01 1.206759e-03 1.219934e-03 1.644740e-03 2.732611e-02 8.586853e-02
6.000000e-02 1.125000e-02  7.500000e-03  5.000000e-01 2.164175e-06 8.000000e-04 2.137118e+04 3.180192e+01 2.288771e+01 6.923307e+01 1.281022e-03 1.290715e-03 1.733560e-03 2.880178e-02 9.050563e-02
6.000000e-02 1.125000e-02  7.500000e-03  5.000000e-01 2.221842e-06 8.000000e-04 2.137118e+04 3.180192e+01 2.288769e+01 6.923305e+01 1.358940e-03 1.362000e-03 1.827176e-03 3.035715e-02 9.539314e-02
6.000000e-02 1.125000e-02  7.500000e-03  5.000000e-01 2.281045e-06 8.000000e-04 2.137118e+04 3.180190e+01 2.288768e+01 6.923302e+01 1.435722e-03 1.443653e-03 1.925848e-03 3.199650e-02 1.005446e-01
6.000000e-02 1.125000e-02  7.500000e-03  5.000000e-01 2.341826e-06 8.000000e-04 2.137118e+04 3.180190e+01 2.288766e+01 6.923300e+01 1.505503e-03 1.508730e-03 2.029848e-03 3.372439e-02 1.059742e-01
6.000000e-02 1.125000e-02  7.500000e-03  5.000000e-01 2.404227e-06 8.000000e-04 2.137118e+04 3.180190e+01 2.288764e+01 6.923299e+01 1.574726e-03 1.585705e-03 2.139465e-03 3.554558e-02 1.116971e-01
6.000000e-02 1.125000e-02  7.500000e-03  5.000000e-01 2.468290e-06 8.000000e-04 2.137118e+04 3.180188e+01 2.288762e+01 6.923296e+01 1.698030e-03 1.682196e-03 2.255001e-03 3.746513e-02 1.177290e-01
6.000000e-02 1.125000e-02  7.500000e-03  5.000000e-01 2.534061e-06 8.000000e-04 2.137118e+04 3.180187e+01 2.288760e+01 6.923294e+01 1.812191e-03 1.766695e-03 2.376776e-03 3.948833e-02 1.240866e-01
6.000000e-02 1.125000e-02  7.500000e-03  5.000000e-01 2.601584e-06 8.000000e-04 2.137118e+04 3.180186e+01 2.288757e+01 6.923290e+01 1.896587e-03 1.861731e-03 2.505127e-03 4.162079e-02 1.307876e-01
6.000000e-02 1.125000e-02  7.500000e-03  5.000000e-01 2.670906e-06 8.000000e-04 2.137118e+04 3.180186e+01 2.288755e+01 6.923289e+01 1.928984e-03 1.961555e-03 2.640410e-03 4.386841e-02 1.378504e-01
6.000000e-02 1.125000e-02  7.500000e-03  5.000000e-01 2.742075e-06 8.000000e-04 2.137118e+04 3.180185e+01 2.288753e+01 6.923286e+01 2.039402e-03 2.063989e-03 2.782998e-03 4.623741e-02 1.452947e-01
6.000000e-02 1.125000e-02  7.500000e-03  5.000000e-01 2.815141e-06 8.000000e-04 2.137118e+04 3.180185e+01 2.288750e+01 6.923284e+01 2.148237e-03 2.186098e-03 2.933287e-03 4.873433e-02 1.531409e-01
6.000000e-02 1.125000e-02  7.500000e-03  5.000000e-01 2.890154e-06 8.000000e-04 2.137118e+04 3.180182e+01 2.288748e+01 6.923279e+01 2.289454e-03 2.299710e-03 3.091691e-03 5.136610e-02 1.614109e-01
6.000000e-02 1.125000e-02  7.500000e-03  5.000000e-01 2.967165e-06 8.000000e-04 2.137118e+04 3.180182e+01 2.288745e+01 6.923276e+01 2.427475e-03 2.418552e-03 3.258649e-03 5.413999e-02 1.701274e-01
6.000000e-02 1.125000e-02  7.500000e-03  5.000000e-01 3.046229e-06 8.000000e-04 2.137118e+04 3.180182e+01 2.288741e+01 6.923274e+01 2.506965e-03 2.553424e-03 3.434624e-03 5.706367e-02 1.793147e-01
6.000000e-02 1.125000e-02  7.500000e-03  5.000000e-01 3.127399e-06 8.000000e-04 2.137118e+04 3.180180e+01 2.288738e+01 6.923269e+01 2.718943e-03 2.701354e-03 3.620101e-03 6.014524e-02 1.889981e-01
6.000000e-02 1.125000e-02  7.500000e-03  5.000000e-01 3.210732e-06 8.000000e-04 2.137118e+04 3.180177e+01 2.288735e+01 6.923264e+01 2.888479e-03 2.826948e-03 3.815595e-03 6.339322e-02 1.992045e-01
6.000000e-02 1.125000e-02  7.500000e-03  5.000000e-01 3.296286e-06 8.000000e-04 2.137118e+04 3.180177e+01 2.288731e+01 6.923262e+01 3.025098e-03 2.995245e-03 4.021646e-03 6.681660e-02 2.099620e-01
6.000000e-02 1.125000e-02  7.500000e-03  5.000000e-01 3.384119e-06 8.000000e-04 2.137118e+04 3.180176e+01 2.288728e+01 6.923259e+01 3.118601e-03 3.146316e-03 4.238824e-03 7.042485e-02 2.213004e-01
6.000000e-02 1.125000e-02  7.500000e-03  5.000000e-01 3.474293e-06 8.000000e-04 2.137118e+04 3.180176e+01 2.288724e+01 6.923255e+01 3.240514e-03 3.315217e-03 4.467731e-03 7.422796e-02 2.332511e-01
6.000000e-02 1.125000e-02  7.500000e-03  5.000000e-01 3.566869e-06 8.000000e-04 2.137118e+04 3.180172e+01 2.288719e+01 6.923247e+01 3.570828e-03 3.488691e-03 4.708999e-03 7.823644e-02 2.458472e-01
6.000000e-02 1.125000e-02  7.500000e-03  5.000000e-01 3.661913e-06 8.000000e-04 2.137118e+04 3.180171e+01 2.288715e+01 6.923244e+01 3.676681e-03 3.707540e-03 4.963295e-03 8.246139e-02 2.591235e-01
6.000000e-02 1.125000e-02  7.500000e-03  5.000000e-01 3.759488e-06 8.000000e-04 2.137118e+04 3.180169e+01 2.288710e+01 6.923238e+01 3.833589e-03 3.880301e-03 5.231325e-03 8.691450e-02 2.731168e-01
6.000000e-02 1.125000e-02  7.500000e-03  5.000000e-01 3.859664e-06 8.000000e-04 2.137118e+04 3.180166e+01 2.288704e+01 6.923229e+01 4.119873e-03 4.119446e-03 5.513828e-03 9.160808e-02 2.878657e-01
6.000000e-02 1.125000e-02  7.500000e-03  5.000000e-01 3.962510e-06 8.000000e-04 2.137118e+04 3.180166e+01 2.288699e+01 6.923225e+01 4.369625e-03 4.306246e-03 5.811588e-03 9.655513e-02 3.034112e-01
6.000000e-02 1.125000e-02  7.500000e-03  5.000000e-01 4.068095e-06 8.000000e-04 2.137118e+04 3.180162e+01 2.288693e+01 6.923218e+01 4.637923e-03 4.577466e-03 6.125427e-03 1.017693e-01 3.197961e-01
6.000000e-02 1.125000e-02  7.500000e-03  5.000000e-01 4.176494e-06 8.000000e-04 2.137118e+04 3.180162e+01 2.288688e+01 6.923213e+01 4.776766e-03 4.794741e-03 6.456214e-03 1.072651e-01 3.370658e-01
6.000000e-02 1.125000e-02  7.500000e-03  5.000000e-01 4.287782e-06 8.000000e-04 2.137118e+04 3.180160e+01 2.288681e+01 6.923208e+01 5.143990e-03 5.078918e-03 6.804865e-03 1.130577e-01 3.552681e-01
6.000000e-02 1.125000e-02  7.500000e-03  5.000000e-01 4.402035e-06 8.000000e-04 2.137118e+04 3.180157e+01 2.288675e+01 6.923198e+01 5.287081e-03 5.342108e-03 7.172343e-03 1.191630e-01 3.744534e-01
6.000000e-02 1.125000e-02  7.500000e-03  5.000000e-01 4.519332e-06 8.000000e-04 2.137118e+04 3.180155e+01 2.288670e+01 6.923193e+01 5.624818e-03 5.619639e-03 7.559666e-03 1.255981e-01 3.946748e-01
6.000000e-02 1.125000e-02  7.500000e-03  5.000000e-01 4.639755e-06 8.000000e-04 2.137118e+04 3.180151e+01 2.288662e+01 6.923181e+01 5.974358e-03 5.884367e-03 7.967906e-03 1.323807e-01 4.159881e-01
6.000000e-02 1.125000e-02  7.500000e-03  5.000000e-01 4.763386e-06 8.000000e-04 2.137118e+04 3.180147e+01 2.288651e+01 6.923169e+01 6.348484e-03 6.281832e-03 8.398191e-03 1.395296e-01 4.384524e-01
6.000000e-02 1.125000e-02  7.500000e-03  5.000000e-01 4.890312e-06 8.000000e-04 2.137118e+04 3.180149e+01 2.288648e+01 6.923171e+01 6.461762e-03 6.557818e-03 8.851713e-03 1.470645e-01 4.621299e-01
6.000000e-02 1.125000e-02  7.500000e-03  5.000000e-01 5.020620e-06 8.000000e-04 2.137118e+04 3.180142e+01 2.288639e+01 6.923154e+01 7.069113e-03 6.913795e-03 9.329726e-03 1.550063e-01 4.870860e-01
6.000000e-02 1.125000e-02  7.500000e-03  5.000000e-01 5.154400e-06 8.000000e-04 2.137118e+04 3.180138e+01 2.288629e+01 6.923144e+01 7.370514e-03 7.308421e-03 9.833552e-03 1.633770e-01 5.133897e-01
6.000000e-02 1.125000e-02  7.500000e-03  5.000000e-01 5.291745e-06 8.000000e-04 2.137118e+04 3.180138e+01 2.288617e+01 6.923138e+01 7.654199e-03 7.723572e-03 1.036459e-02 1.721998e-01 5.411140e-01
6.000000e-02 1.125000e-02  7.500000e-03  5.000000e-01 5.432750e-06 8.000000e-04 2.137118e+04 3.180132e+01 2.288608e+01 6.923124e+01 8.098689e-03 8.153482e-03 1.092430e-02 1.814989e-01 5.703354e-01
6.000000e-02 1.125000e-02  7.500000e-03  5.000000e-01 5.577512e-06 8.000000e-04 2.137118e+04 3.180127e+01 2.288597e+01 6.923110e+01 8.645906e-03 8.612259e-03 1.151424e-02 1.913003e-01 6.011348e-01
6.000000e-02 1.125000e-02  7.500000e-03  5.000000e-01 5.726131e-06 8.000000e-04 2.137118e+04 3.180129e+01 2.288588e+01 6.923104e+01 8.803919e-03 8.999878e-03 1.213603e-02 2.016310e-01 6.335975e-01
6.000000e-02 1.125000e-02  7.500000e-03  5.000000e-01 5.878710e-06 8.000000e-04 2.137118e+04 3.180119e+01 2.288575e+01 6.923084e+01 9.489507e-03 9.476279e-03 1.279141e-02 2.125195e-01 6.678132e-01
6.000000e-02 1.125000e-02  7.500000e-03  5.000000e-01 6.035355e-06 8.000000e-04 2.137118e+04 3.180113e+01 2.288565e+01 6.923071e+01 1.012405e-02 9.988444e-03 1.348217e-02 2.239960e-01 7.038767e-01
6.000000e-02 1.125000e-02  7.500000e-03  5.000000e-01 6.196174e-06 8.000000e-04 2.137118e+04 3.180112e+01 2.288553e+01 6.923061e+01 1.079254e-02 1.057265e-02 1.421024e-02 2.360923e-01 7.418876e-01
6.000000e-02 1.125000e-02  7.500000e-03  5.000000e-01 6.361278e-06 8.000000e-04 2.137118e+04 3.180108e+01 2.288537e+01 6.923046e+01 1.100730e-02 1.117940e-02 1.497762e-02 2.488419e-01 7.819513e-01
6.000000e-02 1.125000e-02  7.500000e-03  5.000000e-01 6.530782e-06 8.000000e-04 2.137118e+04 3.180102e+01 2.288521e+01 6.923028e+01 1.185133e-02 1.173195e-02 1.578645e-02 2.622799e-01 8.241784e-01
6.000000e-02 1.125000e-02  7.500000e-03  5.000000e-01 6.704802e-06 8.000000e-04 2.137118e+04 3.180098e+01 2.288508e+01 6.923015e+01 1.206888e-02 1.236110e-02 1.663896e-02 2.764436e-01 8.686860e-01
6.000000e-02 1.125000e-02  7.500000e-03  5.000000e-01 6.883459e-06 8.000000e-04 2.137118e+04 3.180082e+01 2.288490e+01 6.922980e+01 1.351810e-02 1.310203e-02 1.753750e-02 2.913722e-01 9.155970e-01
6.000000e-02 1.125000e-02  7.500000e-03  5.000000e-01 7.066877e-06 8.000000e-04 2.137118e+04 3.180083e+01 2.288476e+01 6.922973e+01 1.369637e-02 1.376691e-02 1.848456e-02 3.071070e-01 9.650414e-01
6.000000e-02 1.125000e-02  7.500000e-03  5.000000e-01 7.255182e-06 8.000000e-04 2.137118e+04 3.180079e+01 2.288461e+01 6.922954e+01 1.474624e-02 1.450905e-02 1.948277e-02 3.236915e-01 1.017156e+00
6.000000e-02 1.125000e-02  7.500000e-03  5.000000e-01 7.448504e-06 8.000000e-04 2.137118e+04 3.180069e+01 2.288438e+01 6.922928e+01 1.545484e-02 1.533660e-02 2.053489e-02 3.411716e-01 1.072085e+00
6.000000e-02 1.125000e-02  7.500000e-03  5.000000e-01 7.646978e-06 8.000000e-04 2.137118e+04 3.180065e+01 2.288420e+01 6.922916e+01 1.640980e-02 1.599248e-02 2.164382e-02 3.595956e-01 1.129980e+00
6.000000e-02 1.125000e-02  7.500000e-03  5.000000e-01 7.850741e-06 8.000000e-04 2.137118e+04 3.180054e+01 2.288402e+01 6.922885e+01 1.699320e-02 1.678963e-02 2.281263e-02 3.790146e-01 1.191001e+00
6.000000e-02 1.125000e-02  7.500000e-03  5.000000e-01 8.059933e-06 8.000000e-04 2.137118e+04 3.180053e+01 2.288378e+01 6.922865e+01 1.807437e-02 1.783895e-02 2.404457e-02 3.994823e-01 1.255318e+00
6.000000e-02 1.125000e-02  7.500000e-03  5.000000e-01 8.274699e-06 8.000000e-04 2.137118e+04 3.180037e+01 2.288358e+01 6.922830e+01 1.913593e-02 1.872823e-02 2.534303e-02 4.210553e-01 1.323108e+00
6.000000e-02 1.125000e-02  7.500000e-03  5.000000e-01 8.495188e-06 8.000000e-04 2.137118e+04 3.180018e+01 2.288333e+01 6.922793e+01 2.051039e-02 1.978156e-02 2.671161e-02 4.437932e-01 1.394559e+00
6.000000e-02 1.125000e-02  7.500000e-03  5.000000e-01 8.721552e-06 8.000000e-04 2.137118e+04 3.180017e+01 2.288306e+01 6.922777e+01 2.085297e-02 2.095879e-02 2.815410e-02 4.677591e-01 1.469868e+00
6.000000e-02 1.125000e-02  7.500000e-03  5.000000e-01 8.953948e-06 8.000000e-04 2.137118e+04 3.180025e+01 2.288280e+01 6.922777e+01 2.141617e-02 2.206471e-02 2.967449e-02 4.930192e-01 1.549245e+00
6.000000e-02 1.125000e-02  7.500000e-03  5.000000e-01 9.192536e-06 8.000000e-04 2.137118e+04 3.180000e+01 2.288248e+01 6.922718e+01 2.339137e-02 2.325355e-02 3.127698e-02 5.196433e-01 1.632907e+00
6.000000e-02 1.125000e-02  7.500000e-03  5.000000e-01 9.437481e-06 8.000000e-04 2.137118e+04 3.179998e+01 2.288215e+01 6.922689e+01 2.477884e-02 2.457190e-02 3.296601e-02 5.477053e-01 1.721088e+00
6.000000e-02 1.125000e-02  7.500000e-03  5.000000e-01 9.688954e-06 8.000000e-04 2.137118e+04 3.179974e+01 2.288188e+01 6.922645e+01 2.609056e-02 2.594149e-02 3.474625e-02 5.772826e-01 1.814031e+00
6.000000e-02 1.125000e-02  7.500000e-03  5.000000e-01 9.947127e-06 8.000000e-04 2.137118e+04 3.179971e+01 2.288146e+01 6.922611e+01 2.689015e-02 2.726322e-02 3.662263e-02 6.084572e-01 1.911993e+00
6.000000e-02 1.125000e-02  7.500000e-03  5.000000e-01 1.021218e-05 8.000000e-04 2.137118e+04 3.179958e+01 2.288124e+01 6.922578e+01 2.904714e-02 2.857703e-02 3.860034e-02 6.413153e-01 2.015245e+00
6.000000e-02 1.125000e-02  7.500000e-03  5.000000e-01 1.048430e-05 8.000000e-04 2.137118e+04 3.179944e+01 2.288081e+01 6.922530e+01 3.026738e-02 3.046809e-02 4.068484e-02 6.759478e-01 2.124073e+00
6.000000e-02 1.125000e-02  7.500000e-03  5.000000e-01 1.076366e-05 8.000000e-04 2.137118e+04 3.179927e+01 2.288042e+01 6.922491e+01 3.165055e-02 3.181132e-02 4.288192e-02 7.124506e-01 2.238778e+00
6.000000e-02 1.125000e-02  7.500000e-03  5.000000e-01 1.105047e-05 8.000000e-04 2.137118e+04 3.179915e+01 2.288009e+01 6.922443e+01 3.352936e-02 3.342277e-02 4.519764e-02 7.509245e-01 2.359677e+00
6.000000e-02 1.125000e-02  7.500000e-03  5.000000e-01 1.134492e-05 8.000000e-04 2.137118e+04 3.179893e+01 2.287953e+01 6.922390e+01 3.562032e-02 3.533166e-02 4.763842e-02 7.914762e-01 2.487105e+00
6.000000e-02 1.125000e-02  7.500000e-03  5.000000e-01 1.164722e-05 8.000000e-04 2.137118e+04 3.179891e+01 2.287910e+01 6.922359e+01 3.697663e-02 3.746025e-02 5.021100e-02 8.342178e-01 2.621414e+00
6.000000e-02 1.125000e-02  7.500000e-03  5.000000e-01 1.195758e-05 8.000000e-04 2.137118e+04 3.179852e+01 2.287869e+01 6.922264e+01 3.961780e-02 3.933260e-02 5.292251e-02 8.792674e-01 2.762977e+00
6.000000e-02 1.125000e-02  7.500000e-03  5.000000e-01 1.227620e-05 8.000000e-04 2.137118e+04 3.179848e+01 2.287819e+01 6.922236e+01 4.119567e-02 4.141776e-02 5.578045e-02 9.267499e-01 2.912184e+00
6.000000e-02 1.125000e-02  7.500000e-03  5.000000e-01 1.260331e-05 8.000000e-04 2.137118e+04 3.179823e+01 2.287768e+01 6.922166e+01 4.304172e-02 4.369730e-02 5.879272e-02 9.767965e-01 3.069448e+00
6.000000e-02 1.125000e-02  7.500000e-03  5.000000e-01 1.293914e-05 8.000000e-04 2.137118e+04 3.179806e+01 2.287715e+01 6.922131e+01 4.671310e-02 4.605745e-02 6.196767e-02 1.029546e+00 3.235206e+00
6.000000e-02 1.125000e-02  7.500000e-03  5.000000e-01 1.328392e-05 8.000000e-04 2.137118e+04 3.179794e+01 2.287630e+01 6.922063e+01 4.810826e-02 4.889855e-02 6.531406e-02 1.085144e+00 3.409914e+00
6.000000e-02 1.125000e-02  7.500000e-03  5.000000e-01 1.363789e-05 8.000000e-04 2.137118e+04 3.179773e+01 2.287576e+01 6.921997e+01 5.103548e-02 5.150354e-02 6.884117e-02 1.143744e+00 3.594057e+00
6.000000e-02 1.125000e-02  7.500000e-03  5.000000e-01 1.400128e-05 8.000000e-04 2.137118e+04 3.179733e+01 2.287525e+01 6.921889e+01 5.378036e-02 5.394096e-02 7.255876e-02 1.205509e+00 3.788145e+00
6.000000e-02 1.125000e-02  7.500000e-03  5.000000e-01 1.437436e-05 8.000000e-04 2.137118e+04 3.179708e+01 2.287456e+01 6.921811e+01 5.715361e-02 5.663568e-02 7.647710e-02 1.270609e+00 3.992713e+00
6.000000e-02 1.125000e-02  7.500000e-03  5.000000e-01 1.475738e-05 8.000000e-04 2.137118e+04 3.179686e+01 2.287375e+01 6.921737e+01 6.007254e-02 5.976777e-02 8.060704e-02 1.339225e+00 4.208329e+00
6.000000e-02 1.125000e-02  7.500000e-03  5.000000e-01 1.515061e-05 8.000000e-04 2.137118e+04 3.179653e+01 2.287305e+01 6.921658e+01 6.342249e-02 6.294973e-02 8.496000e-02 1.411546e+00 4.435589e+00
6.000000e-02 1.125000e-02  7.500000e-03  5.000000e-01 1.555432e-05 8.000000e-04 2.137118e+04 3.179645e+01 2.287240e+01 6.921593e+01 6.413570e-02 6.645755e-02 8.954804e-02 1.487773e+00 4.675121e+00
6.000000e-02 1.125000e-02  7.500000e-03  5.000000e-01 1.596878e-05 8.000000e-04 2.137118e+04 3.179606e+01 2.287130e+01 6.921466e+01 7.141707e-02 6.992249e-02 9.438384e-02 1.568116e+00 4.927588e+00
6.000000e-02 1.125000e-02  7.500000e-03  5.000000e-01 1.639429e-05 8.000000e-04 2.137118e+04 3.179559e+01 2.287035e+01 6.921363e+01 7.339099e-02 7.440334e-02 9.948079e-02 1.652798e+00 5.193689e+00
6.000000e-02 1.125000e-02  7.500000e-03  5.000000e-01 1.683113e-05 8.000000e-04 2.137118e+04 3.179554e+01 2.286976e+01 6.921331e+01 7.575683e-02 7.751800e-02 1.048530e-01 1.742053e+00 5.474160e+00
6.000000e-02 1.125000e-02  7.500000e-03  5.000000e-01 1.727962e-05 8.000000e-04 2.137118e+04 3.179505e+01 2.286869e+01 6.921160e+01 8.267483e-02 8.181774e-02 1.105153e-01 1.836128e+00 5.769778e+00
