5.000000e-01 2.285000e-02  1.523333e-02  5.000000e-01 2.000000e-06 8.000000e-04 2.672800e+06 3.180203e+01 2.288802e+01 6.923341e+01 1.104272e-08 2.719551e-08 1.186058e-08 2.478580e-07 9.245373e-07
5.000000e-01 2.285000e-02  1.523333e-02  5.000000e-01 2.053292e-06 8.000000e-04 2.672800e+06 3.180203e+01 2.288802e+01 6.923341e+01 1.179978e-08 2.877627e-08 1.250108e-08 2.612429e-07 9.744644e-07
5.000000e-01 2.285000e-02  1.523333e-02  5.000000e-01 2.108005e-06 8.000000e-04 2.672800e+06 3.180203e+01 2.288802e+01 6.923341e+01 1.271937e-08 3.028459e-08 1.317616e-08 2.753507e-07 1.027088e-06
5.000000e-01 2.285000e-02  1.523333e-02  5.000000e-01 2.164175e-06 8.000000e-04 2.672800e+06 3.180203e+01 2.288802e+01 6.923341e+01 1.279990e-08 3.180824e-08 1.388771e-08 2.902202e-07 1.082553e-06
5.000000e-01 2.285000e-02  1.523333e-02  5.000000e-01 2.221842e-06 8.000000e-04 2.672800e+06 3.180203e+01 2.288802e+01 6.923341e+01 1.380334e-08 3.358412e-08 1.463767e-08 3.058928e-07 1.141013e-06
5.000000e-01 2.285000e-02  1.523333e-02  5.000000e-01 2.281045e-06 8.000000e-04 2.672800e+06 3.180203e+01 2.288802e+01 6.923341e+01 1.471131e-08 3.535718e-08 1.542814e-08 3.224117e-07 1.202631e-06
5.000000e-01 2.285000e-02  1.523333e-02  5.000000e-01 2.341826e-06 8.000000e-04 2.672800e+06 3.180203e+01 2.288802e+01 6.923341e+01 1.538805e-08 3.757889e-08 1.626130e-08 3.398227e-07 1.267575e-06
5.000000e-01 2.285000e-02  1.523333e-02  5.000000e-01 2.404227e-06 8.000000e-04 2.672800e+06 3.180203e+01 2.288802e+01 6.923341e+01 1.635329e-08 3.958352e-08 1.713944e-08 3.581739e-07 1.336027e-06
5.000000e-01 2.285000e-02  1.523333e-02  5.000000e-01 2.468290e-06 8.000000e-04 2.672800e+06 3.180203e+01 2.288802e+01 6.923341e+01 1.736180e-08 4.161031e-08 1.806501e-08 3.775161e-07 1.408176e-06
5.000000e-01 2.285000e-02  1.523333e-02  5.000000e-01 2.534061e-06 8.000000e-04 2.672800e+06 3.180203e+01 2.288802e+01 6.923341e+01 1.771667e-08 4.371723e-08 1.904057e-08 3.979029e-07 1.484221e-06
5.000000e-01 2.285000e-02  1.523333e-02  5.000000e-01 2.601584e-06 8.000000e-04 2.672800e+06 3.180203e+01 2.288802e+01 6.923341e+01 1.899962e-08 4.618901e-08 2.006880e-08 4.193905e-07 1.564372e-06
5.000000e-01 2.285000e-02  1.523333e-02  5.000000e-01 2.670906e-06 8.000000e-04 2.672800e+06 3.180203e+01 2.288802e+01 6.923341e+01 1.952395e-08 4.832429e-08 2.115256e-08 4.420386e-07 1.648852e-06
5.000000e-01 2.285000e-02  1.523333e-02  5.000000e-01 2.742075e-06 8.000000e-04 2.672800e+06 3.180203e+01 2.288802e+01 6.923341e+01 2.095035e-08 5.145564e-08 2.229485e-08 4.659097e-07 1.737894e-06
5.000000e-01 2.285000e-02  1.523333e-02  5.000000e-01 2.815141e-06 8.000000e-04 2.672800e+06 3.180203e+01 2.288802e+01 6.923341e+01 2.268721e-08 5.431796e-08 2.349882e-08 4.910699e-07 1.831744e-06
5.000000e-01 2.285000e-02  1.523333e-02  5.000000e-01 2.890154e-06 8.000000e-04 2.672800e+06 3.180203e+01 2.288802e+01 6.923341e+01 2.389861e-08 5.696112e-08 2.476781e-08 5.175888e-07 1.930662e-06
5.000000e-01 2.285000e-02  1.523333e-02  5.000000e-01 2.967165e-06 8.000000e-04 2.672800e+06 3.180203e+01 2.288802e+01 6.923341e+01 2.529108e-08 6.047417e-08 2.610533e-08 5.455398e-07 2.034922e-06
5.000000e-01 2.285000e-02  1.523333e-02  5.000000e-01 3.046229e-06 8.000000e-04 2.672800e+06 3.180203e+01 2.288802e+01 6.923341e+01 2.609021e-08 6.363407e-08 2.751508e-08 5.750002e-07 2.144813e-06
5.000000e-01 2.285000e-02  1.523333e-02  5.000000e-01 3.127399e-06 8.000000e-04 2.672800e+06 3.180203e+01 2.288802e+01 6.923341e+01 2.781476e-08 6.679613e-08 2.900096e-08 6.060516e-07 2.260638e-06
5.000000e-01 2.285000e-02  1.523333e-02  5.000000e-01 3.210732e-06 8.000000e-04 2.672800e+06 3.180203e+01 2.288802e+01 6.923341e+01 2.966614e-08 7.031092e-08 3.056708e-08 6.387797e-07 2.382718e-06
5.000000e-01 2.285000e-02  1.523333e-02  5.000000e-01 3.296286e-06 8.000000e-04 2.672800e+06 3.180203e+01 2.288802e+01 6.923341e+01 3.108521e-08 7.421431e-08 3.221777e-08 6.732753e-07 2.511390e-06
5.000000e-01 2.285000e-02  1.523333e-02  5.000000e-01 3.384119e-06 8.000000e-04 2.672800e+06 3.180203e+01 2.288802e+01 6.923341e+01 3.148075e-08 7.824611e-08 3.395761e-08 7.096337e-07 2.647011e-06
5.000000e-01 2.285000e-02  1.523333e-02  5.000000e-01 3.474293e-06 8.000000e-04 2.672800e+06 3.180203e+01 2.288802e+01 6.923341e+01 3.392998e-08 8.267983e-08 3.579140e-08 7.479556e-07 2.789955e-06
5.000000e-01 2.285000e-02  1.523333e-02  5.000000e-01 3.566869e-06 8.000000e-04 2.672800e+06 3.180203e+01 2.288802e+01 6.923341e+01 3.567255e-08 8.709534e-08 3.772421e-08 7.883469e-07 2.940619e-06
5.000000e-01 2.285000e-02  1.523333e-02  5.000000e-01 3.661913e-06 8.000000e-04 2.672800e+06 3.180203e+01 2.288802e+01 6.923341e+01 3.660950e-08 9.118381e-08 3.976141e-08 8.309195e-07 3.099420e-06
5.000000e-01 2.285000e-02  1.523333e-02  5.000000e-01 3.759488e-06 8.000000e-04 2.672800e+06 3.180203e+01 2.288802e+01 6.923341e+01 3.991915e-08 9.681107e-08 4.190862e-08 8.757911e-07 3.266795e-06
5.000000e-01 2.285000e-02  1.523333e-02  5.000000e-01 3.859664e-06 8.000000e-04 2.672800e+06 3.180203e+01 2.288802e+01 6.923341e+01 4.280190e-08 1.011198e-07 4.417178e-08 9.230858e-07 3.443210e-06
5.000000e-01 2.285000e-02  1.523333e-02  5.000000e-01 3.962510e-06 8.000000e-04 2.672800e+06 3.180203e+01 2.288802e+01 6.923341e+01 4.398234e-08 1.072859e-07 4.655716e-08 9.729346e-07 3.629151e-06
5.000000e-01 2.285000e-02  1.523333e-02  5.000000e-01 4.068095e-06 8.000000e-04 2.672800e+06 3.180203e+01 2.288802e+01 6.923341e+01 4.486558e-08 1.125543e-07 4.907135e-08 1.025475e-06 3.825134e-06
5.000000e-01 2.285000e-02  1.523333e-02  5.000000e-01 4.176494e-06 8.000000e-04 2.672800e+06 3.180203e+01 2.288802e+01 6.923341e+01 4.914729e-08 1.190107e-07 5.172132e-08 1.080853e-06 4.031700e-06
5.000000e-01 2.285000e-02  1.523333e-02  5.000000e-01 4.287782e-06 8.000000e-04 2.672800e+06 3.180203e+01 2.288802e+01 6.923341e+01 5.210864e-08 1.252069e-07 5.451439e-08 1.139222e-06 4.249421e-06
5.000000e-01 2.285000e-02  1.523333e-02  5.000000e-01 4.402035e-06 8.000000e-04 2.672800e+06 3.180203e+01 2.288802e+01 6.923341e+01 5.504014e-08 1.325660e-07 5.745829e-08 1.200743e-06 4.478900e-06
5.000000e-01 2.285000e-02  1.523333e-02  5.000000e-01 4.519332e-06 8.000000e-04 2.672800e+06 3.180203e+01 2.288802e+01 6.923341e+01 5.569308e-08 1.395129e-07 6.056117e-08 1.265585e-06 4.720770e-06
5.000000e-01 2.285000e-02  1.523333e-02  5.000000e-01 4.639755e-06 8.000000e-04 2.672800e+06 3.180203e+01 2.288802e+01 6.923341e+01 6.045668e-08 1.473197e-07 6.383161e-08 1.333930e-06 4.975703e-06
5.000000e-01 2.285000e-02  1.523333e-02  5.000000e-01 4.763386e-06 8.000000e-04 2.672800e+06 3.180203e+01 2.288802e+01 6.923341e+01 6.278609e-08 1.550030e-07 6.727867e-08 1.405965e-06 5.244402e-06
5.000000e-01 2.285000e-02  1.523333e-02  5.000000e-01 4.890312e-06 8.000000e-04 2.672800e+06 3.180203e+01 2.288802e+01 6.923341e+01 6.729995e-08 1.635127e-07 7.091187e-08 1.481891e-06 5.527612e-06
5.000000e-01 2.285000e-02  1.523333e-02  5.000000e-01 5.020620e-06 8.000000e-04 2.672800e+06 3.180203e+01 2.288802e+01 6.923341e+01 7.165024e-08 1.718511e-07 7.474128e-08 1.561916e-06 5.826116e-06
5.000000e-01 2.285000e-02  1.523333e-02  5.000000e-01 5.154400e-06 8.000000e-04 2.672800e+06 3.180203e+01 2.288802e+01 6.923341e+01 7.530996e-08 1.814962e-07 7.877748e-08 1.646263e-06 6.140740e-06
5.000000e-01 2.285000e-02  1.523333e-02  5.000000e-01 5.291745e-06 8.000000e-04 2.672800e+06 3.180203e+01 2.288802e+01 6.923341e+01 7.926823e-08 1.921409e-07 8.303164e-08 1.735165e-06 6.472354e-06
5.000000e-01 2.285000e-02  1.523333e-02  5.000000e-01 5.432750e-06 8.000000e-04 2.672800e+06 3.180203e+01 2.288802e+01 6.923341e+01 8.376625e-08 2.015998e-07 8.751554e-08 1.828868e-06 6.821876e-06
5.000000e-01 2.285000e-02  1.523333e-02  5.000000e-01 5.577512e-06 8.000000e-04 2.672800e+06 3.180203e+01 2.288802e+01 6.923341e+01 8.878148e-08 2.131632e-07 9.224159e-08 1.927631e-06 7.190273e-06
5.000000e-01 2.285000e-02  1.523333e-02  5.000000e-01 5.726131e-06 8.000000e-04 2.672800e+06 3.180203e+01 2.288802e+01 6.923341e+01 9.221415e-08 2.225960e-07 9.722285e-08 2.031728e-06 7.578564e-06
5.000000e-01 2.285000e-02  1.523333e-02  5.000000e-01 5.878710e-06 8.000000e-04 2.672800e+06 3.180203e+01 2.288802e+01 6.923341e+01 9.874466e-08 2.357573e-07 1.024731e-07 2.141446e-06 7.987824e-06
5.000000e-01 2.285000e-02  1.523333e-02  5.000000e-01 6.035355e-06 8.000000e-04 2.672800e+06 3.180203e+01 2.288802e+01 6.923341e+01 1.006213e-07 2.490968e-07 1.080069e-07 2.257089e-06 8.419185e-06
5.000000e-01 2.285000e-02  1.523333e-02  5.000000e-01 6.196174e-06 8.000000e-04 2.672800e+06 3.180203e+01 2.288802e+01 6.923341e+01 1.083429e-07 2.630165e-07 1.138395e-07 2.378977e-06 8.873841e-06
5.000000e-01 2.285000e-02  1.523333e-02  5.000000e-01 6.361278e-06 8.000000e-04 2.672800e+06 3.180203e+01 2.288802e+01 6.923341e+01 1.153354e-07 2.749924e-07 1.199871e-07 2.507447e-06 9.353049e-06
5.000000e-01 2.285000e-02  1.523333e-02  5.000000e-01 6.530782e-06 8.000000e-04 2.672800e+06 3.180203e+01 2.288802e+01 6.923341e+01 1.212333e-07 2.931138e-07 1.264667e-07 2.642855e-06 9.858135e-06
5.000000e-01 2.285000e-02  1.523333e-02  5.000000e-01 6.704802e-06 8.000000e-04 2.672800e+06 3.180203e+01 2.288802e+01 6.923341e+01 1.245558e-07 3.064132e-07 1.332962e-07 2.785575e-06 1.039050e-05
5.000000e-01 2.285000e-02  1.523333e-02  5.000000e-01 6.883459e-06 8.000000e-04 2.672800e+06 3.180203e+01 2.288802e+01 6.923341e+01 1.362891e-07 3.224638e-07 1.404945e-07 2.936003e-06 1.095161e-05
5.000000e-01 2.285000e-02  1.523333e-02  5.000000e-01 7.066877e-06 8.000000e-04 2.672800e+06 3.180203e+01 2.288802e+01 6.923341e+01 1.379743e-07 3.414340e-07 1.480815e-07 3.094554e-06 1.154302e-05
5.000000e-01 2.285000e-02  1.523333e-02  5.000000e-01 7.255182e-06 8.000000e-04 2.672800e+06 3.180203e+01 2.288802e+01 6.923341e+01 1.469583e-07 3.598287e-07 1.560783e-07 3.261667e-06 1.216637e-05
5.000000e-01 2.285000e-02  1.523333e-02  5.000000e-01 7.448504e-06 8.000000e-04 2.672800e+06 3.180203e+01 2.288802e+01 6.923341e+01 1.617297e-07 3.786603e-07 1.645068e-07 3.437804e-06 1.282338e-05
5.000000e-01 2.285000e-02  1.523333e-02  5.000000e-01 7.646978e-06 8.000000e-04 2.672800e+06 3.180203e+01 2.288802e+01 6.923341e+01 1.629573e-07 4.005511e-07 1.733906e-07 3.623454e-06 1.351587e-05
5.000000e-01 2.285000e-02  1.523333e-02  5.000000e-01 7.850741e-06 8.000000e-04 2.672800e+06 3.180203e+01 2.288802e+01 6.923341e+01 1.735028e-07 4.209862e-07 1.827541e-07 3.819129e-06 1.424576e-05
5.000000e-01 2.285000e-02  1.523333e-02  5.000000e-01 8.059933e-06 8.000000e-04 2.672800e+06 3.180203e+01 2.288802e+01 6.923341e+01 1.826060e-07 4.457260e-07 1.926232e-07 4.025370e-06 1.501507e-05
5.000000e-01 2.285000e-02  1.523333e-02  5.000000e-01 8.274699e-06 8.000000e-04 2.672800e+06 3.180203e+01 2.288802e+01 6.923341e+01 1.906637e-07 4.679519e-07 2.030253e-07 4.242750e-06 1.582592e-05
5.000000e-01 2.285000e-02  1.523333e-02  5.000000e-01 8.495188e-06 8.000000e-04 2.672800e+06 3.180203e+01 2.288802e+01 6.923341e+01 2.071728e-07 4.936742e-07 2.139892e-07 4.471868e-06 1.668055e-05
5.000000e-01 2.285000e-02  1.523333e-02  5.000000e-01 8.721552e-06 8.000000e-04 2.672800e+06 3.180203e+01 2.288802e+01 6.923341e+01 2.140922e-07 5.198598e-07 2.255451e-07 4.713359e-06 1.758134e-05
5.000000e-01 2.285000e-02  1.523333e-02  5.000000e-01 8.953948e-06 8.000000e-04 2.672800e+06 3.180203e+01 2.288802e+01 6.923341e+01 2.226954e-07 5.473599e-07 2.377250e-07 4.967891e-06 1.853077e-05
5.000000e-01 2.285000e-02  1.523333e-02  5.000000e-01 9.192536e-06 8.000000e-04 2.672800e+06 3.180203e+01 2.288802e+01 6.923341e+01 2.352176e-07 5.744135e-07 2.505627e-07 5.236169e-06 1.953148e-05
5.000000e-01 2.285000e-02  1.523333e-02  5.000000e-01 9.437481e-06 8.000000e-04 2.672800e+06 3.180203e+01 2.288802e+01 6.923341e+01 2.519522e-07 6.096847e-07 2.640937e-07 5.518934e-06 2.058622e-05
5.000000e-01 2.285000e-02  1.523333e-02  5.000000e-01 9.688954e-06 8.000000e-04 2.672800e+06 3.180203e+01 2.288802e+01 6.923341e+01 2.697604e-07 6.410224e-07 2.783554e-07 5.816970e-06 2.169793e-05
5.000000e-01 2.285000e-02  1.523333e-02  5.000000e-01 9.947127e-06 8.000000e-04 2.672800e+06 3.180203e+01 2.288802e+01 6.923341e+01 2.770459e-07 6.755376e-07 2.933872e-07 6.131099e-06 2.286966e-05
5.000000e-01 2.285000e-02  1.523333e-02  5.000000e-01 1.021218e-05 8.000000e-04 2.672800e+06 3.180203e+01 2.288802e+01 6.923341e+01 2.903906e-07 7.139678e-07 3.092308e-07 6.462193e-06 2.410468e-05
5.000000e-01 2.285000e-02  1.523333e-02  5.000000e-01 1.048430e-05 8.000000e-04 2.672800e+06 3.180203e+01 2.288802e+01 6.923341e+01 3.094310e-07 7.475850e-07 3.259300e-07 6.811166e-06 2.540639e-05
5.000000e-01 2.285000e-02  1.523333e-02  5.000000e-01 1.076366e-05 8.000000e-04 2.672800e+06 3.180203e+01 2.288802e+01 6.923341e+01 3.313092e-07 7.889873e-07 3.435309e-07 7.178985e-06 2.677839e-05
5.000000e-01 2.285000e-02  1.523333e-02  5.000000e-01 1.105047e-05 8.000000e-04 2.672800e+06 3.180203e+01 2.288802e+01 6.923341e+01 3.463472e-07 8.314373e-07 3.620824e-07 7.566667e-06 2.822449e-05
5.000000e-01 2.285000e-02  1.523333e-02  5.000000e-01 1.134492e-05 8.000000e-04 2.672800e+06 3.180203e+01 2.288802e+01 6.923341e+01 3.644807e-07 8.815020e-07 3.816357e-07 7.975284e-06 2.974867e-05
5.000000e-01 2.285000e-02  1.523333e-02  5.000000e-01 1.164722e-05 8.000000e-04 2.672800e+06 3.180203e+01 2.288802e+01 6.923341e+01 3.863684e-07 9.244654e-07 4.022449e-07 8.405968e-06 3.135517e-05
5.000000e-01 2.285000e-02  1.523333e-02  5.000000e-01 1.195758e-05 8.000000e-04 2.672800e+06 3.180203e+01 2.288802e+01 6.923341e+01 4.011021e-07 9.773339e-07 4.239670e-07 8.859910e-06 3.304842e-05
5.000000e-01 2.285000e-02  1.523333e-02  5.000000e-01 1.227620e-05 8.000000e-04 2.672800e+06 3.180203e+01 2.288802e+01 6.923341e+01 4.246414e-07 1.032425e-06 4.468622e-07 9.338365e-06 3.483311e-05
5.000000e-01 2.285000e-02  1.523333e-02  5.000000e-01 1.260331e-05 8.000000e-04 2.672800e+06 3.180203e+01 2.288802e+01 6.923341e+01 4.428209e-07 1.085427e-06 4.709938e-07 9.842659e-06 3.671418e-05
5.000000e-01 2.285000e-02  1.523333e-02  5.000000e-01 1.293914e-05 8.000000e-04 2.672800e+06 3.180203e+01 2.288802e+01 6.923341e+01 4.717667e-07 1.142651e-06 4.964286e-07 1.037418e-05 3.869683e-05
5.000000e-01 2.285000e-02  1.523333e-02  5.000000e-01 1.328392e-05 8.000000e-04 2.672800e+06 3.180203e+01 2.288802e+01 6.923341e+01 4.987720e-07 1.202257e-06 5.232369e-07 1.093441e-05 4.078655e-05
5.000000e-01 2.285000e-02  1.523333e-02  5.000000e-01 1.363789e-05 8.000000e-04 2.672800e+06 3.180203e+01 2.288802e+01 6.923341e+01 5.230917e-07 1.265004e-06 5.514929e-07 1.152490e-05 4.298912e-05
5.000000e-01 2.285000e-02  1.523333e-02  5.000000e-01 1.400128e-05 8.000000e-04 2.672800e+06 3.180203e+01 2.288802e+01 6.923341e+01 5.497523e-07 1.337778e-06 5.812748e-07 1.214727e-05 4.531063e-05
5.000000e-01 2.285000e-02  1.523333e-02  5.000000e-01 1.437436e-05 8.000000e-04 2.672800e+06 3.180203e+01 2.288802e+01 6.923341e+01 5.967960e-07 1.409578e-06 6.126650e-07 1.280325e-05 4.775751e-05
5.000000e-01 2.285000e-02  1.523333e-02  5.000000e-01 1.475738e-05 8.000000e-04 2.672800e+06 3.180203e+01 2.288802e+01 6.923341e+01 6.008017e-07 1.487614e-06 6.457503e-07 1.349466e-05 5.033652e-05
5.000000e-01 2.285000e-02  1.523333e-02  5.000000e-01 1.515061e-05 8.000000e-04 2.672800e+06 3.180203e+01 2.288802e+01 6.923341e+01 6.581523e-07 1.561206e-06 6.806223e-07 1.422340e-05 5.305481e-05
5.000000e-01 2.285000e-02  1.523333e-02  5.000000e-01 1.555432e-05 8.000000e-04 2.672800e+06 3.180203e+01 2.288802e+01 6.923341e+01 6.942196e-07 1.642126e-06 7.173775e-07 1.499149e-05 5.591990e-05
5.000000e-01 2.285000e-02  1.523333e-02  5.000000e-01 1.596878e-05 8.000000e-04 2.672800e+06 3.180203e+01 2.288802e+01 6.923341e+01 7.303045e-07 1.741290e-06 7.561175e-07 1.580107e-05 5.893970e-05
5.000000e-01 2.285000e-02  1.523333e-02  5.000000e-01 1.639429e-05 8.000000e-04 2.672800e+06 3.180203e+01 2.288802e+01 6.923341e+01 7.655820e-07 1.835409e-06 7.969496e-07 1.665436e-05 6.212258e-05
5.000000e-01 2.285000e-02  1.523333e-02  5.000000e-01 1.683113e-05 8.000000e-04 2.672800e+06 3.180203e+01 2.288802e+01 6.923341e+01 7.909305e-07 1.936993e-06 8.399867e-07 1.755374e-05 6.547734e-05
5.000000e-01 2.285000e-02  1.523333e-02  5.000000e-01 1.727962e-05 8.000000e-04 2.672800e+06 3.180203e+01 2.288802e+01 6.923341e+01 8.500427e-07 2.027409e-06 8.853479e-07 1.850168e-05 6.901327e-05
5.000000e-01 2.285000e-02  1.523333e-02  5.000000e-01 1.774005e-05 8.000000e-04 2.672800e+06 3.180203e+01 2.288802e+01 6.923341e+01 8.843815e-07 2.147393e-06 9.331588e-07 1.950081e-05 7.274015e-05
5.000000e-01 2.285000e-02  1.523333e-02  5.000000e-01 1.821276e-05 8.000000e-04 2.672800e+06 3.180203e+01 2.288802e+01 6.923341e+01 9.349422e-07 2.268950e-06 9.835515e-07 2.055390e-05 7.666828e-05
