6.000000e-02 3.070000e-01  2.046667e-01  5.000000e-01 2.000000e-06 8.000000e-04 1.530216e-12 3.180039e+01 2.266967e+01 6.908448e+01 1.746509e-02 7.230646e-01 7.646410e-02 2.499332e-01 3.865659e+00
6.000000e-02 3.070000e-01  2.046667e-01  5.000000e-01 2.053292e-06 8.000000e-04 1.530216e-12 3.180030e+01 2.265732e+01 6.907658e+01 1.842067e-02 7.609999e-01 8.059333e-02 2.634302e-01 4.074413e+00
6.000000e-02 3.070000e-01  2.046667e-01  5.000000e-01 2.108005e-06 8.000000e-04 1.530216e-12 3.180020e+01 2.264619e+01 6.906661e+01 1.940386e-02 8.031683e-01 8.494556e-02 2.776561e-01 4.294441e+00
6.000000e-02 3.070000e-01  2.046667e-01  5.000000e-01 2.164175e-06 8.000000e-04 1.530216e-12 3.180011e+01 2.263184e+01 6.905732e+01 2.038290e-02 8.453167e-01 8.953282e-02 2.926501e-01 4.526351e+00
6.000000e-02 3.070000e-01  2.046667e-01  5.000000e-01 2.221842e-06 8.000000e-04 1.530216e-12 3.180002e+01 2.261742e+01 6.904825e+01 2.157576e-02 8.955913e-01 9.436779e-02 3.084539e-01 4.770784e+00
6.000000e-02 3.070000e-01  2.046667e-01  5.000000e-01 2.281045e-06 8.000000e-04 1.530216e-12 3.179989e+01 2.260704e+01 6.904294e+01 2.284864e-02 9.369492e-01 9.946387e-02 3.251111e-01 5.028418e+00
6.000000e-02 3.070000e-01  2.046667e-01  5.000000e-01 2.341826e-06 8.000000e-04 1.530216e-12 3.179979e+01 2.258943e+01 6.902809e+01 2.403887e-02 9.899775e-01 1.048352e-01 3.426679e-01 5.299964e+00
6.000000e-02 3.070000e-01  2.046667e-01  5.000000e-01 2.404227e-06 8.000000e-04 1.530216e-12 3.179967e+01 2.257219e+01 6.901768e+01 2.523860e-02 1.045218e+00 1.104965e-01 3.611727e-01 5.586174e+00
6.000000e-02 3.070000e-01  2.046667e-01  5.000000e-01 2.468290e-06 8.000000e-04 1.530216e-12 3.179956e+01 2.255369e+01 6.900288e+01 2.652282e-02 1.108340e+00 1.164636e-01 3.806769e-01 5.887841e+00
6.000000e-02 3.070000e-01  2.046667e-01  5.000000e-01 2.534061e-06 8.000000e-04 1.530216e-12 3.179938e+01 2.253761e+01 6.899452e+01 2.801172e-02 1.164298e+00 1.227529e-01 4.012343e-01 6.205798e+00
6.000000e-02 3.070000e-01  2.046667e-01  5.000000e-01 2.601584e-06 8.000000e-04 1.530216e-12 3.179927e+01 2.252267e+01 6.898593e+01 2.942431e-02 1.222246e+00 1.293818e-01 4.229019e-01 6.540925e+00
6.000000e-02 3.070000e-01  2.046667e-01  5.000000e-01 2.670906e-06 8.000000e-04 1.530216e-12 3.179909e+01 2.249754e+01 6.896965e+01 3.143199e-02 1.294921e+00 1.363687e-01 4.457396e-01 6.894150e+00
6.000000e-02 3.070000e-01  2.046667e-01  5.000000e-01 2.742075e-06 8.000000e-04 1.530216e-12 3.179901e+01 2.248085e+01 6.895669e+01 3.280869e-02 1.364132e+00 1.437329e-01 4.698106e-01 7.266450e+00
6.000000e-02 3.070000e-01  2.046667e-01  5.000000e-01 2.815141e-06 8.000000e-04 1.530216e-12 3.179878e+01 2.245497e+01 6.893769e+01 3.461819e-02 1.437160e+00 1.514949e-01 4.951814e-01 7.658855e+00
6.000000e-02 3.070000e-01  2.046667e-01  5.000000e-01 2.890154e-06 8.000000e-04 1.530216e-12 3.179866e+01 2.243558e+01 6.892351e+01 3.630134e-02 1.509676e+00 1.596759e-01 5.219224e-01 8.072451e+00
6.000000e-02 3.070000e-01  2.046667e-01  5.000000e-01 2.967165e-06 8.000000e-04 1.530216e-12 3.179837e+01 2.241113e+01 6.891068e+01 3.872349e-02 1.591169e+00 1.682988e-01 5.501074e-01 8.508382e+00
6.000000e-02 3.070000e-01  2.046667e-01  5.000000e-01 3.046229e-06 8.000000e-04 1.530216e-12 3.179820e+01 2.237882e+01 6.888484e+01 4.054872e-02 1.694338e+00 1.773873e-01 5.798145e-01 8.967854e+00
6.000000e-02 3.070000e-01  2.046667e-01  5.000000e-01 3.127399e-06 8.000000e-04 1.530216e-12 3.179798e+01 2.235794e+01 6.887524e+01 4.292985e-02 1.771784e+00 1.869666e-01 6.111258e-01 9.452139e+00
6.000000e-02 3.070000e-01  2.046667e-01  5.000000e-01 3.210732e-06 8.000000e-04 1.530216e-12 3.179781e+01 2.233239e+01 6.885438e+01 4.521307e-02 1.862526e+00 1.970633e-01 6.441280e-01 9.962577e+00
6.000000e-02 3.070000e-01  2.046667e-01  5.000000e-01 3.296286e-06 8.000000e-04 1.530216e-12 3.179769e+01 2.230357e+01 6.883708e+01 4.735838e-02 1.964420e+00 2.077051e-01 6.789124e-01 1.050058e+01
6.000000e-02 3.070000e-01  2.046667e-01  5.000000e-01 3.384119e-06 8.000000e-04 1.530216e-12 3.179739e+01 2.226471e+01 6.881116e+01 4.975422e-02 2.073889e+00 2.189217e-01 7.155752e-01 1.106763e+01
6.000000e-02 3.070000e-01  2.046667e-01  5.000000e-01 3.474293e-06 8.000000e-04 1.530216e-12 3.179713e+01 2.222975e+01 6.878835e+01 5.245413e-02 2.204403e+00 2.307440e-01 7.542179e-01 1.166531e+01
6.000000e-02 3.070000e-01  2.046667e-01  5.000000e-01 3.566869e-06 8.000000e-04 1.530216e-12 3.179688e+01 2.220205e+01 6.876860e+01 5.529048e-02 2.300924e+00 2.432047e-01 7.949474e-01 1.229527e+01
6.000000e-02 3.070000e-01  2.046667e-01  5.000000e-01 3.661913e-06 8.000000e-04 1.530216e-12 3.179657e+01 2.216697e+01 6.874437e+01 5.859111e-02 2.432275e+00 2.563383e-01 8.378764e-01 1.295924e+01
6.000000e-02 3.070000e-01  2.046667e-01  5.000000e-01 3.759488e-06 8.000000e-04 1.530216e-12 3.179629e+01 2.212608e+01 6.872238e+01 6.148029e-02 2.554056e+00 2.701812e-01 8.831237e-01 1.365907e+01
6.000000e-02 3.070000e-01  2.046667e-01  5.000000e-01 3.859664e-06 8.000000e-04 1.530216e-12 3.179596e+01 2.208870e+01 6.869658e+01 6.513588e-02 2.695015e+00 2.847716e-01 9.308144e-01 1.439669e+01
6.000000e-02 3.070000e-01  2.046667e-01  5.000000e-01 3.962510e-06 8.000000e-04 1.530216e-12 3.179565e+01 2.204979e+01 6.867551e+01 6.848874e-02 2.845278e+00 3.001499e-01 9.810806e-01 1.517414e+01
6.000000e-02 3.070000e-01  2.046667e-01  5.000000e-01 4.068095e-06 8.000000e-04 1.530216e-12 3.179532e+01 2.200295e+01 6.863308e+01 7.196393e-02 2.991415e+00 3.163587e-01 1.034061e+00 1.599358e+01
6.000000e-02 3.070000e-01  2.046667e-01  5.000000e-01 4.176494e-06 8.000000e-04 1.530216e-12 3.179492e+01 2.195168e+01 6.860305e+01 7.666380e-02 3.156926e+00 3.334428e-01 1.089903e+00 1.685727e+01
6.000000e-02 3.070000e-01  2.046667e-01  5.000000e-01 4.287782e-06 8.000000e-04 1.530216e-12 3.179448e+01 2.191665e+01 6.858563e+01 8.032271e-02 3.304940e+00 3.514495e-01 1.148760e+00 1.776760e+01
6.000000e-02 3.070000e-01  2.046667e-01  5.000000e-01 4.402035e-06 8.000000e-04 1.530216e-12 3.179422e+01 2.184934e+01 6.853707e+01 8.458701e-02 3.517051e+00 3.704285e-01 1.210796e+00 1.872710e+01
6.000000e-02 3.070000e-01  2.046667e-01  5.000000e-01 4.519332e-06 8.000000e-04 1.530216e-12 3.179366e+01 2.179990e+01 6.850988e+01 8.864482e-02 3.700822e+00 3.904325e-01 1.276182e+00 1.973840e+01
6.000000e-02 3.070000e-01  2.046667e-01  5.000000e-01 4.639755e-06 8.000000e-04 1.530216e-12 3.179313e+01 2.172406e+01 6.845730e+01 9.433639e-02 3.915192e+00 4.115168e-01 1.345098e+00 2.080432e+01
6.000000e-02 3.070000e-01  2.046667e-01  5.000000e-01 4.763386e-06 8.000000e-04 1.530216e-12 3.179272e+01 2.166856e+01 6.842654e+01 9.926410e-02 4.126198e+00 4.337397e-01 1.417737e+00 2.192780e+01
6.000000e-02 3.070000e-01  2.046667e-01  5.000000e-01 4.890312e-06 8.000000e-04 1.530216e-12 3.179228e+01 2.162234e+01 6.838772e+01 1.036599e-01 4.311543e+00 4.571626e-01 1.494298e+00 2.311196e+01
6.000000e-02 3.070000e-01  2.046667e-01  5.000000e-01 5.020620e-06 8.000000e-04 1.530216e-12 3.179181e+01 2.155404e+01 6.834371e+01 1.099809e-01 4.552887e+00 4.818504e-01 1.574993e+00 2.436005e+01
6.000000e-02 3.070000e-01  2.046667e-01  5.000000e-01 5.154400e-06 8.000000e-04 1.530216e-12 3.179129e+01 2.147565e+01 6.830160e+01 1.149416e-01 4.807427e+00 5.078715e-01 1.660047e+00 2.567555e+01
6.000000e-02 3.070000e-01  2.046667e-01  5.000000e-01 5.291745e-06 8.000000e-04 1.530216e-12 3.179069e+01 2.141750e+01 6.827096e+01 1.216833e-01 5.039703e+00 5.352977e-01 1.749693e+00 2.706209e+01
6.000000e-02 3.070000e-01  2.046667e-01  5.000000e-01 5.432750e-06 8.000000e-04 1.530216e-12 3.178997e+01 2.133919e+01 6.821185e+01 1.284771e-01 5.315848e+00 5.642050e-01 1.844180e+00 2.852351e+01
6.000000e-02 3.070000e-01  2.046667e-01  5.000000e-01 5.577512e-06 8.000000e-04 1.530216e-12 3.178945e+01 2.126600e+01 6.816733e+01 1.345311e-01 5.605890e+00 5.946734e-01 1.943771e+00 3.006384e+01
6.000000e-02 3.070000e-01  2.046667e-01  5.000000e-01 5.726131e-06 8.000000e-04 1.530216e-12 3.178866e+01 2.116814e+01 6.809795e+01 1.433067e-01 5.936517e+00 6.267871e-01 2.048739e+00 3.168736e+01
6.000000e-02 3.070000e-01  2.046667e-01  5.000000e-01 5.878710e-06 8.000000e-04 1.530216e-12 3.178781e+01 2.108358e+01 6.804778e+01 1.513095e-01 6.254724e+00 6.606351e-01 2.159375e+00 3.339855e+01
6.000000e-02 3.070000e-01  2.046667e-01  5.000000e-01 6.035355e-06 8.000000e-04 1.530216e-12 3.178717e+01 2.099544e+01 6.798761e+01 1.576516e-01 6.547786e+00 6.963109e-01 2.275986e+00 3.520215e+01
6.000000e-02 3.070000e-01  2.046667e-01  5.000000e-01 6.196174e-06 8.000000e-04 1.530216e-12 3.178656e+01 2.090501e+01 6.794012e+01 1.667528e-01 6.910708e+00 7.339133e-01 2.398895e+00 3.710315e+01
6.000000e-02 3.070000e-01  2.046667e-01  5.000000e-01 6.361278e-06 8.000000e-04 1.530216e-12 3.178551e+01 2.078590e+01 6.786988e+01 1.771721e-01 7.323917e+00 7.735463e-01 2.528441e+00 3.910680e+01
6.000000e-02 3.070000e-01  2.046667e-01  5.000000e-01 6.530782e-06 8.000000e-04 1.530216e-12 3.178476e+01 2.067415e+01 6.779604e+01 1.853367e-01 7.714829e+00 8.153196e-01 2.664983e+00 4.121866e+01
6.000000e-02 3.070000e-01  2.046667e-01  5.000000e-01 6.704802e-06 8.000000e-04 1.530216e-12 3.178379e+01 2.055058e+01 6.771907e+01 1.950859e-01 8.141302e+00 8.593488e-01 2.808898e+00 4.344456e+01
6.000000e-02 3.070000e-01  2.046667e-01  5.000000e-01 6.883459e-06 8.000000e-04 1.530216e-12 3.178292e+01 2.044550e+01 6.765042e+01 2.056465e-01 8.565004e+00 9.057556e-01 2.960585e+00 4.579067e+01
6.000000e-02 3.070000e-01  2.046667e-01  5.000000e-01 7.066877e-06 8.000000e-04 1.530216e-12 3.178173e+01 2.032037e+01 6.758546e+01 2.169134e-01 9.011543e+00 9.546685e-01 3.120463e+00 4.826347e+01
6.000000e-02 3.070000e-01  2.046667e-01  5.000000e-01 7.255182e-06 8.000000e-04 1.530216e-12 3.178066e+01 2.019677e+01 6.750331e+01 2.295782e-01 9.497912e+00 1.006223e+00 3.288975e+00 5.086981e+01
6.000000e-02 3.070000e-01  2.046667e-01  5.000000e-01 7.448504e-06 8.000000e-04 1.530216e-12 3.177942e+01 2.007373e+01 6.746031e+01 2.415474e-01 1.003763e+01 1.060561e+00 3.466588e+00 5.361690e+01
6.000000e-02 3.070000e-01  2.046667e-01  5.000000e-01 7.646978e-06 8.000000e-04 1.530216e-12 3.177815e+01 1.996548e+01 6.737523e+01 2.545734e-01 1.055925e+01 1.117834e+00 3.653791e+00 5.651234e+01
6.000000e-02 3.070000e-01  2.046667e-01  5.000000e-01 7.850741e-06 8.000000e-04 1.530216e-12 3.177715e+01 1.976088e+01 6.729841e+01 2.679089e-01 1.115303e+01 1.178200e+00 3.851105e+00 5.956413e+01
6.000000e-02 3.070000e-01  2.046667e-01  5.000000e-01 8.059933e-06 8.000000e-04 1.530216e-12 3.177520e+01 1.964255e+01 6.720002e+01 2.861483e-01 1.172849e+01 1.241825e+00 4.059073e+00 6.278073e+01
6.000000e-02 3.070000e-01  2.046667e-01  5.000000e-01 8.274699e-06 8.000000e-04 1.530216e-12 3.177406e+01 1.949167e+01 6.710917e+01 2.998661e-01 1.237275e+01 1.308886e+00 4.278272e+00 6.617104e+01
6.000000e-02 3.070000e-01  2.046667e-01  5.000000e-01 8.495188e-06 8.000000e-04 1.530216e-12 3.177269e+01 1.931691e+01 6.703595e+01 3.167682e-01 1.300883e+01 1.379569e+00 4.509309e+00 6.974443e+01
6.000000e-02 3.070000e-01  2.046667e-01  5.000000e-01 8.721552e-06 8.000000e-04 1.530216e-12 3.177096e+01 1.913877e+01 6.693557e+01 3.333070e-01 1.375973e+01 1.454069e+00 4.752822e+00 7.351079e+01
6.000000e-02 3.070000e-01  2.046667e-01  5.000000e-01 8.953948e-06 8.000000e-04 1.530216e-12 3.176921e+01 1.898093e+01 6.688087e+01 3.513964e-01 1.448718e+01 1.532592e+00 5.009485e+00 7.748054e+01
6.000000e-02 3.070000e-01  2.046667e-01  5.000000e-01 9.192536e-06 8.000000e-04 1.530216e-12 3.176756e+01 1.875312e+01 6.672934e+01 3.690189e-01 1.532105e+01 1.615356e+00 5.280009e+00 8.166467e+01
6.000000e-02 3.070000e-01  2.046667e-01  5.000000e-01 9.437481e-06 8.000000e-04 1.530216e-12 3.176623e+01 1.857491e+01 6.662756e+01 3.888179e-01 1.610606e+01 1.702589e+00 5.565142e+00 8.607475e+01
6.000000e-02 3.070000e-01  2.046667e-01  5.000000e-01 9.688954e-06 8.000000e-04 1.530216e-12 3.176362e+01 1.840712e+01 6.653486e+01 4.100365e-01 1.694562e+01 1.794533e+00 5.865673e+00 9.072298e+01
6.000000e-02 3.070000e-01  2.046667e-01  5.000000e-01 9.947127e-06 8.000000e-04 1.530216e-12 3.176138e+01 1.817755e+01 6.642021e+01 4.327417e-01 1.778200e+01 1.891441e+00 6.182432e+00 9.562223e+01
6.000000e-02 3.070000e-01  2.046667e-01  5.000000e-01 1.021218e-05 8.000000e-04 1.530216e-12 3.175861e+01 1.790784e+01 6.624283e+01 4.628683e-01 1.890545e+01 1.993584e+00 6.516298e+00 1.007861e+02
6.000000e-02 3.070000e-01  2.046667e-01  5.000000e-01 1.048430e-05 8.000000e-04 1.530216e-12 3.175693e+01 1.776506e+01 6.621932e+01 4.789390e-01 1.985904e+01 2.101242e+00 6.868193e+00 1.062287e+02
6.000000e-02 3.070000e-01  2.046667e-01  5.000000e-01 1.076366e-05 8.000000e-04 1.530216e-12 3.175469e+01 1.749629e+01 6.612711e+01 5.069656e-01 2.090225e+01 2.214714e+00 7.239091e+00 1.119653e+02
6.000000e-02 3.070000e-01  2.046667e-01  5.000000e-01 1.105047e-05 8.000000e-04 1.530216e-12 3.175169e+01 1.723660e+01 6.600244e+01 5.356172e-01 2.209596e+01 2.334313e+00 7.630019e+00 1.180117e+02
6.000000e-02 3.070000e-01  2.046667e-01  5.000000e-01 1.134492e-05 8.000000e-04 1.530216e-12 3.175014e+01 1.698873e+01 6.592208e+01 5.591589e-01 2.337529e+01 2.460372e+00 8.042058e+00 1.243846e+02
6.000000e-02 3.070000e-01  2.046667e-01  5.000000e-01 1.164722e-05 8.000000e-04 1.530216e-12 3.174664e+01 1.678231e+01 6.583361e+01 5.945952e-01 2.445452e+01 2.593237e+00 8.476348e+00 1.311017e+02
6.000000e-02 3.070000e-01  2.046667e-01  5.000000e-01 1.195758e-05 8.000000e-04 1.530216e-12 3.174392e+01 1.648463e+01 6.575848e+01 6.259996e-01 2.598677e+01 2.733278e+00 8.934090e+00 1.381815e+02
6.000000e-02 3.070000e-01  2.046667e-01  5.000000e-01 1.227620e-05 8.000000e-04 1.530216e-12 3.173993e+01 1.621411e+01 6.560521e+01 6.605287e-01 2.708418e+01 2.880882e+00 9.416551e+00 1.456436e+02
6.000000e-02 3.070000e-01  2.046667e-01  5.000000e-01 1.260331e-05 8.000000e-04 1.530216e-12 3.173812e+01 1.595298e+01 6.556495e+01 6.884798e-01 2.870835e+01 3.036456e+00 9.925067e+00 1.535087e+02
6.000000e-02 3.070000e-01  2.046667e-01  5.000000e-01 1.293914e-05 8.000000e-04 1.530216e-12 3.173399e+01 1.566965e+01 6.552096e+01 7.356490e-01 3.049767e+01 3.200432e+00 1.046104e+01 1.617985e+02
6.000000e-02 3.070000e-01  2.046667e-01  5.000000e-01 1.328392e-05 8.000000e-04 1.530216e-12 3.173018e+01 1.537725e+01 6.533090e+01 7.693397e-01 3.186708e+01 3.373262e+00 1.102596e+01 1.705360e+02
6.000000e-02 3.070000e-01  2.046667e-01  5.000000e-01 1.363789e-05 8.000000e-04 1.530216e-12 3.172615e+01 1.512138e+01 6.535681e+01 8.111384e-01 3.367587e+01 3.555426e+00 1.162139e+01 1.797453e+02
6.000000e-02 3.070000e-01  2.046667e-01  5.000000e-01 1.400128e-05 8.000000e-04 1.530216e-12 3.172276e+01 1.475608e+01 6.523239e+01 8.459269e-01 3.546799e+01 3.747427e+00 1.224897e+01 1.894520e+02
6.000000e-02 3.070000e-01  2.046667e-01  5.000000e-01 1.437436e-05 8.000000e-04 1.530216e-12 3.171700e+01 1.458199e+01 6.523936e+01 9.018708e-01 3.719439e+01 3.949797e+00 1.291045e+01 1.996829e+02
6.000000e-02 3.070000e-01  2.046667e-01  5.000000e-01 1.475738e-05 8.000000e-04 1.530216e-12 3.171382e+01 1.416052e+01 6.525049e+01 9.515407e-01 3.940236e+01 4.163095e+00 1.360764e+01 2.104662e+02
6.000000e-02 3.070000e-01  2.046667e-01  5.000000e-01 1.515061e-05 8.000000e-04 1.530216e-12 3.170839e+01 1.395120e+01 6.529708e+01 1.004125e+00 4.137604e+01 4.387912e+00 1.434248e+01 2.218318e+02
6.000000e-02 3.070000e-01  2.046667e-01  5.000000e-01 1.555432e-05 8.000000e-04 1.530216e-12 3.170370e+01 1.357719e+01 6.516435e+01 1.054320e+00 4.368805e+01 4.624869e+00 1.511701e+01 2.338113e+02
6.000000e-02 3.070000e-01  2.046667e-01  5.000000e-01 1.596878e-05 8.000000e-04 1.530216e-12 3.169832e+01 1.324072e+01 6.523550e+01 1.111117e+00 4.621504e+01 4.874623e+00 1.593337e+01 2.464376e+02
6.000000e-02 3.070000e-01  2.046667e-01  5.000000e-01 1.639429e-05 8.000000e-04 1.530216e-12 3.169259e+01 1.306212e+01 6.531318e+01 1.172370e+00 4.829878e+01 5.137864e+00 1.679380e+01 2.597458e+02
6.000000e-02 3.070000e-01  2.046667e-01  5.000000e-01 1.683113e-05 8.000000e-04 1.530216e-12 3.168748e+01 1.271069e+01 6.540616e+01 1.238430e+00 5.142926e+01 5.415321e+00 1.770071e+01 2.737727e+02
6.000000e-02 3.070000e-01  2.046667e-01  5.000000e-01 1.727962e-05 8.000000e-04 1.530216e-12 3.167953e+01 1.246155e+01 6.539328e+01 1.314249e+00 5.396577e+01 5.707760e+00 1.865659e+01 2.885571e+02
6.000000e-02 3.070000e-01  2.046667e-01  5.000000e-01 1.774005e-05 8.000000e-04 1.530216e-12 3.167366e+01 1.213653e+01 6.564226e+01 1.377289e+00 5.703559e+01 6.015993e+00 1.966409e+01 3.041398e+02
6.000000e-02 3.070000e-01  2.046667e-01  5.000000e-01 1.821276e-05 8.000000e-04 1.530216e-12 3.166629e+01 1.188658e+01 6.581714e+01 1.453678e+00 6.010830e+01 6.340870e+00 2.072599e+01 3.205641e+02
6.000000e-02 3.070000e-01  2.046667e-01  5.000000e-01 1.869805e-05 8.000000e-04 1.530216e-12 3.165864e+01 1.168126e+01 6.615263e+01 1.525753e+00 6.322989e+01 6.683292e+00 2.184524e+01 3.378753e+02
