3.000000e-02 1.000000e-02  6.666667e-03  5.000000e-01 2.000000e-06 8.000000e-04 2.487963e+03 3.179697e+01 2.287804e+01 6.921973e+01 5.772945e-02 4.265331e-02 8.900511e-02 1.220864e+00 3.696954e+00
3.000000e-02 1.000000e-02  6.666667e-03  5.000000e-01 2.053292e-06 8.000000e-04 2.487963e+03 3.179666e+01 2.287745e+01 6.921898e+01 5.947476e-02 4.474189e-02 9.381160e-02 1.286794e+00 3.896598e+00
3.000000e-02 1.000000e-02  6.666667e-03  5.000000e-01 2.108005e-06 8.000000e-04 2.487963e+03 3.179655e+01 2.287681e+01 6.921846e+01 6.372699e-02 4.730779e-02 9.887764e-02 1.356284e+00 4.107023e+00
3.000000e-02 1.000000e-02  6.666667e-03  5.000000e-01 2.164175e-06 8.000000e-04 2.487963e+03 3.179633e+01 2.287625e+01 6.921777e+01 6.548311e-02 4.956236e-02 1.042173e-01 1.429526e+00 4.328812e+00
3.000000e-02 1.000000e-02  6.666667e-03  5.000000e-01 2.221842e-06 8.000000e-04 2.487963e+03 3.179585e+01 2.287562e+01 6.921682e+01 6.995983e-02 5.275762e-02 1.098452e-01 1.506724e+00 4.562578e+00
3.000000e-02 1.000000e-02  6.666667e-03  5.000000e-01 2.281045e-06 8.000000e-04 2.487963e+03 3.179559e+01 2.287500e+01 6.921612e+01 7.303060e-02 5.531085e-02 1.157771e-01 1.588090e+00 4.808968e+00
3.000000e-02 1.000000e-02  6.666667e-03  5.000000e-01 2.341826e-06 8.000000e-04 2.487963e+03 3.179526e+01 2.287430e+01 6.921516e+01 7.744861e-02 5.826641e-02 1.220294e-01 1.673851e+00 5.068663e+00
3.000000e-02 1.000000e-02  6.666667e-03  5.000000e-01 2.404227e-06 8.000000e-04 2.487963e+03 3.179501e+01 2.287342e+01 6.921407e+01 8.246075e-02 6.137049e-02 1.286192e-01 1.764243e+00 5.342383e+00
3.000000e-02 1.000000e-02  6.666667e-03  5.000000e-01 2.468290e-06 8.000000e-04 2.487963e+03 3.179436e+01 2.287274e+01 6.921285e+01 8.574084e-02 6.524056e-02 1.355650e-01 1.859516e+00 5.630884e+00
3.000000e-02 1.000000e-02  6.666667e-03  5.000000e-01 2.534061e-06 8.000000e-04 2.487963e+03 3.179390e+01 2.287183e+01 6.921144e+01 9.120741e-02 6.816151e-02 1.428858e-01 1.959934e+00 5.934964e+00
3.000000e-02 1.000000e-02  6.666667e-03  5.000000e-01 2.601584e-06 8.000000e-04 2.487963e+03 3.179359e+01 2.287114e+01 6.921067e+01 9.573813e-02 7.159494e-02 1.506019e-01 2.065775e+00 6.255466e+00
3.000000e-02 1.000000e-02  6.666667e-03  5.000000e-01 2.670906e-06 8.000000e-04 2.487963e+03 3.179366e+01 2.286990e+01 6.921008e+01 1.013728e-01 7.623507e-02 1.587348e-01 2.177332e+00 6.593276e+00
3.000000e-02 1.000000e-02  6.666667e-03  5.000000e-01 2.742075e-06 8.000000e-04 2.487963e+03 3.179297e+01 2.286918e+01 6.920863e+01 1.046969e-01 7.998035e-02 1.673068e-01 2.294912e+00 6.949328e+00
3.000000e-02 1.000000e-02  6.666667e-03  5.000000e-01 2.815141e-06 8.000000e-04 2.487963e+03 3.179249e+01 2.286821e+01 6.920743e+01 1.103300e-01 8.420589e-02 1.763418e-01 2.418843e+00 7.324608e+00
3.000000e-02 1.000000e-02  6.666667e-03  5.000000e-01 2.890154e-06 8.000000e-04 2.487963e+03 3.179186e+01 2.286733e+01 6.920584e+01 1.191332e-01 8.857688e-02 1.858647e-01 2.549466e+00 7.720153e+00
3.000000e-02 1.000000e-02  6.666667e-03  5.000000e-01 2.967165e-06 8.000000e-04 2.487963e+03 3.179134e+01 2.286567e+01 6.920429e+01 1.258154e-01 9.393482e-02 1.959018e-01 2.687143e+00 8.137059e+00
3.000000e-02 1.000000e-02  6.666667e-03  5.000000e-01 3.046229e-06 8.000000e-04 2.487963e+03 3.179077e+01 2.286499e+01 6.920271e+01 1.311883e-01 9.804439e-02 2.064809e-01 2.832255e+00 8.576479e+00
3.000000e-02 1.000000e-02  6.666667e-03  5.000000e-01 3.127399e-06 8.000000e-04 2.487963e+03 3.179034e+01 2.286345e+01 6.920120e+01 1.374564e-01 1.041539e-01 2.176314e-01 2.985203e+00 9.039629e+00
3.000000e-02 1.000000e-02  6.666667e-03  5.000000e-01 3.210732e-06 8.000000e-04 2.487963e+03 3.178931e+01 2.286236e+01 6.919861e+01 1.463549e-01 1.090825e-01 2.293840e-01 3.146411e+00 9.527790e+00
3.000000e-02 1.000000e-02  6.666667e-03  5.000000e-01 3.296286e-06 8.000000e-04 2.487963e+03 3.178867e+01 2.286075e+01 6.919681e+01 1.535865e-01 1.160516e-01 2.417713e-01 3.316325e+00 1.004231e+01
3.000000e-02 1.000000e-02  6.666667e-03  5.000000e-01 3.384119e-06 8.000000e-04 2.487963e+03 3.178849e+01 2.285939e+01 6.919598e+01 1.604582e-01 1.218413e-01 2.548275e-01 3.495414e+00 1.058462e+01
3.000000e-02 1.000000e-02  6.666667e-03  5.000000e-01 3.474293e-06 8.000000e-04 2.487963e+03 3.178714e+01 2.285788e+01 6.919353e+01 1.702323e-01 1.285536e-01 2.685887e-01 3.684175e+00 1.115621e+01
3.000000e-02 1.000000e-02  6.666667e-03  5.000000e-01 3.566869e-06 8.000000e-04 2.487963e+03 3.178666e+01 2.285647e+01 6.919124e+01 1.782575e-01 1.351027e-01 2.830931e-01 3.883128e+00 1.175868e+01
3.000000e-02 1.000000e-02  6.666667e-03  5.000000e-01 3.661913e-06 8.000000e-04 2.487963e+03 3.178561e+01 2.285452e+01 6.918890e+01 1.917627e-01 1.425299e-01 2.983808e-01 4.092826e+00 1.239367e+01
3.000000e-02 1.000000e-02  6.666667e-03  5.000000e-01 3.759488e-06 8.000000e-04 2.487963e+03 3.178478e+01 2.285260e+01 6.918614e+01 1.985618e-01 1.505729e-01 3.144941e-01 4.313848e+00 1.306296e+01
3.000000e-02 1.000000e-02  6.666667e-03  5.000000e-01 3.859664e-06 8.000000e-04 2.487963e+03 3.178336e+01 2.285067e+01 6.918299e+01 2.108375e-01 1.583730e-01 3.314775e-01 4.546806e+00 1.376839e+01
3.000000e-02 1.000000e-02  6.666667e-03  5.000000e-01 3.962510e-06 8.000000e-04 2.487963e+03 3.178286e+01 2.284838e+01 6.918136e+01 2.206341e-01 1.680937e-01 3.493780e-01 4.792344e+00 1.451191e+01
3.000000e-02 1.000000e-02  6.666667e-03  5.000000e-01 4.068095e-06 8.000000e-04 2.487963e+03 3.178210e+01 2.284657e+01 6.917877e+01 2.271827e-01 1.761360e-01 3.682453e-01 5.051142e+00 1.529559e+01
3.000000e-02 1.000000e-02  6.666667e-03  5.000000e-01 4.176494e-06 8.000000e-04 2.487963e+03 3.178123e+01 2.284430e+01 6.917580e+01 2.441304e-01 1.860488e-01 3.881314e-01 5.323915e+00 1.612159e+01
3.000000e-02 1.000000e-02  6.666667e-03  5.000000e-01 4.287782e-06 8.000000e-04 2.487963e+03 3.177932e+01 2.284227e+01 6.917208e+01 2.633534e-01 1.948993e-01 4.090913e-01 5.611419e+00 1.699219e+01
3.000000e-02 1.000000e-02  6.666667e-03  5.000000e-01 4.402035e-06 8.000000e-04 2.487963e+03 3.177819e+01 2.283930e+01 6.916904e+01 2.699875e-01 2.066888e-01 4.311832e-01 5.914449e+00 1.790981e+01
3.000000e-02 1.000000e-02  6.666667e-03  5.000000e-01 4.519332e-06 8.000000e-04 2.487963e+03 3.177671e+01 2.283703e+01 6.916440e+01 2.884037e-01 2.169388e-01 4.544681e-01 6.233842e+00 1.887698e+01
3.000000e-02 1.000000e-02  6.666667e-03  5.000000e-01 4.639755e-06 8.000000e-04 2.487963e+03 3.177538e+01 2.283430e+01 6.916170e+01 3.060773e-01 2.285494e-01 4.790104e-01 6.570484e+00 1.989638e+01
3.000000e-02 1.000000e-02  6.666667e-03  5.000000e-01 4.763386e-06 8.000000e-04 2.487963e+03 3.177383e+01 2.283107e+01 6.915746e+01 3.195184e-01 2.409475e-01 5.048781e-01 6.925306e+00 2.097083e+01
3.000000e-02 1.000000e-02  6.666667e-03  5.000000e-01 4.890312e-06 8.000000e-04 2.487963e+03 3.177237e+01 2.282780e+01 6.915357e+01 3.397305e-01 2.552820e-01 5.321427e-01 7.299288e+00 2.210330e+01
3.000000e-02 1.000000e-02  6.666667e-03  5.000000e-01 5.020620e-06 8.000000e-04 2.487963e+03 3.177177e+01 2.282604e+01 6.915110e+01 3.497033e-01 2.667705e-01 5.608796e-01 7.693467e+00 2.329693e+01
3.000000e-02 1.000000e-02  6.666667e-03  5.000000e-01 5.154400e-06 8.000000e-04 2.487963e+03 3.176890e+01 2.282138e+01 6.914398e+01 3.768353e-01 2.830494e-01 5.911684e-01 8.108932e+00 2.455502e+01
3.000000e-02 1.000000e-02  6.666667e-03  5.000000e-01 5.291745e-06 8.000000e-04 2.487963e+03 3.176828e+01 2.281864e+01 6.914174e+01 3.909473e-01 2.980080e-01 6.230929e-01 8.546833e+00 2.588105e+01
3.000000e-02 1.000000e-02  6.666667e-03  5.000000e-01 5.432750e-06 8.000000e-04 2.487963e+03 3.176417e+01 2.281440e+01 6.913179e+01 4.278414e-01 3.140031e-01 6.567413e-01 9.008381e+00 2.727869e+01
3.000000e-02 1.000000e-02  6.666667e-03  5.000000e-01 5.577512e-06 8.000000e-04 2.487963e+03 3.176491e+01 2.281099e+01 6.913130e+01 4.347300e-01 3.303308e-01 6.922069e-01 9.494855e+00 2.875180e+01
3.000000e-02 1.000000e-02  6.666667e-03  5.000000e-01 5.726131e-06 8.000000e-04 2.487963e+03 3.176164e+01 2.280601e+01 6.912421e+01 4.609897e-01 3.486731e-01 7.295877e-01 1.000760e+01 3.030446e+01
3.000000e-02 1.000000e-02  6.666667e-03  5.000000e-01 5.878710e-06 8.000000e-04 2.487963e+03 3.175963e+01 2.280196e+01 6.911783e+01 4.864724e-01 3.675949e-01 7.689871e-01 1.054803e+01 3.194097e+01
3.000000e-02 1.000000e-02  6.666667e-03  5.000000e-01 6.035355e-06 8.000000e-04 2.487963e+03 3.175795e+01 2.279660e+01 6.911322e+01 5.142457e-01 3.881972e-01 8.105142e-01 1.111765e+01 3.366586e+01
3.000000e-02 1.000000e-02  6.666667e-03  5.000000e-01 6.196174e-06 8.000000e-04 2.487963e+03 3.175451e+01 2.279191e+01 6.910388e+01 5.464371e-01 4.092345e-01 8.542838e-01 1.171803e+01 3.548389e+01
3.000000e-02 1.000000e-02  6.666667e-03  5.000000e-01 6.361278e-06 8.000000e-04 2.487963e+03 3.175071e+01 2.278681e+01 6.909706e+01 5.729576e-01 4.314927e-01 9.004171e-01 1.235083e+01 3.740010e+01
3.000000e-02 1.000000e-02  6.666667e-03  5.000000e-01 6.530782e-06 8.000000e-04 2.487963e+03 3.174899e+01 2.278111e+01 6.909097e+01 6.043335e-01 4.529820e-01 9.490417e-01 1.301780e+01 3.941980e+01
3.000000e-02 1.000000e-02  6.666667e-03  5.000000e-01 6.704802e-06 8.000000e-04 2.487963e+03 3.174780e+01 2.277594e+01 6.908650e+01 6.350840e-01 4.774526e-01 1.000292e+00 1.372079e+01 4.154856e+01
3.000000e-02 1.000000e-02  6.666667e-03  5.000000e-01 6.883459e-06 8.000000e-04 2.487963e+03 3.174215e+01 2.276871e+01 6.907354e+01 6.713382e-01 5.082866e-01 1.054310e+00 1.446175e+01 4.379227e+01
3.000000e-02 1.000000e-02  6.666667e-03  5.000000e-01 7.066877e-06 8.000000e-04 2.487963e+03 3.174274e+01 2.276241e+01 6.907021e+01 6.980416e-01 5.357190e-01 1.111245e+00 1.524272e+01 4.615716e+01
3.000000e-02 1.000000e-02  6.666667e-03  5.000000e-01 7.255182e-06 8.000000e-04 2.487963e+03 3.173486e+01 2.275719e+01 6.905501e+01 7.527141e-01 5.574424e-01 1.171255e+00 1.606586e+01 4.864975e+01
3.000000e-02 1.000000e-02  6.666667e-03  5.000000e-01 7.448504e-06 8.000000e-04 2.487963e+03 3.173405e+01 2.275033e+01 6.905086e+01 7.694097e-01 5.909595e-01 1.234506e+00 1.693345e+01 5.127695e+01
3.000000e-02 1.000000e-02  6.666667e-03  5.000000e-01 7.646978e-06 8.000000e-04 2.487963e+03 3.172994e+01 2.274064e+01 6.903757e+01 8.244913e-01 6.238379e-01 1.301172e+00 1.784790e+01 5.404603e+01
3.000000e-02 1.000000e-02  6.666667e-03  5.000000e-01 7.850741e-06 8.000000e-04 2.487963e+03 3.172759e+01 2.273460e+01 6.903080e+01 8.637007e-01 6.549670e-01 1.371438e+00 1.881173e+01 5.696464e+01
3.000000e-02 1.000000e-02  6.666667e-03  5.000000e-01 8.059933e-06 8.000000e-04 2.487963e+03 3.172230e+01 2.272386e+01 6.901909e+01 9.062945e-01 6.952440e-01 1.445499e+00 1.982760e+01 6.004086e+01
3.000000e-02 1.000000e-02  6.666667e-03  5.000000e-01 8.274699e-06 8.000000e-04 2.487963e+03 3.172125e+01 2.271742e+01 6.901229e+01 9.508452e-01 7.300807e-01 1.523559e+00 2.089834e+01 6.328320e+01
3.000000e-02 1.000000e-02  6.666667e-03  5.000000e-01 8.495188e-06 8.000000e-04 2.487963e+03 3.171444e+01 2.270820e+01 6.899500e+01 1.016173e+00 7.680614e-01 1.605835e+00 2.202690e+01 6.670064e+01
3.000000e-02 1.000000e-02  6.666667e-03  5.000000e-01 8.721552e-06 8.000000e-04 2.487963e+03 3.170874e+01 2.269849e+01 6.897903e+01 1.055480e+00 8.060950e-01 1.692554e+00 2.321640e+01 7.030263e+01
3.000000e-02 1.000000e-02  6.666667e-03  5.000000e-01 8.953948e-06 8.000000e-04 2.487963e+03 3.170288e+01 2.268863e+01 6.896473e+01 1.156865e+00 8.530247e-01 1.783956e+00 2.447014e+01 7.409913e+01
3.000000e-02 1.000000e-02  6.666667e-03  5.000000e-01 9.192536e-06 8.000000e-04 2.487963e+03 3.169681e+01 2.267634e+01 6.895253e+01 1.202365e+00 9.028743e-01 1.880293e+00 2.579158e+01 7.810066e+01
3.000000e-02 1.000000e-02  6.666667e-03  5.000000e-01 9.437481e-06 8.000000e-04 2.487963e+03 3.169572e+01 2.266596e+01 6.894060e+01 1.258184e+00 9.481305e-01 1.981834e+00 2.718439e+01 8.231828e+01
3.000000e-02 1.000000e-02  6.666667e-03  5.000000e-01 9.688954e-06 8.000000e-04 2.487963e+03 3.169149e+01 2.265473e+01 6.893167e+01 1.300776e+00 9.963634e-01 2.088857e+00 2.865241e+01 8.676365e+01
3.000000e-02 1.000000e-02  6.666667e-03  5.000000e-01 9.947127e-06 8.000000e-04 2.487963e+03 3.168446e+01 2.264225e+01 6.891433e+01 1.377011e+00 1.054038e+00 2.201660e+00 3.019971e+01 9.144909e+01
3.000000e-02 1.000000e-02  6.666667e-03  5.000000e-01 1.021218e-05 8.000000e-04 2.487963e+03 3.167627e+01 2.262616e+01 6.889110e+01 1.513142e+00 1.120285e+00 2.320555e+00 3.183056e+01 9.638755e+01
3.000000e-02 1.000000e-02  6.666667e-03  5.000000e-01 1.048430e-05 8.000000e-04 2.487963e+03 3.167149e+01 2.261273e+01 6.887414e+01 1.525289e+00 1.169481e+00 2.445870e+00 3.354948e+01 1.015927e+02
3.000000e-02 1.000000e-02  6.666667e-03  5.000000e-01 1.076366e-05 8.000000e-04 2.487963e+03 3.166522e+01 2.260120e+01 6.885749e+01 1.596019e+00 1.225338e+00 2.577953e+00 3.536123e+01 1.070789e+02
3.000000e-02 1.000000e-02  6.666667e-03  5.000000e-01 1.105047e-05 8.000000e-04 2.487963e+03 3.165370e+01 2.258487e+01 6.882896e+01 1.736446e+00 1.302298e+00 2.717168e+00 3.727082e+01 1.128615e+02
3.000000e-02 1.000000e-02  6.666667e-03  5.000000e-01 1.134492e-05 8.000000e-04 2.487963e+03 3.164749e+01 2.257154e+01 6.881116e+01 1.814102e+00 1.364127e+00 2.863902e+00 3.928353e+01 1.189562e+02
3.000000e-02 1.000000e-02  6.666667e-03  5.000000e-01 1.164722e-05 8.000000e-04 2.487963e+03 3.163708e+01 2.254886e+01 6.877607e+01 1.906720e+00 1.448866e+00 3.018559e+00 4.140493e+01 1.253801e+02
3.000000e-02 1.000000e-02  6.666667e-03  5.000000e-01 1.195758e-05 8.000000e-04 2.487963e+03 3.162640e+01 2.253473e+01 6.876193e+01 2.049257e+00 1.517233e+00 3.181568e+00 4.364090e+01 1.321510e+02
3.000000e-02 1.000000e-02  6.666667e-03  5.000000e-01 1.227620e-05 8.000000e-04 2.487963e+03 3.161534e+01 2.251345e+01 6.873276e+01 2.157700e+00 1.601993e+00 3.353380e+00 4.599761e+01 1.392874e+02
3.000000e-02 1.000000e-02  6.666667e-03  5.000000e-01 1.260331e-05 8.000000e-04 2.487963e+03 3.161793e+01 2.249484e+01 6.872663e+01 2.213144e+00 1.688110e+00 3.534471e+00 4.848158e+01 1.468093e+02
3.000000e-02 1.000000e-02  6.666667e-03  5.000000e-01 1.293914e-05 8.000000e-04 2.487963e+03 3.159485e+01 2.247463e+01 6.868241e+01 2.347258e+00 1.790082e+00 3.725340e+00 5.109970e+01 1.547373e+02
3.000000e-02 1.000000e-02  6.666667e-03  5.000000e-01 1.328392e-05 8.000000e-04 2.487963e+03 3.158766e+01 2.244837e+01 6.865477e+01 2.486739e+00 1.888620e+00 3.926517e+00 5.385920e+01 1.630935e+02
3.000000e-02 1.000000e-02  6.666667e-03  5.000000e-01 1.363789e-05 8.000000e-04 2.487963e+03 3.158039e+01 2.243147e+01 6.863718e+01 2.639674e+00 1.969878e+00 4.138558e+00 5.676772e+01 1.719009e+02
3.000000e-02 1.000000e-02  6.666667e-03  5.000000e-01 1.400128e-05 8.000000e-04 2.487963e+03 3.155108e+01 2.240492e+01 6.856924e+01 2.798939e+00 2.084388e+00 4.362050e+00 5.983331e+01 1.811839e+02
3.000000e-02 1.000000e-02  6.666667e-03  5.000000e-01 1.437436e-05 8.000000e-04 2.487963e+03 3.155511e+01 2.237761e+01 6.856354e+01 2.873315e+00 2.191246e+00 4.597611e+00 6.306445e+01 1.909683e+02
3.000000e-02 1.000000e-02  6.666667e-03  5.000000e-01 1.475738e-05 8.000000e-04 2.487963e+03 3.153455e+01 2.235049e+01 6.851923e+01 3.061982e+00 2.312348e+00 4.845892e+00 6.647007e+01 2.012810e+02
3.000000e-02 1.000000e-02  6.666667e-03  5.000000e-01 1.515061e-05 8.000000e-04 2.487963e+03 3.152605e+01 2.232212e+01 6.848524e+01 3.125491e+00 2.438680e+00 5.107582e+00 7.005961e+01 2.121507e+02
3.000000e-02 1.000000e-02  6.666667e-03  5.000000e-01 1.555432e-05 8.000000e-04 2.487963e+03 3.149520e+01 2.230081e+01 6.842502e+01 3.464694e+00 2.564914e+00 5.383403e+00 7.384299e+01 2.236073e+02
3.000000e-02 1.000000e-02  6.666667e-03  5.000000e-01 1.596878e-05 8.000000e-04 2.487963e+03 3.150587e+01 2.225937e+01 6.841099e+01 3.627521e+00 2.720684e+00 5.674119e+00 7.783069e+01 2.356826e+02
3.000000e-02 1.000000e-02  6.666667e-03  5.000000e-01 1.639429e-05 8.000000e-04 2.487963e+03 3.148075e+01 2.223025e+01 6.836209e+01 3.801365e+00 2.869626e+00 5.980535e+00 8.203372e+01 2.484100e+02
3.000000e-02 1.000000e-02  6.666667e-03  5.000000e-01 1.683113e-05 8.000000e-04 2.487963e+03 3.145342e+01 2.219952e+01 6.829533e+01 4.014806e+00 3.006806e+00 6.303497e+00 8.646373e+01 2.618247e+02
3.000000e-02 1.000000e-02  6.666667e-03  5.000000e-01 1.727962e-05 8.000000e-04 2.487963e+03 3.144979e+01 2.216035e+01 6.828742e+01 4.171272e+00 3.165347e+00 6.643901e+00 9.113297e+01 2.759639e+02
3.000000e-02 1.000000e-02  6.666667e-03  5.000000e-01 1.774005e-05 8.000000e-04 2.487963e+03 3.140609e+01 2.212174e+01 6.817768e+01 4.513620e+00 3.343618e+00 7.002687e+00 9.605437e+01 2.908665e+02
3.000000e-02 1.000000e-02  6.666667e-03  5.000000e-01 1.821276e-05 8.000000e-04 2.487963e+03 3.140386e+01 2.206770e+01 6.816122e+01 4.588802e+00 3.556486e+00 7.380848e+00 1.012415e+02 3.065740e+02
3.000000e-02 1.000000e-02  6.666667e-03  5.000000e-01 1.869805e-05 8.000000e-04 2.487963e+03 3.137145e+01 2.202684e+01 6.808592e+01 4.948649e+00 3.719281e+00 7.779431e+00 1.067088e+02 3.231297e+02
3.000000e-02 1.000000e-02  6.666667e-03  5.000000e-01 1.919629e-05 8.000000e-04 2.487963e+03 3.133851e+01 2.199056e+01 6.801726e+01 5.303158e+00 3.921036e+00 8.199538e+00 1.124713e+02 3.405795e+02
3.000000e-02 1.000000e-02  6.666667e-03  5.000000e-01 1.970779e-05 8.000000e-04 2.487963e+03 3.131509e+01 2.194345e+01 6.793951e+01 5.447140e+00 4.132069e+00 8.642332e+00 1.185450e+02 3.589716e+02
3.000000e-02 1.000000e-02  6.666667e-03  5.000000e-01 2.023293e-05 8.000000e-04 2.487963e+03 3.130572e+01 2.191315e+01 6.791829e+01 5.714838e+00 4.332811e+00 9.109038e+00 1.249467e+02 3.783568e+02
3.000000e-02 1.000000e-02  6.666667e-03  5.000000e-01 2.077206e-05 8.000000e-04 2.487963e+03 3.126658e+01 2.183713e+01 6.781543e+01 6.048666e+00 4.626117e+00 9.600947e+00 1.316942e+02 3.987890e+02
3.000000e-02 1.000000e-02  6.666667e-03  5.000000e-01 2.132555e-05 8.000000e-04 2.487963e+03 3.127048e+01 2.179747e+01 6.781193e+01 6.454972e+00 4.834475e+00 1.011942e+01 1.388059e+02 4.203245e+02
3.000000e-02 1.000000e-02  6.666667e-03  5.000000e-01 2.189380e-05 8.000000e-04 2.487963e+03 3.120086e+01 2.173677e+01 6.764809e+01 6.848041e+00 5.078247e+00 1.066589e+01 1.463018e+02 4.430230e+02
3.000000e-02 1.000000e-02  6.666667e-03  5.000000e-01 2.247718e-05 8.000000e-04 2.487963e+03 3.120324e+01 2.168249e+01 6.765175e+01 7.171919e+00 5.344021e+00 1.124188e+01 1.542024e+02 4.669473e+02
3.000000e-02 1.000000e-02  6.666667e-03  5.000000e-01 2.307611e-05 8.000000e-04 2.487963e+03 3.113556e+01 2.161878e+01 6.750436e+01 7.581812e+00 5.665199e+00 1.184896e+01 1.625297e+02 4.921635e+02
3.000000e-02 1.000000e-02  6.666667e-03  5.000000e-01 2.369100e-05 8.000000e-04 2.487963e+03 3.112035e+01 2.153533e+01 6.743133e+01 7.898454e+00 5.990499e+00 1.248883e+01 1.713067e+02 5.187415e+02
3.000000e-02 1.000000e-02  6.666667e-03  5.000000e-01 2.432228e-05 8.000000e-04 2.487963e+03 3.110956e+01 2.150564e+01 6.740636e+01 8.355597e+00 6.257022e+00 1.316326e+01 1.805576e+02 5.467547e+02
3.000000e-02 1.000000e-02  6.666667e-03  5.000000e-01 2.497037e-05 8.000000e-04 2.487963e+03 3.103568e+01 2.140508e+01 6.722575e+01 8.770639e+00 6.639613e+00 1.387411e+01 1.903082e+02 5.762807e+02
3.000000e-02 1.000000e-02  6.666667e-03  5.000000e-01 2.563574e-05 8.000000e-04 2.487963e+03 3.099548e+01 2.134250e+01 6.713540e+01 9.173262e+00 6.963169e+00 1.462334e+01 2.005852e+02 6.074012e+02
3.000000e-02 1.000000e-02  6.666667e-03  5.000000e-01 2.631883e-05 8.000000e-04 2.487963e+03 3.094090e+01 2.126845e+01 6.703083e+01 9.602756e+00 7.336362e+00 1.541303e+01 2.114173e+02 6.402023e+02
3.000000e-02 1.000000e-02  6.666667e-03  5.000000e-01 2.702013e-05 8.000000e-04 2.487963e+03 3.087870e+01 2.114507e+01 6.688527e+01 1.071212e+01 7.791755e+00 1.624537e+01 2.228343e+02 6.747747e+02
3.000000e-02 1.000000e-02  6.666667e-03  5.000000e-01 2.774011e-05 8.000000e-04 2.487963e+03 3.085017e+01 2.106805e+01 6.676629e+01 1.090509e+01 8.222852e+00 1.712266e+01 2.348679e+02 7.112141e+02
3.000000e-02 1.000000e-02  6.666667e-03  5.000000e-01 2.847928e-05 8.000000e-04 2.487963e+03 3.083815e+01 2.100956e+01 6.672418e+01 1.133267e+01 8.625921e+00 1.804732e+01 2.475513e+02 7.496213e+02
3.000000e-02 1.000000e-02  6.666667e-03  5.000000e-01 2.923814e-05 8.000000e-04 2.487963e+03 3.077832e+01 2.091506e+01 6.654825e+01 1.234028e+01 9.086506e+00 1.902192e+01 2.609197e+02 7.901026e+02
3.000000e-02 1.000000e-02  6.666667e-03  5.000000e-01 3.001722e-05 8.000000e-04 2.487963e+03 3.068897e+01 2.080147e+01 6.635531e+01 1.284530e+01 9.561560e+00 2.004915e+01 2.750099e+02 8.327699e+02
3.000000e-02 1.000000e-02  6.666667e-03  5.000000e-01 3.081707e-05 8.000000e-04 2.487963e+03 3.068047e+01 2.069158e+01 6.635336e+01 1.314915e+01 1.010257e+01 2.113185e+01 2.898611e+02 8.777414e+02
3.000000e-02 1.000000e-02  6.666667e-03  5.000000e-01 3.163822e-05 8.000000e-04 2.487963e+03 3.059342e+01 2.058406e+01 6.610547e+01 1.436387e+01 1.062781e+01 2.227302e+01 3.055143e+02 9.251415e+02
3.000000e-02 1.000000e-02  6.666667e-03  5.000000e-01 3.248126e-05 8.000000e-04 2.487963e+03 3.050071e+01 2.048729e+01 6.597992e+01 1.517642e+01 1.125483e+01 2.347581e+01 3.220127e+02 9.751013e+02
3.000000e-02 1.000000e-02  6.666667e-03  5.000000e-01 3.334676e-05 8.000000e-04 2.487963e+03 3.050246e+01 2.036080e+01 6.588768e+01 1.527061e+01 1.188634e+01 2.474356e+01 3.394022e+02 1.027759e+03
3.000000e-02 1.000000e-02  6.666667e-03  5.000000e-01 3.423532e-05 8.000000e-04 2.487963e+03 3.041014e+01 2.021768e+01 6.565764e+01 1.615764e+01 1.259307e+01 2.607977e+01 3.577307e+02 1.083260e+03
3.000000e-02 1.000000e-02  6.666667e-03  5.000000e-01 3.514756e-05 8.000000e-04 2.487963e+03 3.034764e+01 2.012691e+01 6.548070e+01 1.728261e+01 1.311872e+01 2.748814e+01 3.770490e+02 1.141759e+03
3.000000e-02 1.000000e-02  6.666667e-03  5.000000e-01 3.608411e-05 8.000000e-04 2.487963e+03 3.022984e+01 1.999104e+01 6.524705e+01 1.831355e+01 1.387445e+01 2.897256e+01 3.974105e+02 1.203417e+03
3.000000e-02 1.000000e-02  6.666667e-03  5.000000e-01 3.704561e-05 8.000000e-04 2.487963e+03 3.019733e+01 1.983528e+01 6.521707e+01 1.911958e+01 1.461820e+01 3.053715e+01 4.188716e+02 1.268404e+03
3.000000e-02 1.000000e-02  6.666667e-03  5.000000e-01 3.803273e-05 8.000000e-04 2.487963e+03 3.013645e+01 1.972036e+01 6.501863e+01 1.997818e+01 1.526697e+01 3.218622e+01 4.414916e+02 1.336901e+03
3.000000e-02 1.000000e-02  6.666667e-03  5.000000e-01 3.904616e-05 8.000000e-04 2.487963e+03 2.997565e+01 1.958672e+01 6.468498e+01 2.202194e+01 1.613901e+01 3.392435e+01 4.653332e+02 1.409096e+03
3.000000e-02 1.000000e-02  6.666667e-03  5.000000e-01 4.008659e-05 8.000000e-04 2.487963e+03 2.989289e+01 1.941091e+01 6.457090e+01 2.282651e+01 1.706791e+01 3.575635e+01 4.904622e+02 1.485191e+03
3.000000e-02 1.000000e-02  6.666667e-03  5.000000e-01 4.115474e-05 8.000000e-04 2.487963e+03 2.977106e+01 1.924924e+01 6.421213e+01 2.418997e+01 1.795138e+01 3.768727e+01 5.169483e+02 1.565394e+03
3.000000e-02 1.000000e-02  6.666667e-03  5.000000e-01 4.225136e-05 8.000000e-04 2.487963e+03 2.972496e+01 1.908452e+01 6.413615e+01 2.523782e+01 1.891922e+01 3.972247e+01 5.448647e+02 1.649929e+03
3.000000e-02 1.000000e-02  6.666667e-03  5.000000e-01 4.337719e-05 8.000000e-04 2.487963e+03 2.957505e+01 1.890005e+01 6.386840e+01 2.633493e+01 1.997066e+01 4.186758e+01 5.742887e+02 1.739029e+03
3.000000e-02 1.000000e-02  6.666667e-03  5.000000e-01 4.453303e-05 8.000000e-04 2.487963e+03 2.940733e+01 1.873888e+01 6.344920e+01 2.840390e+01 2.106310e+01 4.412853e+01 6.053016e+02 1.832941e+03
3.000000e-02 1.000000e-02  6.666667e-03  5.000000e-01 4.571966e-05 8.000000e-04 2.487963e+03 2.942316e+01 1.854001e+01 6.338124e+01 2.907444e+01 2.228603e+01 4.651157e+01 6.379893e+02 1.931924e+03
3.000000e-02 1.000000e-02  6.666667e-03  5.000000e-01 4.693791e-05 8.000000e-04 2.487963e+03 2.919739e+01 1.837140e+01 6.296493e+01 3.068933e+01 2.347835e+01 4.902330e+01 6.724422e+02 2.036252e+03
3.000000e-02 1.000000e-02  6.666667e-03  5.000000e-01 4.818863e-05 8.000000e-04 2.487963e+03 2.903337e+01 1.820112e+01 6.277266e+01 3.236677e+01 2.462460e+01 5.167067e+01 7.087556e+02 2.146215e+03
3.000000e-02 1.000000e-02  6.666667e-03  5.000000e-01 4.947267e-05 8.000000e-04 2.487963e+03 2.891924e+01 1.800657e+01 6.245890e+01 3.476082e+01 2.613169e+01 5.446101e+01 7.470300e+02 2.262115e+03
3.000000e-02 1.000000e-02  6.666667e-03  5.000000e-01 5.079093e-05 8.000000e-04 2.487963e+03 2.884221e+01 1.777571e+01 6.230856e+01 3.622645e+01 2.750587e+01 5.740203e+01 7.873714e+02 2.384275e+03
3.000000e-02 1.000000e-02  6.666667e-03  5.000000e-01 5.214431e-05 8.000000e-04 2.487963e+03 2.862308e+01 1.755694e+01 6.179090e+01 3.792735e+01 2.897711e+01 6.050187e+01 8.298913e+02 2.513031e+03
3.000000e-02 1.000000e-02  6.666667e-03  5.000000e-01 5.353375e-05 8.000000e-04 2.487963e+03 2.840653e+01 1.739071e+01 6.147908e+01 4.048431e+01 3.067230e+01 6.376911e+01 8.747073e+02 2.648741e+03
3.000000e-02 1.000000e-02  6.666667e-03  5.000000e-01 5.496022e-05 8.000000e-04 2.487963e+03 2.824495e+01 1.719334e+01 6.129541e+01 4.192920e+01 3.230792e+01 6.721279e+01 9.219435e+02 2.791779e+03
3.000000e-02 1.000000e-02  6.666667e-03  5.000000e-01 5.642470e-05 8.000000e-04 2.487963e+03 2.819508e+01 1.699370e+01 6.104507e+01 4.425018e+01 3.388266e+01 7.084244e+01 9.717306e+02 2.942541e+03
3.000000e-02 1.000000e-02  6.666667e-03  5.000000e-01 5.792820e-05 8.000000e-04 2.487963e+03 2.785477e+01 1.674258e+01 6.033851e+01 4.825412e+01 3.575012e+01 7.466809e+01 1.024206e+03 3.101445e+03
3.000000e-02 1.000000e-02  6.666667e-03  5.000000e-01 5.947176e-05 8.000000e-04 2.487963e+03 2.780360e+01 1.657411e+01 6.026753e+01 4.946091e+01 3.767408e+01 7.870034e+01 1.079516e+03 3.268930e+03
3.000000e-02 1.000000e-02  6.666667e-03  5.000000e-01 6.105646e-05 8.000000e-04 2.487963e+03 2.754662e+01 1.632538e+01 5.994574e+01 5.115105e+01 3.990116e+01 8.295034e+01 1.137812e+03 3.445460e+03
3.000000e-02 1.000000e-02  6.666667e-03  5.000000e-01 6.268338e-05 8.000000e-04 2.487963e+03 2.737741e+01 1.613210e+01 5.945073e+01 5.488648e+01 4.183386e+01 8.742985e+01 1.199257e+03 3.631523e+03
3.000000e-02 1.000000e-02  6.666667e-03  5.000000e-01 6.435365e-05 8.000000e-04 2.487963e+03 2.707009e+01 1.590323e+01 5.923859e+01 5.848848e+01 4.421864e+01 9.215126e+01 1.264019e+03 3.827634e+03
3.000000e-02 1.000000e-02  6.666667e-03  5.000000e-01 6.606842e-05 8.000000e-04 2.487963e+03 2.669226e+01 1.569970e+01 5.849510e+01 6.275145e+01 4.645524e+01 9.712765e+01 1.332279e+03 4.034335e+03
3.000000e-02 1.000000e-02  6.666667e-03  5.000000e-01 6.782889e-05 8.000000e-04 2.487963e+03 2.686455e+01 1.560091e+01 5.890759e+01 6.322719e+01 4.839239e+01 1.023728e+02 1.404225e+03 4.252198e+03
3.000000e-02 1.000000e-02  6.666667e-03  5.000000e-01 6.963627e-05 8.000000e-04 2.487963e+03 2.643087e+01 1.530733e+01 5.816093e+01 6.922054e+01 5.171093e+01 1.079011e+02 1.480057e+03 4.481827e+03
3.000000e-02 1.000000e-02  6.666667e-03  5.000000e-01 7.149181e-05 8.000000e-04 2.487963e+03 2.622519e+01 1.512881e+01 5.808350e+01 6.950146e+01 5.430045e+01 1.137280e+02 1.559983e+03 4.723856e+03
3.000000e-02 1.000000e-02  6.666667e-03  5.000000e-01 7.339679e-05 8.000000e-04 2.487963e+03 2.558939e+01 1.501936e+01 5.688844e+01 7.736276e+01 5.743769e+01 1.198696e+02 1.644226e+03 4.978955e+03
3.000000e-02 1.000000e-02  6.666667e-03  5.000000e-01 7.535253e-05 8.000000e-04 2.487963e+03 2.564479e+01 1.478354e+01 5.745731e+01 7.900415e+01 6.066326e+01 1.263429e+02 1.733018e+03 5.247830e+03
3.000000e-02 1.000000e-02  6.666667e-03  5.000000e-01 7.736039e-05 8.000000e-04 2.487963e+03 2.544151e+01 1.466712e+01 5.704088e+01 8.166805e+01 6.361301e+01 1.331657e+02 1.826605e+03 5.531225e+03
3.000000e-02 1.000000e-02  6.666667e-03  5.000000e-01 7.942174e-05 8.000000e-04 2.487963e+03 2.504402e+01 1.453400e+01 5.649152e+01 8.702049e+01 6.716609e+01 1.403569e+02 1.925246e+03 5.829924e+03
3.000000e-02 1.000000e-02  6.666667e-03  5.000000e-01 8.153803e-05 8.000000e-04 2.487963e+03 2.470897e+01 1.438032e+01 5.629030e+01 9.303734e+01 7.102139e+01 1.479365e+02 2.029214e+03 6.144753e+03
3.000000e-02 1.000000e-02  6.666667e-03  5.000000e-01 8.371070e-05 8.000000e-04 2.487963e+03 2.437431e+01 1.428517e+01 5.571214e+01 9.800395e+01 7.446070e+01 1.559254e+02 2.138796e+03 6.476584e+03
3.000000e-02 1.000000e-02  6.666667e-03  5.000000e-01 8.594127e-05 8.000000e-04 2.487963e+03 2.414813e+01 1.419655e+01 5.548421e+01 1.044551e+02 7.873000e+01 1.643458e+02 2.254296e+03 6.826335e+03
3.000000e-02 1.000000e-02  6.666667e-03  5.000000e-01 8.823127e-05 8.000000e-04 2.487963e+03 2.339845e+01 1.422030e+01 5.460691e+01 1.108470e+02 8.297288e+01 1.732208e+02 2.376033e+03 7.194972e+03
3.000000e-02 1.000000e-02  6.666667e-03  5.000000e-01 9.058230e-05 8.000000e-04 2.487963e+03 2.318428e+01 1.420970e+01 5.484818e+01 1.129508e+02 8.725177e+01 1.825751e+02 2.504344e+03 7.583518e+03
3.000000e-02 1.000000e-02  6.666667e-03  5.000000e-01 9.299597e-05 8.000000e-04 2.487963e+03 2.305603e+01 1.423013e+01 5.516838e+01 1.196363e+02 9.194996e+01 1.924346e+02 2.639585e+03 7.993045e+03
3.000000e-02 1.000000e-02  6.666667e-03  5.000000e-01 9.547395e-05 8.000000e-04 2.487963e+03 2.245779e+01 1.422190e+01 5.405210e+01 1.279199e+02 9.708060e+01 2.028265e+02 2.782128e+03 8.424688e+03
3.000000e-02 1.000000e-02  6.666667e-03  5.000000e-01 9.801796e-05 8.000000e-04 2.487963e+03 2.188527e+01 1.419698e+01 5.306449e+01 1.365689e+02 1.020537e+02 2.137796e+02 2.932370e+03 8.879641e+03
3.000000e-02 1.000000e-02  6.666667e-03  5.000000e-01 1.006298e-04 8.000000e-04 2.487963e+03 2.141996e+01 1.440970e+01 5.282733e+01 1.463690e+02 1.077313e+02 2.253242e+02 3.090724e+03 9.359162e+03
3.000000e-02 1.000000e-02  6.666667e-03  5.000000e-01 1.033112e-04 8.000000e-04 2.487963e+03 2.107426e+01 1.449793e+01 5.304473e+01 1.549355e+02 1.130207e+02 2.374922e+02 3.257631e+03 9.864578e+03
3.000000e-02 1.000000e-02  6.666667e-03  5.000000e-01 1.060640e-04 8.000000e-04 2.487963e+03 2.105139e+01 1.472803e+01 5.384863e+01 1.559716e+02 1.199645e+02 2.503174e+02 3.433550e+03 1.039729e+04
3.000000e-02 1.000000e-02  6.666667e-03  5.000000e-01 1.088902e-04 8.000000e-04 2.487963e+03 2.051410e+01 1.484988e+01 5.290239e+01 1.657599e+02 1.261883e+02 2.638351e+02 3.618970e+03 1.095877e+04
3.000000e-02 1.000000e-02  6.666667e-03  5.000000e-01 1.117917e-04 8.000000e-04 2.487963e+03 2.043540e+01 1.519432e+01 5.462870e+01 1.706193e+02 1.333744e+02 2.780828e+02 3.814403e+03 1.155056e+04
3.000000e-02 1.000000e-02  6.666667e-03  5.000000e-01 1.147705e-04 8.000000e-04 2.487963e+03 1.998555e+01 1.545756e+01 5.435451e+01 1.876476e+02 1.407195e+02 2.930999e+02 4.020389e+03 1.217432e+04
3.000000e-02 1.000000e-02  6.666667e-03  5.000000e-01 1.178287e-04 8.000000e-04 2.487963e+03 1.943562e+01 1.572379e+01 5.267591e+01 1.919110e+02 1.473794e+02 3.089280e+02 4.237499e+03 1.283176e+04
3.000000e-02 1.000000e-02  6.666667e-03  5.000000e-01 1.209684e-04 8.000000e-04 2.487963e+03 1.936552e+01 1.619104e+01 5.473077e+01 2.027168e+02 1.556333e+02 3.256108e+02 4.466334e+03 1.352471e+04
3.000000e-02 1.000000e-02  6.666667e-03  5.000000e-01 1.241917e-04 8.000000e-04 2.487963e+03 1.831873e+01 1.663087e+01 5.231063e+01 2.166924e+02 1.637116e+02 3.431945e+02 4.707527e+03 1.425507e+04
3.000000e-02 1.000000e-02  6.666667e-03  5.000000e-01 1.275010e-04 8.000000e-04 2.487963e+03 1.797635e+01 1.697939e+01 5.294047e+01 2.300317e+02 1.723085e+02 3.617278e+02 4.961744e+03 1.502488e+04
3.000000e-02 1.000000e-02  6.666667e-03  5.000000e-01 1.308984e-04 8.000000e-04 2.487963e+03 1.738143e+01 1.750385e+01 5.078699e+01 2.439100e+02 1.813666e+02 3.812620e+02 5.229690e+03 1.583626e+04
3.000000e-02 1.000000e-02  6.666667e-03  5.000000e-01 1.343863e-04 8.000000e-04 2.487963e+03 1.725212e+01 1.805347e+01 5.200982e+01 2.534983e+02 1.914984e+02 4.018510e+02 5.512105e+03 1.669145e+04
3.000000e-02 1.000000e-02  6.666667e-03  5.000000e-01 1.379672e-04 8.000000e-04 2.487963e+03 1.656612e+01 1.877505e+01 5.219150e+01 2.657382e+02 2.011883e+02 4.235519e+02 5.809771e+03 1.759283e+04
3.000000e-02 1.000000e-02  6.666667e-03  5.000000e-01 1.416435e-04 8.000000e-04 2.487963e+03 1.605070e+01 1.937181e+01 5.330666e+01 2.827911e+02 2.136265e+02 4.464247e+02 6.123512e+03 1.854288e+04
3.000000e-02 1.000000e-02  6.666667e-03  5.000000e-01 1.454177e-04 8.000000e-04 2.487963e+03 1.585545e+01 1.961643e+01 5.236820e+01 2.979702e+02 2.232854e+02 4.705326e+02 6.454196e+03 1.954424e+04
3.000000e-02 1.000000e-02  6.666667e-03  5.000000e-01 1.492926e-04 8.000000e-04 2.487963e+03 1.633519e+01 2.064526e+01 5.397413e+01 3.158578e+02 2.364995e+02 4.959425e+02 6.802738e+03 2.059968e+04
3.000000e-02 1.000000e-02  6.666667e-03  5.000000e-01 1.532706e-04 8.000000e-04 2.487963e+03 1.555037e+01 2.124555e+01 5.408182e+01 3.291227e+02 2.486136e+02 5.227245e+02 7.170101e+03 2.171211e+04
3.000000e-02 1.000000e-02  6.666667e-03  5.000000e-01 1.573547e-04 8.000000e-04 2.487963e+03 1.548868e+01 2.220388e+01 5.441102e+01 3.413464e+02 2.634803e+02 5.509529e+02 7.557303e+03 2.288461e+04
3.000000e-02 1.000000e-02  6.666667e-03  5.000000e-01 1.615476e-04 8.000000e-04 2.487963e+03 1.513223e+01 2.293006e+01 5.491701e+01 3.599742e+02 2.769294e+02 5.807056e+02 7.965415e+03 2.412043e+04
3.000000e-02 1.000000e-02  6.666667e-03  5.000000e-01 1.658522e-04 8.000000e-04 2.487963e+03 1.556324e+01 2.389357e+01 5.527289e+01 3.859429e+02 2.934531e+02 6.120650e+02 8.395566e+03 2.542299e+04
3.000000e-02 1.000000e-02  6.666667e-03  5.000000e-01 1.702715e-04 8.000000e-04 2.487963e+03 1.405155e+01 2.461693e+01 5.852286e+01 4.039805e+02 3.079437e+02 6.451180e+02 8.848946e+03 2.679589e+04
3.000000e-02 1.000000e-02  6.666667e-03  5.000000e-01 1.748086e-04 8.000000e-04 2.487963e+03 1.485468e+01 2.527459e+01 5.840275e+01 4.154701e+02 3.247341e+02 6.799558e+02 9.326810e+03 2.824293e+04
3.000000e-02 1.000000e-02  6.666667e-03  5.000000e-01 1.794666e-04 8.000000e-04 2.487963e+03 1.454899e+01 2.638605e+01 5.881425e+01 4.420562e+02 3.434796e+02 7.166750e+02 9.830479e+03 2.976812e+04
3.000000e-02 1.000000e-02  6.666667e-03  5.000000e-01 1.842487e-04 8.000000e-04 2.487963e+03 1.578202e+01 2.702573e+01 5.616435e+01 4.889488e+02 3.626528e+02 7.553771e+02 1.036135e+04 3.137566e+04
3.000000e-02 1.000000e-02  6.666667e-03  5.000000e-01 1.891582e-04 8.000000e-04 2.487963e+03 1.506547e+01 2.811954e+01 5.826927e+01 5.058730e+02 3.829434e+02 7.961692e+02 1.092088e+04 3.307002e+04
3.000000e-02 1.000000e-02  6.666667e-03  5.000000e-01 1.941986e-04 8.000000e-04 2.487963e+03 1.487512e+01 2.857888e+01 5.890207e+01 5.346490e+02 3.988779e+02 8.391642e+02 1.151064e+04 3.485588e+04
3.000000e-02 1.000000e-02  6.666667e-03  5.000000e-01 1.993732e-04 8.000000e-04 2.487963e+03 1.725012e+01 2.948282e+01 5.963416e+01 5.741381e+02 4.191513e+02 8.844810e+02 1.213224e+04 3.673818e+04
3.000000e-02 1.000000e-02  6.666667e-03  5.000000e-01 2.046857e-04 8.000000e-04 2.487963e+03 1.639703e+01 3.031925e+01 5.978497e+01 6.056658e+02 4.471357e+02 9.322450e+02 1.278741e+04 3.872212e+04
3.000000e-02 1.000000e-02  6.666667e-03  5.000000e-01 2.101398e-04 8.000000e-04 2.487963e+03 1.827844e+01 3.136722e+01 6.298344e+01 6.264233e+02 4.738364e+02 9.825884e+02 1.347796e+04 4.081321e+04
3.000000e-02 1.000000e-02  6.666667e-03  5.000000e-01 2.157392e-04 8.000000e-04 2.487963e+03 1.882237e+01 3.215071e+01 6.388161e+01 6.636754e+02 4.960463e+02 1.035650e+03 1.420580e+04 4.301721e+04
3.000000e-02 1.000000e-02  6.666667e-03  5.000000e-01 2.214878e-04 8.000000e-04 2.487963e+03 1.882445e+01 3.298128e+01 6.460425e+01 7.021809e+02 5.198937e+02 1.091578e+03 1.497294e+04 4.534024e+04
3.000000e-02 1.000000e-02  6.666667e-03  5.000000e-01 2.273896e-04 8.000000e-04 2.487963e+03 1.587527e+01 3.379376e+01 6.387964e+01 7.465595e+02 5.502461e+02 1.150526e+03 1.578152e+04 4.778872e+04
3.000000e-02 1.000000e-02  6.666667e-03  5.000000e-01 2.334487e-04 8.000000e-04 2.487963e+03 1.797810e+01 3.508031e+01 6.525780e+01 7.698710e+02 5.810796e+02 1.212657e+03 1.663376e+04 5.036942e+04
