1.250000e+00 1.425000e-02  9.500000e-03  5.000000e-01 2.000000e-06 8.000000e-04 1.170546e+09 3.180203e+01 2.288802e+01 6.923341e+01 4.370306e-13 1.397860e-12 4.595510e-13 9.255662e-12 3.674483e-11
1.250000e+00 1.425000e-02  9.500000e-03  5.000000e-01 2.053292e-06 8.000000e-04 1.170546e+09 3.180203e+01 2.288802e+01 6.923341e+01 4.708051e-13 1.477983e-12 4.843678e-13 9.755490e-12 3.872913e-11
1.250000e+00 1.425000e-02  9.500000e-03  5.000000e-01 2.108005e-06 8.000000e-04 1.170546e+09 3.180203e+01 2.288802e+01 6.923341e+01 5.053804e-13 1.550768e-12 5.105248e-13 1.028231e-11 4.082060e-11
1.250000e+00 1.425000e-02  9.500000e-03  5.000000e-01 2.164175e-06 8.000000e-04 1.170546e+09 3.180203e+01 2.288802e+01 6.923341e+01 5.466421e-13 1.631163e-12 5.380943e-13 1.083758e-11 4.302500e-11
1.250000e+00 1.425000e-02  9.500000e-03  5.000000e-01 2.221842e-06 8.000000e-04 1.170546e+09 3.180203e+01 2.288802e+01 6.923341e+01 5.467209e-13 1.714634e-12 5.671527e-13 1.142283e-11 4.534845e-11
1.250000e+00 1.425000e-02  9.500000e-03  5.000000e-01 2.281045e-06 8.000000e-04 1.170546e+09 3.180203e+01 2.288802e+01 6.923341e+01 5.850836e-13 1.813495e-12 5.977802e-13 1.203969e-11 4.779737e-11
1.250000e+00 1.425000e-02  9.500000e-03  5.000000e-01 2.341826e-06 8.000000e-04 1.170546e+09 3.180203e+01 2.288802e+01 6.923341e+01 6.124575e-13 1.906694e-12 6.300618e-13 1.268986e-11 5.037854e-11
1.250000e+00 1.425000e-02  9.500000e-03  5.000000e-01 2.404227e-06 8.000000e-04 1.170546e+09 3.180203e+01 2.288802e+01 6.923341e+01 6.408665e-13 2.014442e-12 6.640865e-13 1.337514e-11 5.309910e-11
1.250000e+00 1.425000e-02  9.500000e-03  5.000000e-01 2.468290e-06 8.000000e-04 1.170546e+09 3.180203e+01 2.288802e+01 6.923341e+01 6.824127e-13 2.119819e-12 6.999488e-13 1.409743e-11 5.596657e-11
1.250000e+00 1.425000e-02  9.500000e-03  5.000000e-01 2.534061e-06 8.000000e-04 1.170546e+09 3.180203e+01 2.288802e+01 6.923341e+01 7.501386e-13 2.232938e-12 7.377476e-13 1.485873e-11 5.898890e-11
1.250000e+00 1.425000e-02  9.500000e-03  5.000000e-01 2.601584e-06 8.000000e-04 1.170546e+09 3.180203e+01 2.288802e+01 6.923341e+01 7.647969e-13 2.356561e-12 7.775877e-13 1.566113e-11 6.217444e-11
1.250000e+00 1.425000e-02  9.500000e-03  5.000000e-01 2.670906e-06 8.000000e-04 1.170546e+09 3.180203e+01 2.288802e+01 6.923341e+01 7.971257e-13 2.493169e-12 8.195792e-13 1.650687e-11 6.553200e-11
1.250000e+00 1.425000e-02  9.500000e-03  5.000000e-01 2.742075e-06 8.000000e-04 1.170546e+09 3.180203e+01 2.288802e+01 6.923341e+01 8.539450e-13 2.610417e-12 8.638384e-13 1.739828e-11 6.907088e-11
1.250000e+00 1.425000e-02  9.500000e-03  5.000000e-01 2.815141e-06 8.000000e-04 1.170546e+09 3.180203e+01 2.288802e+01 6.923341e+01 9.185767e-13 2.767670e-12 9.104877e-13 1.833783e-11 7.280087e-11
1.250000e+00 1.425000e-02  9.500000e-03  5.000000e-01 2.890154e-06 8.000000e-04 1.170546e+09 3.180203e+01 2.288802e+01 6.923341e+01 9.430337e-13 2.911528e-12 9.596561e-13 1.932811e-11 7.673228e-11
1.250000e+00 1.425000e-02  9.500000e-03  5.000000e-01 2.967165e-06 8.000000e-04 1.170546e+09 3.180203e+01 2.288802e+01 6.923341e+01 9.815072e-13 3.085150e-12 1.011480e-12 2.037187e-11 8.087600e-11
1.250000e+00 1.425000e-02  9.500000e-03  5.000000e-01 3.046229e-06 8.000000e-04 1.170546e+09 3.180203e+01 2.288802e+01 6.923341e+01 1.097148e-12 3.226397e-12 1.066102e-12 2.147200e-11 8.524349e-11
1.250000e+00 1.425000e-02  9.500000e-03  5.000000e-01 3.127399e-06 8.000000e-04 1.170546e+09 3.180203e+01 2.288802e+01 6.923341e+01 1.116548e-12 3.388745e-12 1.123674e-12 2.263154e-11 8.984684e-11
1.250000e+00 1.425000e-02  9.500000e-03  5.000000e-01 3.210732e-06 8.000000e-04 1.170546e+09 3.180203e+01 2.288802e+01 6.923341e+01 1.179042e-12 3.596561e-12 1.184355e-12 2.385369e-11 9.469877e-11
1.250000e+00 1.425000e-02  9.500000e-03  5.000000e-01 3.296286e-06 8.000000e-04 1.170546e+09 3.180203e+01 2.288802e+01 6.923341e+01 1.242449e-12 3.765069e-12 1.248313e-12 2.514185e-11 9.981273e-11
1.250000e+00 1.425000e-02  9.500000e-03  5.000000e-01 3.384119e-06 8.000000e-04 1.170546e+09 3.180203e+01 2.288802e+01 6.923341e+01 1.327304e-12 3.995309e-12 1.315725e-12 2.649957e-11 1.052028e-10
1.250000e+00 1.425000e-02  9.500000e-03  5.000000e-01 3.474293e-06 8.000000e-04 1.170546e+09 3.180203e+01 2.288802e+01 6.923341e+01 1.395596e-12 4.216402e-12 1.386777e-12 2.793060e-11 1.108840e-10
1.250000e+00 1.425000e-02  9.500000e-03  5.000000e-01 3.566869e-06 8.000000e-04 1.170546e+09 3.180203e+01 2.288802e+01 6.923341e+01 1.376492e-12 4.423881e-12 1.461666e-12 2.943892e-11 1.168720e-10
1.250000e+00 1.425000e-02  9.500000e-03  5.000000e-01 3.661913e-06 8.000000e-04 1.170546e+09 3.180203e+01 2.288802e+01 6.923341e+01 1.487853e-12 4.652570e-12 1.540599e-12 3.102869e-11 1.231834e-10
1.250000e+00 1.425000e-02  9.500000e-03  5.000000e-01 3.759488e-06 8.000000e-04 1.170546e+09 3.180203e+01 2.288802e+01 6.923341e+01 1.633697e-12 4.918124e-12 1.623795e-12 3.270431e-11 1.298356e-10
1.250000e+00 1.425000e-02  9.500000e-03  5.000000e-01 3.859664e-06 8.000000e-04 1.170546e+09 3.180203e+01 2.288802e+01 6.923341e+01 1.669478e-12 5.177929e-12 1.711484e-12 3.447042e-11 1.368470e-10
1.250000e+00 1.425000e-02  9.500000e-03  5.000000e-01 3.962510e-06 8.000000e-04 1.170546e+09 3.180203e+01 2.288802e+01 6.923341e+01 1.756591e-12 5.456572e-12 1.803908e-12 3.633190e-11 1.442371e-10
1.250000e+00 1.425000e-02  9.500000e-03  5.000000e-01 4.068095e-06 8.000000e-04 1.170546e+09 3.180203e+01 2.288802e+01 6.923341e+01 1.908672e-12 5.735253e-12 1.901323e-12 3.829391e-11 1.520262e-10
1.250000e+00 1.425000e-02  9.500000e-03  5.000000e-01 4.176494e-06 8.000000e-04 1.170546e+09 3.180203e+01 2.288802e+01 6.923341e+01 1.984007e-12 6.080864e-12 2.003999e-12 4.036187e-11 1.602360e-10
1.250000e+00 1.425000e-02  9.500000e-03  5.000000e-01 4.287782e-06 8.000000e-04 1.170546e+09 3.180203e+01 2.288802e+01 6.923341e+01 2.072306e-12 6.407375e-12 2.112220e-12 4.254150e-11 1.688891e-10
1.250000e+00 1.425000e-02  9.500000e-03  5.000000e-01 4.402035e-06 8.000000e-04 1.170546e+09 3.180203e+01 2.288802e+01 6.923341e+01 2.156175e-12 6.751151e-12 2.226284e-12 4.483884e-11 1.780095e-10
1.250000e+00 1.425000e-02  9.500000e-03  5.000000e-01 4.519332e-06 8.000000e-04 1.170546e+09 3.180203e+01 2.288802e+01 6.923341e+01 2.341289e-12 7.136188e-12 2.346509e-12 4.726024e-11 1.876224e-10
1.250000e+00 1.425000e-02  9.500000e-03  5.000000e-01 4.639755e-06 8.000000e-04 1.170546e+09 3.180203e+01 2.288802e+01 6.923341e+01 2.403208e-12 7.498724e-12 2.473226e-12 4.981241e-11 1.977544e-10
1.250000e+00 1.425000e-02  9.500000e-03  5.000000e-01 4.763386e-06 8.000000e-04 1.170546e+09 3.180203e+01 2.288802e+01 6.923341e+01 2.531462e-12 7.931082e-12 2.606786e-12 5.250239e-11 2.084336e-10
1.250000e+00 1.425000e-02  9.500000e-03  5.000000e-01 4.890312e-06 8.000000e-04 1.170546e+09 3.180203e+01 2.288802e+01 6.923341e+01 2.642547e-12 8.307290e-12 2.747558e-12 5.533764e-11 2.196895e-10
1.250000e+00 1.425000e-02  9.500000e-03  5.000000e-01 5.020620e-06 8.000000e-04 1.170546e+09 3.180203e+01 2.288802e+01 6.923341e+01 2.973679e-12 8.803399e-12 2.895933e-12 5.832600e-11 2.315533e-10
1.250000e+00 1.425000e-02  9.500000e-03  5.000000e-01 5.154400e-06 8.000000e-04 1.170546e+09 3.180203e+01 2.288802e+01 6.923341e+01 2.969921e-12 9.230055e-12 3.052320e-12 6.147574e-11 2.440577e-10
1.250000e+00 1.425000e-02  9.500000e-03  5.000000e-01 5.291745e-06 8.000000e-04 1.170546e+09 3.180203e+01 2.288802e+01 6.923341e+01 3.287833e-12 9.783565e-12 3.217152e-12 6.479557e-11 2.572374e-10
1.250000e+00 1.425000e-02  9.500000e-03  5.000000e-01 5.432750e-06 8.000000e-04 1.170546e+09 3.180203e+01 2.288802e+01 6.923341e+01 3.369137e-12 1.029834e-11 3.390886e-12 6.829469e-11 2.711288e-10
1.250000e+00 1.425000e-02  9.500000e-03  5.000000e-01 5.577512e-06 8.000000e-04 1.170546e+09 3.180203e+01 2.288802e+01 6.923341e+01 3.457313e-12 1.080230e-11 3.574001e-12 7.198276e-11 2.857704e-10
1.250000e+00 1.425000e-02  9.500000e-03  5.000000e-01 5.726131e-06 8.000000e-04 1.170546e+09 3.180203e+01 2.288802e+01 6.923341e+01 3.621731e-12 1.141592e-11 3.767006e-12 7.586999e-11 3.012026e-10
1.250000e+00 1.425000e-02  9.500000e-03  5.000000e-01 5.878710e-06 8.000000e-04 1.170546e+09 3.180203e+01 2.288802e+01 6.923341e+01 3.818515e-12 1.202438e-11 3.970433e-12 7.996715e-11 3.174683e-10
1.250000e+00 1.425000e-02  9.500000e-03  5.000000e-01 6.035355e-06 8.000000e-04 1.170546e+09 3.180203e+01 2.288802e+01 6.923341e+01 3.998272e-12 1.263510e-11 4.184845e-12 8.428556e-11 3.346123e-10
1.250000e+00 1.425000e-02  9.500000e-03  5.000000e-01 6.196174e-06 8.000000e-04 1.170546e+09 3.180203e+01 2.288802e+01 6.923341e+01 4.446288e-12 1.331339e-11 4.410836e-12 8.883717e-11 3.526821e-10
1.250000e+00 1.425000e-02  9.500000e-03  5.000000e-01 6.361278e-06 8.000000e-04 1.170546e+09 3.180203e+01 2.288802e+01 6.923341e+01 4.699598e-12 1.414294e-11 4.649032e-12 9.363458e-11 3.717278e-10
1.250000e+00 1.425000e-02  9.500000e-03  5.000000e-01 6.530782e-06 8.000000e-04 1.170546e+09 3.180203e+01 2.288802e+01 6.923341e+01 4.801526e-12 1.490547e-11 4.900090e-12 9.869107e-11 3.918019e-10
1.250000e+00 1.425000e-02  9.500000e-03  5.000000e-01 6.704802e-06 8.000000e-04 1.170546e+09 3.180203e+01 2.288802e+01 6.923341e+01 5.077962e-12 1.562546e-11 5.164706e-12 1.040206e-10 4.129601e-10
1.250000e+00 1.425000e-02  9.500000e-03  5.000000e-01 6.883459e-06 8.000000e-04 1.170546e+09 3.180203e+01 2.288802e+01 6.923341e+01 5.189343e-12 1.659373e-11 5.443613e-12 1.096380e-10 4.352609e-10
1.250000e+00 1.425000e-02  9.500000e-03  5.000000e-01 7.066877e-06 8.000000e-04 1.170546e+09 3.180203e+01 2.288802e+01 6.923341e+01 5.638889e-12 1.747814e-11 5.737580e-12 1.155587e-10 4.587660e-10
1.250000e+00 1.425000e-02  9.500000e-03  5.000000e-01 7.255182e-06 8.000000e-04 1.170546e+09 3.180203e+01 2.288802e+01 6.923341e+01 6.165875e-12 1.833445e-11 6.047423e-12 1.217991e-10 4.835405e-10
1.250000e+00 1.425000e-02  9.500000e-03  5.000000e-01 7.448504e-06 8.000000e-04 1.170546e+09 3.180203e+01 2.288802e+01 6.923341e+01 6.160455e-12 1.933860e-11 6.373998e-12 1.283765e-10 5.096528e-10
1.250000e+00 1.425000e-02  9.500000e-03  5.000000e-01 7.646978e-06 8.000000e-04 1.170546e+09 3.180203e+01 2.288802e+01 6.923341e+01 6.549488e-12 2.042010e-11 6.718208e-12 1.353092e-10 5.371752e-10
1.250000e+00 1.425000e-02  9.500000e-03  5.000000e-01 7.850741e-06 8.000000e-04 1.170546e+09 3.180203e+01 2.288802e+01 6.923341e+01 6.883033e-12 2.147846e-11 7.081007e-12 1.426162e-10 5.661839e-10
1.250000e+00 1.425000e-02  9.500000e-03  5.000000e-01 8.059933e-06 8.000000e-04 1.170546e+09 3.180203e+01 2.288802e+01 6.923341e+01 7.250100e-12 2.261264e-11 7.463398e-12 1.503178e-10 5.967591e-10
1.250000e+00 1.425000e-02  9.500000e-03  5.000000e-01 8.274699e-06 8.000000e-04 1.170546e+09 3.180203e+01 2.288802e+01 6.923341e+01 7.450624e-12 2.386294e-11 7.866438e-12 1.584353e-10 6.289855e-10
1.250000e+00 1.425000e-02  9.500000e-03  5.000000e-01 8.495188e-06 8.000000e-04 1.170546e+09 3.180203e+01 2.288802e+01 6.923341e+01 8.288021e-12 2.514109e-11 8.291244e-12 1.669912e-10 6.629522e-10
1.250000e+00 1.425000e-02  9.500000e-03  5.000000e-01 8.721552e-06 8.000000e-04 1.170546e+09 3.180203e+01 2.288802e+01 6.923341e+01 8.430112e-12 2.641945e-11 8.738991e-12 1.760091e-10 6.987531e-10
1.250000e+00 1.425000e-02  9.500000e-03  5.000000e-01 8.953948e-06 8.000000e-04 1.170546e+09 3.180203e+01 2.288802e+01 6.923341e+01 8.876561e-12 2.783278e-11 9.210916e-12 1.855140e-10 7.364874e-10
1.250000e+00 1.425000e-02  9.500000e-03  5.000000e-01 9.192536e-06 8.000000e-04 1.170546e+09 3.180203e+01 2.288802e+01 6.923341e+01 9.590560e-12 2.941985e-11 9.708327e-12 1.955321e-10 7.762594e-10
1.250000e+00 1.425000e-02  9.500000e-03  5.000000e-01 9.437481e-06 8.000000e-04 1.170546e+09 3.180203e+01 2.288802e+01 6.923341e+01 1.038812e-11 3.104993e-11 1.023260e-11 2.060913e-10 8.181792e-10
1.250000e+00 1.425000e-02  9.500000e-03  5.000000e-01 9.688954e-06 8.000000e-04 1.170546e+09 3.180203e+01 2.288802e+01 6.923341e+01 1.044737e-11 3.257828e-11 1.078518e-11 2.172207e-10 8.623628e-10
1.250000e+00 1.425000e-02  9.500000e-03  5.000000e-01 9.947127e-06 8.000000e-04 1.170546e+09 3.180203e+01 2.288802e+01 6.923341e+01 1.090554e-11 3.447231e-11 1.136761e-11 2.289512e-10 9.089324e-10
1.250000e+00 1.425000e-02  9.500000e-03  5.000000e-01 1.021218e-05 8.000000e-04 1.170546e+09 3.180203e+01 2.288802e+01 6.923341e+01 1.151928e-11 3.639446e-11 1.198149e-11 2.413151e-10 9.580168e-10
1.250000e+00 1.425000e-02  9.500000e-03  5.000000e-01 1.048430e-05 8.000000e-04 1.170546e+09 3.180203e+01 2.288802e+01 6.923341e+01 1.244631e-11 3.844537e-11 1.262851e-11 2.543466e-10 1.009752e-09
1.250000e+00 1.425000e-02  9.500000e-03  5.000000e-01 1.076366e-05 8.000000e-04 1.170546e+09 3.180203e+01 2.288802e+01 6.923341e+01 1.281063e-11 4.037532e-11 1.331048e-11 2.680819e-10 1.064281e-09
1.250000e+00 1.425000e-02  9.500000e-03  5.000000e-01 1.105047e-05 8.000000e-04 1.170546e+09 3.180203e+01 2.288802e+01 6.923341e+01 1.354707e-11 4.245610e-11 1.402928e-11 2.825590e-10 1.121755e-09
1.250000e+00 1.425000e-02  9.500000e-03  5.000000e-01 1.134492e-05 8.000000e-04 1.170546e+09 3.180203e+01 2.288802e+01 6.923341e+01 1.480674e-11 4.492308e-11 1.478689e-11 2.978178e-10 1.182332e-09
1.250000e+00 1.425000e-02  9.500000e-03  5.000000e-01 1.164722e-05 8.000000e-04 1.170546e+09 3.180203e+01 2.288802e+01 6.923341e+01 1.561597e-11 4.717382e-11 1.558542e-11 3.139007e-10 1.246180e-09
1.250000e+00 1.425000e-02  9.500000e-03  5.000000e-01 1.195758e-05 8.000000e-04 1.170546e+09 3.180203e+01 2.288802e+01 6.923341e+01 1.607109e-11 4.979431e-11 1.642707e-11 3.308520e-10 1.313477e-09
1.250000e+00 1.425000e-02  9.500000e-03  5.000000e-01 1.227620e-05 8.000000e-04 1.170546e+09 3.180203e+01 2.288802e+01 6.923341e+01 1.699640e-11 5.230892e-11 1.731417e-11 3.487188e-10 1.384408e-09
1.250000e+00 1.425000e-02  9.500000e-03  5.000000e-01 1.260331e-05 8.000000e-04 1.170546e+09 3.180203e+01 2.288802e+01 6.923341e+01 1.796417e-11 5.497953e-11 1.824917e-11 3.675504e-10 1.459169e-09
1.250000e+00 1.425000e-02  9.500000e-03  5.000000e-01 1.293914e-05 8.000000e-04 1.170546e+09 3.180203e+01 2.288802e+01 6.923341e+01 1.872499e-11 5.808475e-11 1.923467e-11 3.873990e-10 1.537968e-09
1.250000e+00 1.425000e-02  9.500000e-03  5.000000e-01 1.328392e-05 8.000000e-04 1.170546e+09 3.180203e+01 2.288802e+01 6.923341e+01 2.010625e-11 6.127771e-11 2.027339e-11 4.083194e-10 1.621021e-09
1.250000e+00 1.425000e-02  9.500000e-03  5.000000e-01 1.363789e-05 8.000000e-04 1.170546e+09 3.180203e+01 2.288802e+01 6.923341e+01 2.050004e-11 6.484847e-11 2.136820e-11 4.303696e-10 1.708560e-09
1.250000e+00 1.425000e-02  9.500000e-03  5.000000e-01 1.400128e-05 8.000000e-04 1.170546e+09 3.180203e+01 2.288802e+01 6.923341e+01 2.212768e-11 6.819033e-11 2.252213e-11 4.536106e-10 1.800827e-09
1.250000e+00 1.425000e-02  9.500000e-03  5.000000e-01 1.437436e-05 8.000000e-04 1.170546e+09 3.180203e+01 2.288802e+01 6.923341e+01 2.296800e-11 7.194571e-11 2.373837e-11 4.781066e-10 1.898075e-09
