5.000000e-01 3.070000e-01  2.046667e-01  5.000000e-01 2.000000e-06 8.000000e-04 5.686054e+00 3.180203e+01 2.288746e+01 6.923306e+01 6.444775e-05 1.997649e-03 1.992668e-04 6.490799e-04 1.087388e-02
5.000000e-01 3.070000e-01  2.046667e-01  5.000000e-01 2.053292e-06 8.000000e-04 5.686054e+00 3.180202e+01 2.288743e+01 6.923305e+01 6.782737e-05 2.096738e-03 2.100277e-04 6.841317e-04 1.146109e-02
5.000000e-01 3.070000e-01  2.046667e-01  5.000000e-01 2.108005e-06 8.000000e-04 5.686054e+00 3.180202e+01 2.288739e+01 6.923302e+01 7.151134e-05 2.213074e-03 2.213697e-04 7.210764e-04 1.208002e-02
5.000000e-01 3.070000e-01  2.046667e-01  5.000000e-01 2.164175e-06 8.000000e-04 5.686054e+00 3.180202e+01 2.288736e+01 6.923300e+01 7.594864e-05 2.334892e-03 2.333242e-04 7.600162e-04 1.273236e-02
5.000000e-01 3.070000e-01  2.046667e-01  5.000000e-01 2.221842e-06 8.000000e-04 5.686054e+00 3.180202e+01 2.288734e+01 6.923298e+01 7.988609e-05 2.446373e-03 2.459242e-04 8.010588e-04 1.341994e-02
5.000000e-01 3.070000e-01  2.046667e-01  5.000000e-01 2.281045e-06 8.000000e-04 5.686054e+00 3.180202e+01 2.288728e+01 6.923295e+01 8.448350e-05 2.601007e-03 2.592047e-04 8.443178e-04 1.414465e-02
5.000000e-01 3.070000e-01  2.046667e-01  5.000000e-01 2.341826e-06 8.000000e-04 5.686054e+00 3.180202e+01 2.288726e+01 6.923294e+01 8.857384e-05 2.721042e-03 2.732023e-04 8.899129e-04 1.490849e-02
5.000000e-01 3.070000e-01  2.046667e-01  5.000000e-01 2.404227e-06 8.000000e-04 5.686054e+00 3.180202e+01 2.288720e+01 6.923290e+01 9.401269e-05 2.893343e-03 2.879559e-04 9.379703e-04 1.571359e-02
5.000000e-01 3.070000e-01  2.046667e-01  5.000000e-01 2.468290e-06 8.000000e-04 5.686054e+00 3.180202e+01 2.288717e+01 6.923289e+01 9.903491e-05 3.028020e-03 3.035062e-04 9.886228e-04 1.656216e-02
5.000000e-01 3.070000e-01  2.046667e-01  5.000000e-01 2.534061e-06 8.000000e-04 5.686054e+00 3.180202e+01 2.288712e+01 6.923286e+01 1.032933e-04 3.200836e-03 3.198962e-04 1.042011e-03 1.745655e-02
5.000000e-01 3.070000e-01  2.046667e-01  5.000000e-01 2.601584e-06 8.000000e-04 5.686054e+00 3.180202e+01 2.288708e+01 6.923281e+01 1.084315e-04 3.366539e-03 3.371713e-04 1.098282e-03 1.839924e-02
5.000000e-01 3.070000e-01  2.046667e-01  5.000000e-01 2.670906e-06 8.000000e-04 5.686054e+00 3.180202e+01 2.288702e+01 6.923279e+01 1.153875e-04 3.538317e-03 3.553794e-04 1.157592e-03 1.939285e-02
5.000000e-01 3.070000e-01  2.046667e-01  5.000000e-01 2.742075e-06 8.000000e-04 5.686054e+00 3.180202e+01 2.288697e+01 6.923276e+01 1.209477e-04 3.734310e-03 3.745707e-04 1.220104e-03 2.044010e-02
5.000000e-01 3.070000e-01  2.046667e-01  5.000000e-01 2.815141e-06 8.000000e-04 5.686054e+00 3.180202e+01 2.288691e+01 6.923273e+01 1.287422e-04 3.948962e-03 3.947984e-04 1.285993e-03 2.154392e-02
5.000000e-01 3.070000e-01  2.046667e-01  5.000000e-01 2.890154e-06 8.000000e-04 5.686054e+00 3.180202e+01 2.288685e+01 6.923269e+01 1.347856e-04 4.149359e-03 4.161184e-04 1.355439e-03 2.270734e-02
5.000000e-01 3.070000e-01  2.046667e-01  5.000000e-01 2.967165e-06 8.000000e-04 5.686054e+00 3.180202e+01 2.288679e+01 6.923265e+01 1.420798e-04 4.355453e-03 4.385897e-04 1.428636e-03 2.393359e-02
5.000000e-01 3.070000e-01  2.046667e-01  5.000000e-01 3.046229e-06 8.000000e-04 5.686054e+00 3.180202e+01 2.288672e+01 6.923261e+01 1.494105e-04 4.613456e-03 4.622746e-04 1.505786e-03 2.522606e-02
5.000000e-01 3.070000e-01  2.046667e-01  5.000000e-01 3.127399e-06 8.000000e-04 5.686054e+00 3.180202e+01 2.288665e+01 6.923255e+01 1.581121e-04 4.875046e-03 4.872385e-04 1.587102e-03 2.658832e-02
5.000000e-01 3.070000e-01  2.046667e-01  5.000000e-01 3.210732e-06 8.000000e-04 5.686054e+00 3.180202e+01 2.288657e+01 6.923251e+01 1.661171e-04 5.147055e-03 5.135505e-04 1.672809e-03 2.802415e-02
5.000000e-01 3.070000e-01  2.046667e-01  5.000000e-01 3.296286e-06 8.000000e-04 5.686054e+00 3.180202e+01 2.288648e+01 6.923245e+01 1.745989e-04 5.428882e-03 5.412834e-04 1.763144e-03 2.953752e-02
5.000000e-01 3.070000e-01  2.046667e-01  5.000000e-01 3.384119e-06 8.000000e-04 5.686054e+00 3.180201e+01 2.288642e+01 6.923242e+01 1.849906e-04 5.683452e-03 5.705140e-04 1.858358e-03 3.113262e-02
5.000000e-01 3.070000e-01  2.046667e-01  5.000000e-01 3.474293e-06 8.000000e-04 5.686054e+00 3.180201e+01 2.288632e+01 6.923237e+01 1.941229e-04 6.030309e-03 6.013231e-04 1.958714e-03 3.281385e-02
5.000000e-01 3.070000e-01  2.046667e-01  5.000000e-01 3.566869e-06 8.000000e-04 5.686054e+00 3.180201e+01 2.288624e+01 6.923230e+01 2.044877e-04 6.340948e-03 6.337959e-04 2.064489e-03 3.458587e-02
5.000000e-01 3.070000e-01  2.046667e-01  5.000000e-01 3.661913e-06 8.000000e-04 5.686054e+00 3.180201e+01 2.288614e+01 6.923224e+01 2.157096e-04 6.664238e-03 6.680223e-04 2.175976e-03 3.645359e-02
5.000000e-01 3.070000e-01  2.046667e-01  5.000000e-01 3.759488e-06 8.000000e-04 5.686054e+00 3.180201e+01 2.288604e+01 6.923218e+01 2.268534e-04 7.043242e-03 7.040971e-04 2.293484e-03 3.842217e-02
5.000000e-01 3.070000e-01  2.046667e-01  5.000000e-01 3.859664e-06 8.000000e-04 5.686054e+00 3.180201e+01 2.288594e+01 6.923213e+01 2.399707e-04 7.410780e-03 7.421199e-04 2.417337e-03 4.049705e-02
5.000000e-01 3.070000e-01  2.046667e-01  5.000000e-01 3.962510e-06 8.000000e-04 5.686054e+00 3.180201e+01 2.288583e+01 6.923205e+01 2.529651e-04 7.832510e-03 7.821961e-04 2.547879e-03 4.268399e-02
5.000000e-01 3.070000e-01  2.046667e-01  5.000000e-01 4.068095e-06 8.000000e-04 5.686054e+00 3.180201e+01 2.288571e+01 6.923198e+01 2.662908e-04 8.213321e-03 8.244365e-04 2.685470e-03 4.498902e-02
5.000000e-01 3.070000e-01  2.046667e-01  5.000000e-01 4.176494e-06 8.000000e-04 5.686054e+00 3.180201e+01 2.288559e+01 6.923190e+01 2.796743e-04 8.648002e-03 8.689580e-04 2.830492e-03 4.741853e-02
5.000000e-01 3.070000e-01  2.046667e-01  5.000000e-01 4.287782e-06 8.000000e-04 5.686054e+00 3.180200e+01 2.288544e+01 6.923179e+01 2.972167e-04 9.131137e-03 9.158838e-04 2.983345e-03 4.997924e-02
5.000000e-01 3.070000e-01  2.046667e-01  5.000000e-01 4.402035e-06 8.000000e-04 5.686054e+00 3.180200e+01 2.288533e+01 6.923172e+01 3.105580e-04 9.629431e-03 9.653436e-04 3.144452e-03 5.267824e-02
5.000000e-01 3.070000e-01  2.046667e-01  5.000000e-01 4.519332e-06 8.000000e-04 5.686054e+00 3.180200e+01 2.288517e+01 6.923163e+01 3.311366e-04 1.017233e-02 1.017474e-03 3.314260e-03 5.552299e-02
5.000000e-01 3.070000e-01  2.046667e-01  5.000000e-01 4.639755e-06 8.000000e-04 5.686054e+00 3.180200e+01 2.288501e+01 6.923156e+01 3.476914e-04 1.075385e-02 1.072420e-03 3.493238e-03 5.852136e-02
5.000000e-01 3.070000e-01  2.046667e-01  5.000000e-01 4.763386e-06 8.000000e-04 5.686054e+00 3.180200e+01 2.288485e+01 6.923144e+01 3.654402e-04 1.130416e-02 1.130334e-03 3.681881e-03 6.168164e-02
5.000000e-01 3.070000e-01  2.046667e-01  5.000000e-01 4.890312e-06 8.000000e-04 5.686054e+00 3.180200e+01 2.288464e+01 6.923132e+01 3.871954e-04 1.191712e-02 1.191374e-03 3.880711e-03 6.501260e-02
5.000000e-01 3.070000e-01  2.046667e-01  5.000000e-01 5.020620e-06 8.000000e-04 5.686054e+00 3.180199e+01 2.288451e+01 6.923122e+01 4.060755e-04 1.252616e-02 1.255711e-03 4.090278e-03 6.852343e-02
5.000000e-01 3.070000e-01  2.046667e-01  5.000000e-01 5.154400e-06 8.000000e-04 5.686054e+00 3.180199e+01 2.288432e+01 6.923111e+01 4.290367e-04 1.319022e-02 1.323522e-03 4.311163e-03 7.222385e-02
5.000000e-01 3.070000e-01  2.046667e-01  5.000000e-01 5.291745e-06 8.000000e-04 5.686054e+00 3.180199e+01 2.288407e+01 6.923094e+01 4.512024e-04 1.400044e-02 1.394996e-03 4.543975e-03 7.612410e-02
5.000000e-01 3.070000e-01  2.046667e-01  5.000000e-01 5.432750e-06 8.000000e-04 5.686054e+00 3.180199e+01 2.288389e+01 6.923083e+01 4.755650e-04 1.467065e-02 1.470329e-03 4.789361e-03 8.023498e-02
5.000000e-01 3.070000e-01  2.046667e-01  5.000000e-01 5.577512e-06 8.000000e-04 5.686054e+00 3.180199e+01 2.288367e+01 6.923073e+01 5.007593e-04 1.552398e-02 1.549730e-03 5.047997e-03 8.456786e-02
5.000000e-01 3.070000e-01  2.046667e-01  5.000000e-01 5.726131e-06 8.000000e-04 5.686054e+00 3.180198e+01 2.288343e+01 6.923056e+01 5.312213e-04 1.633931e-02 1.633419e-03 5.320601e-03 8.913472e-02
5.000000e-01 3.070000e-01  2.046667e-01  5.000000e-01 5.878710e-06 8.000000e-04 5.686054e+00 3.180198e+01 2.288322e+01 6.923041e+01 5.544779e-04 1.712511e-02 1.721627e-03 5.607925e-03 9.394820e-02
5.000000e-01 3.070000e-01  2.046667e-01  5.000000e-01 6.035355e-06 8.000000e-04 5.686054e+00 3.180198e+01 2.288292e+01 6.923024e+01 5.884309e-04 1.811104e-02 1.814599e-03 5.910766e-03 9.902162e-02
5.000000e-01 3.070000e-01  2.046667e-01  5.000000e-01 6.196174e-06 8.000000e-04 5.686054e+00 3.180198e+01 2.288262e+01 6.923009e+01 6.184178e-04 1.917398e-02 1.912592e-03 6.229961e-03 1.043690e-01
5.000000e-01 3.070000e-01  2.046667e-01  5.000000e-01 6.361278e-06 8.000000e-04 5.686054e+00 3.180197e+01 2.288236e+01 6.922989e+01 6.539495e-04 2.014847e-02 2.015876e-03 6.566394e-03 1.100052e-01
5.000000e-01 3.070000e-01  2.046667e-01  5.000000e-01 6.530782e-06 8.000000e-04 5.686054e+00 3.180197e+01 2.288201e+01 6.922969e+01 6.854918e-04 2.126130e-02 2.124738e-03 6.920994e-03 1.159457e-01
5.000000e-01 3.070000e-01  2.046667e-01  5.000000e-01 6.704802e-06 8.000000e-04 5.686054e+00 3.180197e+01 2.288170e+01 6.922946e+01 7.232292e-04 2.238636e-02 2.239479e-03 7.294744e-03 1.222070e-01
5.000000e-01 3.070000e-01  2.046667e-01  5.000000e-01 6.883459e-06 8.000000e-04 5.686054e+00 3.180196e+01 2.288139e+01 6.922930e+01 7.604799e-04 2.361360e-02 2.360416e-03 7.688677e-03 1.288065e-01
5.000000e-01 3.070000e-01  2.046667e-01  5.000000e-01 7.066877e-06 8.000000e-04 5.686054e+00 3.180196e+01 2.288102e+01 6.922908e+01 8.032219e-04 2.481210e-02 2.487884e-03 8.103883e-03 1.357624e-01
5.000000e-01 3.070000e-01  2.046667e-01  5.000000e-01 7.255182e-06 8.000000e-04 5.686054e+00 3.180195e+01 2.288063e+01 6.922887e+01 8.503484e-04 2.629082e-02 2.622235e-03 8.541512e-03 1.430938e-01
5.000000e-01 3.070000e-01  2.046667e-01  5.000000e-01 7.448504e-06 8.000000e-04 5.686054e+00 3.180195e+01 2.288026e+01 6.922861e+01 8.995909e-04 2.760527e-02 2.763842e-03 9.002773e-03 1.508212e-01
5.000000e-01 3.070000e-01  2.046667e-01  5.000000e-01 7.646978e-06 8.000000e-04 5.686054e+00 3.180195e+01 2.287983e+01 6.922836e+01 9.443684e-04 2.913319e-02 2.913096e-03 9.488943e-03 1.589659e-01
5.000000e-01 3.070000e-01  2.046667e-01  5.000000e-01 7.850741e-06 8.000000e-04 5.686054e+00 3.180194e+01 2.287932e+01 6.922798e+01 9.905368e-04 3.076297e-02 3.070410e-03 1.000137e-02 1.675505e-01
5.000000e-01 3.070000e-01  2.046667e-01  5.000000e-01 8.059933e-06 8.000000e-04 5.686054e+00 3.180194e+01 2.287894e+01 6.922774e+01 1.047709e-03 3.228878e-02 3.236219e-03 1.054147e-02 1.765986e-01
5.000000e-01 3.070000e-01  2.046667e-01  5.000000e-01 8.274699e-06 8.000000e-04 5.686054e+00 3.180193e+01 2.287837e+01 6.922738e+01 1.106947e-03 3.419898e-02 3.410982e-03 1.111073e-02 1.861353e-01
5.000000e-01 3.070000e-01  2.046667e-01  5.000000e-01 8.495188e-06 8.000000e-04 5.686054e+00 3.180193e+01 2.287791e+01 6.922717e+01 1.160226e-03 3.595058e-02 3.595183e-03 1.171073e-02 1.961870e-01
5.000000e-01 3.070000e-01  2.046667e-01  5.000000e-01 8.721552e-06 8.000000e-04 5.686054e+00 3.180192e+01 2.287737e+01 6.922682e+01 1.229249e-03 3.785870e-02 3.789331e-03 1.234314e-02 2.067816e-01
5.000000e-01 3.070000e-01  2.046667e-01  5.000000e-01 8.953948e-06 8.000000e-04 5.686054e+00 3.180191e+01 2.287680e+01 6.922636e+01 1.293962e-03 3.991459e-02 3.993964e-03 1.300970e-02 2.179483e-01
5.000000e-01 3.070000e-01  2.046667e-01  5.000000e-01 9.192536e-06 8.000000e-04 5.686054e+00 3.180191e+01 2.287615e+01 6.922601e+01 1.356657e-03 4.208664e-02 4.209647e-03 1.371225e-02 2.297180e-01
5.000000e-01 3.070000e-01  2.046667e-01  5.000000e-01 9.437481e-06 8.000000e-04 5.686054e+00 3.180190e+01 2.287561e+01 6.922567e+01 1.436889e-03 4.432615e-02 4.436978e-03 1.445275e-02 2.421233e-01
5.000000e-01 3.070000e-01  2.046667e-01  5.000000e-01 9.688954e-06 8.000000e-04 5.686054e+00 3.180189e+01 2.287491e+01 6.922531e+01 1.524963e-03 4.671860e-02 4.676585e-03 1.523323e-02 2.551985e-01
5.000000e-01 3.070000e-01  2.046667e-01  5.000000e-01 9.947127e-06 8.000000e-04 5.686054e+00 3.180189e+01 2.287423e+01 6.922494e+01 1.586416e-03 4.911786e-02 4.929131e-03 1.605586e-02 2.689798e-01
5.000000e-01 3.070000e-01  2.046667e-01  5.000000e-01 1.021218e-05 8.000000e-04 5.686054e+00 3.180188e+01 2.287339e+01 6.922429e+01 1.691539e-03 5.187863e-02 5.195316e-03 1.692291e-02 2.835054e-01
5.000000e-01 3.070000e-01  2.046667e-01  5.000000e-01 1.048430e-05 8.000000e-04 5.686054e+00 3.180187e+01 2.287265e+01 6.922377e+01 1.767943e-03 5.455537e-02 5.475875e-03 1.783679e-02 2.988153e-01
5.000000e-01 3.070000e-01  2.046667e-01  5.000000e-01 1.076366e-05 8.000000e-04 5.686054e+00 3.180186e+01 2.287182e+01 6.922334e+01 1.862465e-03 5.763854e-02 5.771585e-03 1.880001e-02 3.149520e-01
5.000000e-01 3.070000e-01  2.046667e-01  5.000000e-01 1.105047e-05 8.000000e-04 5.686054e+00 3.180185e+01 2.287094e+01 6.922291e+01 1.961775e-03 6.072513e-02 6.083264e-03 1.981526e-02 3.319602e-01
5.000000e-01 3.070000e-01  2.046667e-01  5.000000e-01 1.134492e-05 8.000000e-04 5.686054e+00 3.180184e+01 2.287004e+01 6.922239e+01 2.082592e-03 6.404634e-02 6.411774e-03 2.088533e-02 3.498868e-01
5.000000e-01 3.070000e-01  2.046667e-01  5.000000e-01 1.164722e-05 8.000000e-04 5.686054e+00 3.180183e+01 2.286901e+01 6.922154e+01 2.183660e-03 6.738710e-02 6.758024e-03 2.201318e-02 3.687815e-01
5.000000e-01 3.070000e-01  2.046667e-01  5.000000e-01 1.195758e-05 8.000000e-04 5.686054e+00 3.180182e+01 2.286819e+01 6.922096e+01 2.306843e-03 7.102625e-02 7.122973e-03 2.320195e-02 3.886965e-01
5.000000e-01 3.070000e-01  2.046667e-01  5.000000e-01 1.227620e-05 8.000000e-04 5.686054e+00 3.180181e+01 2.286694e+01 6.922023e+01 2.448922e-03 7.542170e-02 7.507630e-03 2.445491e-02 4.096870e-01
5.000000e-01 3.070000e-01  2.046667e-01  5.000000e-01 1.260331e-05 8.000000e-04 5.686054e+00 3.180180e+01 2.286589e+01 6.921963e+01 2.566094e-03 7.903022e-02 7.913060e-03 2.577553e-02 4.318111e-01
5.000000e-01 3.070000e-01  2.046667e-01  5.000000e-01 1.293914e-05 8.000000e-04 5.686054e+00 3.180179e+01 2.286457e+01 6.921883e+01 2.689237e-03 8.321603e-02 8.340383e-03 2.716747e-02 4.551299e-01
5.000000e-01 3.070000e-01  2.046667e-01  5.000000e-01 1.328392e-05 8.000000e-04 5.686054e+00 3.180177e+01 2.286307e+01 6.921777e+01 2.836390e-03 8.807798e-02 8.790783e-03 2.863457e-02 4.797079e-01
5.000000e-01 3.070000e-01  2.046667e-01  5.000000e-01 1.363789e-05 8.000000e-04 5.686054e+00 3.180176e+01 2.286197e+01 6.921732e+01 2.989785e-03 9.247445e-02 9.265506e-03 3.018090e-02 5.056133e-01
5.000000e-01 3.070000e-01  2.046667e-01  5.000000e-01 1.400128e-05 8.000000e-04 5.686054e+00 3.180174e+01 2.286058e+01 6.921611e+01 3.152653e-03 9.785981e-02 9.765865e-03 3.181074e-02 5.329176e-01
5.000000e-01 3.070000e-01  2.046667e-01  5.000000e-01 1.437436e-05 8.000000e-04 5.686054e+00 3.180173e+01 2.285909e+01 6.921534e+01 3.339967e-03 1.028535e-01 1.029324e-02 3.352860e-02 5.616963e-01
5.000000e-01 3.070000e-01  2.046667e-01  5.000000e-01 1.475738e-05 8.000000e-04 5.686054e+00 3.180171e+01 2.285742e+01 6.921417e+01 3.507702e-03 1.088879e-01 1.084910e-02 3.533922e-02 5.920292e-01
5.000000e-01 3.070000e-01  2.046667e-01  5.000000e-01 1.515061e-05 8.000000e-04 5.686054e+00 3.180170e+01 2.285591e+01 6.921354e+01 3.692258e-03 1.144267e-01 1.143498e-02 3.724762e-02 6.240002e-01
5.000000e-01 3.070000e-01  2.046667e-01  5.000000e-01 1.555432e-05 8.000000e-04 5.686054e+00 3.180167e+01 2.285407e+01 6.921216e+01 3.911307e-03 1.210464e-01 1.205249e-02 3.925908e-02 6.576976e-01
5.000000e-01 3.070000e-01  2.046667e-01  5.000000e-01 1.596878e-05 8.000000e-04 5.686054e+00 3.180165e+01 2.285218e+01 6.921101e+01 4.144191e-03 1.272292e-01 1.270336e-02 4.137916e-02 6.932148e-01
5.000000e-01 3.070000e-01  2.046667e-01  5.000000e-01 1.639429e-05 8.000000e-04 5.686054e+00 3.180163e+01 2.285008e+01 6.920999e+01 4.344640e-03 1.340055e-01 1.338937e-02 4.361373e-02 7.306500e-01
5.000000e-01 3.070000e-01  2.046667e-01  5.000000e-01 1.683113e-05 8.000000e-04 5.686054e+00 3.180162e+01 2.284847e+01 6.920885e+01 4.547111e-03 1.407154e-01 1.411242e-02 4.596897e-02 7.701068e-01
