8.000000e-01 7.897000e-01  5.264666e-01  5.000000e-01 2.000000e-06 8.000000e-04 3.115277e-01 3.180203e+01 2.288802e+01 6.923341e+01 3.906612e-07 5.181968e-06 2.917837e-06 9.598529e-06 1.053373e-04
8.000000e-01 7.897000e-01  5.264666e-01  5.000000e-01 2.053292e-06 8.000000e-04 3.115277e-01 3.180203e+01 2.288802e+01 6.923341e+01 4.199590e-07 5.509324e-06 3.075407e-06 1.011687e-05 1.110258e-04
8.000000e-01 7.897000e-01  5.264666e-01  5.000000e-01 2.108005e-06 8.000000e-04 3.115277e-01 3.180203e+01 2.288802e+01 6.923341e+01 4.313103e-07 5.798051e-06 3.241487e-06 1.066321e-05 1.170214e-04
8.000000e-01 7.897000e-01  5.264666e-01  5.000000e-01 2.164175e-06 8.000000e-04 3.115277e-01 3.180203e+01 2.288802e+01 6.923341e+01 4.588029e-07 6.041189e-06 3.416534e-06 1.123904e-05 1.233409e-04
8.000000e-01 7.897000e-01  5.264666e-01  5.000000e-01 2.221842e-06 8.000000e-04 3.115277e-01 3.180203e+01 2.288802e+01 6.923341e+01 4.843340e-07 6.374903e-06 3.601035e-06 1.184598e-05 1.300016e-04
8.000000e-01 7.897000e-01  5.264666e-01  5.000000e-01 2.281045e-06 8.000000e-04 3.115277e-01 3.180203e+01 2.288802e+01 6.923341e+01 5.005631e-07 6.737704e-06 3.795499e-06 1.248569e-05 1.370219e-04
8.000000e-01 7.897000e-01  5.264666e-01  5.000000e-01 2.341826e-06 8.000000e-04 3.115277e-01 3.180203e+01 2.288802e+01 6.923341e+01 5.317591e-07 7.126096e-06 4.000465e-06 1.315994e-05 1.444214e-04
8.000000e-01 7.897000e-01  5.264666e-01  5.000000e-01 2.404227e-06 8.000000e-04 3.115277e-01 3.180203e+01 2.288802e+01 6.923341e+01 5.658358e-07 7.460710e-06 4.216499e-06 1.387061e-05 1.522205e-04
8.000000e-01 7.897000e-01  5.264666e-01  5.000000e-01 2.468290e-06 8.000000e-04 3.115277e-01 3.180203e+01 2.288802e+01 6.923341e+01 5.921506e-07 7.905203e-06 4.444200e-06 1.461966e-05 1.604408e-04
8.000000e-01 7.897000e-01  5.264666e-01  5.000000e-01 2.534061e-06 8.000000e-04 3.115277e-01 3.180203e+01 2.288802e+01 6.923341e+01 6.232530e-07 8.264712e-06 4.684197e-06 1.540915e-05 1.691050e-04
8.000000e-01 7.897000e-01  5.264666e-01  5.000000e-01 2.601584e-06 8.000000e-04 3.115277e-01 3.180203e+01 2.288802e+01 6.923341e+01 6.564122e-07 8.793280e-06 4.937155e-06 1.624128e-05 1.782370e-04
8.000000e-01 7.897000e-01  5.264666e-01  5.000000e-01 2.670906e-06 8.000000e-04 3.115277e-01 3.180203e+01 2.288802e+01 6.923341e+01 6.934765e-07 9.052009e-06 5.203772e-06 1.711835e-05 1.878622e-04
8.000000e-01 7.897000e-01  5.264666e-01  5.000000e-01 2.742075e-06 8.000000e-04 3.115277e-01 3.180203e+01 2.288802e+01 6.923341e+01 7.384616e-07 9.649430e-06 5.484788e-06 1.804278e-05 1.980072e-04
8.000000e-01 7.897000e-01  5.264666e-01  5.000000e-01 2.815141e-06 8.000000e-04 3.115277e-01 3.180203e+01 2.288802e+01 6.923341e+01 7.698906e-07 1.021775e-05 5.780979e-06 1.901713e-05 2.087001e-04
8.000000e-01 7.897000e-01  5.264666e-01  5.000000e-01 2.890154e-06 8.000000e-04 3.115277e-01 3.180203e+01 2.288802e+01 6.923341e+01 8.059038e-07 1.074590e-05 6.093166e-06 2.004410e-05 2.199704e-04
8.000000e-01 7.897000e-01  5.264666e-01  5.000000e-01 2.967165e-06 8.000000e-04 3.115277e-01 3.180203e+01 2.288802e+01 6.923341e+01 8.570367e-07 1.145283e-05 6.422211e-06 2.112653e-05 2.318493e-04
8.000000e-01 7.897000e-01  5.264666e-01  5.000000e-01 3.046229e-06 8.000000e-04 3.115277e-01 3.180203e+01 2.288802e+01 6.923341e+01 9.099436e-07 1.188190e-05 6.769025e-06 2.226741e-05 2.443697e-04
8.000000e-01 7.897000e-01  5.264666e-01  5.000000e-01 3.127399e-06 8.000000e-04 3.115277e-01 3.180203e+01 2.288802e+01 6.923341e+01 9.527649e-07 1.225999e-05 7.134568e-06 2.346990e-05 2.575662e-04
8.000000e-01 7.897000e-01  5.264666e-01  5.000000e-01 3.210732e-06 8.000000e-04 3.115277e-01 3.180203e+01 2.288802e+01 6.923341e+01 9.865644e-07 1.330712e-05 7.519851e-06 2.473733e-05 2.714754e-04
8.000000e-01 7.897000e-01  5.264666e-01  5.000000e-01 3.296286e-06 8.000000e-04 3.115277e-01 3.180203e+01 2.288802e+01 6.923341e+01 1.072207e-06 1.404724e-05 7.925940e-06 2.607320e-05 2.861357e-04
8.000000e-01 7.897000e-01  5.264666e-01  5.000000e-01 3.384119e-06 8.000000e-04 3.115277e-01 3.180203e+01 2.288802e+01 6.923341e+01 1.110048e-06 1.474139e-05 8.353959e-06 2.748122e-05 3.015877e-04
8.000000e-01 7.897000e-01  5.264666e-01  5.000000e-01 3.474293e-06 8.000000e-04 3.115277e-01 3.180203e+01 2.288802e+01 6.923341e+01 1.174801e-06 1.534574e-05 8.805092e-06 2.896526e-05 3.178741e-04
8.000000e-01 7.897000e-01  5.264666e-01  5.000000e-01 3.566869e-06 8.000000e-04 3.115277e-01 3.180203e+01 2.288802e+01 6.923341e+01 1.239601e-06 1.635071e-05 9.280588e-06 3.052946e-05 3.350400e-04
8.000000e-01 7.897000e-01  5.264666e-01  5.000000e-01 3.661913e-06 8.000000e-04 3.115277e-01 3.180203e+01 2.288802e+01 6.923341e+01 1.309750e-06 1.736108e-05 9.781761e-06 3.217812e-05 3.531330e-04
8.000000e-01 7.897000e-01  5.264666e-01  5.000000e-01 3.759488e-06 8.000000e-04 3.115277e-01 3.180203e+01 2.288801e+01 6.923341e+01 1.376539e-06 1.815281e-05 1.031000e-05 3.391581e-05 3.722030e-04
8.000000e-01 7.897000e-01  5.264666e-01  5.000000e-01 3.859664e-06 8.000000e-04 3.115277e-01 3.180203e+01 2.288801e+01 6.923341e+01 1.431268e-06 1.924212e-05 1.086676e-05 3.574734e-05 3.923028e-04
8.000000e-01 7.897000e-01  5.264666e-01  5.000000e-01 3.962510e-06 8.000000e-04 3.115277e-01 3.180203e+01 2.288801e+01 6.923341e+01 1.523952e-06 2.030792e-05 1.145359e-05 3.767778e-05 4.134880e-04
8.000000e-01 7.897000e-01  5.264666e-01  5.000000e-01 4.068095e-06 8.000000e-04 3.115277e-01 3.180203e+01 2.288801e+01 6.923341e+01 1.616038e-06 2.149994e-05 1.207211e-05 3.971247e-05 4.358173e-04
8.000000e-01 7.897000e-01  5.264666e-01  5.000000e-01 4.176494e-06 8.000000e-04 3.115277e-01 3.180203e+01 2.288801e+01 6.923341e+01 1.692841e-06 2.231304e-05 1.272404e-05 4.185703e-05 4.593525e-04
8.000000e-01 7.897000e-01  5.264666e-01  5.000000e-01 4.287782e-06 8.000000e-04 3.115277e-01 3.180203e+01 2.288801e+01 6.923341e+01 1.794858e-06 2.388903e-05 1.341116e-05 4.411741e-05 4.841586e-04
8.000000e-01 7.897000e-01  5.264666e-01  5.000000e-01 4.402035e-06 8.000000e-04 3.115277e-01 3.180203e+01 2.288801e+01 6.923341e+01 1.876353e-06 2.495754e-05 1.413540e-05 4.649985e-05 5.103043e-04
8.000000e-01 7.897000e-01  5.264666e-01  5.000000e-01 4.519332e-06 8.000000e-04 3.115277e-01 3.180203e+01 2.288801e+01 6.923341e+01 2.003368e-06 2.635849e-05 1.489874e-05 4.901095e-05 5.378619e-04
8.000000e-01 7.897000e-01  5.264666e-01  5.000000e-01 4.639755e-06 8.000000e-04 3.115277e-01 3.180203e+01 2.288801e+01 6.923341e+01 2.086299e-06 2.772219e-05 1.570331e-05 5.165766e-05 5.669076e-04
8.000000e-01 7.897000e-01  5.264666e-01  5.000000e-01 4.763386e-06 8.000000e-04 3.115277e-01 3.180203e+01 2.288801e+01 6.923341e+01 2.228890e-06 2.897872e-05 1.655132e-05 5.444729e-05 5.975220e-04
8.000000e-01 7.897000e-01  5.264666e-01  5.000000e-01 4.890312e-06 8.000000e-04 3.115277e-01 3.180203e+01 2.288801e+01 6.923341e+01 2.322211e-06 3.060915e-05 1.744513e-05 5.738757e-05 6.297895e-04
8.000000e-01 7.897000e-01  5.264666e-01  5.000000e-01 5.020620e-06 8.000000e-04 3.115277e-01 3.180203e+01 2.288801e+01 6.923341e+01 2.499323e-06 3.179958e-05 1.838721e-05 6.048663e-05 6.637996e-04
8.000000e-01 7.897000e-01  5.264666e-01  5.000000e-01 5.154400e-06 8.000000e-04 3.115277e-01 3.180203e+01 2.288801e+01 6.923341e+01 2.556308e-06 3.390075e-05 1.938016e-05 6.375305e-05 6.996463e-04
8.000000e-01 7.897000e-01  5.264666e-01  5.000000e-01 5.291745e-06 8.000000e-04 3.115277e-01 3.180203e+01 2.288801e+01 6.923340e+01 2.723780e-06 3.647751e-05 2.042673e-05 6.719586e-05 7.374289e-04
8.000000e-01 7.897000e-01  5.264666e-01  5.000000e-01 5.432750e-06 8.000000e-04 3.115277e-01 3.180203e+01 2.288801e+01 6.923340e+01 2.789347e-06 3.772076e-05 2.152982e-05 7.082459e-05 7.772517e-04
8.000000e-01 7.897000e-01  5.264666e-01  5.000000e-01 5.577512e-06 8.000000e-04 3.115277e-01 3.180203e+01 2.288801e+01 6.923340e+01 3.019389e-06 3.961991e-05 2.269248e-05 7.464928e-05 8.192251e-04
8.000000e-01 7.897000e-01  5.264666e-01  5.000000e-01 5.726131e-06 8.000000e-04 3.115277e-01 3.180203e+01 2.288801e+01 6.923340e+01 3.189593e-06 4.216436e-05 2.391793e-05 7.868052e-05 8.634652e-04
8.000000e-01 7.897000e-01  5.264666e-01  5.000000e-01 5.878710e-06 8.000000e-04 3.115277e-01 3.180203e+01 2.288801e+01 6.923340e+01 3.315078e-06 4.439089e-05 2.520956e-05 8.292945e-05 9.100943e-04
8.000000e-01 7.897000e-01  5.264666e-01  5.000000e-01 6.035355e-06 8.000000e-04 3.115277e-01 3.180203e+01 2.288801e+01 6.923340e+01 3.545500e-06 4.655693e-05 2.657093e-05 8.740783e-05 9.592415e-04
8.000000e-01 7.897000e-01  5.264666e-01  5.000000e-01 6.196174e-06 8.000000e-04 3.115277e-01 3.180203e+01 2.288801e+01 6.923340e+01 3.694434e-06 5.030794e-05 2.800582e-05 9.212805e-05 1.011043e-03
8.000000e-01 7.897000e-01  5.264666e-01  5.000000e-01 6.361278e-06 8.000000e-04 3.115277e-01 3.180203e+01 2.288800e+01 6.923340e+01 3.917562e-06 5.186300e-05 2.951820e-05 9.710318e-05 1.065641e-03
8.000000e-01 7.897000e-01  5.264666e-01  5.000000e-01 6.530782e-06 8.000000e-04 3.115277e-01 3.180203e+01 2.288800e+01 6.923340e+01 4.119897e-06 5.428088e-05 3.111225e-05 1.023470e-04 1.123188e-03
8.000000e-01 7.897000e-01  5.264666e-01  5.000000e-01 6.704802e-06 8.000000e-04 3.115277e-01 3.180203e+01 2.288800e+01 6.923340e+01 4.325736e-06 5.845094e-05 3.279238e-05 1.078739e-04 1.183843e-03
8.000000e-01 7.897000e-01  5.264666e-01  5.000000e-01 6.883459e-06 8.000000e-04 3.115277e-01 3.180203e+01 2.288800e+01 6.923340e+01 4.589768e-06 6.125862e-05 3.456325e-05 1.136994e-04 1.247774e-03
8.000000e-01 7.897000e-01  5.264666e-01  5.000000e-01 7.066877e-06 8.000000e-04 3.115277e-01 3.180203e+01 2.288800e+01 6.923340e+01 4.854931e-06 6.330972e-05 3.642974e-05 1.198394e-04 1.315156e-03
8.000000e-01 7.897000e-01  5.264666e-01  5.000000e-01 7.255182e-06 8.000000e-04 3.115277e-01 3.180203e+01 2.288800e+01 6.923340e+01 5.054809e-06 6.770863e-05 3.839703e-05 1.263110e-04 1.386178e-03
8.000000e-01 7.897000e-01  5.264666e-01  5.000000e-01 7.448504e-06 8.000000e-04 3.115277e-01 3.180203e+01 2.288800e+01 6.923340e+01 5.370389e-06 7.060277e-05 4.047056e-05 1.331321e-04 1.461034e-03
8.000000e-01 7.897000e-01  5.264666e-01  5.000000e-01 7.646978e-06 8.000000e-04 3.115277e-01 3.180203e+01 2.288800e+01 6.923340e+01 5.723197e-06 7.548367e-05 4.265607e-05 1.403216e-04 1.539934e-03
8.000000e-01 7.897000e-01  5.264666e-01  5.000000e-01 7.850741e-06 8.000000e-04 3.115277e-01 3.180203e+01 2.288800e+01 6.923340e+01 6.052173e-06 7.961606e-05 4.495959e-05 1.478992e-04 1.623094e-03
8.000000e-01 7.897000e-01  5.264666e-01  5.000000e-01 8.059933e-06 8.000000e-04 3.115277e-01 3.180203e+01 2.288800e+01 6.923340e+01 6.339984e-06 8.327142e-05 4.738752e-05 1.558861e-04 1.710744e-03
8.000000e-01 7.897000e-01  5.264666e-01  5.000000e-01 8.274699e-06 8.000000e-04 3.115277e-01 3.180203e+01 2.288799e+01 6.923340e+01 6.553878e-06 8.756423e-05 4.994655e-05 1.643044e-04 1.803129e-03
8.000000e-01 7.897000e-01  5.264666e-01  5.000000e-01 8.495188e-06 8.000000e-04 3.115277e-01 3.180203e+01 2.288799e+01 6.923339e+01 7.053467e-06 9.250281e-05 5.264378e-05 1.731772e-04 1.900502e-03
8.000000e-01 7.897000e-01  5.264666e-01  5.000000e-01 8.721552e-06 8.000000e-04 3.115277e-01 3.180203e+01 2.288799e+01 6.923339e+01 7.453243e-06 9.792920e-05 5.548667e-05 1.825291e-04 2.003133e-03
8.000000e-01 7.897000e-01  5.264666e-01  5.000000e-01 8.953948e-06 8.000000e-04 3.115277e-01 3.180203e+01 2.288799e+01 6.923339e+01 7.714693e-06 1.030365e-04 5.848307e-05 1.923861e-04 2.111307e-03
8.000000e-01 7.897000e-01  5.264666e-01  5.000000e-01 9.192536e-06 8.000000e-04 3.115277e-01 3.180203e+01 2.288799e+01 6.923339e+01 8.278509e-06 1.089003e-04 6.164130e-05 2.027754e-04 2.225323e-03
8.000000e-01 7.897000e-01  5.264666e-01  5.000000e-01 9.437481e-06 8.000000e-04 3.115277e-01 3.180203e+01 2.288799e+01 6.923339e+01 8.557890e-06 1.135820e-04 6.497007e-05 2.137258e-04 2.345495e-03
8.000000e-01 7.897000e-01  5.264666e-01  5.000000e-01 9.688954e-06 8.000000e-04 3.115277e-01 3.180203e+01 2.288798e+01 6.923339e+01 9.215832e-06 1.204904e-04 6.847860e-05 2.252675e-04 2.472157e-03
8.000000e-01 7.897000e-01  5.264666e-01  5.000000e-01 9.947127e-06 8.000000e-04 3.115277e-01 3.180203e+01 2.288798e+01 6.923339e+01 9.557963e-06 1.273199e-04 7.217660e-05 2.374324e-04 2.605659e-03
8.000000e-01 7.897000e-01  5.264666e-01  5.000000e-01 1.021218e-05 8.000000e-04 3.115277e-01 3.180203e+01 2.288798e+01 6.923339e+01 1.014722e-05 1.327165e-04 7.607431e-05 2.502543e-04 2.746371e-03
8.000000e-01 7.897000e-01  5.264666e-01  5.000000e-01 1.048430e-05 8.000000e-04 3.115277e-01 3.180203e+01 2.288798e+01 6.923339e+01 1.064862e-05 1.403479e-04 8.018250e-05 2.637686e-04 2.894681e-03
8.000000e-01 7.897000e-01  5.264666e-01  5.000000e-01 1.076366e-05 8.000000e-04 3.115277e-01 3.180203e+01 2.288798e+01 6.923338e+01 1.133948e-05 1.485691e-04 8.451254e-05 2.780128e-04 3.051001e-03
8.000000e-01 7.897000e-01  5.264666e-01  5.000000e-01 1.105047e-05 8.000000e-04 3.115277e-01 3.180203e+01 2.288797e+01 6.923338e+01 1.198268e-05 1.583516e-04 8.907641e-05 2.930261e-04 3.215762e-03
8.000000e-01 7.897000e-01  5.264666e-01  5.000000e-01 1.134492e-05 8.000000e-04 3.115277e-01 3.180203e+01 2.288797e+01 6.923338e+01 1.241581e-05 1.657002e-04 9.388674e-05 3.088502e-04 3.389421e-03
8.000000e-01 7.897000e-01  5.264666e-01  5.000000e-01 1.164722e-05 8.000000e-04 3.115277e-01 3.180203e+01 2.288797e+01 6.923338e+01 1.294490e-05 1.746568e-04 9.895684e-05 3.255288e-04 3.572457e-03
8.000000e-01 7.897000e-01  5.264666e-01  5.000000e-01 1.195758e-05 8.000000e-04 3.115277e-01 3.180203e+01 2.288797e+01 6.923338e+01 1.383104e-05 1.823293e-04 1.043007e-04 3.431081e-04 3.765378e-03
8.000000e-01 7.897000e-01  5.264666e-01  5.000000e-01 1.227620e-05 8.000000e-04 3.115277e-01 3.180203e+01 2.288796e+01 6.923337e+01 1.439217e-05 1.954086e-04 1.099332e-04 3.616367e-04 3.968717e-03
8.000000e-01 7.897000e-01  5.264666e-01  5.000000e-01 1.260331e-05 8.000000e-04 3.115277e-01 3.180203e+01 2.288796e+01 6.923337e+01 1.575636e-05 2.025464e-04 1.158699e-04 3.811659e-04 4.183037e-03
8.000000e-01 7.897000e-01  5.264666e-01  5.000000e-01 1.293914e-05 8.000000e-04 3.115277e-01 3.180203e+01 2.288796e+01 6.923337e+01 1.640879e-05 2.156056e-04 1.221271e-04 4.017498e-04 4.408931e-03
8.000000e-01 7.897000e-01  5.264666e-01  5.000000e-01 1.328392e-05 8.000000e-04 3.115277e-01 3.180203e+01 2.288796e+01 6.923337e+01 1.708343e-05 2.229867e-04 1.287223e-04 4.234452e-04 4.647023e-03
8.000000e-01 7.897000e-01  5.264666e-01  5.000000e-01 1.363789e-05 8.000000e-04 3.115277e-01 3.180203e+01 2.288795e+01 6.923337e+01 1.795234e-05 2.382018e-04 1.356736e-04 4.463122e-04 4.897973e-03
8.000000e-01 7.897000e-01  5.264666e-01  5.000000e-01 1.400128e-05 8.000000e-04 3.115277e-01 3.180203e+01 2.288795e+01 6.923336e+01 1.862703e-05 2.528200e-04 1.430002e-04 4.704141e-04 5.162475e-03
8.000000e-01 7.897000e-01  5.264666e-01  5.000000e-01 1.437436e-05 8.000000e-04 3.115277e-01 3.180203e+01 2.288794e+01 6.923336e+01 1.999154e-05 2.657137e-04 1.507226e-04 4.958176e-04 5.441261e-03
8.000000e-01 7.897000e-01  5.264666e-01  5.000000e-01 1.475738e-05 8.000000e-04 3.115277e-01 3.180203e+01 2.288794e+01 6.923336e+01 2.098139e-05 2.782451e-04 1.588620e-04 5.225929e-04 5.735101e-03
8.000000e-01 7.897000e-01  5.264666e-01  5.000000e-01 1.515061e-05 8.000000e-04 3.115277e-01 3.180203e+01 2.288793e+01 6.923335e+01 2.237411e-05 2.952652e-04 1.674409e-04 5.508141e-04 6.044810e-03
8.000000e-01 7.897000e-01  5.264666e-01  5.000000e-01 1.555432e-05 8.000000e-04 3.115277e-01 3.180203e+01 2.288793e+01 6.923335e+01 2.358148e-05 3.090878e-04 1.764831e-04 5.805593e-04 6.371244e-03
8.000000e-01 7.897000e-01  5.264666e-01  5.000000e-01 1.596878e-05 8.000000e-04 3.115277e-01 3.180203e+01 2.288792e+01 6.923335e+01 2.441935e-05 3.298801e-04 1.860136e-04 6.119109e-04 6.715306e-03
