6.000000e-02 4.375000e-01  3.977273e-01  1.000000e-01 2.000000e-06 8.000000e-04 5.567729e-02 3.180184e+01 2.287443e+01 6.922815e+01 3.057270e-03 7.761685e-02 1.832602e-02 6.019142e-02 7.613794e-01
6.000000e-02 4.375000e-01  3.977273e-01  1.000000e-01 2.053292e-06 8.000000e-04 5.567729e-02 3.180183e+01 2.287349e+01 6.922782e+01 3.177109e-03 8.211821e-02 1.931567e-02 6.344190e-02 8.024956e-01
6.000000e-02 4.375000e-01  3.977273e-01  1.000000e-01 2.108005e-06 8.000000e-04 5.567729e-02 3.180182e+01 2.287277e+01 6.922755e+01 3.340202e-03 8.675274e-02 2.035876e-02 6.686791e-02 8.458322e-01
6.000000e-02 4.375000e-01  3.977273e-01  1.000000e-01 2.164175e-06 8.000000e-04 5.567729e-02 3.180181e+01 2.287196e+01 6.922723e+01 3.560729e-03 9.159860e-02 2.145818e-02 7.047893e-02 8.915091e-01
6.000000e-02 4.375000e-01  3.977273e-01  1.000000e-01 2.221842e-06 8.000000e-04 5.567729e-02 3.180179e+01 2.287103e+01 6.922684e+01 3.761021e-03 9.654113e-02 2.261697e-02 7.428495e-02 9.396527e-01
6.000000e-02 4.375000e-01  3.977273e-01  1.000000e-01 2.281045e-06 8.000000e-04 5.567729e-02 3.180178e+01 2.287016e+01 6.922654e+01 3.937582e-03 1.011260e-01 2.383834e-02 7.829651e-02 9.903961e-01
6.000000e-02 4.375000e-01  3.977273e-01  1.000000e-01 2.341826e-06 8.000000e-04 5.567729e-02 3.180177e+01 2.286973e+01 6.922628e+01 4.160195e-03 1.063338e-01 2.512567e-02 8.252471e-02 1.043880e+00
6.000000e-02 4.375000e-01  3.977273e-01  1.000000e-01 2.404227e-06 8.000000e-04 5.567729e-02 3.180175e+01 2.286810e+01 6.922570e+01 4.433340e-03 1.127082e-01 2.648251e-02 8.698123e-02 1.100252e+00
6.000000e-02 4.375000e-01  3.977273e-01  1.000000e-01 2.468290e-06 8.000000e-04 5.567729e-02 3.180173e+01 2.286712e+01 6.922519e+01 4.689616e-03 1.192818e-01 2.791263e-02 9.167842e-02 1.159668e+00
6.000000e-02 4.375000e-01  3.977273e-01  1.000000e-01 2.534061e-06 8.000000e-04 5.567729e-02 3.180173e+01 2.286620e+01 6.922504e+01 4.844492e-03 1.253776e-01 2.941997e-02 9.662927e-02 1.222293e+00
6.000000e-02 4.375000e-01  3.977273e-01  1.000000e-01 2.601584e-06 8.000000e-04 5.567729e-02 3.180171e+01 2.286468e+01 6.922444e+01 5.128085e-03 1.325188e-01 3.100872e-02 1.018475e-01 1.288299e+00
6.000000e-02 4.375000e-01  3.977273e-01  1.000000e-01 2.670906e-06 8.000000e-04 5.567729e-02 3.180170e+01 2.286364e+01 6.922400e+01 5.400405e-03 1.387013e-01 3.268326e-02 1.073475e-01 1.357870e+00
6.000000e-02 4.375000e-01  3.977273e-01  1.000000e-01 2.742075e-06 8.000000e-04 5.567729e-02 3.180167e+01 2.286241e+01 6.922335e+01 5.721422e-03 1.462358e-01 3.444823e-02 1.131445e-01 1.431198e+00
6.000000e-02 4.375000e-01  3.977273e-01  1.000000e-01 2.815141e-06 8.000000e-04 5.567729e-02 3.180166e+01 2.286071e+01 6.922284e+01 5.969113e-03 1.539758e-01 3.630852e-02 1.192545e-01 1.508486e+00
6.000000e-02 4.375000e-01  3.977273e-01  1.000000e-01 2.890154e-06 8.000000e-04 5.567729e-02 3.180163e+01 2.285954e+01 6.922251e+01 6.314947e-03 1.626942e-01 3.826926e-02 1.256946e-01 1.589948e+00
6.000000e-02 4.375000e-01  3.977273e-01  1.000000e-01 2.967165e-06 8.000000e-04 5.567729e-02 3.180161e+01 2.285782e+01 6.922181e+01 6.676952e-03 1.717653e-01 4.033589e-02 1.324824e-01 1.675809e+00
6.000000e-02 4.375000e-01  3.977273e-01  1.000000e-01 3.046229e-06 8.000000e-04 5.567729e-02 3.180160e+01 2.285644e+01 6.922134e+01 7.010611e-03 1.807983e-01 4.251412e-02 1.396367e-01 1.766307e+00
6.000000e-02 4.375000e-01  3.977273e-01  1.000000e-01 3.127399e-06 8.000000e-04 5.567729e-02 3.180157e+01 2.285434e+01 6.922018e+01 7.373131e-03 1.924474e-01 4.480998e-02 1.471774e-01 1.861691e+00
6.000000e-02 4.375000e-01  3.977273e-01  1.000000e-01 3.210732e-06 8.000000e-04 5.567729e-02 3.180154e+01 2.285297e+01 6.921982e+01 7.793658e-03 2.008190e-01 4.722982e-02 1.551253e-01 1.962227e+00
6.000000e-02 4.375000e-01  3.977273e-01  1.000000e-01 3.296286e-06 8.000000e-04 5.567729e-02 3.180152e+01 2.285129e+01 6.921909e+01 8.216181e-03 2.115371e-01 4.978034e-02 1.635025e-01 2.068192e+00
6.000000e-02 4.375000e-01  3.977273e-01  1.000000e-01 3.384119e-06 8.000000e-04 5.567729e-02 3.180148e+01 2.284864e+01 6.921800e+01 8.734450e-03 2.238669e-01 5.246860e-02 1.723320e-01 2.179879e+00
6.000000e-02 4.375000e-01  3.977273e-01  1.000000e-01 3.474293e-06 8.000000e-04 5.567729e-02 3.180146e+01 2.284665e+01 6.921736e+01 9.176993e-03 2.343347e-01 5.530202e-02 1.816383e-01 2.297597e+00
6.000000e-02 4.375000e-01  3.977273e-01  1.000000e-01 3.566869e-06 8.000000e-04 5.567729e-02 3.180143e+01 2.284447e+01 6.921645e+01 9.593225e-03 2.477647e-01 5.828846e-02 1.914472e-01 2.421673e+00
6.000000e-02 4.375000e-01  3.977273e-01  1.000000e-01 3.661913e-06 8.000000e-04 5.567729e-02 3.180140e+01 2.284218e+01 6.921556e+01 1.021815e-02 2.603109e-01 6.143617e-02 2.017858e-01 2.552449e+00
6.000000e-02 4.375000e-01  3.977273e-01  1.000000e-01 3.759488e-06 8.000000e-04 5.567729e-02 3.180135e+01 2.283904e+01 6.921431e+01 1.072001e-02 2.763362e-01 6.475387e-02 2.126827e-01 2.690287e+00
6.000000e-02 4.375000e-01  3.977273e-01  1.000000e-01 3.859664e-06 8.000000e-04 5.567729e-02 3.180133e+01 2.283786e+01 6.921412e+01 1.112229e-02 2.883447e-01 6.825073e-02 2.241680e-01 2.835569e+00
6.000000e-02 4.375000e-01  3.977273e-01  1.000000e-01 3.962510e-06 8.000000e-04 5.567729e-02 3.180128e+01 2.283415e+01 6.921244e+01 1.196599e-02 3.069232e-01 7.193642e-02 2.362736e-01 2.988696e+00
6.000000e-02 4.375000e-01  3.977273e-01  1.000000e-01 4.068095e-06 8.000000e-04 5.567729e-02 3.180124e+01 2.283191e+01 6.921175e+01 1.263063e-02 3.226595e-01 7.582116e-02 2.490330e-01 3.150093e+00
6.000000e-02 4.375000e-01  3.977273e-01  1.000000e-01 4.176494e-06 8.000000e-04 5.567729e-02 3.180118e+01 2.282833e+01 6.921054e+01 1.334876e-02 3.405684e-01 7.991567e-02 2.624813e-01 3.320205e+00
6.000000e-02 4.375000e-01  3.977273e-01  1.000000e-01 4.287782e-06 8.000000e-04 5.567729e-02 3.180115e+01 2.282587e+01 6.920923e+01 1.388906e-02 3.576615e-01 8.423130e-02 2.766559e-01 3.499504e+00
6.000000e-02 4.375000e-01  3.977273e-01  1.000000e-01 4.402035e-06 8.000000e-04 5.567729e-02 3.180112e+01 2.282250e+01 6.920796e+01 1.459507e-02 3.755197e-01 8.877999e-02 2.915960e-01 3.688485e+00
6.000000e-02 4.375000e-01  3.977273e-01  1.000000e-01 4.519332e-06 8.000000e-04 5.567729e-02 3.180107e+01 2.281856e+01 6.920700e+01 1.545919e-02 3.979892e-01 9.357431e-02 3.073428e-01 3.887672e+00
6.000000e-02 4.375000e-01  3.977273e-01  1.000000e-01 4.639755e-06 8.000000e-04 5.567729e-02 3.180101e+01 2.281489e+01 6.920502e+01 1.632077e-02 4.171817e-01 9.862754e-02 3.239400e-01 4.097615e+00
6.000000e-02 4.375000e-01  3.977273e-01  1.000000e-01 4.763386e-06 8.000000e-04 5.567729e-02 3.180094e+01 2.281191e+01 6.920391e+01 1.724943e-02 4.405156e-01 1.039537e-01 3.414335e-01 4.318895e+00
6.000000e-02 4.375000e-01  3.977273e-01  1.000000e-01 4.890312e-06 8.000000e-04 5.567729e-02 3.180090e+01 2.280608e+01 6.920196e+01 1.800080e-02 4.661173e-01 1.095674e-01 3.598718e-01 4.552126e+00
6.000000e-02 4.375000e-01  3.977273e-01  1.000000e-01 5.020620e-06 8.000000e-04 5.567729e-02 3.180084e+01 2.280122e+01 6.919993e+01 1.904115e-02 4.906598e-01 1.154843e-01 3.793057e-01 4.797951e+00
6.000000e-02 4.375000e-01  3.977273e-01  1.000000e-01 5.154400e-06 8.000000e-04 5.567729e-02 3.180078e+01 2.279724e+01 6.919846e+01 2.011281e-02 5.158578e-01 1.217207e-01 3.997890e-01 5.057052e+00
6.000000e-02 4.375000e-01  3.977273e-01  1.000000e-01 5.291745e-06 8.000000e-04 5.567729e-02 3.180071e+01 2.279199e+01 6.919672e+01 2.088341e-02 5.468617e-01 1.282939e-01 4.213786e-01 5.330144e+00
6.000000e-02 4.375000e-01  3.977273e-01  1.000000e-01 5.432750e-06 8.000000e-04 5.567729e-02 3.180064e+01 2.278897e+01 6.919488e+01 2.226976e-02 5.745750e-01 1.352221e-01 4.441340e-01 5.617984e+00
6.000000e-02 4.375000e-01  3.977273e-01  1.000000e-01 5.577512e-06 8.000000e-04 5.567729e-02 3.180056e+01 2.278196e+01 6.919286e+01 2.339051e-02 6.109286e-01 1.425244e-01 4.681182e-01 5.921368e+00
6.000000e-02 4.375000e-01  3.977273e-01  1.000000e-01 5.726131e-06 8.000000e-04 5.567729e-02 3.180045e+01 2.277580e+01 6.918969e+01 2.493419e-02 6.400961e-01 1.502210e-01 4.933977e-01 6.241136e+00
6.000000e-02 4.375000e-01  3.977273e-01  1.000000e-01 5.878710e-06 8.000000e-04 5.567729e-02 3.180037e+01 2.277174e+01 6.918882e+01 2.613000e-02 6.714402e-01 1.583333e-01 5.200423e-01 6.578172e+00
6.000000e-02 4.375000e-01  3.977273e-01  1.000000e-01 6.035355e-06 8.000000e-04 5.567729e-02 3.180034e+01 2.276379e+01 6.918622e+01 2.735271e-02 7.104085e-01 1.668837e-01 5.481258e-01 6.933408e+00
6.000000e-02 4.375000e-01  3.977273e-01  1.000000e-01 6.196174e-06 8.000000e-04 5.567729e-02 3.180019e+01 2.275561e+01 6.918279e+01 2.921235e-02 7.518870e-01 1.758958e-01 5.777259e-01 7.307828e+00
6.000000e-02 4.375000e-01  3.977273e-01  1.000000e-01 6.361278e-06 8.000000e-04 5.567729e-02 3.180010e+01 2.275032e+01 6.918163e+01 3.054392e-02 7.908854e-01 1.853946e-01 6.089244e-01 7.702468e+00
6.000000e-02 4.375000e-01  3.977273e-01  1.000000e-01 6.530782e-06 8.000000e-04 5.567729e-02 3.180000e+01 2.274409e+01 6.917785e+01 3.216200e-02 8.298138e-01 1.954063e-01 6.418077e-01 8.118419e+00
6.000000e-02 4.375000e-01  3.977273e-01  1.000000e-01 6.704802e-06 8.000000e-04 5.567729e-02 3.179992e+01 2.273429e+01 6.917430e+01 3.392760e-02 8.738198e-01 2.059587e-01 6.764668e-01 8.556832e+00
6.000000e-02 4.375000e-01  3.977273e-01  1.000000e-01 6.883459e-06 8.000000e-04 5.567729e-02 3.179976e+01 2.272396e+01 6.917235e+01 3.593322e-02 9.288770e-01 2.170809e-01 7.129976e-01 9.018921e+00
6.000000e-02 4.375000e-01  3.977273e-01  1.000000e-01 7.066877e-06 8.000000e-04 5.567729e-02 3.179963e+01 2.271636e+01 6.916848e+01 3.821571e-02 9.795160e-01 2.288038e-01 7.515011e-01 9.505963e+00
6.000000e-02 4.375000e-01  3.977273e-01  1.000000e-01 7.255182e-06 8.000000e-04 5.567729e-02 3.179948e+01 2.270820e+01 6.916436e+01 4.003013e-02 1.029055e+00 2.411597e-01 7.920839e-01 1.001931e+01
6.000000e-02 4.375000e-01  3.977273e-01  1.000000e-01 7.448504e-06 8.000000e-04 5.567729e-02 3.179933e+01 2.269649e+01 6.916193e+01 4.256088e-02 1.087263e+00 2.541829e-01 8.348583e-01 1.056037e+01
6.000000e-02 4.375000e-01  3.977273e-01  1.000000e-01 7.646978e-06 8.000000e-04 5.567729e-02 3.179921e+01 2.268851e+01 6.915802e+01 4.428723e-02 1.142685e+00 2.679094e-01 8.799426e-01 1.113066e+01
6.000000e-02 4.375000e-01  3.977273e-01  1.000000e-01 7.850741e-06 8.000000e-04 5.567729e-02 3.179912e+01 2.267806e+01 6.915434e+01 4.658518e-02 1.204835e+00 2.823771e-01 9.274615e-01 1.173174e+01
6.000000e-02 4.375000e-01  3.977273e-01  1.000000e-01 8.059933e-06 8.000000e-04 5.567729e-02 3.179893e+01 2.266825e+01 6.915053e+01 4.928788e-02 1.267575e+00 2.976261e-01 9.775466e-01 1.236528e+01
6.000000e-02 4.375000e-01  3.977273e-01  1.000000e-01 8.274699e-06 8.000000e-04 5.567729e-02 3.179882e+01 2.265634e+01 6.914572e+01 5.181804e-02 1.336360e+00 3.136986e-01 1.030336e+00 1.303303e+01
6.000000e-02 4.375000e-01  3.977273e-01  1.000000e-01 8.495188e-06 8.000000e-04 5.567729e-02 3.179863e+01 2.264318e+01 6.914089e+01 5.472335e-02 1.405381e+00 3.306391e-01 1.085977e+00 1.373685e+01
6.000000e-02 4.375000e-01  3.977273e-01  1.000000e-01 8.721552e-06 8.000000e-04 5.567729e-02 3.179839e+01 2.263156e+01 6.913695e+01 5.770222e-02 1.487512e+00 3.484943e-01 1.144622e+00 1.447867e+01
6.000000e-02 4.375000e-01  3.977273e-01  1.000000e-01 8.953948e-06 8.000000e-04 5.567729e-02 3.179820e+01 2.261795e+01 6.913001e+01 6.092218e-02 1.563137e+00 3.673138e-01 1.206434e+00 1.526055e+01
6.000000e-02 4.375000e-01  3.977273e-01  1.000000e-01 9.192536e-06 8.000000e-04 5.567729e-02 3.179798e+01 2.260354e+01 6.912641e+01 6.407746e-02 1.636372e+00 3.871496e-01 1.271585e+00 1.608466e+01
6.000000e-02 4.375000e-01  3.977273e-01  1.000000e-01 9.437481e-06 8.000000e-04 5.567729e-02 3.179774e+01 2.258960e+01 6.912196e+01 6.751669e-02 1.724135e+00 4.080566e-01 1.340253e+00 1.695326e+01
6.000000e-02 4.375000e-01  3.977273e-01  1.000000e-01 9.688954e-06 8.000000e-04 5.567729e-02 3.179754e+01 2.257074e+01 6.911779e+01 7.132102e-02 1.837407e+00 4.300926e-01 1.412630e+00 1.786878e+01
6.000000e-02 4.375000e-01  3.977273e-01  1.000000e-01 9.947127e-06 8.000000e-04 5.567729e-02 3.179728e+01 2.255707e+01 6.910872e+01 7.464861e-02 1.933885e+00 4.533186e-01 1.488915e+00 1.883374e+01
6.000000e-02 4.375000e-01  3.977273e-01  1.000000e-01 1.021218e-05 8.000000e-04 5.567729e-02 3.179705e+01 2.253735e+01 6.910238e+01 7.992962e-02 2.033005e+00 4.777989e-01 1.569320e+00 1.985080e+01
6.000000e-02 4.375000e-01  3.977273e-01  1.000000e-01 1.048430e-05 8.000000e-04 5.567729e-02 3.179680e+01 2.252051e+01 6.909965e+01 8.319242e-02 2.137733e+00 5.036011e-01 1.654067e+00 2.092279e+01
6.000000e-02 4.375000e-01  3.977273e-01  1.000000e-01 1.076366e-05 8.000000e-04 5.567729e-02 3.179656e+01 2.250275e+01 6.908965e+01 8.763828e-02 2.251213e+00 5.307967e-01 1.743390e+00 2.205267e+01
6.000000e-02 4.375000e-01  3.977273e-01  1.000000e-01 1.105047e-05 8.000000e-04 5.567729e-02 3.179628e+01 2.247869e+01 6.908300e+01 9.245123e-02 2.392271e+00 5.594610e-01 1.837538e+00 2.324356e+01
6.000000e-02 4.375000e-01  3.977273e-01  1.000000e-01 1.134492e-05 8.000000e-04 5.567729e-02 3.179603e+01 2.245646e+01 6.907506e+01 9.744954e-02 2.500576e+00 5.896732e-01 1.936769e+00 2.449877e+01
6.000000e-02 4.375000e-01  3.977273e-01  1.000000e-01 1.164722e-05 8.000000e-04 5.567729e-02 3.179559e+01 2.243420e+01 6.906619e+01 1.029939e-01 2.633548e+00 6.215169e-01 2.041359e+00 2.582176e+01
6.000000e-02 4.375000e-01  3.977273e-01  1.000000e-01 1.195758e-05 8.000000e-04 5.567729e-02 3.179523e+01 2.241131e+01 6.905965e+01 1.091966e-01 2.782171e+00 6.550802e-01 2.151597e+00 2.721619e+01
6.000000e-02 4.375000e-01  3.977273e-01  1.000000e-01 1.227620e-05 8.000000e-04 5.567729e-02 3.179487e+01 2.238599e+01 6.904875e+01 1.137105e-01 2.951545e+00 6.904561e-01 2.267788e+00 2.868593e+01
6.000000e-02 4.375000e-01  3.977273e-01  1.000000e-01 1.260331e-05 8.000000e-04 5.567729e-02 3.179451e+01 2.235578e+01 6.904417e+01 1.196344e-01 3.093108e+00 7.277423e-01 2.390254e+00 3.023504e+01
6.000000e-02 4.375000e-01  3.977273e-01  1.000000e-01 1.293914e-05 8.000000e-04 5.567729e-02 3.179403e+01 2.233231e+01 6.903461e+01 1.263802e-01 3.276255e+00 7.670421e-01 2.519333e+00 3.186780e+01
6.000000e-02 4.375000e-01  3.977273e-01  1.000000e-01 1.328392e-05 8.000000e-04 5.567729e-02 3.179354e+01 2.230775e+01 6.902212e+01 1.331272e-01 3.431868e+00 8.084641e-01 2.655383e+00 3.358874e+01
6.000000e-02 4.375000e-01  3.977273e-01  1.000000e-01 1.363789e-05 8.000000e-04 5.567729e-02 3.179316e+01 2.227292e+01 6.901271e+01 1.403237e-01 3.612281e+00 8.521230e-01 2.798780e+00 3.540260e+01
6.000000e-02 4.375000e-01  3.977273e-01  1.000000e-01 1.400128e-05 8.000000e-04 5.567729e-02 3.179265e+01 2.224106e+01 6.900723e+01 1.495255e-01 3.799398e+00 8.981396e-01 2.949920e+00 3.731443e+01
6.000000e-02 4.375000e-01  3.977273e-01  1.000000e-01 1.437436e-05 8.000000e-04 5.567729e-02 3.179238e+01 2.220323e+01 6.899192e+01 1.551201e-01 4.026369e+00 9.466413e-01 3.109223e+00 3.932949e+01
6.000000e-02 4.375000e-01  3.977273e-01  1.000000e-01 1.475738e-05 8.000000e-04 5.567729e-02 3.179151e+01 2.216394e+01 6.897833e+01 1.669849e-01 4.269371e+00 9.977621e-01 3.277128e+00 4.145338e+01
6.000000e-02 4.375000e-01  3.977273e-01  1.000000e-01 1.515061e-05 8.000000e-04 5.567729e-02 3.179116e+01 2.213333e+01 6.897384e+01 1.746279e-01 4.438040e+00 1.051644e+00 3.454101e+00 4.369195e+01
6.000000e-02 4.375000e-01  3.977273e-01  1.000000e-01 1.555432e-05 8.000000e-04 5.567729e-02 3.179052e+01 2.209643e+01 6.896023e+01 1.833069e-01 4.733289e+00 1.108435e+00 3.640630e+00 4.605142e+01
6.000000e-02 4.375000e-01  3.977273e-01  1.000000e-01 1.596878e-05 8.000000e-04 5.567729e-02 3.178986e+01 2.205234e+01 6.894190e+01 1.942118e-01 4.966789e+00 1.168293e+00 3.837232e+00 4.853830e+01
6.000000e-02 4.375000e-01  3.977273e-01  1.000000e-01 1.639429e-05 8.000000e-04 5.567729e-02 3.178931e+01 2.200803e+01 6.893475e+01 2.028026e-01 5.229030e+00 1.231383e+00 4.044452e+00 5.115948e+01
6.000000e-02 4.375000e-01  3.977273e-01  1.000000e-01 1.683113e-05 8.000000e-04 5.567729e-02 3.178819e+01 2.196284e+01 6.891786e+01 2.177690e-01 5.500313e+00 1.297881e+00 4.262862e+00 5.392221e+01
6.000000e-02 4.375000e-01  3.977273e-01  1.000000e-01 1.727962e-05 8.000000e-04 5.567729e-02 3.178783e+01 2.191618e+01 6.891229e+01 2.260231e-01 5.852680e+00 1.367969e+00 4.493066e+00 5.683414e+01
6.000000e-02 4.375000e-01  3.977273e-01  1.000000e-01 1.774005e-05 8.000000e-04 5.567729e-02 3.178702e+01 2.185941e+01 6.889563e+01 2.379184e-01 6.105262e+00 1.441843e+00 4.735702e+00 5.990331e+01
6.000000e-02 4.375000e-01  3.977273e-01  1.000000e-01 1.821276e-05 8.000000e-04 5.567729e-02 3.178626e+01 2.180757e+01 6.888411e+01 2.524017e-01 6.453828e+00 1.519706e+00 4.991441e+00 6.313823e+01
6.000000e-02 4.375000e-01  3.977273e-01  1.000000e-01 1.869805e-05 8.000000e-04 5.567729e-02 3.178540e+01 2.175774e+01 6.886541e+01 2.642335e-01 6.797731e+00 1.601773e+00 5.260990e+00 6.654784e+01
6.000000e-02 4.375000e-01  3.977273e-01  1.000000e-01 1.919629e-05 8.000000e-04 5.567729e-02 3.178471e+01 2.169339e+01 6.884611e+01 2.782821e-01 7.199629e+00 1.688273e+00 5.545096e+00 7.014158e+01
6.000000e-02 4.375000e-01  3.977273e-01  1.000000e-01 1.970779e-05 8.000000e-04 5.567729e-02 3.178364e+01 2.162814e+01 6.883190e+01 2.928400e-01 7.634641e+00 1.779443e+00 5.844544e+00 7.392939e+01
6.000000e-02 4.375000e-01  3.977273e-01  1.000000e-01 2.023293e-05 8.000000e-04 5.567729e-02 3.178254e+01 2.157755e+01 6.882312e+01 3.091164e-01 8.043438e+00 1.875538e+00 6.160162e+00 7.792174e+01
6.000000e-02 4.375000e-01  3.977273e-01  1.000000e-01 2.077206e-05 8.000000e-04 5.567729e-02 3.178155e+01 2.151092e+01 6.881777e+01 3.286165e-01 8.422443e+00 1.976821e+00 6.492825e+00 8.212970e+01
6.000000e-02 4.375000e-01  3.977273e-01  1.000000e-01 2.132555e-05 8.000000e-04 5.567729e-02 3.178036e+01 2.143237e+01 6.879066e+01 3.438307e-01 8.936440e+00 2.083574e+00 6.843453e+00 8.656489e+01
6.000000e-02 4.375000e-01  3.977273e-01  1.000000e-01 2.189380e-05 8.000000e-04 5.567729e-02 3.177953e+01 2.137806e+01 6.877746e+01 3.605598e-01 9.345999e+00 2.196092e+00 7.213015e+00 9.123960e+01
6.000000e-02 4.375000e-01  3.977273e-01  1.000000e-01 2.247718e-05 8.000000e-04 5.567729e-02 3.177796e+01 2.128648e+01 6.876741e+01 3.844058e-01 9.879526e+00 2.314686e+00 7.602535e+00 9.616674e+01
6.000000e-02 4.375000e-01  3.977273e-01  1.000000e-01 2.307611e-05 8.000000e-04 5.567729e-02 3.177685e+01 2.122185e+01 6.874277e+01 4.026447e-01 1.042087e+01 2.439684e+00 8.013089e+00 1.013600e+02
6.000000e-02 4.375000e-01  3.977273e-01  1.000000e-01 2.369100e-05 8.000000e-04 5.567729e-02 3.177512e+01 2.113086e+01 6.874037e+01 4.275669e-01 1.095430e+01 2.571433e+00 8.445815e+00 1.068336e+02
6.000000e-02 4.375000e-01  3.977273e-01  1.000000e-01 2.432228e-05 8.000000e-04 5.567729e-02 3.177377e+01 2.106553e+01 6.872934e+01 4.474361e-01 1.148509e+01 2.710296e+00 8.901908e+00 1.126029e+02
6.000000e-02 4.375000e-01  3.977273e-01  1.000000e-01 2.497037e-05 8.000000e-04 5.567729e-02 3.177238e+01 2.094440e+01 6.870926e+01 4.732418e-01 1.219531e+01 2.856658e+00 9.382632e+00 1.186837e+02
6.000000e-02 4.375000e-01  3.977273e-01  1.000000e-01 2.563574e-05 8.000000e-04 5.567729e-02 3.177129e+01 2.089436e+01 6.869350e+01 4.958415e-01 1.277091e+01 3.010924e+00 9.889316e+00 1.250929e+02
6.000000e-02 4.375000e-01  3.977273e-01  1.000000e-01 2.631883e-05 8.000000e-04 5.567729e-02 3.176855e+01 2.076979e+01 6.869864e+01 5.258558e-01 1.349210e+01 3.173521e+00 1.042336e+01 1.318482e+02
6.000000e-02 4.375000e-01  3.977273e-01  1.000000e-01 2.702013e-05 8.000000e-04 5.567729e-02 3.176744e+01 2.066645e+01 6.866933e+01 5.518510e-01 1.413647e+01 3.344899e+00 1.098625e+01 1.389683e+02
6.000000e-02 4.375000e-01  3.977273e-01  1.000000e-01 2.774011e-05 8.000000e-04 5.567729e-02 3.176506e+01 2.055658e+01 6.865630e+01 5.864232e-01 1.503935e+01 3.525531e+00 1.157953e+01 1.464729e+02
6.000000e-02 4.375000e-01  3.977273e-01  1.000000e-01 2.847928e-05 8.000000e-04 5.567729e-02 3.176359e+01 2.047793e+01 6.865004e+01 6.151001e-01 1.579305e+01 3.715918e+00 1.220485e+01 1.543828e+02
6.000000e-02 4.375000e-01  3.977273e-01  1.000000e-01 2.923814e-05 8.000000e-04 5.567729e-02 3.176207e+01 2.035294e+01 6.866153e+01 6.454164e-01 1.662646e+01 3.916586e+00 1.286394e+01 1.627199e+02
6.000000e-02 4.375000e-01  3.977273e-01  1.000000e-01 3.001722e-05 8.000000e-04 5.567729e-02 3.175843e+01 2.026206e+01 6.868614e+01 6.870612e-01 1.752949e+01 4.128090e+00 1.355862e+01 1.715071e+02
6.000000e-02 4.375000e-01  3.977273e-01  1.000000e-01 3.081707e-05 8.000000e-04 5.567729e-02 3.175623e+01 2.015175e+01 6.866927e+01 7.223610e-01 1.851127e+01 4.351017e+00 1.429082e+01 1.807689e+02
6.000000e-02 4.375000e-01  3.977273e-01  1.000000e-01 3.163822e-05 8.000000e-04 5.567729e-02 3.175445e+01 1.998339e+01 6.865076e+01 7.636925e-01 1.960846e+01 4.585982e+00 1.506256e+01 1.905308e+02
6.000000e-02 4.375000e-01  3.977273e-01  1.000000e-01 3.248126e-05 8.000000e-04 5.567729e-02 3.175185e+01 1.987454e+01 6.869900e+01 8.029767e-01 2.057757e+01 4.833635e+00 1.587597e+01 2.008199e+02
6.000000e-02 4.375000e-01  3.977273e-01  1.000000e-01 3.334676e-05 8.000000e-04 5.567729e-02 3.174920e+01 1.970160e+01 6.869346e+01 8.433091e-01 2.177286e+01 5.094663e+00 1.673331e+01 2.116647e+02
6.000000e-02 4.375000e-01  3.977273e-01  1.000000e-01 3.423532e-05 8.000000e-04 5.567729e-02 3.174587e+01 1.960791e+01 6.872984e+01 8.909266e-01 2.286712e+01 5.369786e+00 1.763695e+01 2.230950e+02
6.000000e-02 4.375000e-01  3.977273e-01  1.000000e-01 3.514756e-05 8.000000e-04 5.567729e-02 3.174336e+01 1.946750e+01 6.880451e+01 9.361427e-01 2.421591e+01 5.659767e+00 1.858938e+01 2.351427e+02
6.000000e-02 4.375000e-01  3.977273e-01  1.000000e-01 3.608411e-05 8.000000e-04 5.567729e-02 3.173915e+01 1.929644e+01 6.877773e+01 9.876280e-01 2.547276e+01 5.965408e+00 1.959325e+01 2.478409e+02
6.000000e-02 4.375000e-01  3.977273e-01  1.000000e-01 3.704561e-05 8.000000e-04 5.567729e-02 3.173735e+01 1.923050e+01 6.878250e+01 1.033531e+00 2.651568e+01 6.287554e+00 2.065133e+01 2.612249e+02
6.000000e-02 4.375000e-01  3.977273e-01  1.000000e-01 3.803273e-05 8.000000e-04 5.567729e-02 3.173349e+01 1.902978e+01 6.886024e+01 1.097825e+00 2.817919e+01 6.627096e+00 2.176655e+01 2.753317e+02
6.000000e-02 4.375000e-01  3.977273e-01  1.000000e-01 3.904616e-05 8.000000e-04 5.567729e-02 3.173139e+01 1.889649e+01 6.891809e+01 1.140231e+00 2.962197e+01 6.984975e+00 2.294200e+01 2.902002e+02
6.000000e-02 4.375000e-01  3.977273e-01  1.000000e-01 4.008659e-05 8.000000e-04 5.567729e-02 3.172587e+01 1.872374e+01 6.899292e+01 1.217225e+00 3.141808e+01 7.362179e+00 2.418092e+01 3.058717e+02
6.000000e-02 4.375000e-01  3.977273e-01  1.000000e-01 4.115474e-05 8.000000e-04 5.567729e-02 3.172059e+01 1.857241e+01 6.902236e+01 1.279986e+00 3.312290e+01 7.759754e+00 2.548674e+01 3.223895e+02
6.000000e-02 4.375000e-01  3.977273e-01  1.000000e-01 4.225136e-05 8.000000e-04 5.567729e-02 3.171761e+01 1.843797e+01 6.915746e+01 1.351950e+00 3.467450e+01 8.178799e+00 2.686309e+01 3.397993e+02
6.000000e-02 4.375000e-01  3.977273e-01  1.000000e-01 4.337719e-05 8.000000e-04 5.567729e-02 3.171224e+01 1.828459e+01 6.916841e+01 1.426203e+00 3.665830e+01 8.620473e+00 2.831376e+01 3.581492e+02
6.000000e-02 4.375000e-01  3.977273e-01  1.000000e-01 4.453303e-05 8.000000e-04 5.567729e-02 3.170738e+01 1.812939e+01 6.938435e+01 1.512142e+00 3.866277e+01 9.085998e+00 2.984277e+01 3.774901e+02
6.000000e-02 4.375000e-01  3.977273e-01  1.000000e-01 4.571966e-05 8.000000e-04 5.567729e-02 3.170328e+01 1.798643e+01 6.952436e+01 1.571409e+00 4.076558e+01 9.576663e+00 3.145434e+01 3.978754e+02
6.000000e-02 4.375000e-01  3.977273e-01  1.000000e-01 4.693791e-05 8.000000e-04 5.567729e-02 3.169736e+01 1.782844e+01 6.963620e+01 1.661597e+00 4.285547e+01 1.009383e+01 3.315295e+01 4.193616e+02
6.000000e-02 4.375000e-01  3.977273e-01  1.000000e-01 4.818863e-05 8.000000e-04 5.567729e-02 3.169062e+01 1.769640e+01 6.997911e+01 1.778029e+00 4.536715e+01 1.063891e+01 3.494329e+01 4.420081e+02
6.000000e-02 4.375000e-01  3.977273e-01  1.000000e-01 4.947267e-05 8.000000e-04 5.567729e-02 3.168365e+01 1.756850e+01 7.010002e+01 1.871341e+00 4.744914e+01 1.121344e+01 3.683030e+01 4.658776e+02
6.000000e-02 4.375000e-01  3.977273e-01  1.000000e-01 5.079093e-05 8.000000e-04 5.567729e-02 3.168174e+01 1.744339e+01 7.028566e+01 1.939816e+00 5.019253e+01 1.181899e+01 3.881923e+01 4.910360e+02
6.000000e-02 4.375000e-01  3.977273e-01  1.000000e-01 5.214431e-05 8.000000e-04 5.567729e-02 3.167286e+01 1.733510e+01 7.053423e+01 2.056583e+00 5.293643e+01 1.245725e+01 4.091555e+01 5.175531e+02
6.000000e-02 4.375000e-01  3.977273e-01  1.000000e-01 5.353375e-05 8.000000e-04 5.567729e-02 3.166693e+01 1.721224e+01 7.091137e+01 2.171221e+00 5.561285e+01 1.312997e+01 4.312509e+01 5.455022e+02
6.000000e-02 4.375000e-01  3.977273e-01  1.000000e-01 5.496022e-05 8.000000e-04 5.567729e-02 3.165959e+01 1.709402e+01 7.137029e+01 2.309458e+00 5.874979e+01 1.383901e+01 4.545394e+01 5.749606e+02
6.000000e-02 4.375000e-01  3.977273e-01  1.000000e-01 5.642470e-05 8.000000e-04 5.567729e-02 3.165180e+01 1.695499e+01 7.145134e+01 2.408684e+00 6.182078e+01 1.458635e+01 4.790856e+01 6.060098e+02
6.000000e-02 4.375000e-01  3.977273e-01  1.000000e-01 5.792820e-05 8.000000e-04 5.567729e-02 3.164397e+01 1.691249e+01 7.196626e+01 2.545071e+00 6.496638e+01 1.537405e+01 5.049573e+01 6.387357e+02
6.000000e-02 4.375000e-01  3.977273e-01  1.000000e-01 5.947176e-05 8.000000e-04 5.567729e-02 3.163470e+01 1.683660e+01 7.237074e+01 2.672957e+00 6.871333e+01 1.620428e+01 5.322262e+01 6.732289e+02
6.000000e-02 4.375000e-01  3.977273e-01  1.000000e-01 6.105646e-05 8.000000e-04 5.567729e-02 3.162137e+01 1.669067e+01 7.273893e+01 2.840957e+00 7.309824e+01 1.707935e+01 5.609677e+01 7.095848e+02
6.000000e-02 4.375000e-01  3.977273e-01  1.000000e-01 6.268338e-05 8.000000e-04 5.567729e-02 3.161465e+01 1.677181e+01 7.347671e+01 2.970557e+00 7.676634e+01 1.800168e+01 5.912612e+01 7.479040e+02
6.000000e-02 4.375000e-01  3.977273e-01  1.000000e-01 6.435365e-05 8.000000e-04 5.567729e-02 3.160707e+01 1.678228e+01 7.423631e+01 3.114861e+00 8.126453e+01 1.897381e+01 6.231907e+01 7.882926e+02
6.000000e-02 4.375000e-01  3.977273e-01  1.000000e-01 6.606842e-05 8.000000e-04 5.567729e-02 3.159817e+01 1.678491e+01 7.475922e+01 3.304175e+00 8.535121e+01 1.999844e+01 6.568444e+01 8.308622e+02
6.000000e-02 4.375000e-01  3.977273e-01  1.000000e-01 6.782889e-05 8.000000e-04 5.567729e-02 3.158738e+01 1.675707e+01 7.516551e+01 3.476613e+00 8.918026e+01 2.107840e+01 6.923155e+01 8.757307e+02
6.000000e-02 4.375000e-01  3.977273e-01  1.000000e-01 6.963627e-05 8.000000e-04 5.567729e-02 3.156909e+01 1.689936e+01 7.617908e+01 3.694618e+00 9.475297e+01 2.221668e+01 7.297022e+01 9.230222e+02
6.000000e-02 4.375000e-01  3.977273e-01  1.000000e-01 7.149181e-05 8.000000e-04 5.567729e-02 3.155841e+01 1.696671e+01 7.675642e+01 3.884687e+00 9.927629e+01 2.341644e+01 7.691078e+01 9.728675e+02
6.000000e-02 4.375000e-01  3.977273e-01  1.000000e-01 7.339679e-05 8.000000e-04 5.567729e-02 3.154486e+01 1.721682e+01 7.799057e+01 4.108230e+00 1.049244e+02 2.468098e+01 8.106414e+01 1.025405e+03
6.000000e-02 4.375000e-01  3.977273e-01  1.000000e-01 7.535253e-05 8.000000e-04 5.567729e-02 3.153331e+01 1.749241e+01 7.923573e+01 4.278167e+00 1.111230e+02 2.601381e+01 8.544179e+01 1.080779e+03
6.000000e-02 4.375000e-01  3.977273e-01  1.000000e-01 7.736039e-05 8.000000e-04 5.567729e-02 3.151961e+01 1.760664e+01 7.984055e+01 4.552332e+00 1.170861e+02 2.741861e+01 9.005584e+01 1.139143e+03
6.000000e-02 4.375000e-01  3.977273e-01  1.000000e-01 7.942174e-05 8.000000e-04 5.567729e-02 3.150436e+01 1.784865e+01 8.086439e+01 4.778735e+00 1.232405e+02 2.889928e+01 9.491906e+01 1.200660e+03
6.000000e-02 4.375000e-01  3.977273e-01  1.000000e-01 8.153803e-05 8.000000e-04 5.567729e-02 3.148614e+01 1.817437e+01 8.202244e+01 5.033225e+00 1.294059e+02 3.045991e+01 1.000449e+02 1.265498e+03
6.000000e-02 4.375000e-01  3.977273e-01  1.000000e-01 8.371070e-05 8.000000e-04 5.567729e-02 3.147180e+01 1.855134e+01 8.332088e+01 5.285054e+00 1.365811e+02 3.210481e+01 1.054476e+02 1.333838e+03
6.000000e-02 4.375000e-01  3.977273e-01  1.000000e-01 8.594127e-05 8.000000e-04 5.567729e-02 3.145060e+01 1.887987e+01 8.442061e+01 5.624403e+00 1.430157e+02 3.383855e+01 1.111420e+02 1.405868e+03
6.000000e-02 4.375000e-01  3.977273e-01  1.000000e-01 8.823127e-05 8.000000e-04 5.567729e-02 3.142638e+01 1.932340e+01 8.572847e+01 5.920603e+00 1.520306e+02 3.566591e+01 1.171439e+02 1.481788e+03
6.000000e-02 4.375000e-01  3.977273e-01  1.000000e-01 9.058230e-05 8.000000e-04 5.567729e-02 3.141164e+01 1.982404e+01 8.712650e+01 6.220523e+00 1.591641e+02 3.759195e+01 1.234699e+02 1.561808e+03
6.000000e-02 4.375000e-01  3.977273e-01  1.000000e-01 9.299597e-05 8.000000e-04 5.567729e-02 3.139819e+01 2.037685e+01 8.874065e+01 6.503644e+00 1.689228e+02 3.962200e+01 1.301376e+02 1.646150e+03
6.000000e-02 4.375000e-01  3.977273e-01  1.000000e-01 9.547395e-05 8.000000e-04 5.567729e-02 3.136952e+01 2.097116e+01 9.025998e+01 6.918424e+00 1.780319e+02 4.176168e+01 1.371653e+02 1.735046e+03
6.000000e-02 4.375000e-01  3.977273e-01  1.000000e-01 9.801796e-05 8.000000e-04 5.567729e-02 3.134586e+01 2.146761e+01 9.150077e+01 7.349579e+00 1.867439e+02 4.401691e+01 1.445726e+02 1.828742e+03
6.000000e-02 4.375000e-01  3.977273e-01  1.000000e-01 1.006298e-04 8.000000e-04 5.567729e-02 3.131880e+01 2.213316e+01 9.316809e+01 7.673068e+00 1.966200e+02 4.639392e+01 1.523798e+02 1.927498e+03
6.000000e-02 4.375000e-01  3.977273e-01  1.000000e-01 1.033112e-04 8.000000e-04 5.567729e-02 3.129711e+01 2.312716e+01 9.552475e+01 8.068317e+00 2.080428e+02 4.889930e+01 1.606087e+02 2.031588e+03
6.000000e-02 4.375000e-01  3.977273e-01  1.000000e-01 1.060640e-04 8.000000e-04 5.567729e-02 3.126068e+01 2.395775e+01 9.745465e+01 8.563886e+00 2.206563e+02 5.153998e+01 1.692819e+02 2.141298e+03
6.000000e-02 4.375000e-01  3.977273e-01  1.000000e-01 1.088902e-04 8.000000e-04 5.567729e-02 3.124774e+01 2.429610e+01 9.812663e+01 9.022637e+00 2.309927e+02 5.432326e+01 1.784236e+02 2.256933e+03
6.000000e-02 4.375000e-01  3.977273e-01  1.000000e-01 1.117917e-04 8.000000e-04 5.567729e-02 3.120839e+01 2.547516e+01 1.009394e+02 9.425874e+00 2.435001e+02 5.725684e+01 1.880588e+02 2.378813e+03
6.000000e-02 4.375000e-01  3.977273e-01  1.000000e-01 1.147705e-04 8.000000e-04 5.567729e-02 3.118477e+01 2.605429e+01 1.020114e+02 9.976740e+00 2.563899e+02 6.034884e+01 1.982145e+02 2.507274e+03
6.000000e-02 4.375000e-01  3.977273e-01  1.000000e-01 1.178287e-04 8.000000e-04 5.567729e-02 3.115084e+01 2.712304e+01 1.042151e+02 1.058618e+01 2.726424e+02 6.360782e+01 2.089185e+02 2.642673e+03
6.000000e-02 4.375000e-01  3.977273e-01  1.000000e-01 1.209684e-04 8.000000e-04 5.567729e-02 3.111492e+01 2.751774e+01 1.049719e+02 1.107357e+01 2.845006e+02 6.704279e+01 2.202006e+02 2.785383e+03
6.000000e-02 4.375000e-01  3.977273e-01  1.000000e-01 1.241917e-04 8.000000e-04 5.567729e-02 3.108396e+01 2.868635e+01 1.074497e+02 1.169921e+01 3.017922e+02 7.066325e+01 2.320919e+02 2.935800e+03
6.000000e-02 4.375000e-01  3.977273e-01  1.000000e-01 1.275010e-04 8.000000e-04 5.567729e-02 3.104257e+01 2.930140e+01 1.086841e+02 1.233445e+01 3.140854e+02 7.447923e+01 2.446254e+02 3.094340e+03
6.000000e-02 4.375000e-01  3.977273e-01  1.000000e-01 1.308984e-04 8.000000e-04 5.567729e-02 3.099282e+01 3.040995e+01 1.109586e+02 1.293821e+01 3.334522e+02 7.850128e+01 2.578358e+02 3.261442e+03
6.000000e-02 4.375000e-01  3.977273e-01  1.000000e-01 1.343863e-04 8.000000e-04 5.567729e-02 3.095352e+01 3.173016e+01 1.136083e+02 1.370680e+01 3.518810e+02 8.274053e+01 2.717595e+02 3.437567e+03
6.000000e-02 4.375000e-01  3.977273e-01  1.000000e-01 1.379672e-04 8.000000e-04 5.567729e-02 3.092101e+01 3.250408e+01 1.150908e+02 1.434555e+01 3.712073e+02 8.720871e+01 2.864351e+02 3.623204e+03
6.000000e-02 4.375000e-01  3.977273e-01  1.000000e-01 1.416435e-04 8.000000e-04 5.567729e-02 3.086287e+01 3.296061e+01 1.157043e+02 1.521870e+01 3.903312e+02 9.191818e+01 3.019033e+02 3.818865e+03
6.000000e-02 4.375000e-01  3.977273e-01  1.000000e-01 1.454177e-04 8.000000e-04 5.567729e-02 3.081769e+01 3.414284e+01 1.181541e+02 1.597680e+01 4.129789e+02 9.688198e+01 3.182068e+02 4.025093e+03
6.000000e-02 4.375000e-01  3.977273e-01  1.000000e-01 1.492926e-04 8.000000e-04 5.567729e-02 3.075607e+01 3.490012e+01 1.195062e+02 1.689811e+01 4.319145e+02 1.021138e+02 3.353907e+02 4.242457e+03
6.000000e-02 4.375000e-01  3.977273e-01  1.000000e-01 1.532706e-04 8.000000e-04 5.567729e-02 3.070970e+01 3.581823e+01 1.211219e+02 1.772978e+01 4.555965e+02 1.076282e+02 3.535025e+02 4.471560e+03
6.000000e-02 4.375000e-01  3.977273e-01  1.000000e-01 1.573547e-04 8.000000e-04 5.567729e-02 3.066126e+01 3.688089e+01 1.231992e+02 1.870359e+01 4.790276e+02 1.134404e+02 3.725925e+02 4.713034e+03
6.000000e-02 4.375000e-01  3.977273e-01  1.000000e-01 1.615476e-04 8.000000e-04 5.567729e-02 3.058663e+01 3.726599e+01 1.236561e+02 1.988728e+01 5.081433e+02 1.195664e+02 3.927133e+02 4.967549e+03
6.000000e-02 4.375000e-01  3.977273e-01  1.000000e-01 1.658522e-04 8.000000e-04 5.567729e-02 3.053936e+01 3.824654e+01 1.257440e+02 2.078530e+01 5.357324e+02 1.260233e+02 4.139208e+02 5.235808e+03
6.000000e-02 4.375000e-01  3.977273e-01  1.000000e-01 1.702715e-04 8.000000e-04 5.567729e-02 3.046716e+01 3.918460e+01 1.273021e+02 2.183987e+01 5.645155e+02 1.328288e+02 4.362735e+02 5.518554e+03
6.000000e-02 4.375000e-01  3.977273e-01  1.000000e-01 1.748086e-04 8.000000e-04 5.567729e-02 3.038703e+01 3.965103e+01 1.281014e+02 2.323595e+01 5.967209e+02 1.400019e+02 4.598332e+02 5.816568e+03
6.000000e-02 4.375000e-01  3.977273e-01  1.000000e-01 1.794666e-04 8.000000e-04 5.567729e-02 3.031449e+01 4.097563e+01 1.300974e+02 2.447479e+01 6.323877e+02 1.475623e+02 4.846653e+02 6.130677e+03
6.000000e-02 4.375000e-01  3.977273e-01  1.000000e-01 1.842487e-04 8.000000e-04 5.567729e-02 3.025980e+01 4.137389e+01 1.312863e+02 2.556042e+01 6.603911e+02 1.555310e+02 5.108383e+02 6.461747e+03
6.000000e-02 4.375000e-01  3.977273e-01  1.000000e-01 1.891582e-04 8.000000e-04 5.567729e-02 3.016562e+01 4.225786e+01 1.327393e+02 2.700799e+01 7.014665e+02 1.639301e+02 5.384248e+02 6.810697e+03
6.000000e-02 4.375000e-01  3.977273e-01  1.000000e-01 1.941986e-04 8.000000e-04 5.567729e-02 3.006728e+01 4.275447e+01 1.330415e+02 2.860084e+01 7.326438e+02 1.727827e+02 5.675010e+02 7.178490e+03
6.000000e-02 4.375000e-01  3.977273e-01  1.000000e-01 1.993732e-04 8.000000e-04 5.567729e-02 2.999364e+01 4.318688e+01 1.339216e+02 3.001734e+01 7.761410e+02 1.821133e+02 5.981473e+02 7.566145e+03
6.000000e-02 4.375000e-01  3.977273e-01  1.000000e-01 2.046857e-04 8.000000e-04 5.567729e-02 2.990871e+01 4.395886e+01 1.348958e+02 3.167010e+01 8.154116e+02 1.919479e+02 6.304487e+02 7.974734e+03
6.000000e-02 4.375000e-01  3.977273e-01  1.000000e-01 2.101398e-04 8.000000e-04 5.567729e-02 2.980741e+01 4.441614e+01 1.358669e+02 3.375213e+01 8.586186e+02 2.023135e+02 6.644944e+02 8.405388e+03
6.000000e-02 4.375000e-01  3.977273e-01  1.000000e-01 2.157392e-04 8.000000e-04 5.567729e-02 2.969347e+01 4.512980e+01 1.367679e+02 3.529969e+01 9.072464e+02 2.132389e+02 7.003786e+02 8.859299e+03
6.000000e-02 4.375000e-01  3.977273e-01  1.000000e-01 2.214878e-04 8.000000e-04 5.567729e-02 2.952263e+01 4.574330e+01 1.378862e+02 3.726783e+01 9.532176e+02 2.247543e+02 7.382006e+02 9.337722e+03
6.000000e-02 4.375000e-01  3.977273e-01  1.000000e-01 2.273896e-04 8.000000e-04 5.567729e-02 2.945497e+01 4.618911e+01 1.388244e+02 3.895788e+01 1.010470e+03 2.368916e+02 7.780652e+02 9.841980e+03
6.000000e-02 4.375000e-01  3.977273e-01  1.000000e-01 2.334487e-04 8.000000e-04 5.567729e-02 2.932955e+01 4.650421e+01 1.385231e+02 4.166045e+01 1.059025e+03 2.496842e+02 8.200825e+02 1.037347e+04
6.000000e-02 4.375000e-01  3.977273e-01  1.000000e-01 2.396692e-04 8.000000e-04 5.567729e-02 2.925454e+01 4.705718e+01 1.392736e+02 4.326700e+01 1.129506e+03 2.631678e+02 8.643689e+02 1.093366e+04
6.000000e-02 4.375000e-01  3.977273e-01  1.000000e-01 2.460555e-04 8.000000e-04 5.567729e-02 2.907912e+01 4.729540e+01 1.396546e+02 4.582178e+01 1.174647e+03 2.773794e+02 9.110468e+02 1.152410e+04
6.000000e-02 4.375000e-01  3.977273e-01  1.000000e-01 2.526119e-04 8.000000e-04 5.567729e-02 2.898140e+01 4.793389e+01 1.405863e+02 4.827337e+01 1.243495e+03 2.923586e+02 9.602454e+02 1.214643e+04
6.000000e-02 4.375000e-01  3.977273e-01  1.000000e-01 2.593430e-04 8.000000e-04 5.567729e-02 2.885288e+01 4.809333e+01 1.404143e+02 5.097828e+01 1.308361e+03 3.081466e+02 1.012101e+03 1.280237e+04
6.000000e-02 4.375000e-01  3.977273e-01  1.000000e-01 2.662535e-04 8.000000e-04 5.567729e-02 2.862002e+01 4.869651e+01 1.411898e+02 5.396790e+01 1.383616e+03 3.247872e+02 1.066757e+03 1.349373e+04
6.000000e-02 4.375000e-01  3.977273e-01  1.000000e-01 2.733482e-04 8.000000e-04 5.567729e-02 2.849397e+01 4.883478e+01 1.413593e+02 5.657200e+01 1.454923e+03 3.423265e+02 1.124364e+03 1.422242e+04
6.000000e-02 4.375000e-01  3.977273e-01  1.000000e-01 2.806318e-04 8.000000e-04 5.567729e-02 2.832293e+01 4.953050e+01 1.416847e+02 6.035938e+01 1.539762e+03 3.608129e+02 1.185082e+03 1.499046e+04
6.000000e-02 4.375000e-01  3.977273e-01  1.000000e-01 2.881096e-04 8.000000e-04 5.567729e-02 2.820117e+01 4.978795e+01 1.421273e+02 6.246219e+01 1.611872e+03 3.802977e+02 1.249079e+03 1.579998e+04
6.000000e-02 4.375000e-01  3.977273e-01  1.000000e-01 2.957866e-04 8.000000e-04 5.567729e-02 2.798008e+01 5.003939e+01 1.425449e+02 6.651288e+01 1.687944e+03 4.008346e+02 1.316533e+03 1.665322e+04
6.000000e-02 4.375000e-01  3.977273e-01  1.000000e-01 3.036682e-04 8.000000e-04 5.567729e-02 2.779022e+01 5.023800e+01 1.429182e+02 7.047934e+01 1.807689e+03 4.224806e+02 1.387628e+03 1.755253e+04
6.000000e-02 4.375000e-01  3.977273e-01  1.000000e-01 3.117598e-04 8.000000e-04 5.567729e-02 2.767049e+01 5.087500e+01 1.432286e+02 7.321649e+01 1.888304e+03 4.452955e+02 1.462564e+03 1.850041e+04
6.000000e-02 4.375000e-01  3.977273e-01  1.000000e-01 3.200670e-04 8.000000e-04 5.567729e-02 2.746916e+01 5.146940e+01 1.434184e+02 7.711896e+01 1.993507e+03 4.693425e+02 1.541545e+03 1.949947e+04
6.000000e-02 4.375000e-01  3.977273e-01  1.000000e-01 3.285955e-04 8.000000e-04 5.567729e-02 2.720415e+01 5.159111e+01 1.437168e+02 8.124040e+01 2.089516e+03 4.946881e+02 1.624792e+03 2.055249e+04
6.000000e-02 4.375000e-01  3.977273e-01  1.000000e-01 3.373513e-04 8.000000e-04 5.567729e-02 2.703965e+01 5.186767e+01 1.437827e+02 8.593937e+01 2.207486e+03 5.214024e+02 1.712535e+03 2.166237e+04
6.000000e-02 4.375000e-01  3.977273e-01  1.000000e-01 3.463404e-04 8.000000e-04 5.567729e-02 2.679498e+01 5.227969e+01 1.443757e+02 9.137147e+01 2.348508e+03 5.495593e+02 1.805016e+03 2.283219e+04
6.000000e-02 4.375000e-01  3.977273e-01  1.000000e-01 3.555691e-04 8.000000e-04 5.567729e-02 2.655558e+01 5.245095e+01 1.441565e+02 9.505742e+01 2.467680e+03 5.792368e+02 1.902491e+03 2.406518e+04
6.000000e-02 4.375000e-01  3.977273e-01  1.000000e-01 3.650436e-04 8.000000e-04 5.567729e-02 2.633719e+01 5.304106e+01 1.443556e+02 1.016372e+02 2.603901e+03 6.105170e+02 2.005230e+03 2.536475e+04
6.000000e-02 4.375000e-01  3.977273e-01  1.000000e-01 3.747706e-04 8.000000e-04 5.567729e-02 2.611670e+01 5.408217e+01 1.445143e+02 1.057555e+02 2.741616e+03 6.434863e+02 2.113517e+03 2.673451e+04
6.000000e-02 4.375000e-01  3.977273e-01  1.000000e-01 3.847568e-04 8.000000e-04 5.567729e-02 2.581444e+01 5.374741e+01 1.445415e+02 1.112831e+02 2.891483e+03 6.782360e+02 2.227652e+03 2.817823e+04
6.000000e-02 4.375000e-01  3.977273e-01  1.000000e-01 3.950091e-04 8.000000e-04 5.567729e-02 2.565345e+01 5.450130e+01 1.449805e+02 1.166669e+02 3.065195e+03 7.148623e+02 2.347950e+03 2.969992e+04
6.000000e-02 4.375000e-01  3.977273e-01  1.000000e-01 4.055346e-04 8.000000e-04 5.567729e-02 2.539809e+01 5.480677e+01 1.447577e+02 1.241484e+02 3.189539e+03 7.534666e+02 2.474745e+03 3.130379e+04
6.000000e-02 4.375000e-01  3.977273e-01  1.000000e-01 4.163405e-04 8.000000e-04 5.567729e-02 2.514433e+01 5.535468e+01 1.446935e+02 1.313467e+02 3.354745e+03 7.941555e+02 2.608387e+03 3.299427e+04
6.000000e-02 4.375000e-01  3.977273e-01  1.000000e-01 4.274344e-04 8.000000e-04 5.567729e-02 2.481269e+01 5.549748e+01 1.449524e+02 1.388448e+02 3.559823e+03 8.370417e+02 2.749246e+03 3.477603e+04
6.000000e-02 4.375000e-01  3.977273e-01  1.000000e-01 4.388239e-04 8.000000e-04 5.567729e-02 2.460530e+01 5.650238e+01 1.453557e+02 1.443966e+02 3.738843e+03 8.822439e+02 2.897711e+03 3.665402e+04
6.000000e-02 4.375000e-01  3.977273e-01  1.000000e-01 4.505168e-04 8.000000e-04 5.567729e-02 2.421015e+01 5.670670e+01 1.455601e+02 1.545285e+02 3.967068e+03 9.298872e+02 3.054194e+03 3.863342e+04
6.000000e-02 4.375000e-01  3.977273e-01  1.000000e-01 4.625214e-04 8.000000e-04 5.567729e-02 2.400315e+01 5.671310e+01 1.453393e+02 1.613368e+02 4.172437e+03 9.801032e+02 3.219128e+03 4.071971e+04
6.000000e-02 4.375000e-01  3.977273e-01  1.000000e-01 4.748458e-04 8.000000e-04 5.567729e-02 2.389959e+01 5.774977e+01 1.460892e+02 1.679902e+02 4.418818e+03 1.033031e+03 3.392968e+03 4.291867e+04
6.000000e-02 4.375000e-01  3.977273e-01  1.000000e-01 4.874986e-04 8.000000e-04 5.567729e-02 2.336295e+01 5.795437e+01 1.458848e+02 1.818251e+02 4.646240e+03 1.088817e+03 3.576196e+03 4.523638e+04
6.000000e-02 4.375000e-01  3.977273e-01  1.000000e-01 5.004886e-04 8.000000e-04 5.567729e-02 2.323245e+01 5.781825e+01 1.454183e+02 1.911411e+02 4.888066e+03 1.147616e+03 3.769319e+03 4.767925e+04
6.000000e-02 4.375000e-01  3.977273e-01  1.000000e-01 5.138247e-04 8.000000e-04 5.567729e-02 2.304756e+01 5.975038e+01 1.463623e+02 1.992033e+02 5.154583e+03 1.209590e+03 3.972871e+03 5.025404e+04
6.000000e-02 4.375000e-01  3.977273e-01  1.000000e-01 5.275161e-04 8.000000e-04 5.567729e-02 2.261633e+01 6.048534e+01 1.465508e+02 2.104177e+02 5.445504e+03 1.274910e+03 4.187415e+03 5.296788e+04
6.000000e-02 4.375000e-01  3.977273e-01  1.000000e-01 5.415724e-04 8.000000e-04 5.567729e-02 2.229755e+01 5.985719e+01 1.455259e+02 2.222581e+02 5.678650e+03 1.343758e+03 4.413546e+03 5.582826e+04
6.000000e-02 4.375000e-01  3.977273e-01  1.000000e-01 5.560032e-04 8.000000e-04 5.567729e-02 2.236032e+01 6.127389e+01 1.472440e+02 2.315331e+02 6.010865e+03 1.416325e+03 4.651887e+03 5.884312e+04
6.000000e-02 4.375000e-01  3.977273e-01  1.000000e-01 5.708185e-04 8.000000e-04 5.567729e-02 2.205831e+01 6.175968e+01 1.470244e+02 2.477006e+02 6.345501e+03 1.492809e+03 4.903100e+03 6.202078e+04
6.000000e-02 4.375000e-01  3.977273e-01  1.000000e-01 5.860287e-04 8.000000e-04 5.567729e-02 2.188460e+01 6.332530e+01 1.491698e+02 2.607906e+02 6.689985e+03 1.573425e+03 5.167879e+03 6.537005e+04
6.000000e-02 4.375000e-01  3.977273e-01  1.000000e-01 6.016441e-04 8.000000e-04 5.567729e-02 2.184793e+01 6.313273e+01 1.477756e+02 2.740425e+02 7.077065e+03 1.658393e+03 5.446956e+03 6.890018e+04
6.000000e-02 4.375000e-01  3.977273e-01  1.000000e-01 6.176756e-04 8.000000e-04 5.567729e-02 2.150484e+01 6.363265e+01 1.484579e+02 2.914003e+02 7.387977e+03 1.747950e+03 5.741105e+03 7.262095e+04
6.000000e-02 4.375000e-01  3.977273e-01  1.000000e-01 6.341342e-04 8.000000e-04 5.567729e-02 2.156369e+01 6.331839e+01 1.467277e+02 3.040896e+02 7.873511e+03 1.842344e+03 6.051138e+03 7.654265e+04
6.000000e-02 4.375000e-01  3.977273e-01  1.000000e-01 6.510315e-04 8.000000e-04 5.567729e-02 2.159319e+01 6.552008e+01 1.492541e+02 3.226976e+02 8.280052e+03 1.941834e+03 6.377913e+03 8.067614e+04
6.000000e-02 4.375000e-01  3.977273e-01  1.000000e-01 6.683790e-04 8.000000e-04 5.567729e-02 2.134485e+01 6.528111e+01 1.473804e+02 3.389164e+02 8.716793e+03 2.046698e+03 6.722335e+03 8.503283e+04
6.000000e-02 4.375000e-01  3.977273e-01  1.000000e-01 6.861887e-04 8.000000e-04 5.567729e-02 2.169705e+01 6.619660e+01 1.487369e+02 3.574706e+02 9.223166e+03 2.157224e+03 7.085357e+03 8.962481e+04
6.000000e-02 4.375000e-01  3.977273e-01  1.000000e-01 7.044730e-04 8.000000e-04 5.567729e-02 2.176493e+01 6.695924e+01 1.491279e+02 3.787238e+02 9.666524e+03 2.273719e+03 7.467983e+03 9.446475e+04
6.000000e-02 4.375000e-01  3.977273e-01  1.000000e-01 7.232445e-04 8.000000e-04 5.567729e-02 2.201671e+01 6.783645e+01 1.500614e+02 3.999032e+02 1.022464e+04 2.396506e+03 7.871271e+03 9.956607e+04
6.000000e-02 4.375000e-01  3.977273e-01  1.000000e-01 7.425162e-04 8.000000e-04 5.567729e-02 2.232359e+01 6.843943e+01 1.502483e+02 4.195318e+02 1.081361e+04 2.525923e+03 8.296338e+03 1.049429e+05
6.000000e-02 4.375000e-01  3.977273e-01  1.000000e-01 7.623014e-04 8.000000e-04 5.567729e-02 2.229450e+01 6.976021e+01 1.522824e+02 4.433202e+02 1.134924e+04 2.662328e+03 8.744360e+03 1.106100e+05
6.000000e-02 4.375000e-01  3.977273e-01  1.000000e-01 7.826138e-04 8.000000e-04 5.567729e-02 2.259467e+01 6.991872e+01 1.532072e+02 4.665339e+02 1.201687e+04 2.806100e+03 9.216575e+03 1.165832e+05
6.000000e-02 4.375000e-01  3.977273e-01  1.000000e-01 8.034674e-04 8.000000e-04 5.567729e-02 2.318326e+01 7.116704e+01 1.572042e+02 4.870209e+02 1.256027e+04 2.957636e+03 9.714292e+03 1.228790e+05
6.000000e-02 4.375000e-01  3.977273e-01  1.000000e-01 8.248767e-04 8.000000e-04 5.567729e-02 2.421123e+01 7.269507e+01 1.671779e+02 5.133007e+02 1.323605e+04 3.117355e+03 1.023889e+04 1.295147e+05
6.000000e-02 4.375000e-01  3.977273e-01  1.000000e-01 8.468565e-04 8.000000e-04 5.567729e-02 2.419475e+01 7.262608e+01 1.707722e+02 5.471853e+02 1.394772e+04 3.285700e+03 1.079181e+04 1.365088e+05
6.000000e-02 4.375000e-01  3.977273e-01  1.000000e-01 8.694220e-04 8.000000e-04 5.567729e-02 2.524100e+01 7.451489e+01 2.350433e+02 5.725160e+02 1.480500e+04 3.463135e+03 1.137459e+04 1.438806e+05
6.000000e-02 4.375000e-01  3.977273e-01  1.000000e-01 8.925887e-04 8.000000e-04 5.567729e-02 2.582682e+01 7.468784e+01 1.931163e+02 6.048504e+02 1.552746e+04 3.650153e+03 1.198885e+04 1.516505e+05
6.000000e-02 4.375000e-01  3.977273e-01  1.000000e-01 9.163728e-04 8.000000e-04 5.567729e-02 2.676092e+01 7.687678e+01 1.533279e+01 6.372249e+02 1.640703e+04 3.847269e+03 1.263627e+04 1.598400e+05
6.000000e-02 4.375000e-01  3.977273e-01  1.000000e-01 9.407906e-04 8.000000e-04 5.567729e-02 2.688442e+01 7.716027e+01 1.000000e+10 6.676238e+02 1.728961e+04 4.055031e+03 1.331866e+04 1.684717e+05
6.000000e-02 4.375000e-01  3.977273e-01  1.000000e-01 9.658591e-04 8.000000e-04 5.567729e-02 2.846093e+01 7.899952e+01 7.249698e+01 7.080193e+02 1.804009e+04 4.274012e+03 1.403790e+04 1.775696e+05
6.000000e-02 4.375000e-01  3.977273e-01  1.000000e-01 9.915955e-04 8.000000e-04 5.567729e-02 3.034311e+01 7.906166e+01 9.629485e+01 7.472882e+02 1.916324e+04 4.504819e+03 1.479598e+04 1.871588e+05
6.000000e-02 4.375000e-01  3.977273e-01  1.000000e-01 1.018018e-03 8.000000e-04 5.567729e-02 2.983443e+01 7.930160e+01 8.633774e+01 7.854086e+02 2.025385e+04 4.748089e+03 1.559500e+04 1.972658e+05
6.000000e-02 4.375000e-01  3.977273e-01  1.000000e-01 1.045144e-03 8.000000e-04 5.567729e-02 3.176265e+01 8.436437e+01 9.959813e+01 8.407423e+02 2.116931e+04 5.004497e+03 1.643716e+04 2.079186e+05
6.000000e-02 4.375000e-01  3.977273e-01  1.000000e-01 1.072993e-03 8.000000e-04 5.567729e-02 3.209912e+01 8.134574e+01 9.334415e+01 8.790031e+02 2.240222e+04 5.274752e+03 1.732481e+04 2.191467e+05
6.000000e-02 4.375000e-01  3.977273e-01  1.000000e-01 1.101584e-03 8.000000e-04 5.567729e-02 3.189074e+01 8.169924e+01 8.619467e+01 9.042468e+02 2.349442e+04 5.559601e+03 1.826039e+04 2.309811e+05
6.000000e-02 4.375000e-01  3.977273e-01  1.000000e-01 1.130937e-03 8.000000e-04 5.567729e-02 3.358873e+01 8.433333e+01 8.618882e+01 9.626455e+02 2.495511e+04 5.859832e+03 1.924649e+04 2.434547e+05
6.000000e-02 4.375000e-01  3.977273e-01  1.000000e-01 1.161072e-03 8.000000e-04 5.567729e-02 3.476441e+01 8.821979e+01 6.398120e+01 1.025178e+03 2.613036e+04 6.176277e+03 2.028585e+04 2.566018e+05
6.000000e-02 4.375000e-01  3.977273e-01  1.000000e-01 1.192010e-03 8.000000e-04 5.567729e-02 3.661030e+01 8.668168e+01 7.502346e+01 1.085039e+03 2.766740e+04 6.509811e+03 2.138133e+04 2.704589e+05
6.000000e-02 4.375000e-01  3.977273e-01  1.000000e-01 1.223773e-03 8.000000e-04 5.567729e-02 3.510165e+01 9.153595e+01 3.770148e+01 1.136046e+03 2.937681e+04 6.861356e+03 2.253597e+04 2.850643e+05
6.000000e-02 4.375000e-01  3.977273e-01  1.000000e-01 1.256382e-03 8.000000e-04 5.567729e-02 3.734542e+01 8.763907e+01 1.425656e+01 1.202866e+03 3.067524e+04 7.231885e+03 2.375297e+04 3.004584e+05
6.000000e-02 4.375000e-01  3.977273e-01  1.000000e-01 1.289860e-03 8.000000e-04 5.567729e-02 3.875388e+01 9.248010e+01 9.865274e+00 1.257629e+03 3.228530e+04 7.622424e+03 2.503569e+04 3.166839e+05
6.000000e-02 4.375000e-01  3.977273e-01  1.000000e-01 1.324229e-03 8.000000e-04 5.567729e-02 3.966650e+01 8.914124e+01 4.566916e+00 1.322256e+03 3.410752e+04 8.034053e+03 2.638767e+04 3.337856e+05
6.000000e-02 4.375000e-01  3.977273e-01  1.000000e-01 1.359515e-03 8.000000e-04 5.567729e-02 4.061757e+01 9.383717e+01 1.000000e+10 1.399721e+03 3.606192e+04 8.467910e+03 2.781267e+04 3.518108e+05
6.000000e-02 4.375000e-01  3.977273e-01  1.000000e-01 1.395741e-03 8.000000e-04 5.567729e-02 4.054876e+01 9.708266e+01 1.000000e+10 1.490294e+03 3.811268e+04 8.925198e+03 2.931462e+04 3.708094e+05
6.000000e-02 4.375000e-01  3.977273e-01  1.000000e-01 1.432932e-03 8.000000e-04 5.567729e-02 4.264578e+01 9.459174e+01 1.000000e+10 1.548741e+03 3.982500e+04 9.407179e+03 3.089768e+04 3.908340e+05
6.000000e-02 4.375000e-01  3.977273e-01  1.000000e-01 1.471114e-03 8.000000e-04 5.567729e-02 4.227989e+01 9.935497e+01 9.848598e+02 1.637578e+03 4.228743e+04 9.915189e+03 3.256623e+04 4.119400e+05
6.000000e-02 4.375000e-01  3.977273e-01  1.000000e-01 1.510314e-03 8.000000e-04 5.567729e-02 4.207101e+01 9.911717e+01 3.623991e+02 1.740311e+03 4.460416e+04 1.045063e+04 3.432488e+04 4.341857e+05
6.000000e-02 4.375000e-01  3.977273e-01  1.000000e-01 1.550558e-03 8.000000e-04 5.567729e-02 4.269202e+01 1.013616e+02 3.861473e+02 1.824897e+03 4.666229e+04 1.101499e+04 3.617850e+04 4.576328e+05
6.000000e-02 4.375000e-01  3.977273e-01  1.000000e-01 1.591874e-03 8.000000e-04 5.567729e-02 4.170790e+01 1.027618e+02 3.085980e+02 1.916699e+03 4.931780e+04 1.160983e+04 3.813223e+04 4.823460e+05
6.000000e-02 4.375000e-01  3.977273e-01  1.000000e-01 1.634292e-03 8.000000e-04 5.567729e-02 4.341573e+01 1.039455e+02 2.949324e+02 2.025435e+03 5.200817e+04 1.223679e+04 4.019146e+04 5.083938e+05
6.000000e-02 4.375000e-01  3.977273e-01  1.000000e-01 1.677839e-03 8.000000e-04 5.567729e-02 4.488277e+01 1.040669e+02 2.980875e+02 2.119767e+03 5.522369e+04 1.289760e+04 4.236190e+04 5.358483e+05
6.000000e-02 4.375000e-01  3.977273e-01  1.000000e-01 1.722547e-03 8.000000e-04 5.567729e-02 4.456435e+01 1.051062e+02 2.679099e+02 2.246466e+03 5.783438e+04 1.359410e+04 4.464954e+04 5.647854e+05
6.000000e-02 4.375000e-01  3.977273e-01  1.000000e-01 1.768447e-03 8.000000e-04 5.567729e-02 4.305842e+01 1.086415e+02 2.401538e+02 2.376835e+03 6.098962e+04 1.432822e+04 4.706072e+04 5.952852e+05
6.000000e-02 4.375000e-01  3.977273e-01  1.000000e-01 1.815569e-03 8.000000e-04 5.567729e-02 4.304343e+01 1.083833e+02 2.263270e+02 2.499504e+03 6.408425e+04 1.510198e+04 4.960211e+04 6.274320e+05
6.000000e-02 4.375000e-01  3.977273e-01  1.000000e-01 1.863947e-03 8.000000e-04 5.567729e-02 4.619505e+01 1.059350e+02 2.447181e+02 2.612398e+03 6.779818e+04 1.591752e+04 5.228075e+04 6.613149e+05
6.000000e-02 4.375000e-01  3.977273e-01  1.000000e-01 1.913614e-03 8.000000e-04 5.567729e-02 4.379308e+01 1.098163e+02 2.297941e+02 2.784164e+03 7.145441e+04 1.677710e+04 5.510403e+04 6.970274e+05
6.000000e-02 4.375000e-01  3.977273e-01  1.000000e-01 1.964605e-03 8.000000e-04 5.567729e-02 4.288517e+01 1.127809e+02 2.241082e+02 2.941992e+03 7.563944e+04 1.768311e+04 5.807978e+04 7.346686e+05
6.000000e-02 4.375000e-01  3.977273e-01  1.000000e-01 2.016954e-03 8.000000e-04 5.567729e-02 4.395393e+01 1.149498e+02 2.281249e+02 3.099624e+03 7.894926e+04 1.863804e+04 6.121623e+04 7.743425e+05
