8.000000e-01 7.017000e-01  6.379091e-01  1.000000e-01 2.000000e-06 8.000000e-04 2.674453e+02 3.180203e+01 2.288802e+01 6.923341e+01 8.553873e-07 1.256622e-05 4.704708e-06 2.178145e-05 2.278913e-04
8.000000e-01 7.017000e-01  6.379091e-01  1.000000e-01 2.053292e-06 8.000000e-04 2.674453e+02 3.180203e+01 2.288802e+01 6.923341e+01 9.145177e-07 1.316207e-05 4.958773e-06 2.295770e-05 2.401980e-04
8.000000e-01 7.017000e-01  6.379091e-01  1.000000e-01 2.108005e-06 8.000000e-04 2.674453e+02 3.180203e+01 2.288802e+01 6.923341e+01 9.490965e-07 1.385276e-05 5.226559e-06 2.419746e-05 2.531692e-04
8.000000e-01 7.017000e-01  6.379091e-01  1.000000e-01 2.164175e-06 8.000000e-04 2.674453e+02 3.180203e+01 2.288802e+01 6.923341e+01 9.897168e-07 1.454325e-05 5.508805e-06 2.550418e-05 2.668409e-04
8.000000e-01 7.017000e-01  6.379091e-01  1.000000e-01 2.221842e-06 8.000000e-04 2.674453e+02 3.180203e+01 2.288802e+01 6.923341e+01 1.055998e-06 1.549553e-05 5.806293e-06 2.688147e-05 2.812510e-04
8.000000e-01 7.017000e-01  6.379091e-01  1.000000e-01 2.281045e-06 8.000000e-04 2.674453e+02 3.180203e+01 2.288802e+01 6.923341e+01 1.112684e-06 1.628407e-05 6.119846e-06 2.833313e-05 2.964392e-04
8.000000e-01 7.017000e-01  6.379091e-01  1.000000e-01 2.341826e-06 8.000000e-04 2.674453e+02 3.180203e+01 2.288802e+01 6.923341e+01 1.175506e-06 1.708605e-05 6.450332e-06 2.986318e-05 3.124476e-04
8.000000e-01 7.017000e-01  6.379091e-01  1.000000e-01 2.404227e-06 8.000000e-04 2.674453e+02 3.180203e+01 2.288802e+01 6.923341e+01 1.238003e-06 1.805694e-05 6.798665e-06 3.147587e-05 3.293205e-04
8.000000e-01 7.017000e-01  6.379091e-01  1.000000e-01 2.468290e-06 8.000000e-04 2.674453e+02 3.180203e+01 2.288802e+01 6.923341e+01 1.295051e-06 1.903491e-05 7.165808e-06 3.317563e-05 3.471045e-04
8.000000e-01 7.017000e-01  6.379091e-01  1.000000e-01 2.534061e-06 8.000000e-04 2.674453e+02 3.180203e+01 2.288802e+01 6.923341e+01 1.361530e-06 1.996478e-05 7.552779e-06 3.496720e-05 3.658490e-04
8.000000e-01 7.017000e-01  6.379091e-01  1.000000e-01 2.601584e-06 8.000000e-04 2.674453e+02 3.180203e+01 2.288802e+01 6.923341e+01 1.455302e-06 2.112184e-05 7.960646e-06 3.685550e-05 3.856057e-04
8.000000e-01 7.017000e-01  6.379091e-01  1.000000e-01 2.670906e-06 8.000000e-04 2.674453e+02 3.180203e+01 2.288802e+01 6.923341e+01 1.516955e-06 2.227043e-05 8.390539e-06 3.884579e-05 4.064293e-04
8.000000e-01 7.017000e-01  6.379091e-01  1.000000e-01 2.742075e-06 8.000000e-04 2.674453e+02 3.180203e+01 2.288802e+01 6.923341e+01 1.589931e-06 2.335115e-05 8.843648e-06 4.094355e-05 4.283774e-04
8.000000e-01 7.017000e-01  6.379091e-01  1.000000e-01 2.815141e-06 8.000000e-04 2.674453e+02 3.180203e+01 2.288802e+01 6.923341e+01 1.675783e-06 2.476415e-05 9.321225e-06 4.315460e-05 4.515108e-04
8.000000e-01 7.017000e-01  6.379091e-01  1.000000e-01 2.890154e-06 8.000000e-04 2.674453e+02 3.180203e+01 2.288802e+01 6.923341e+01 1.775841e-06 2.638195e-05 9.824593e-06 4.548504e-05 4.758934e-04
8.000000e-01 7.017000e-01  6.379091e-01  1.000000e-01 2.967165e-06 8.000000e-04 2.674453e+02 3.180203e+01 2.288802e+01 6.923341e+01 1.868326e-06 2.782505e-05 1.035514e-05 4.794134e-05 5.015927e-04
8.000000e-01 7.017000e-01  6.379091e-01  1.000000e-01 3.046229e-06 8.000000e-04 2.674453e+02 3.180203e+01 2.288802e+01 6.923341e+01 1.953877e-06 2.913512e-05 1.091435e-05 5.053028e-05 5.286799e-04
8.000000e-01 7.017000e-01  6.379091e-01  1.000000e-01 3.127399e-06 8.000000e-04 2.674453e+02 3.180203e+01 2.288802e+01 6.923341e+01 2.081212e-06 3.054459e-05 1.150375e-05 5.325904e-05 5.572298e-04
8.000000e-01 7.017000e-01  6.379091e-01  1.000000e-01 3.210732e-06 8.000000e-04 2.674453e+02 3.180203e+01 2.288801e+01 6.923341e+01 2.184304e-06 3.232765e-05 1.212497e-05 5.613515e-05 5.873215e-04
8.000000e-01 7.017000e-01  6.379091e-01  1.000000e-01 3.296286e-06 8.000000e-04 2.674453e+02 3.180203e+01 2.288801e+01 6.923341e+01 2.347176e-06 3.415139e-05 1.277975e-05 5.916658e-05 6.190382e-04
8.000000e-01 7.017000e-01  6.379091e-01  1.000000e-01 3.384119e-06 8.000000e-04 2.674453e+02 3.180203e+01 2.288801e+01 6.923341e+01 2.414268e-06 3.631128e-05 1.346989e-05 6.236171e-05 6.524677e-04
8.000000e-01 7.017000e-01  6.379091e-01  1.000000e-01 3.474293e-06 8.000000e-04 2.674453e+02 3.180203e+01 2.288801e+01 6.923341e+01 2.555632e-06 3.785592e-05 1.419729e-05 6.572938e-05 6.877025e-04
8.000000e-01 7.017000e-01  6.379091e-01  1.000000e-01 3.566869e-06 8.000000e-04 2.674453e+02 3.180203e+01 2.288801e+01 6.923341e+01 2.678936e-06 3.979489e-05 1.496398e-05 6.927892e-05 7.248400e-04
8.000000e-01 7.017000e-01  6.379091e-01  1.000000e-01 3.661913e-06 8.000000e-04 2.674453e+02 3.180203e+01 2.288801e+01 6.923341e+01 2.814899e-06 4.222284e-05 1.577207e-05 7.302014e-05 7.639831e-04
8.000000e-01 7.017000e-01  6.379091e-01  1.000000e-01 3.759488e-06 8.000000e-04 2.674453e+02 3.180203e+01 2.288801e+01 6.923341e+01 3.023739e-06 4.450379e-05 1.662380e-05 7.696340e-05 8.052399e-04
8.000000e-01 7.017000e-01  6.379091e-01  1.000000e-01 3.859664e-06 8.000000e-04 2.674453e+02 3.180203e+01 2.288801e+01 6.923341e+01 3.190750e-06 4.680049e-05 1.752152e-05 8.111960e-05 8.487247e-04
8.000000e-01 7.017000e-01  6.379091e-01  1.000000e-01 3.962510e-06 8.000000e-04 2.674453e+02 3.180203e+01 2.288801e+01 6.923341e+01 3.346674e-06 4.883542e-05 1.846772e-05 8.550025e-05 8.945578e-04
8.000000e-01 7.017000e-01  6.379091e-01  1.000000e-01 4.068095e-06 8.000000e-04 2.674453e+02 3.180203e+01 2.288801e+01 6.923341e+01 3.529472e-06 5.183138e-05 1.946502e-05 9.011746e-05 9.428660e-04
8.000000e-01 7.017000e-01  6.379091e-01  1.000000e-01 4.176494e-06 8.000000e-04 2.674453e+02 3.180203e+01 2.288801e+01 6.923341e+01 3.691308e-06 5.466054e-05 2.051618e-05 9.498401e-05 9.937830e-04
8.000000e-01 7.017000e-01  6.379091e-01  1.000000e-01 4.287782e-06 8.000000e-04 2.674453e+02 3.180203e+01 2.288801e+01 6.923341e+01 3.910914e-06 5.782453e-05 2.162410e-05 1.001134e-04 1.047450e-03
8.000000e-01 7.017000e-01  6.379091e-01  1.000000e-01 4.402035e-06 8.000000e-04 2.674453e+02 3.180203e+01 2.288801e+01 6.923341e+01 4.090417e-06 6.034160e-05 2.279185e-05 1.055197e-04 1.104014e-03
8.000000e-01 7.017000e-01  6.379091e-01  1.000000e-01 4.519332e-06 8.000000e-04 2.674453e+02 3.180203e+01 2.288801e+01 6.923341e+01 4.285831e-06 6.396764e-05 2.402266e-05 1.112180e-04 1.163634e-03
8.000000e-01 7.017000e-01  6.379091e-01  1.000000e-01 4.639755e-06 8.000000e-04 2.674453e+02 3.180203e+01 2.288801e+01 6.923341e+01 4.588655e-06 6.712477e-05 2.531994e-05 1.172241e-04 1.226472e-03
8.000000e-01 7.017000e-01  6.379091e-01  1.000000e-01 4.763386e-06 8.000000e-04 2.674453e+02 3.180203e+01 2.288801e+01 6.923341e+01 4.900582e-06 7.155283e-05 2.668728e-05 1.235544e-04 1.292705e-03
8.000000e-01 7.017000e-01  6.379091e-01  1.000000e-01 4.890312e-06 8.000000e-04 2.674453e+02 3.180203e+01 2.288801e+01 6.923341e+01 5.110421e-06 7.481261e-05 2.812845e-05 1.302267e-04 1.362514e-03
8.000000e-01 7.017000e-01  6.379091e-01  1.000000e-01 5.020620e-06 8.000000e-04 2.674453e+02 3.180203e+01 2.288801e+01 6.923341e+01 5.415247e-06 7.924552e-05 2.964745e-05 1.372592e-04 1.436093e-03
8.000000e-01 7.017000e-01  6.379091e-01  1.000000e-01 5.154400e-06 8.000000e-04 2.674453e+02 3.180203e+01 2.288801e+01 6.923341e+01 5.604547e-06 8.387791e-05 3.124848e-05 1.446715e-04 1.513645e-03
8.000000e-01 7.017000e-01  6.379091e-01  1.000000e-01 5.291745e-06 8.000000e-04 2.674453e+02 3.180203e+01 2.288801e+01 6.923341e+01 5.905921e-06 8.770349e-05 3.293598e-05 1.524841e-04 1.595385e-03
8.000000e-01 7.017000e-01  6.379091e-01  1.000000e-01 5.432750e-06 8.000000e-04 2.674453e+02 3.180203e+01 2.288801e+01 6.923341e+01 6.351693e-06 9.309500e-05 3.471459e-05 1.607186e-04 1.681540e-03
8.000000e-01 7.017000e-01  6.379091e-01  1.000000e-01 5.577512e-06 8.000000e-04 2.674453e+02 3.180203e+01 2.288800e+01 6.923341e+01 6.589049e-06 9.776710e-05 3.658926e-05 1.693978e-04 1.772347e-03
8.000000e-01 7.017000e-01  6.379091e-01  1.000000e-01 5.726131e-06 8.000000e-04 2.674453e+02 3.180203e+01 2.288800e+01 6.923341e+01 7.016855e-06 1.023263e-04 3.856517e-05 1.785456e-04 1.868058e-03
8.000000e-01 7.017000e-01  6.379091e-01  1.000000e-01 5.878710e-06 8.000000e-04 2.674453e+02 3.180203e+01 2.288800e+01 6.923340e+01 7.324861e-06 1.088158e-04 4.064778e-05 1.881875e-04 1.968937e-03
8.000000e-01 7.017000e-01  6.379091e-01  1.000000e-01 6.035355e-06 8.000000e-04 2.674453e+02 3.180203e+01 2.288800e+01 6.923340e+01 7.763603e-06 1.140482e-04 4.284285e-05 1.983501e-04 2.075264e-03
8.000000e-01 7.017000e-01  6.379091e-01  1.000000e-01 6.196174e-06 8.000000e-04 2.674453e+02 3.180203e+01 2.288800e+01 6.923340e+01 8.274594e-06 1.206505e-04 4.515646e-05 2.090614e-04 2.187333e-03
8.000000e-01 7.017000e-01  6.379091e-01  1.000000e-01 6.361278e-06 8.000000e-04 2.674453e+02 3.180203e+01 2.288800e+01 6.923340e+01 8.515482e-06 1.266408e-04 4.759502e-05 2.203512e-04 2.305455e-03
8.000000e-01 7.017000e-01  6.379091e-01  1.000000e-01 6.530782e-06 8.000000e-04 2.674453e+02 3.180203e+01 2.288800e+01 6.923340e+01 9.070767e-06 1.343619e-04 5.016526e-05 2.322507e-04 2.429954e-03
8.000000e-01 7.017000e-01  6.379091e-01  1.000000e-01 6.704802e-06 8.000000e-04 2.674453e+02 3.180203e+01 2.288800e+01 6.923340e+01 9.564125e-06 1.401000e-04 5.287430e-05 2.447928e-04 2.561178e-03
8.000000e-01 7.017000e-01  6.379091e-01  1.000000e-01 6.883459e-06 8.000000e-04 2.674453e+02 3.180203e+01 2.288800e+01 6.923340e+01 1.011703e-05 1.479139e-04 5.572963e-05 2.580122e-04 2.699487e-03
8.000000e-01 7.017000e-01  6.379091e-01  1.000000e-01 7.066877e-06 8.000000e-04 2.674453e+02 3.180203e+01 2.288800e+01 6.923340e+01 1.070607e-05 1.562933e-04 5.873916e-05 2.719454e-04 2.845266e-03
8.000000e-01 7.017000e-01  6.379091e-01  1.000000e-01 7.255182e-06 8.000000e-04 2.674453e+02 3.180203e+01 2.288799e+01 6.923340e+01 1.105790e-05 1.644054e-04 6.191121e-05 2.866311e-04 2.998917e-03
8.000000e-01 7.017000e-01  6.379091e-01  1.000000e-01 7.448504e-06 8.000000e-04 2.674453e+02 3.180203e+01 2.288799e+01 6.923340e+01 1.191009e-05 1.748541e-04 6.525456e-05 3.021099e-04 3.160865e-03
8.000000e-01 7.017000e-01  6.379091e-01  1.000000e-01 7.646978e-06 8.000000e-04 2.674453e+02 3.180203e+01 2.288799e+01 6.923340e+01 1.244172e-05 1.831933e-04 6.877845e-05 3.184245e-04 3.331559e-03
8.000000e-01 7.017000e-01  6.379091e-01  1.000000e-01 7.850741e-06 8.000000e-04 2.674453e+02 3.180203e+01 2.288799e+01 6.923340e+01 1.310941e-05 1.938947e-04 7.249265e-05 3.356201e-04 3.511471e-03
8.000000e-01 7.017000e-01  6.379091e-01  1.000000e-01 8.059933e-06 8.000000e-04 2.674453e+02 3.180203e+01 2.288799e+01 6.923340e+01 1.385932e-05 2.019361e-04 7.640742e-05 3.537444e-04 3.701098e-03
8.000000e-01 7.017000e-01  6.379091e-01  1.000000e-01 8.274699e-06 8.000000e-04 2.674453e+02 3.180203e+01 2.288799e+01 6.923340e+01 1.462184e-05 2.154506e-04 8.053360e-05 3.728474e-04 3.900966e-03
8.000000e-01 7.017000e-01  6.379091e-01  1.000000e-01 8.495188e-06 8.000000e-04 2.674453e+02 3.180203e+01 2.288798e+01 6.923340e+01 1.556126e-05 2.271276e-04 8.488260e-05 3.929820e-04 4.111627e-03
8.000000e-01 7.017000e-01  6.379091e-01  1.000000e-01 8.721552e-06 8.000000e-04 2.674453e+02 3.180203e+01 2.288798e+01 6.923340e+01 1.594842e-05 2.374700e-04 8.946645e-05 4.142040e-04 4.333665e-03
8.000000e-01 7.017000e-01  6.379091e-01  1.000000e-01 8.953948e-06 8.000000e-04 2.674453e+02 3.180203e+01 2.288798e+01 6.923340e+01 1.700251e-05 2.531949e-04 9.429785e-05 4.365720e-04 4.567693e-03
8.000000e-01 7.017000e-01  6.379091e-01  1.000000e-01 9.192536e-06 8.000000e-04 2.674453e+02 3.180203e+01 2.288798e+01 6.923340e+01 1.787818e-05 2.666143e-04 9.939015e-05 4.601478e-04 4.814359e-03
8.000000e-01 7.017000e-01  6.379091e-01  1.000000e-01 9.437481e-06 8.000000e-04 2.674453e+02 3.180203e+01 2.288798e+01 6.923339e+01 1.906313e-05 2.788923e-04 1.047574e-04 4.849969e-04 5.074345e-03
8.000000e-01 7.017000e-01  6.379091e-01  1.000000e-01 9.688954e-06 8.000000e-04 2.674453e+02 3.180203e+01 2.288797e+01 6.923339e+01 1.986544e-05 2.932886e-04 1.104146e-04 5.111878e-04 5.348372e-03
8.000000e-01 7.017000e-01  6.379091e-01  1.000000e-01 9.947127e-06 8.000000e-04 2.674453e+02 3.180203e+01 2.288797e+01 6.923339e+01 2.108085e-05 3.085174e-04 1.163772e-04 5.387932e-04 5.637196e-03
8.000000e-01 7.017000e-01  6.379091e-01  1.000000e-01 1.021218e-05 8.000000e-04 2.674453e+02 3.180203e+01 2.288797e+01 6.923339e+01 2.222067e-05 3.261122e-04 1.226619e-04 5.678893e-04 5.941618e-03
8.000000e-01 7.017000e-01  6.379091e-01  1.000000e-01 1.048430e-05 8.000000e-04 2.674453e+02 3.180203e+01 2.288797e+01 6.923339e+01 2.317150e-05 3.439363e-04 1.292859e-04 5.985566e-04 6.262479e-03
8.000000e-01 7.017000e-01  6.379091e-01  1.000000e-01 1.076366e-05 8.000000e-04 2.674453e+02 3.180203e+01 2.288796e+01 6.923339e+01 2.461255e-05 3.612056e-04 1.362676e-04 6.308800e-04 6.600667e-03
8.000000e-01 7.017000e-01  6.379091e-01  1.000000e-01 1.105047e-05 8.000000e-04 2.674453e+02 3.180203e+01 2.288796e+01 6.923339e+01 2.584144e-05 3.808222e-04 1.436264e-04 6.649490e-04 6.957118e-03
8.000000e-01 7.017000e-01  6.379091e-01  1.000000e-01 1.134492e-05 8.000000e-04 2.674453e+02 3.180203e+01 2.288796e+01 6.923339e+01 2.764886e-05 4.029867e-04 1.513826e-04 7.008578e-04 7.332819e-03
8.000000e-01 7.017000e-01  6.379091e-01  1.000000e-01 1.164722e-05 8.000000e-04 2.674453e+02 3.180203e+01 2.288795e+01 6.923339e+01 2.923713e-05 4.217739e-04 1.595576e-04 7.387057e-04 7.728808e-03
8.000000e-01 7.017000e-01  6.379091e-01  1.000000e-01 1.195758e-05 8.000000e-04 2.674453e+02 3.180203e+01 2.288795e+01 6.923338e+01 3.049484e-05 4.469137e-04 1.681741e-04 7.785975e-04 8.146181e-03
8.000000e-01 7.017000e-01  6.379091e-01  1.000000e-01 1.227620e-05 8.000000e-04 2.674453e+02 3.180203e+01 2.288795e+01 6.923338e+01 3.211260e-05 4.724240e-04 1.772558e-04 8.206436e-04 8.586094e-03
8.000000e-01 7.017000e-01  6.379091e-01  1.000000e-01 1.260331e-05 8.000000e-04 2.674453e+02 3.180203e+01 2.288794e+01 6.923338e+01 3.393409e-05 4.975223e-04 1.868281e-04 8.649603e-04 9.049763e-03
8.000000e-01 7.017000e-01  6.379091e-01  1.000000e-01 1.293914e-05 8.000000e-04 2.674453e+02 3.180203e+01 2.288794e+01 6.923338e+01 3.557323e-05 5.245407e-04 1.969172e-04 9.116701e-04 9.538471e-03
8.000000e-01 7.017000e-01  6.379091e-01  1.000000e-01 1.328392e-05 8.000000e-04 2.674453e+02 3.180203e+01 2.288793e+01 6.923338e+01 3.707625e-05 5.517222e-04 2.075512e-04 9.609024e-04 1.005357e-02
8.000000e-01 7.017000e-01  6.379091e-01  1.000000e-01 1.363789e-05 8.000000e-04 2.674453e+02 3.180203e+01 2.288793e+01 6.923338e+01 3.956129e-05 5.795117e-04 2.187594e-04 1.012793e-03 1.059649e-02
8.000000e-01 7.017000e-01  6.379091e-01  1.000000e-01 1.400128e-05 8.000000e-04 2.674453e+02 3.180203e+01 2.288792e+01 6.923337e+01 4.121088e-05 6.087630e-04 2.305730e-04 1.067487e-03 1.116872e-02
8.000000e-01 7.017000e-01  6.379091e-01  1.000000e-01 1.437436e-05 8.000000e-04 2.674453e+02 3.180203e+01 2.288792e+01 6.923337e+01 4.439576e-05 6.501949e-04 2.430244e-04 1.125133e-03 1.177186e-02
8.000000e-01 7.017000e-01  6.379091e-01  1.000000e-01 1.475738e-05 8.000000e-04 2.674453e+02 3.180203e+01 2.288791e+01 6.923337e+01 4.560913e-05 6.838822e-04 2.561483e-04 1.185893e-03 1.240757e-02
8.000000e-01 7.017000e-01  6.379091e-01  1.000000e-01 1.515061e-05 8.000000e-04 2.674453e+02 3.180203e+01 2.288790e+01 6.923337e+01 4.849374e-05 7.220141e-04 2.699809e-04 1.249934e-03 1.307760e-02
8.000000e-01 7.017000e-01  6.379091e-01  1.000000e-01 1.555432e-05 8.000000e-04 2.674453e+02 3.180203e+01 2.288790e+01 6.923336e+01 5.137177e-05 7.567043e-04 2.845605e-04 1.317433e-03 1.378382e-02
8.000000e-01 7.017000e-01  6.379091e-01  1.000000e-01 1.596878e-05 8.000000e-04 2.674453e+02 3.180203e+01 2.288789e+01 6.923336e+01 5.309555e-05 8.029212e-04 2.999274e-04 1.388578e-03 1.452818e-02
8.000000e-01 7.017000e-01  6.379091e-01  1.000000e-01 1.639429e-05 8.000000e-04 2.674453e+02 3.180203e+01 2.288788e+01 6.923336e+01 5.748787e-05 8.392869e-04 3.161242e-04 1.463564e-03 1.531274e-02
8.000000e-01 7.017000e-01  6.379091e-01  1.000000e-01 1.683113e-05 8.000000e-04 2.674453e+02 3.180203e+01 2.288788e+01 6.923336e+01 5.934757e-05 8.894493e-04 3.331956e-04 1.542600e-03 1.613966e-02
8.000000e-01 7.017000e-01  6.379091e-01  1.000000e-01 1.727962e-05 8.000000e-04 2.674453e+02 3.180203e+01 2.288787e+01 6.923336e+01 6.295476e-05 9.296903e-04 3.511890e-04 1.625904e-03 1.701124e-02
8.000000e-01 7.017000e-01  6.379091e-01  1.000000e-01 1.774005e-05 8.000000e-04 2.674453e+02 3.180203e+01 2.288786e+01 6.923335e+01 6.713741e-05 9.939315e-04 3.701540e-04 1.713707e-03 1.792989e-02
8.000000e-01 7.017000e-01  6.379091e-01  1.000000e-01 1.821276e-05 8.000000e-04 2.674453e+02 3.180203e+01 2.288785e+01 6.923335e+01 7.083153e-05 1.040566e-03 3.901432e-04 1.806251e-03 1.889814e-02
8.000000e-01 7.017000e-01  6.379091e-01  1.000000e-01 1.869805e-05 8.000000e-04 2.674453e+02 3.180203e+01 2.288784e+01 6.923334e+01 7.440511e-05 1.098746e-03 4.112118e-04 1.903792e-03 1.991868e-02
8.000000e-01 7.017000e-01  6.379091e-01  1.000000e-01 1.919629e-05 8.000000e-04 2.674453e+02 3.180203e+01 2.288784e+01 6.923334e+01 7.899287e-05 1.157991e-03 4.334182e-04 2.006602e-03 2.099434e-02
8.000000e-01 7.017000e-01  6.379091e-01  1.000000e-01 1.970779e-05 8.000000e-04 2.674453e+02 3.180203e+01 2.288782e+01 6.923334e+01 8.294835e-05 1.225521e-03 4.568238e-04 2.114963e-03 2.212808e-02
8.000000e-01 7.017000e-01  6.379091e-01  1.000000e-01 2.023293e-05 8.000000e-04 2.674453e+02 3.180203e+01 2.288782e+01 6.923333e+01 8.690522e-05 1.282172e-03 4.814933e-04 2.229176e-03 2.332305e-02
8.000000e-01 7.017000e-01  6.379091e-01  1.000000e-01 2.077206e-05 8.000000e-04 2.674453e+02 3.180203e+01 2.288780e+01 6.923333e+01 9.341852e-05 1.351795e-03 5.074950e-04 2.349556e-03 2.458255e-02
8.000000e-01 7.017000e-01  6.379091e-01  1.000000e-01 2.132555e-05 8.000000e-04 2.674453e+02 3.180203e+01 2.288779e+01 6.923332e+01 9.674600e-05 1.433587e-03 5.349010e-04 2.476438e-03 2.591006e-02
8.000000e-01 7.017000e-01  6.379091e-01  1.000000e-01 2.189380e-05 8.000000e-04 2.674453e+02 3.180202e+01 2.288778e+01 6.923332e+01 1.021033e-04 1.507354e-03 5.637868e-04 2.610171e-03 2.730927e-02
8.000000e-01 7.017000e-01  6.379091e-01  1.000000e-01 2.247718e-05 8.000000e-04 2.674453e+02 3.180202e+01 2.288776e+01 6.923331e+01 1.060031e-04 1.583016e-03 5.942326e-04 2.751126e-03 2.878403e-02
8.000000e-01 7.017000e-01  6.379091e-01  1.000000e-01 2.307611e-05 8.000000e-04 2.674453e+02 3.180202e+01 2.288775e+01 6.923331e+01 1.139603e-04 1.666481e-03 6.263226e-04 2.899694e-03 3.033843e-02
8.000000e-01 7.017000e-01  6.379091e-01  1.000000e-01 2.369100e-05 8.000000e-04 2.674453e+02 3.180202e+01 2.288774e+01 6.923330e+01 1.194034e-04 1.761340e-03 6.601454e-04 3.056284e-03 3.197678e-02
8.000000e-01 7.017000e-01  6.379091e-01  1.000000e-01 2.432228e-05 8.000000e-04 2.674453e+02 3.180202e+01 2.288772e+01 6.923329e+01 1.254293e-04 1.856455e-03 6.957948e-04 3.221330e-03 3.370360e-02
8.000000e-01 7.017000e-01  6.379091e-01  1.000000e-01 2.497037e-05 8.000000e-04 2.674453e+02 3.180202e+01 2.288770e+01 6.923329e+01 1.341210e-04 1.974435e-03 7.333693e-04 3.395289e-03 3.552367e-02
8.000000e-01 7.017000e-01  6.379091e-01  1.000000e-01 2.563574e-05 8.000000e-04 2.674453e+02 3.180202e+01 2.288769e+01 6.923328e+01 1.386487e-04 2.078231e-03 7.729730e-04 3.578643e-03 3.744203e-02
8.000000e-01 7.017000e-01  6.379091e-01  1.000000e-01 2.631883e-05 8.000000e-04 2.674453e+02 3.180202e+01 2.288768e+01 6.923328e+01 1.477112e-04 2.164703e-03 8.147153e-04 3.771898e-03 3.946399e-02
8.000000e-01 7.017000e-01  6.379091e-01  1.000000e-01 2.702013e-05 8.000000e-04 2.674453e+02 3.180202e+01 2.288766e+01 6.923327e+01 1.539785e-04 2.275519e-03 8.587118e-04 3.975589e-03 4.159513e-02
8.000000e-01 7.017000e-01  6.379091e-01  1.000000e-01 2.774011e-05 8.000000e-04 2.674453e+02 3.180202e+01 2.288763e+01 6.923326e+01 1.616391e-04 2.408735e-03 9.050842e-04 4.190280e-03 4.384137e-02
8.000000e-01 7.017000e-01  6.379091e-01  1.000000e-01 2.847928e-05 8.000000e-04 2.674453e+02 3.180202e+01 2.288761e+01 6.923325e+01 1.700772e-04 2.550152e-03 9.539609e-04 4.416565e-03 4.620890e-02
8.000000e-01 7.017000e-01  6.379091e-01  1.000000e-01 2.923814e-05 8.000000e-04 2.674453e+02 3.180202e+01 2.288759e+01 6.923325e+01 1.825985e-04 2.698086e-03 1.005477e-03 4.655070e-03 4.870429e-02
8.000000e-01 7.017000e-01  6.379091e-01  1.000000e-01 3.001722e-05 8.000000e-04 2.674453e+02 3.180202e+01 2.288758e+01 6.923324e+01 1.913104e-04 2.828496e-03 1.059775e-03 4.906454e-03 5.133443e-02
8.000000e-01 7.017000e-01  6.379091e-01  1.000000e-01 3.081707e-05 8.000000e-04 2.674453e+02 3.180202e+01 2.288755e+01 6.923323e+01 2.055443e-04 2.948834e-03 1.117005e-03 5.171414e-03 5.410661e-02
8.000000e-01 7.017000e-01  6.379091e-01  1.000000e-01 3.163822e-05 8.000000e-04 2.674453e+02 3.180202e+01 2.288753e+01 6.923322e+01 2.103067e-04 3.114451e-03 1.177326e-03 5.450682e-03 5.702850e-02
8.000000e-01 7.017000e-01  6.379091e-01  1.000000e-01 3.248126e-05 8.000000e-04 2.674453e+02 3.180202e+01 2.288749e+01 6.923320e+01 2.273311e-04 3.284709e-03 1.240905e-03 5.745032e-03 6.010817e-02
8.000000e-01 7.017000e-01  6.379091e-01  1.000000e-01 3.334676e-05 8.000000e-04 2.674453e+02 3.180202e+01 2.288747e+01 6.923320e+01 2.387316e-04 3.456726e-03 1.307916e-03 6.055277e-03 6.335415e-02
8.000000e-01 7.017000e-01  6.379091e-01  1.000000e-01 3.423532e-05 8.000000e-04 2.674453e+02 3.180202e+01 2.288744e+01 6.923318e+01 2.497321e-04 3.647105e-03 1.378547e-03 6.382276e-03 6.677542e-02
8.000000e-01 7.017000e-01  6.379091e-01  1.000000e-01 3.514756e-05 8.000000e-04 2.674453e+02 3.180201e+01 2.288741e+01 6.923317e+01 2.635889e-04 3.855207e-03 1.452991e-03 6.726933e-03 7.038144e-02
8.000000e-01 7.017000e-01  6.379091e-01  1.000000e-01 3.608411e-05 8.000000e-04 2.674453e+02 3.180201e+01 2.288736e+01 6.923316e+01 2.739477e-04 4.092020e-03 1.531456e-03 7.090203e-03 7.418220e-02
8.000000e-01 7.017000e-01  6.379091e-01  1.000000e-01 3.704561e-05 8.000000e-04 2.674453e+02 3.180201e+01 2.288733e+01 6.923314e+01 2.912720e-04 4.332796e-03 1.614159e-03 7.473091e-03 7.818821e-02
8.000000e-01 7.017000e-01  6.379091e-01  1.000000e-01 3.803273e-05 8.000000e-04 2.674453e+02 3.180201e+01 2.288729e+01 6.923313e+01 3.128196e-04 4.530429e-03 1.701327e-03 7.876655e-03 8.241056e-02
8.000000e-01 7.017000e-01  6.379091e-01  1.000000e-01 3.904616e-05 8.000000e-04 2.674453e+02 3.180201e+01 2.288726e+01 6.923312e+01 3.224282e-04 4.773384e-03 1.793202e-03 8.302012e-03 8.686092e-02
8.000000e-01 7.017000e-01  6.379091e-01  1.000000e-01 4.008659e-05 8.000000e-04 2.674453e+02 3.180201e+01 2.288722e+01 6.923310e+01 3.395214e-04 5.036931e-03 1.890040e-03 8.750340e-03 9.155161e-02
8.000000e-01 7.017000e-01  6.379091e-01  1.000000e-01 4.115474e-05 8.000000e-04 2.674453e+02 3.180201e+01 2.288717e+01 6.923308e+01 3.591730e-04 5.318677e-03 1.992106e-03 9.222879e-03 9.649561e-02
8.000000e-01 7.017000e-01  6.379091e-01  1.000000e-01 4.225136e-05 8.000000e-04 2.674453e+02 3.180201e+01 2.288714e+01 6.923307e+01 3.796135e-04 5.565073e-03 2.099684e-03 9.720935e-03 1.017066e-01
8.000000e-01 7.017000e-01  6.379091e-01  1.000000e-01 4.337719e-05 8.000000e-04 2.674453e+02 3.180201e+01 2.288709e+01 6.923305e+01 4.044668e-04 5.849884e-03 2.213072e-03 1.024589e-02 1.071990e-01
8.000000e-01 7.017000e-01  6.379091e-01  1.000000e-01 4.453303e-05 8.000000e-04 2.674453e+02 3.180201e+01 2.288704e+01 6.923302e+01 4.228706e-04 6.202220e-03 2.332583e-03 1.079919e-02 1.129880e-01
8.000000e-01 7.017000e-01  6.379091e-01  1.000000e-01 4.571966e-05 8.000000e-04 2.674453e+02 3.180200e+01 2.288700e+01 6.923302e+01 4.444414e-04 6.537295e-03 2.458548e-03 1.138237e-02 1.190896e-01
8.000000e-01 7.017000e-01  6.379091e-01  1.000000e-01 4.693791e-05 8.000000e-04 2.674453e+02 3.180200e+01 2.288691e+01 6.923297e+01 4.686721e-04 6.965669e-03 2.591315e-03 1.199705e-02 1.255207e-01
8.000000e-01 7.017000e-01  6.379091e-01  1.000000e-01 4.818863e-05 8.000000e-04 2.674453e+02 3.180200e+01 2.288685e+01 6.923296e+01 5.001874e-04 7.298534e-03 2.731252e-03 1.264491e-02 1.322991e-01
8.000000e-01 7.017000e-01  6.379091e-01  1.000000e-01 4.947267e-05 8.000000e-04 2.674453e+02 3.180200e+01 2.288679e+01 6.923292e+01 5.205828e-04 7.670408e-03 2.878746e-03 1.332777e-02 1.394436e-01
8.000000e-01 7.017000e-01  6.379091e-01  1.000000e-01 5.079093e-05 8.000000e-04 2.674453e+02 3.180200e+01 2.288673e+01 6.923289e+01 5.399692e-04 8.064710e-03 3.034205e-03 1.404750e-02 1.469738e-01
8.000000e-01 7.017000e-01  6.379091e-01  1.000000e-01 5.214431e-05 8.000000e-04 2.674453e+02 3.180200e+01 2.288666e+01 6.923288e+01 5.770149e-04 8.564660e-03 3.198059e-03 1.480610e-02 1.549108e-01
8.000000e-01 7.017000e-01  6.379091e-01  1.000000e-01 5.353375e-05 8.000000e-04 2.674453e+02 3.180199e+01 2.288660e+01 6.923285e+01 6.082609e-04 9.015378e-03 3.370762e-03 1.560566e-02 1.632763e-01
8.000000e-01 7.017000e-01  6.379091e-01  1.000000e-01 5.496022e-05 8.000000e-04 2.674453e+02 3.180199e+01 2.288652e+01 6.923282e+01 6.470196e-04 9.416455e-03 3.552791e-03 1.644840e-02 1.720936e-01
8.000000e-01 7.017000e-01  6.379091e-01  1.000000e-01 5.642470e-05 8.000000e-04 2.674453e+02 3.180199e+01 2.288645e+01 6.923280e+01 6.751479e-04 9.934968e-03 3.744650e-03 1.733665e-02 1.813871e-01
8.000000e-01 7.017000e-01  6.379091e-01  1.000000e-01 5.792820e-05 8.000000e-04 2.674453e+02 3.180199e+01 2.288635e+01 6.923276e+01 7.179967e-04 1.049751e-02 3.946870e-03 1.827287e-02 1.911824e-01
8.000000e-01 7.017000e-01  6.379091e-01  1.000000e-01 5.947176e-05 8.000000e-04 2.674453e+02 3.180199e+01 2.288626e+01 6.923273e+01 7.452563e-04 1.104254e-02 4.160010e-03 1.925965e-02 2.015067e-01
8.000000e-01 7.017000e-01  6.379091e-01  1.000000e-01 6.105646e-05 8.000000e-04 2.674453e+02 3.180198e+01 2.288615e+01 6.923268e+01 7.894739e-04 1.172659e-02 4.384660e-03 2.029972e-02 2.123885e-01
8.000000e-01 7.017000e-01  6.379091e-01  1.000000e-01 6.268338e-05 8.000000e-04 2.674453e+02 3.180198e+01 2.288605e+01 6.923265e+01 8.276783e-04 1.230874e-02 4.621442e-03 2.139595e-02 2.238580e-01
8.000000e-01 7.017000e-01  6.379091e-01  1.000000e-01 6.435365e-05 8.000000e-04 2.674453e+02 3.180198e+01 2.288597e+01 6.923261e+01 8.782952e-04 1.298370e-02 4.871010e-03 2.255138e-02 2.359468e-01
8.000000e-01 7.017000e-01  6.379091e-01  1.000000e-01 6.606842e-05 8.000000e-04 2.674453e+02 3.180197e+01 2.288583e+01 6.923256e+01 9.369708e-04 1.379941e-02 5.134056e-03 2.376920e-02 2.486885e-01
8.000000e-01 7.017000e-01  6.379091e-01  1.000000e-01 6.782889e-05 8.000000e-04 2.674453e+02 3.180197e+01 2.288576e+01 6.923252e+01 9.714150e-04 1.432823e-02 5.411307e-03 2.505280e-02 2.621182e-01
8.000000e-01 7.017000e-01  6.379091e-01  1.000000e-01 6.963627e-05 8.000000e-04 2.674453e+02 3.180197e+01 2.288561e+01 6.923246e+01 1.023967e-03 1.506836e-02 5.703530e-03 2.640570e-02 2.762732e-01
8.000000e-01 7.017000e-01  6.379091e-01  1.000000e-01 7.149181e-05 8.000000e-04 2.674453e+02 3.180197e+01 2.288550e+01 6.923242e+01 1.088059e-03 1.597020e-02 6.011534e-03 2.783167e-02 2.911926e-01
8.000000e-01 7.017000e-01  6.379091e-01  1.000000e-01 7.339679e-05 8.000000e-04 2.674453e+02 3.180196e+01 2.288534e+01 6.923239e+01 1.141467e-03 1.683665e-02 6.336170e-03 2.933465e-02 3.069177e-01
8.000000e-01 7.017000e-01  6.379091e-01  1.000000e-01 7.535253e-05 8.000000e-04 2.674453e+02 3.180196e+01 2.288515e+01 6.923229e+01 1.208569e-03 1.770234e-02 6.678338e-03 3.091879e-02 3.234920e-01
8.000000e-01 7.017000e-01  6.379091e-01  1.000000e-01 7.736039e-05 8.000000e-04 2.674453e+02 3.180195e+01 2.288502e+01 6.923224e+01 1.275044e-03 1.871990e-02 7.038984e-03 3.258847e-02 3.409613e-01
8.000000e-01 7.017000e-01  6.379091e-01  1.000000e-01 7.942174e-05 8.000000e-04 2.674453e+02 3.180195e+01 2.288483e+01 6.923215e+01 1.350781e-03 1.985875e-02 7.419105e-03 3.434833e-02 3.593740e-01
8.000000e-01 7.017000e-01  6.379091e-01  1.000000e-01 8.153803e-05 8.000000e-04 2.674453e+02 3.180195e+01 2.288467e+01 6.923211e+01 1.419478e-03 2.102182e-02 7.819754e-03 3.620321e-02 3.787810e-01
8.000000e-01 7.017000e-01  6.379091e-01  1.000000e-01 8.371070e-05 8.000000e-04 2.674453e+02 3.180194e+01 2.288451e+01 6.923203e+01 1.480731e-03 2.193245e-02 8.242039e-03 3.815827e-02 3.992360e-01
8.000000e-01 7.017000e-01  6.379091e-01  1.000000e-01 8.594127e-05 8.000000e-04 2.674453e+02 3.180194e+01 2.288429e+01 6.923195e+01 1.571934e-03 2.302305e-02 8.687128e-03 4.021891e-02 4.207957e-01
8.000000e-01 7.017000e-01  6.379091e-01  1.000000e-01 8.823127e-05 8.000000e-04 2.674453e+02 3.180193e+01 2.288417e+01 6.923192e+01 1.649953e-03 2.435907e-02 9.156253e-03 4.239082e-02 4.435197e-01
8.000000e-01 7.017000e-01  6.379091e-01  1.000000e-01 9.058230e-05 8.000000e-04 2.674453e+02 3.180193e+01 2.288390e+01 6.923182e+01 1.747144e-03 2.577072e-02 9.650712e-03 4.468002e-02 4.674707e-01
8.000000e-01 7.017000e-01  6.379091e-01  1.000000e-01 9.299597e-05 8.000000e-04 2.674453e+02 3.180192e+01 2.288371e+01 6.923171e+01 1.844320e-03 2.698082e-02 1.017187e-02 4.709285e-02 4.927152e-01
8.000000e-01 7.017000e-01  6.379091e-01  1.000000e-01 9.547395e-05 8.000000e-04 2.674453e+02 3.180191e+01 2.288344e+01 6.923166e+01 1.949228e-03 2.864936e-02 1.072118e-02 4.963597e-02 5.193230e-01
8.000000e-01 7.017000e-01  6.379091e-01  1.000000e-01 9.801796e-05 8.000000e-04 2.674453e+02 3.180191e+01 2.288324e+01 6.923155e+01 2.047394e-03 3.020782e-02 1.130015e-02 5.231643e-02 5.473677e-01
8.000000e-01 7.017000e-01  6.379091e-01  1.000000e-01 1.006298e-04 8.000000e-04 2.674453e+02 3.180190e+01 2.288284e+01 6.923137e+01 2.148441e-03 3.184117e-02 1.191038e-02 5.514164e-02 5.769268e-01
8.000000e-01 7.017000e-01  6.379091e-01  1.000000e-01 1.033112e-04 8.000000e-04 2.674453e+02 3.180189e+01 2.288271e+01 6.923132e+01 2.249903e-03 3.354538e-02 1.255357e-02 5.811941e-02 6.080821e-01
8.000000e-01 7.017000e-01  6.379091e-01  1.000000e-01 1.060640e-04 8.000000e-04 2.674453e+02 3.180189e+01 2.288230e+01 6.923120e+01 2.385229e-03 3.531955e-02 1.323149e-02 6.125799e-02 6.409200e-01
8.000000e-01 7.017000e-01  6.379091e-01  1.000000e-01 1.088902e-04 8.000000e-04 2.674453e+02 3.180188e+01 2.288202e+01 6.923106e+01 2.506225e-03 3.747307e-02 1.394602e-02 6.456607e-02 6.755312e-01
8.000000e-01 7.017000e-01  6.379091e-01  1.000000e-01 1.117917e-04 8.000000e-04 2.674453e+02 3.180187e+01 2.288178e+01 6.923103e+01 2.613497e-03 3.902970e-02 1.469914e-02 6.805278e-02 7.120114e-01
8.000000e-01 7.017000e-01  6.379091e-01  1.000000e-01 1.147705e-04 8.000000e-04 2.674453e+02 3.180186e+01 2.288146e+01 6.923085e+01 2.780838e-03 4.124649e-02 1.549292e-02 7.172779e-02 7.504617e-01
8.000000e-01 7.017000e-01  6.379091e-01  1.000000e-01 1.178287e-04 8.000000e-04 2.674453e+02 3.180185e+01 2.288114e+01 6.923073e+01 2.983138e-03 4.349601e-02 1.632958e-02 7.560126e-02 7.909883e-01
8.000000e-01 7.017000e-01  6.379091e-01  1.000000e-01 1.209684e-04 8.000000e-04 2.674453e+02 3.180184e+01 2.288068e+01 6.923055e+01 3.120998e-03 4.582339e-02 1.721141e-02 7.968390e-02 8.337035e-01
8.000000e-01 7.017000e-01  6.379091e-01  1.000000e-01 1.241917e-04 8.000000e-04 2.674453e+02 3.180183e+01 2.288039e+01 6.923042e+01 3.334674e-03 4.804951e-02 1.814087e-02 8.398702e-02 8.787254e-01
8.000000e-01 7.017000e-01  6.379091e-01  1.000000e-01 1.275010e-04 8.000000e-04 2.674453e+02 3.180181e+01 2.287994e+01 6.923029e+01 3.504922e-03 5.080861e-02 1.912052e-02 8.852251e-02 9.261786e-01
8.000000e-01 7.017000e-01  6.379091e-01  1.000000e-01 1.308984e-04 8.000000e-04 2.674453e+02 3.180181e+01 2.287944e+01 6.923004e+01 3.644361e-03 5.393161e-02 2.015307e-02 9.330293e-02 9.761944e-01
8.000000e-01 7.017000e-01  6.379091e-01  1.000000e-01 1.343863e-04 8.000000e-04 2.674453e+02 3.180180e+01 2.287906e+01 6.922988e+01 3.802626e-03 5.677983e-02 2.124138e-02 9.834150e-02 1.028911e+00
8.000000e-01 7.017000e-01  6.379091e-01  1.000000e-01 1.379672e-04 8.000000e-04 2.674453e+02 3.180179e+01 2.287857e+01 6.922968e+01 4.070663e-03 5.931409e-02 2.238847e-02 1.036522e-01 1.084475e+00
8.000000e-01 7.017000e-01  6.379091e-01  1.000000e-01 1.416435e-04 8.000000e-04 2.674453e+02 3.180177e+01 2.287814e+01 6.922953e+01 4.260925e-03 6.205428e-02 2.359750e-02 1.092496e-01 1.143039e+00
8.000000e-01 7.017000e-01  6.379091e-01  1.000000e-01 1.454177e-04 8.000000e-04 2.674453e+02 3.180176e+01 2.287752e+01 6.922933e+01 4.508405e-03 6.607735e-02 2.487182e-02 1.151494e-01 1.204766e+00
8.000000e-01 7.017000e-01  6.379091e-01  1.000000e-01 1.492926e-04 8.000000e-04 2.674453e+02 3.180174e+01 2.287680e+01 6.922898e+01 4.753056e-03 6.966008e-02 2.621495e-02 1.213677e-01 1.269826e+00
8.000000e-01 7.017000e-01  6.379091e-01  1.000000e-01 1.532706e-04 8.000000e-04 2.674453e+02 3.180172e+01 2.287608e+01 6.922873e+01 4.979907e-03 7.380918e-02 2.763062e-02 1.279218e-01 1.338399e+00
8.000000e-01 7.017000e-01  6.379091e-01  1.000000e-01 1.573547e-04 8.000000e-04 2.674453e+02 3.180171e+01 2.287554e+01 6.922854e+01 5.254982e-03 7.820068e-02 2.912274e-02 1.348299e-01 1.410676e+00
8.000000e-01 7.017000e-01  6.379091e-01  1.000000e-01 1.615476e-04 8.000000e-04 2.674453e+02 3.180170e+01 2.287499e+01 6.922833e+01 5.473740e-03 8.182841e-02 3.069543e-02 1.421110e-01 1.486856e+00
8.000000e-01 7.017000e-01  6.379091e-01  1.000000e-01 1.658522e-04 8.000000e-04 2.674453e+02 3.180167e+01 2.287428e+01 6.922805e+01 5.858604e-03 8.607374e-02 3.235306e-02 1.497854e-01 1.567149e+00
8.000000e-01 7.017000e-01  6.379091e-01  1.000000e-01 1.702715e-04 8.000000e-04 2.674453e+02 3.180166e+01 2.287377e+01 6.922782e+01 6.127067e-03 9.057349e-02 3.410020e-02 1.578741e-01 1.651779e+00
8.000000e-01 7.017000e-01  6.379091e-01  1.000000e-01 1.748086e-04 8.000000e-04 2.674453e+02 3.180164e+01 2.287264e+01 6.922743e+01 6.529732e-03 9.596980e-02 3.594168e-02 1.663997e-01 1.740979e+00
8.000000e-01 7.017000e-01  6.379091e-01  1.000000e-01 1.794666e-04 8.000000e-04 2.674453e+02 3.180162e+01 2.287202e+01 6.922714e+01 6.819686e-03 1.005112e-01 3.788262e-02 1.753856e-01 1.834996e+00
8.000000e-01 7.017000e-01  6.379091e-01  1.000000e-01 1.842487e-04 8.000000e-04 2.674453e+02 3.180159e+01 2.287138e+01 6.922688e+01 7.217257e-03 1.059335e-01 3.992837e-02 1.848569e-01 1.934090e+00
8.000000e-01 7.017000e-01  6.379091e-01  1.000000e-01 1.891582e-04 8.000000e-04 2.674453e+02 3.180156e+01 2.287034e+01 6.922654e+01 7.632524e-03 1.116387e-01 4.208459e-02 1.948396e-01 2.038535e+00
8.000000e-01 7.017000e-01  6.379091e-01  1.000000e-01 1.941986e-04 8.000000e-04 2.674453e+02 3.180153e+01 2.286888e+01 6.922594e+01 8.145411e-03 1.188011e-01 4.435726e-02 2.053614e-01 2.148621e+00
8.000000e-01 7.017000e-01  6.379091e-01  1.000000e-01 1.993732e-04 8.000000e-04 2.674453e+02 3.180150e+01 2.286836e+01 6.922570e+01 8.543220e-03 1.247458e-01 4.675265e-02 2.164513e-01 2.264651e+00
8.000000e-01 7.017000e-01  6.379091e-01  1.000000e-01 2.046857e-04 8.000000e-04 2.674453e+02 3.180149e+01 2.286702e+01 6.922527e+01 8.967374e-03 1.315544e-01 4.927740e-02 2.281402e-01 2.386948e+00
8.000000e-01 7.017000e-01  6.379091e-01  1.000000e-01 2.101398e-04 8.000000e-04 2.674453e+02 3.180147e+01 2.286621e+01 6.922479e+01 9.379039e-03 1.391995e-01 5.193850e-02 2.404603e-01 2.515848e+00
8.000000e-01 7.017000e-01  6.379091e-01  1.000000e-01 2.157392e-04 8.000000e-04 2.674453e+02 3.180144e+01 2.286480e+01 6.922423e+01 9.965194e-03 1.437452e-01 5.474330e-02 2.534457e-01 2.651710e+00
8.000000e-01 7.017000e-01  6.379091e-01  1.000000e-01 2.214878e-04 8.000000e-04 2.674453e+02 3.180141e+01 2.286352e+01 6.922371e+01 1.032531e-02 1.547479e-01 5.769956e-02 2.671324e-01 2.794908e+00
8.000000e-01 7.017000e-01  6.379091e-01  1.000000e-01 2.273896e-04 8.000000e-04 2.674453e+02 3.180137e+01 2.286233e+01 6.922322e+01 1.101384e-02 1.611491e-01 6.081547e-02 2.815582e-01 2.945840e+00
8.000000e-01 7.017000e-01  6.379091e-01  1.000000e-01 2.334487e-04 8.000000e-04 2.674453e+02 3.180133e+01 2.286057e+01 6.922279e+01 1.148408e-02 1.712718e-01 6.409965e-02 2.967629e-01 3.104922e+00
8.000000e-01 7.017000e-01  6.379091e-01  1.000000e-01 2.396692e-04 8.000000e-04 2.674453e+02 3.180129e+01 2.285983e+01 6.922249e+01 1.218249e-02 1.797087e-01 6.756118e-02 3.127888e-01 3.272595e+00
8.000000e-01 7.017000e-01  6.379091e-01  1.000000e-01 2.460555e-04 8.000000e-04 2.674453e+02 3.180126e+01 2.285727e+01 6.922147e+01 1.269018e-02 1.907691e-01 7.120963e-02 3.296802e-01 3.449323e+00
8.000000e-01 7.017000e-01  6.379091e-01  1.000000e-01 2.526119e-04 8.000000e-04 2.674453e+02 3.180120e+01 2.285625e+01 6.922100e+01 1.345669e-02 1.994006e-01 7.505512e-02 3.474836e-01 3.635594e+00
8.000000e-01 7.017000e-01  6.379091e-01  1.000000e-01 2.593430e-04 8.000000e-04 2.674453e+02 3.180116e+01 2.285484e+01 6.922043e+01 1.427218e-02 2.097420e-01 7.910827e-02 3.662486e-01 3.831925e+00
8.000000e-01 7.017000e-01  6.379091e-01  1.000000e-01 2.662535e-04 8.000000e-04 2.674453e+02 3.180116e+01 2.285260e+01 6.921961e+01 1.495900e-02 2.207638e-01 8.338030e-02 3.860268e-01 4.038858e+00
8.000000e-01 7.017000e-01  6.379091e-01  1.000000e-01 2.733482e-04 8.000000e-04 2.674453e+02 3.180107e+01 2.285129e+01 6.921929e+01 1.585038e-02 2.326896e-01 8.788303e-02 4.068732e-01 4.256965e+00
8.000000e-01 7.017000e-01  6.379091e-01  1.000000e-01 2.806318e-04 8.000000e-04 2.674453e+02 3.180101e+01 2.284869e+01 6.921820e+01 1.678367e-02 2.465200e-01 9.262892e-02 4.288453e-01 4.486851e+00
8.000000e-01 7.017000e-01  6.379091e-01  1.000000e-01 2.881096e-04 8.000000e-04 2.674453e+02 3.180097e+01 2.284759e+01 6.921761e+01 1.744656e-02 2.568788e-01 9.763109e-02 4.520039e-01 4.729152e+00
8.000000e-01 7.017000e-01  6.379091e-01  1.000000e-01 2.957866e-04 8.000000e-04 2.674453e+02 3.180088e+01 2.284446e+01 6.921631e+01 1.860009e-02 2.754139e-01 1.029034e-01 4.764132e-01 4.984537e+00
8.000000e-01 7.017000e-01  6.379091e-01  1.000000e-01 3.036682e-04 8.000000e-04 2.674453e+02 3.180082e+01 2.284260e+01 6.921555e+01 1.976528e-02 2.876435e-01 1.084604e-01 5.021406e-01 5.253713e+00
8.000000e-01 7.017000e-01  6.379091e-01  1.000000e-01 3.117598e-04 8.000000e-04 2.674453e+02 3.180077e+01 2.283969e+01 6.921488e+01 2.076356e-02 3.047014e-01 1.143175e-01 5.292573e-01 5.537426e+00
8.000000e-01 7.017000e-01  6.379091e-01  1.000000e-01 3.200670e-04 8.000000e-04 2.674453e+02 3.180071e+01 2.283662e+01 6.921365e+01 2.168776e-02 3.216373e-01 1.204909e-01 5.578384e-01 5.836460e+00
8.000000e-01 7.017000e-01  6.379091e-01  1.000000e-01 3.285955e-04 8.000000e-04 2.674453e+02 3.180066e+01 2.283455e+01 6.921282e+01 2.277518e-02 3.368835e-01 1.269977e-01 5.879630e-01 6.151642e+00
8.000000e-01 7.017000e-01  6.379091e-01  1.000000e-01 3.373513e-04 8.000000e-04 2.674453e+02 3.180055e+01 2.283153e+01 6.921105e+01 2.420253e-02 3.558730e-01 1.338559e-01 6.197144e-01 6.483845e+00
8.000000e-01 7.017000e-01  6.379091e-01  1.000000e-01 3.463404e-04 8.000000e-04 2.674453e+02 3.180047e+01 2.282794e+01 6.920999e+01 2.548167e-02 3.747700e-01 1.410844e-01 6.531804e-01 6.833988e+00
8.000000e-01 7.017000e-01  6.379091e-01  1.000000e-01 3.555691e-04 8.000000e-04 2.674453e+02 3.180041e+01 2.282468e+01 6.920845e+01 2.676020e-02 3.954953e-01 1.487033e-01 6.884536e-01 7.203039e+00
8.000000e-01 7.017000e-01  6.379091e-01  1.000000e-01 3.650436e-04 8.000000e-04 2.674453e+02 3.180036e+01 2.282248e+01 6.920811e+01 2.787885e-02 4.169957e-01 1.567336e-01 7.256317e-01 7.592019e+00
8.000000e-01 7.017000e-01  6.379091e-01  1.000000e-01 3.747706e-04 8.000000e-04 2.674453e+02 3.180023e+01 2.281713e+01 6.920609e+01 2.962145e-02 4.441224e-01 1.651976e-01 7.648175e-01 8.002006e+00
8.000000e-01 7.017000e-01  6.379091e-01  1.000000e-01 3.847568e-04 8.000000e-04 2.674453e+02 3.180015e+01 2.281387e+01 6.920503e+01 3.169317e-02 4.630867e-01 1.741187e-01 8.061194e-01 8.434133e+00
8.000000e-01 7.017000e-01  6.379091e-01  1.000000e-01 3.950091e-04 8.000000e-04 2.674453e+02 3.180002e+01 2.281106e+01 6.920314e+01 3.302009e-02 4.876386e-01 1.835215e-01 8.496518e-01 8.889596e+00
8.000000e-01 7.017000e-01  6.379091e-01  1.000000e-01 4.055346e-04 8.000000e-04 2.674453e+02 3.179991e+01 2.280659e+01 6.920178e+01 3.509404e-02 5.147825e-01 1.934321e-01 8.955349e-01 9.369654e+00
8.000000e-01 7.017000e-01  6.379091e-01  1.000000e-01 4.163405e-04 8.000000e-04 2.674453e+02 3.179985e+01 2.280121e+01 6.919954e+01 3.640158e-02 5.439094e-01 2.038779e-01 9.438959e-01 9.875637e+00
8.000000e-01 7.017000e-01  6.379091e-01  1.000000e-01 4.274344e-04 8.000000e-04 2.674453e+02 3.179976e+01 2.279540e+01 6.919801e+01 3.845272e-02 5.729285e-01 2.148877e-01 9.948684e-01 1.040894e+01
8.000000e-01 7.017000e-01  6.379091e-01  1.000000e-01 4.388239e-04 8.000000e-04 2.674453e+02 3.179959e+01 2.279226e+01 6.919610e+01 4.070193e-02 6.034992e-01 2.264922e-01 1.048594e+00 1.097105e+01
