8.000000e-01 9.427000e-02  8.570000e-02  1.000000e-01 2.000000e-06 8.000000e-04 6.307290e+06 3.180203e+01 2.288802e+01 6.923341e+01 7.320182e-10 1.006287e-09 3.349514e-09 6.586981e-08 2.572385e-07
8.000000e-01 9.427000e-02  8.570000e-02  1.000000e-01 2.053292e-06 8.000000e-04 6.307290e+06 3.180203e+01 2.288802e+01 6.923341e+01 7.901187e-10 1.061738e-09 3.530396e-09 6.942693e-08 2.711300e-07
8.000000e-01 9.427000e-02  8.570000e-02  1.000000e-01 2.108005e-06 8.000000e-04 6.307290e+06 3.180203e+01 2.288802e+01 6.923341e+01 8.035252e-10 1.114726e-09 3.721045e-09 7.317614e-08 2.857717e-07
8.000000e-01 9.427000e-02  8.570000e-02  1.000000e-01 2.164175e-06 8.000000e-04 6.307290e+06 3.180203e+01 2.288802e+01 6.923341e+01 8.555067e-10 1.191511e-09 3.921990e-09 7.712782e-08 3.012040e-07
8.000000e-01 9.427000e-02  8.570000e-02  1.000000e-01 2.221842e-06 8.000000e-04 6.307290e+06 3.180203e+01 2.288802e+01 6.923341e+01 8.968116e-10 1.240244e-09 4.133787e-09 8.129291e-08 3.174697e-07
8.000000e-01 9.427000e-02  8.570000e-02  1.000000e-01 2.281045e-06 8.000000e-04 6.307290e+06 3.180203e+01 2.288802e+01 6.923341e+01 9.622859e-10 1.308431e-09 4.357021e-09 8.568291e-08 3.346138e-07
8.000000e-01 9.427000e-02  8.570000e-02  1.000000e-01 2.341826e-06 8.000000e-04 6.307290e+06 3.180203e+01 2.288802e+01 6.923341e+01 9.831783e-10 1.380388e-09 4.592310e-09 9.030998e-08 3.526837e-07
8.000000e-01 9.427000e-02  8.570000e-02  1.000000e-01 2.404227e-06 8.000000e-04 6.307290e+06 3.180203e+01 2.288802e+01 6.923341e+01 1.080296e-09 1.457674e-09 4.840305e-09 9.518693e-08 3.717295e-07
8.000000e-01 9.427000e-02  8.570000e-02  1.000000e-01 2.468290e-06 8.000000e-04 6.307290e+06 3.180203e+01 2.288802e+01 6.923341e+01 1.072483e-09 1.520231e-09 5.101693e-09 1.003272e-07 3.918037e-07
8.000000e-01 9.427000e-02  8.570000e-02  1.000000e-01 2.534061e-06 8.000000e-04 6.307290e+06 3.180203e+01 2.288802e+01 6.923341e+01 1.151473e-09 1.592493e-09 5.377196e-09 1.057452e-07 4.129620e-07
8.000000e-01 9.427000e-02  8.570000e-02  1.000000e-01 2.601584e-06 8.000000e-04 6.307290e+06 3.180203e+01 2.288802e+01 6.923341e+01 1.209393e-09 1.705397e-09 5.667577e-09 1.114556e-07 4.352629e-07
8.000000e-01 9.427000e-02  8.570000e-02  1.000000e-01 2.670906e-06 8.000000e-04 6.307290e+06 3.180203e+01 2.288802e+01 6.923341e+01 1.305702e-09 1.776674e-09 5.973639e-09 1.174745e-07 4.587681e-07
8.000000e-01 9.427000e-02  8.570000e-02  1.000000e-01 2.742075e-06 8.000000e-04 6.307290e+06 3.180203e+01 2.288802e+01 6.923341e+01 1.359910e-09 1.914742e-09 6.296230e-09 1.238184e-07 4.835427e-07
8.000000e-01 9.427000e-02  8.570000e-02  1.000000e-01 2.815141e-06 8.000000e-04 6.307290e+06 3.180203e+01 2.288802e+01 6.923341e+01 1.457548e-09 1.976857e-09 6.636241e-09 1.305049e-07 5.096551e-07
8.000000e-01 9.427000e-02  8.570000e-02  1.000000e-01 2.890154e-06 8.000000e-04 6.307290e+06 3.180203e+01 2.288802e+01 6.923341e+01 1.493689e-09 2.104167e-09 6.994613e-09 1.375524e-07 5.371776e-07
8.000000e-01 9.427000e-02  8.570000e-02  1.000000e-01 2.967165e-06 8.000000e-04 6.307290e+06 3.180203e+01 2.288802e+01 6.923341e+01 1.631191e-09 2.209949e-09 7.372338e-09 1.449806e-07 5.661865e-07
8.000000e-01 9.427000e-02  8.570000e-02  1.000000e-01 3.046229e-06 8.000000e-04 6.307290e+06 3.180203e+01 2.288802e+01 6.923341e+01 1.704252e-09 2.316645e-09 7.770462e-09 1.528099e-07 5.967618e-07
8.000000e-01 9.427000e-02  8.570000e-02  1.000000e-01 3.127399e-06 8.000000e-04 6.307290e+06 3.180203e+01 2.288802e+01 6.923341e+01 1.805951e-09 2.474893e-09 8.190084e-09 1.610620e-07 6.289884e-07
8.000000e-01 9.427000e-02  8.570000e-02  1.000000e-01 3.210732e-06 8.000000e-04 6.307290e+06 3.180203e+01 2.288802e+01 6.923341e+01 1.901123e-09 2.603704e-09 8.632368e-09 1.697597e-07 6.629552e-07
8.000000e-01 9.427000e-02  8.570000e-02  1.000000e-01 3.296286e-06 8.000000e-04 6.307290e+06 3.180203e+01 2.288802e+01 6.923341e+01 1.948727e-09 2.729004e-09 9.098536e-09 1.789271e-07 6.987563e-07
8.000000e-01 9.427000e-02  8.570000e-02  1.000000e-01 3.384119e-06 8.000000e-04 6.307290e+06 3.180203e+01 2.288802e+01 6.923341e+01 2.079802e-09 2.890012e-09 9.589878e-09 1.885896e-07 7.364907e-07
8.000000e-01 9.427000e-02  8.570000e-02  1.000000e-01 3.474293e-06 8.000000e-04 6.307290e+06 3.180203e+01 2.288802e+01 6.923341e+01 2.180416e-09 3.050533e-09 1.010775e-08 1.987738e-07 7.762629e-07
8.000000e-01 9.427000e-02  8.570000e-02  1.000000e-01 3.566869e-06 8.000000e-04 6.307290e+06 3.180203e+01 2.288802e+01 6.923341e+01 2.308478e-09 3.189479e-09 1.065360e-08 2.095081e-07 8.181829e-07
8.000000e-01 9.427000e-02  8.570000e-02  1.000000e-01 3.661913e-06 8.000000e-04 6.307290e+06 3.180203e+01 2.288802e+01 6.923341e+01 2.449400e-09 3.366608e-09 1.122891e-08 2.208220e-07 8.623667e-07
8.000000e-01 9.427000e-02  8.570000e-02  1.000000e-01 3.759488e-06 8.000000e-04 6.307290e+06 3.180203e+01 2.288802e+01 6.923341e+01 2.635988e-09 3.598890e-09 1.183530e-08 2.327469e-07 9.089365e-07
8.000000e-01 9.427000e-02  8.570000e-02  1.000000e-01 3.859664e-06 8.000000e-04 6.307290e+06 3.180203e+01 2.288802e+01 6.923341e+01 2.653303e-09 3.702719e-09 1.247443e-08 2.453158e-07 9.580212e-07
8.000000e-01 9.427000e-02  8.570000e-02  1.000000e-01 3.962510e-06 8.000000e-04 6.307290e+06 3.180203e+01 2.288802e+01 6.923341e+01 2.885674e-09 3.956066e-09 1.314808e-08 2.585634e-07 1.009757e-06
8.000000e-01 9.427000e-02  8.570000e-02  1.000000e-01 4.068095e-06 8.000000e-04 6.307290e+06 3.180203e+01 2.288802e+01 6.923341e+01 3.010278e-09 4.167201e-09 1.385811e-08 2.725264e-07 1.064286e-06
8.000000e-01 9.427000e-02  8.570000e-02  1.000000e-01 4.176494e-06 8.000000e-04 6.307290e+06 3.180203e+01 2.288802e+01 6.923341e+01 3.079809e-09 4.397512e-09 1.460648e-08 2.872435e-07 1.121760e-06
8.000000e-01 9.427000e-02  8.570000e-02  1.000000e-01 4.287782e-06 8.000000e-04 6.307290e+06 3.180203e+01 2.288802e+01 6.923341e+01 3.403930e-09 4.634554e-09 1.539526e-08 3.027553e-07 1.182337e-06
8.000000e-01 9.427000e-02  8.570000e-02  1.000000e-01 4.402035e-06 8.000000e-04 6.307290e+06 3.180203e+01 2.288802e+01 6.923341e+01 3.514491e-09 4.882725e-09 1.622664e-08 3.191048e-07 1.246186e-06
8.000000e-01 9.427000e-02  8.570000e-02  1.000000e-01 4.519332e-06 8.000000e-04 6.307290e+06 3.180203e+01 2.288802e+01 6.923341e+01 3.673324e-09 5.099196e-09 1.710292e-08 3.363372e-07 1.313483e-06
8.000000e-01 9.427000e-02  8.570000e-02  1.000000e-01 4.639755e-06 8.000000e-04 6.307290e+06 3.180203e+01 2.288802e+01 6.923341e+01 3.925148e-09 5.415977e-09 1.802652e-08 3.545001e-07 1.384414e-06
8.000000e-01 9.427000e-02  8.570000e-02  1.000000e-01 4.763386e-06 8.000000e-04 6.307290e+06 3.180203e+01 2.288802e+01 6.923341e+01 4.284308e-09 5.785598e-09 1.899999e-08 3.736440e-07 1.459176e-06
8.000000e-01 9.427000e-02  8.570000e-02  1.000000e-01 4.890312e-06 8.000000e-04 6.307290e+06 3.180203e+01 2.288802e+01 6.923341e+01 4.477515e-09 6.066751e-09 2.002603e-08 3.938216e-07 1.537975e-06
8.000000e-01 9.427000e-02  8.570000e-02  1.000000e-01 5.020620e-06 8.000000e-04 6.307290e+06 3.180203e+01 2.288802e+01 6.923341e+01 4.454628e-09 6.353339e-09 2.110749e-08 4.150889e-07 1.621029e-06
8.000000e-01 9.427000e-02  8.570000e-02  1.000000e-01 5.154400e-06 8.000000e-04 6.307290e+06 3.180203e+01 2.288802e+01 6.923341e+01 4.818727e-09 6.667594e-09 2.224734e-08 4.375046e-07 1.708568e-06
8.000000e-01 9.427000e-02  8.570000e-02  1.000000e-01 5.291745e-06 8.000000e-04 6.307290e+06 3.180203e+01 2.288802e+01 6.923341e+01 5.086142e-09 7.021926e-09 2.344875e-08 4.611309e-07 1.800835e-06
8.000000e-01 9.427000e-02  8.570000e-02  1.000000e-01 5.432750e-06 8.000000e-04 6.307290e+06 3.180203e+01 2.288802e+01 6.923341e+01 5.428880e-09 7.469800e-09 2.471503e-08 4.860330e-07 1.898084e-06
8.000000e-01 9.427000e-02  8.570000e-02  1.000000e-01 5.577512e-06 8.000000e-04 6.307290e+06 3.180203e+01 2.288802e+01 6.923341e+01 5.611797e-09 7.833569e-09 2.604970e-08 5.122799e-07 2.000585e-06
8.000000e-01 9.427000e-02  8.570000e-02  1.000000e-01 5.726131e-06 8.000000e-04 6.307290e+06 3.180203e+01 2.288802e+01 6.923341e+01 5.812633e-09 8.270356e-09 2.745645e-08 5.399442e-07 2.108621e-06
8.000000e-01 9.427000e-02  8.570000e-02  1.000000e-01 5.878710e-06 8.000000e-04 6.307290e+06 3.180203e+01 2.288802e+01 6.923341e+01 6.280037e-09 8.699466e-09 2.893916e-08 5.691025e-07 2.222492e-06
8.000000e-01 9.427000e-02  8.570000e-02  1.000000e-01 6.035355e-06 8.000000e-04 6.307290e+06 3.180203e+01 2.288802e+01 6.923341e+01 6.613224e-09 9.201059e-09 3.050194e-08 5.998353e-07 2.342511e-06
8.000000e-01 9.427000e-02  8.570000e-02  1.000000e-01 6.196174e-06 8.000000e-04 6.307290e+06 3.180203e+01 2.288802e+01 6.923341e+01 6.782561e-09 9.560642e-09 3.214911e-08 6.322278e-07 2.469012e-06
8.000000e-01 9.427000e-02  8.570000e-02  1.000000e-01 6.361278e-06 8.000000e-04 6.307290e+06 3.180203e+01 2.288802e+01 6.923341e+01 7.543106e-09 1.028055e-08 3.388524e-08 6.663696e-07 2.602345e-06
8.000000e-01 9.427000e-02  8.570000e-02  1.000000e-01 6.530782e-06 8.000000e-04 6.307290e+06 3.180203e+01 2.288802e+01 6.923341e+01 7.625143e-09 1.071591e-08 3.571512e-08 7.023551e-07 2.742877e-06
8.000000e-01 9.427000e-02  8.570000e-02  1.000000e-01 6.704802e-06 8.000000e-04 6.307290e+06 3.180203e+01 2.288802e+01 6.923341e+01 8.035434e-09 1.117561e-08 3.764382e-08 7.402839e-07 2.890999e-06
8.000000e-01 9.427000e-02  8.570000e-02  1.000000e-01 6.883459e-06 8.000000e-04 6.307290e+06 3.180203e+01 2.288802e+01 6.923341e+01 8.533195e-09 1.193566e-08 3.967668e-08 7.802609e-07 3.047120e-06
8.000000e-01 9.427000e-02  8.570000e-02  1.000000e-01 7.066877e-06 8.000000e-04 6.307290e+06 3.180203e+01 2.288802e+01 6.923341e+01 9.171230e-09 1.261868e-08 4.181931e-08 8.223968e-07 3.211671e-06
8.000000e-01 9.427000e-02  8.570000e-02  1.000000e-01 7.255182e-06 8.000000e-04 6.307290e+06 3.180203e+01 2.288802e+01 6.923341e+01 9.817896e-09 1.318629e-08 4.407765e-08 8.668081e-07 3.385109e-06
8.000000e-01 9.427000e-02  8.570000e-02  1.000000e-01 7.448504e-06 8.000000e-04 6.307290e+06 3.180203e+01 2.288802e+01 6.923341e+01 1.033409e-08 1.404334e-08 4.645794e-08 9.136178e-07 3.567912e-06
8.000000e-01 9.427000e-02  8.570000e-02  1.000000e-01 7.646978e-06 8.000000e-04 6.307290e+06 3.180203e+01 2.288802e+01 6.923341e+01 1.081863e-08 1.467841e-08 4.896678e-08 9.629553e-07 3.760588e-06
8.000000e-01 9.427000e-02  8.570000e-02  1.000000e-01 7.850741e-06 8.000000e-04 6.307290e+06 3.180203e+01 2.288802e+01 6.923341e+01 1.114950e-08 1.553586e-08 5.161110e-08 1.014957e-06 3.963668e-06
8.000000e-01 9.427000e-02  8.570000e-02  1.000000e-01 8.059933e-06 8.000000e-04 6.307290e+06 3.180203e+01 2.288802e+01 6.923341e+01 1.180005e-08 1.641284e-08 5.439822e-08 1.069767e-06 4.177716e-06
8.000000e-01 9.427000e-02  8.570000e-02  1.000000e-01 8.274699e-06 8.000000e-04 6.307290e+06 3.180203e+01 2.288802e+01 6.923341e+01 1.308415e-08 1.738137e-08 5.733584e-08 1.127537e-06 4.403322e-06
8.000000e-01 9.427000e-02  8.570000e-02  1.000000e-01 8.495188e-06 8.000000e-04 6.307290e+06 3.180203e+01 2.288802e+01 6.923341e+01 1.301350e-08 1.815773e-08 6.043211e-08 1.188427e-06 4.641112e-06
8.000000e-01 9.427000e-02  8.570000e-02  1.000000e-01 8.721552e-06 8.000000e-04 6.307290e+06 3.180203e+01 2.288802e+01 6.923341e+01 1.433781e-08 1.942544e-08 6.369559e-08 1.252604e-06 4.891742e-06
8.000000e-01 9.427000e-02  8.570000e-02  1.000000e-01 8.953948e-06 8.000000e-04 6.307290e+06 3.180203e+01 2.288802e+01 6.923341e+01 1.542028e-08 2.040844e-08 6.713530e-08 1.320248e-06 5.155908e-06
8.000000e-01 9.427000e-02  8.570000e-02  1.000000e-01 9.192536e-06 8.000000e-04 6.307290e+06 3.180203e+01 2.288802e+01 6.923341e+01 1.542379e-08 2.132030e-08 7.076076e-08 1.391544e-06 5.434339e-06
8.000000e-01 9.427000e-02  8.570000e-02  1.000000e-01 9.437481e-06 8.000000e-04 6.307290e+06 3.180203e+01 2.288802e+01 6.923341e+01 1.646735e-08 2.276978e-08 7.458200e-08 1.466691e-06 5.727805e-06
8.000000e-01 9.427000e-02  8.570000e-02  1.000000e-01 9.688954e-06 8.000000e-04 6.307290e+06 3.180203e+01 2.288802e+01 6.923341e+01 1.755184e-08 2.329299e-08 7.860960e-08 1.545896e-06 6.037120e-06
8.000000e-01 9.427000e-02  8.570000e-02  1.000000e-01 9.947127e-06 8.000000e-04 6.307290e+06 3.180203e+01 2.288802e+01 6.923341e+01 1.825299e-08 2.478593e-08 8.285470e-08 1.629378e-06 6.363139e-06
8.000000e-01 9.427000e-02  8.570000e-02  1.000000e-01 1.021218e-05 8.000000e-04 6.307290e+06 3.180203e+01 2.288802e+01 6.923341e+01 1.806417e-08 2.634108e-08 8.732905e-08 1.717368e-06 6.706763e-06
8.000000e-01 9.427000e-02  8.570000e-02  1.000000e-01 1.048430e-05 8.000000e-04 6.307290e+06 3.180203e+01 2.288802e+01 6.923341e+01 1.939902e-08 2.769365e-08 9.204502e-08 1.810110e-06 7.068943e-06
8.000000e-01 9.427000e-02  8.570000e-02  1.000000e-01 1.076366e-05 8.000000e-04 6.307290e+06 3.180203e+01 2.288802e+01 6.923341e+01 2.146429e-08 2.949406e-08 9.701566e-08 1.907860e-06 7.450683e-06
8.000000e-01 9.427000e-02  8.570000e-02  1.000000e-01 1.105047e-05 8.000000e-04 6.307290e+06 3.180203e+01 2.288802e+01 6.923341e+01 2.227703e-08 3.040884e-08 1.022547e-07 2.010889e-06 7.853037e-06
8.000000e-01 9.427000e-02  8.570000e-02  1.000000e-01 1.134492e-05 8.000000e-04 6.307290e+06 3.180203e+01 2.288802e+01 6.923341e+01 2.326569e-08 3.227039e-08 1.077767e-07 2.119481e-06 8.277119e-06
8.000000e-01 9.427000e-02  8.570000e-02  1.000000e-01 1.164722e-05 8.000000e-04 6.307290e+06 3.180203e+01 2.288802e+01 6.923341e+01 2.309468e-08 3.416488e-08 1.135969e-07 2.233938e-06 8.724103e-06
8.000000e-01 9.427000e-02  8.570000e-02  1.000000e-01 1.195758e-05 8.000000e-04 6.307290e+06 3.180203e+01 2.288802e+01 6.923341e+01 2.546441e-08 3.574444e-08 1.197314e-07 2.354576e-06 9.195224e-06
8.000000e-01 9.427000e-02  8.570000e-02  1.000000e-01 1.227620e-05 8.000000e-04 6.307290e+06 3.180203e+01 2.288802e+01 6.923341e+01 2.788455e-08 3.819422e-08 1.261972e-07 2.481728e-06 9.691788e-06
8.000000e-01 9.427000e-02  8.570000e-02  1.000000e-01 1.260331e-05 8.000000e-04 6.307290e+06 3.180203e+01 2.288802e+01 6.923341e+01 2.928809e-08 4.013085e-08 1.330121e-07 2.615747e-06 1.021517e-05
8.000000e-01 9.427000e-02  8.570000e-02  1.000000e-01 1.293914e-05 8.000000e-04 6.307290e+06 3.180203e+01 2.288802e+01 6.923341e+01 3.065265e-08 4.162408e-08 1.401951e-07 2.757004e-06 1.076681e-05
8.000000e-01 9.427000e-02  8.570000e-02  1.000000e-01 1.328392e-05 8.000000e-04 6.307290e+06 3.180203e+01 2.288802e+01 6.923341e+01 3.165376e-08 4.462655e-08 1.477659e-07 2.905888e-06 1.134824e-05
8.000000e-01 9.427000e-02  8.570000e-02  1.000000e-01 1.363789e-05 8.000000e-04 6.307290e+06 3.180203e+01 2.288802e+01 6.923341e+01 3.296993e-08 4.637935e-08 1.557456e-07 3.062813e-06 1.196107e-05
8.000000e-01 9.427000e-02  8.570000e-02  1.000000e-01 1.400128e-05 8.000000e-04 6.307290e+06 3.180203e+01 2.288802e+01 6.923341e+01 3.640059e-08 4.869986e-08 1.641563e-07 3.228212e-06 1.260700e-05
8.000000e-01 9.427000e-02  8.570000e-02  1.000000e-01 1.437436e-05 8.000000e-04 6.307290e+06 3.180203e+01 2.288802e+01 6.923341e+01 4.008107e-08 5.130245e-08 1.730211e-07 3.402543e-06 1.328781e-05
8.000000e-01 9.427000e-02  8.570000e-02  1.000000e-01 1.475738e-05 8.000000e-04 6.307290e+06 3.180203e+01 2.288802e+01 6.923341e+01 3.960953e-08 5.491702e-08 1.823646e-07 3.586288e-06 1.400538e-05
8.000000e-01 9.427000e-02  8.570000e-02  1.000000e-01 1.515061e-05 8.000000e-04 6.307290e+06 3.180203e+01 2.288802e+01 6.923341e+01 4.181823e-08 5.786228e-08 1.922127e-07 3.779956e-06 1.476170e-05
8.000000e-01 9.427000e-02  8.570000e-02  1.000000e-01 1.555432e-05 8.000000e-04 6.307290e+06 3.180203e+01 2.288802e+01 6.923341e+01 4.455882e-08 6.013603e-08 2.025927e-07 3.984082e-06 1.555887e-05
8.000000e-01 9.427000e-02  8.570000e-02  1.000000e-01 1.596878e-05 8.000000e-04 6.307290e+06 3.180203e+01 2.288802e+01 6.923341e+01 4.605173e-08 6.468377e-08 2.135331e-07 4.199232e-06 1.639908e-05
8.000000e-01 9.427000e-02  8.570000e-02  1.000000e-01 1.639429e-05 8.000000e-04 6.307290e+06 3.180203e+01 2.288802e+01 6.923341e+01 4.816892e-08 6.747509e-08 2.250644e-07 4.426000e-06 1.728467e-05
8.000000e-01 9.427000e-02  8.570000e-02  1.000000e-01 1.683113e-05 8.000000e-04 6.307290e+06 3.180203e+01 2.288802e+01 6.923341e+01 5.230228e-08 7.122146e-08 2.372184e-07 4.665015e-06 1.821808e-05
8.000000e-01 9.427000e-02  8.570000e-02  1.000000e-01 1.727962e-05 8.000000e-04 6.307290e+06 3.180203e+01 2.288802e+01 6.923341e+01 5.314687e-08 7.519049e-08 2.500288e-07 4.916936e-06 1.920190e-05
8.000000e-01 9.427000e-02  8.570000e-02  1.000000e-01 1.774005e-05 8.000000e-04 6.307290e+06 3.180203e+01 2.288802e+01 6.923341e+01 5.830913e-08 7.854765e-08 2.635309e-07 5.182462e-06 2.023885e-05
8.000000e-01 9.427000e-02  8.570000e-02  1.000000e-01 1.821276e-05 8.000000e-04 6.307290e+06 3.180203e+01 2.288802e+01 6.923341e+01 6.137900e-08 8.410309e-08 2.777622e-07 5.462327e-06 2.133179e-05
8.000000e-01 9.427000e-02  8.570000e-02  1.000000e-01 1.869805e-05 8.000000e-04 6.307290e+06 3.180203e+01 2.288802e+01 6.923341e+01 6.367528e-08 8.786349e-08 2.927620e-07 5.757305e-06 2.248376e-05
8.000000e-01 9.427000e-02  8.570000e-02  1.000000e-01 1.919629e-05 8.000000e-04 6.307290e+06 3.180203e+01 2.288802e+01 6.923341e+01 6.819501e-08 9.295087e-08 3.085718e-07 6.068213e-06 2.369793e-05
8.000000e-01 9.427000e-02  8.570000e-02  1.000000e-01 1.970779e-05 8.000000e-04 6.307290e+06 3.180203e+01 2.288802e+01 6.923341e+01 7.145828e-08 9.913306e-08 3.252354e-07 6.395911e-06 2.497768e-05
8.000000e-01 9.427000e-02  8.570000e-02  1.000000e-01 2.023293e-05 8.000000e-04 6.307290e+06 3.180203e+01 2.288802e+01 6.923341e+01 7.603375e-08 1.039132e-07 3.427989e-07 6.741305e-06 2.632653e-05
8.000000e-01 9.427000e-02  8.570000e-02  1.000000e-01 2.077206e-05 8.000000e-04 6.307290e+06 3.180203e+01 2.288802e+01 6.923341e+01 7.965514e-08 1.084180e-07 3.613108e-07 7.105351e-06 2.774822e-05
8.000000e-01 9.427000e-02  8.570000e-02  1.000000e-01 2.132555e-05 8.000000e-04 6.307290e+06 3.180203e+01 2.288802e+01 6.923341e+01 8.595622e-08 1.137136e-07 3.808224e-07 7.489056e-06 2.924669e-05
8.000000e-01 9.427000e-02  8.570000e-02  1.000000e-01 2.189380e-05 8.000000e-04 6.307290e+06 3.180203e+01 2.288802e+01 6.923341e+01 9.067331e-08 1.206422e-07 4.013877e-07 7.893482e-06 3.082608e-05
8.000000e-01 9.427000e-02  8.570000e-02  1.000000e-01 2.247718e-05 8.000000e-04 6.307290e+06 3.180203e+01 2.288802e+01 6.923341e+01 9.199277e-08 1.277622e-07 4.230636e-07 8.319749e-06 3.249076e-05
8.000000e-01 9.427000e-02  8.570000e-02  1.000000e-01 2.307611e-05 8.000000e-04 6.307290e+06 3.180203e+01 2.288802e+01 6.923341e+01 1.006939e-07 1.359928e-07 4.459100e-07 8.769034e-06 3.424533e-05
8.000000e-01 9.427000e-02  8.570000e-02  1.000000e-01 2.369100e-05 8.000000e-04 6.307290e+06 3.180203e+01 2.288802e+01 6.923341e+01 1.069593e-07 1.409372e-07 4.699901e-07 9.242582e-06 3.609466e-05
8.000000e-01 9.427000e-02  8.570000e-02  1.000000e-01 2.432228e-05 8.000000e-04 6.307290e+06 3.180203e+01 2.288802e+01 6.923341e+01 1.048610e-07 1.478053e-07 4.953707e-07 9.741703e-06 3.804386e-05
8.000000e-01 9.427000e-02  8.570000e-02  1.000000e-01 2.497037e-05 8.000000e-04 6.307290e+06 3.180203e+01 2.288802e+01 6.923341e+01 1.109621e-07 1.561842e-07 5.221218e-07 1.026778e-05 4.009831e-05
8.000000e-01 9.427000e-02  8.570000e-02  1.000000e-01 2.563574e-05 8.000000e-04 6.307290e+06 3.180203e+01 2.288802e+01 6.923341e+01 1.213405e-07 1.655378e-07 5.503176e-07 1.082226e-05 4.226371e-05
8.000000e-01 9.427000e-02  8.570000e-02  1.000000e-01 2.631883e-05 8.000000e-04 6.307290e+06 3.180203e+01 2.288802e+01 6.923341e+01 1.286767e-07 1.737400e-07 5.800361e-07 1.140669e-05 4.454605e-05
8.000000e-01 9.427000e-02  8.570000e-02  1.000000e-01 2.702013e-05 8.000000e-04 6.307290e+06 3.180203e+01 2.288802e+01 6.923341e+01 1.337440e-07 1.816382e-07 6.113593e-07 1.202268e-05 4.695164e-05
8.000000e-01 9.427000e-02  8.570000e-02  1.000000e-01 2.774011e-05 8.000000e-04 6.307290e+06 3.180203e+01 2.288802e+01 6.923341e+01 1.396015e-07 1.937794e-07 6.443742e-07 1.267193e-05 4.948714e-05
8.000000e-01 9.427000e-02  8.570000e-02  1.000000e-01 2.847928e-05 8.000000e-04 6.307290e+06 3.180203e+01 2.288802e+01 6.923341e+01 1.445051e-07 2.041627e-07 6.791719e-07 1.335624e-05 5.215956e-05
8.000000e-01 9.427000e-02  8.570000e-02  1.000000e-01 2.923814e-05 8.000000e-04 6.307290e+06 3.180203e+01 2.288802e+01 6.923341e+01 1.625445e-07 2.167584e-07 7.158487e-07 1.407751e-05 5.497630e-05
8.000000e-01 9.427000e-02  8.570000e-02  1.000000e-01 3.001722e-05 8.000000e-04 6.307290e+06 3.180203e+01 2.288802e+01 6.923341e+01 1.743676e-07 2.244344e-07 7.545062e-07 1.483773e-05 5.794514e-05
8.000000e-01 9.427000e-02  8.570000e-02  1.000000e-01 3.081707e-05 8.000000e-04 6.307290e+06 3.180203e+01 2.288802e+01 6.923341e+01 1.735299e-07 2.384812e-07 7.952513e-07 1.563900e-05 6.107431e-05
8.000000e-01 9.427000e-02  8.570000e-02  1.000000e-01 3.163822e-05 8.000000e-04 6.307290e+06 3.180203e+01 2.288802e+01 6.923341e+01 1.847932e-07 2.493383e-07 8.381967e-07 1.648354e-05 6.437247e-05
8.000000e-01 9.427000e-02  8.570000e-02  1.000000e-01 3.248126e-05 8.000000e-04 6.307290e+06 3.180203e+01 2.288802e+01 6.923341e+01 1.936458e-07 2.708511e-07 8.834612e-07 1.737369e-05 6.784873e-05
8.000000e-01 9.427000e-02  8.570000e-02  1.000000e-01 3.334676e-05 8.000000e-04 6.307290e+06 3.180203e+01 2.288802e+01 6.923341e+01 2.006596e-07 2.808689e-07 9.311702e-07 1.831191e-05 7.151272e-05
8.000000e-01 9.427000e-02  8.570000e-02  1.000000e-01 3.423532e-05 8.000000e-04 6.307290e+06 3.180203e+01 2.288802e+01 6.923341e+01 2.112411e-07 2.965650e-07 9.814555e-07 1.930080e-05 7.537457e-05
8.000000e-01 9.427000e-02  8.570000e-02  1.000000e-01 3.514756e-05 8.000000e-04 6.307290e+06 3.180203e+01 2.288802e+01 6.923341e+01 2.257226e-07 3.137279e-07 1.034456e-06 2.034308e-05 7.944497e-05
8.000000e-01 9.427000e-02  8.570000e-02  1.000000e-01 3.608411e-05 8.000000e-04 6.307290e+06 3.180203e+01 2.288802e+01 6.923341e+01 2.307922e-07 3.266496e-07 1.090319e-06 2.144166e-05 8.373518e-05
8.000000e-01 9.427000e-02  8.570000e-02  1.000000e-01 3.704561e-05 8.000000e-04 6.307290e+06 3.180203e+01 2.288802e+01 6.923341e+01 2.493963e-07 3.401388e-07 1.149199e-06 2.259956e-05 8.825708e-05
8.000000e-01 9.427000e-02  8.570000e-02  1.000000e-01 3.803273e-05 8.000000e-04 6.307290e+06 3.180203e+01 2.288802e+01 6.923341e+01 2.737020e-07 3.634822e-07 1.211259e-06 2.381998e-05 9.302316e-05
8.000000e-01 9.427000e-02  8.570000e-02  1.000000e-01 3.904616e-05 8.000000e-04 6.307290e+06 3.180203e+01 2.288802e+01 6.923341e+01 2.761521e-07 3.843599e-07 1.276669e-06 2.510632e-05 9.804663e-05
8.000000e-01 9.427000e-02  8.570000e-02  1.000000e-01 4.008659e-05 8.000000e-04 6.307290e+06 3.180203e+01 2.288802e+01 6.923341e+01 2.971507e-07 4.068101e-07 1.345612e-06 2.646212e-05 1.033414e-04
8.000000e-01 9.427000e-02  8.570000e-02  1.000000e-01 4.115474e-05 8.000000e-04 6.307290e+06 3.180203e+01 2.288802e+01 6.923341e+01 3.006964e-07 4.333528e-07 1.418279e-06 2.789113e-05 1.089220e-04
8.000000e-01 9.427000e-02  8.570000e-02  1.000000e-01 4.225136e-05 8.000000e-04 6.307290e+06 3.180203e+01 2.288802e+01 6.923341e+01 3.196882e-07 4.472136e-07 1.494869e-06 2.939732e-05 1.148041e-04
8.000000e-01 9.427000e-02  8.570000e-02  1.000000e-01 4.337719e-05 8.000000e-04 6.307290e+06 3.180203e+01 2.288802e+01 6.923341e+01 3.471393e-07 4.717372e-07 1.575595e-06 3.098484e-05 1.210038e-04
8.000000e-01 9.427000e-02  8.570000e-02  1.000000e-01 4.453303e-05 8.000000e-04 6.307290e+06 3.180203e+01 2.288802e+01 6.923341e+01 3.608072e-07 4.963046e-07 1.660681e-06 3.265809e-05 1.275383e-04
8.000000e-01 9.427000e-02  8.570000e-02  1.000000e-01 4.571966e-05 8.000000e-04 6.307290e+06 3.180203e+01 2.288802e+01 6.923341e+01 3.986784e-07 5.264449e-07 1.750362e-06 3.442171e-05 1.344256e-04
8.000000e-01 9.427000e-02  8.570000e-02  1.000000e-01 4.693791e-05 8.000000e-04 6.307290e+06 3.180203e+01 2.288802e+01 6.923341e+01 4.057697e-07 5.552806e-07 1.844885e-06 3.628056e-05 1.416849e-04
8.000000e-01 9.427000e-02  8.570000e-02  1.000000e-01 4.818863e-05 8.000000e-04 6.307290e+06 3.180203e+01 2.288802e+01 6.923341e+01 4.208529e-07 5.842959e-07 1.944513e-06 3.823979e-05 1.493362e-04
8.000000e-01 9.427000e-02  8.570000e-02  1.000000e-01 4.947267e-05 8.000000e-04 6.307290e+06 3.180203e+01 2.288802e+01 6.923341e+01 4.401079e-07 6.211459e-07 2.049522e-06 4.030483e-05 1.574007e-04
8.000000e-01 9.427000e-02  8.570000e-02  1.000000e-01 5.079093e-05 8.000000e-04 6.307290e+06 3.180203e+01 2.288802e+01 6.923341e+01 4.975006e-07 6.493502e-07 2.160201e-06 4.248138e-05 1.659007e-04
8.000000e-01 9.427000e-02  8.570000e-02  1.000000e-01 5.214431e-05 8.000000e-04 6.307290e+06 3.180203e+01 2.288802e+01 6.923341e+01 5.103378e-07 6.817173e-07 2.276856e-06 4.477548e-05 1.748598e-04
8.000000e-01 9.427000e-02  8.570000e-02  1.000000e-01 5.353375e-05 8.000000e-04 6.307290e+06 3.180203e+01 2.288802e+01 6.923341e+01 5.143805e-07 7.239014e-07 2.399812e-06 4.719346e-05 1.843026e-04
8.000000e-01 9.427000e-02  8.570000e-02  1.000000e-01 5.496022e-05 8.000000e-04 6.307290e+06 3.180203e+01 2.288802e+01 6.923341e+01 5.645271e-07 7.582161e-07 2.529407e-06 4.974201e-05 1.942553e-04
8.000000e-01 9.427000e-02  8.570000e-02  1.000000e-01 5.642470e-05 8.000000e-04 6.307290e+06 3.180203e+01 2.288802e+01 6.923341e+01 5.801139e-07 7.840989e-07 2.666001e-06 5.242820e-05 2.047456e-04
8.000000e-01 9.427000e-02  8.570000e-02  1.000000e-01 5.792820e-05 8.000000e-04 6.307290e+06 3.180203e+01 2.288802e+01 6.923341e+01 5.954448e-07 8.411324e-07 2.809971e-06 5.525944e-05 2.158023e-04
8.000000e-01 9.427000e-02  8.570000e-02  1.000000e-01 5.947176e-05 8.000000e-04 6.307290e+06 3.180203e+01 2.288802e+01 6.923341e+01 6.255943e-07 8.868067e-07 2.961716e-06 5.824358e-05 2.274561e-04
8.000000e-01 9.427000e-02  8.570000e-02  1.000000e-01 6.105646e-05 8.000000e-04 6.307290e+06 3.180203e+01 2.288802e+01 6.923341e+01 7.048713e-07 9.277098e-07 3.121656e-06 6.138886e-05 2.397393e-04
8.000000e-01 9.427000e-02  8.570000e-02  1.000000e-01 6.268338e-05 8.000000e-04 6.307290e+06 3.180203e+01 2.288802e+01 6.923341e+01 7.048167e-07 9.890863e-07 3.290232e-06 6.470401e-05 2.526858e-04
8.000000e-01 9.427000e-02  8.570000e-02  1.000000e-01 6.435365e-05 8.000000e-04 6.307290e+06 3.180203e+01 2.288802e+01 6.923341e+01 7.504426e-07 1.036492e-06 3.467913e-06 6.819817e-05 2.663314e-04
8.000000e-01 9.427000e-02  8.570000e-02  1.000000e-01 6.606842e-05 8.000000e-04 6.307290e+06 3.180203e+01 2.288802e+01 6.923341e+01 8.095469e-07 1.110521e-06 3.655188e-06 7.188103e-05 2.807139e-04
8.000000e-01 9.427000e-02  8.570000e-02  1.000000e-01 6.782889e-05 8.000000e-04 6.307290e+06 3.180203e+01 2.288802e+01 6.923341e+01 8.589767e-07 1.156003e-06 3.852576e-06 7.576277e-05 2.958731e-04
8.000000e-01 9.427000e-02  8.570000e-02  1.000000e-01 6.963627e-05 8.000000e-04 6.307290e+06 3.180203e+01 2.288802e+01 6.923341e+01 9.060513e-07 1.233083e-06 4.060624e-06 7.985414e-05 3.118509e-04
8.000000e-01 9.427000e-02  8.570000e-02  1.000000e-01 7.149181e-05 8.000000e-04 6.307290e+06 3.180203e+01 2.288802e+01 6.923341e+01 9.076245e-07 1.301302e-06 4.279908e-06 8.416644e-05 3.286916e-04
8.000000e-01 9.427000e-02  8.570000e-02  1.000000e-01 7.339679e-05 8.000000e-04 6.307290e+06 3.180203e+01 2.288802e+01 6.923341e+01 1.003655e-06 1.357177e-06 4.511033e-06 8.871163e-05 3.464417e-04
8.000000e-01 9.427000e-02  8.570000e-02  1.000000e-01 7.535253e-05 8.000000e-04 6.307290e+06 3.180203e+01 2.288802e+01 6.923341e+01 1.014576e-06 1.427143e-06 4.754639e-06 9.350226e-05 3.651504e-04
8.000000e-01 9.427000e-02  8.570000e-02  1.000000e-01 7.736039e-05 8.000000e-04 6.307290e+06 3.180203e+01 2.288802e+01 6.923341e+01 1.093632e-06 1.498826e-06 5.011400e-06 9.855160e-05 3.848693e-04
8.000000e-01 9.427000e-02  8.570000e-02  1.000000e-01 7.942174e-05 8.000000e-04 6.307290e+06 3.180203e+01 2.288802e+01 6.923341e+01 1.165549e-06 1.581670e-06 5.282027e-06 1.038736e-04 4.056532e-04
8.000000e-01 9.427000e-02  8.570000e-02  1.000000e-01 8.153803e-05 8.000000e-04 6.307290e+06 3.180203e+01 2.288802e+01 6.923341e+01 1.206745e-06 1.685616e-06 5.567269e-06 1.094830e-04 4.275594e-04
8.000000e-01 9.427000e-02  8.570000e-02  1.000000e-01 8.371070e-05 8.000000e-04 6.307290e+06 3.180203e+01 2.288802e+01 6.923341e+01 1.259469e-06 1.770187e-06 5.867914e-06 1.153954e-04 4.506486e-04
8.000000e-01 9.427000e-02  8.570000e-02  1.000000e-01 8.594127e-05 8.000000e-04 6.307290e+06 3.180203e+01 2.288802e+01 6.923341e+01 1.337660e-06 1.840933e-06 6.184795e-06 1.216270e-04 4.749846e-04
8.000000e-01 9.427000e-02  8.570000e-02  1.000000e-01 8.823127e-05 8.000000e-04 6.307290e+06 3.180203e+01 2.288802e+01 6.923341e+01 1.457919e-06 1.951609e-06 6.518789e-06 1.281951e-04 5.006349e-04
8.000000e-01 9.427000e-02  8.570000e-02  1.000000e-01 9.058230e-05 8.000000e-04 6.307290e+06 3.180203e+01 2.288802e+01 6.923341e+01 1.515159e-06 2.062472e-06 6.870818e-06 1.351180e-04 5.276703e-04
8.000000e-01 9.427000e-02  8.570000e-02  1.000000e-01 9.299597e-05 8.000000e-04 6.307290e+06 3.180203e+01 2.288802e+01 6.923341e+01 1.603193e-06 2.187677e-06 7.241858e-06 1.424146e-04 5.561658e-04
8.000000e-01 9.427000e-02  8.570000e-02  1.000000e-01 9.547395e-05 8.000000e-04 6.307290e+06 3.180203e+01 2.288802e+01 6.923341e+01 1.685724e-06 2.299934e-06 7.632935e-06 1.501054e-04 5.862000e-04
8.000000e-01 9.427000e-02  8.570000e-02  1.000000e-01 9.801796e-05 8.000000e-04 6.307290e+06 3.180203e+01 2.288802e+01 6.923341e+01 1.743739e-06 2.399983e-06 8.045132e-06 1.582114e-04 6.178562e-04
8.000000e-01 9.427000e-02  8.570000e-02  1.000000e-01 1.006298e-04 8.000000e-04 6.307290e+06 3.180203e+01 2.288802e+01 6.923341e+01 1.860489e-06 2.539357e-06 8.479587e-06 1.667552e-04 6.512218e-04
8.000000e-01 9.427000e-02  8.570000e-02  1.000000e-01 1.033112e-04 8.000000e-04 6.307290e+06 3.180203e+01 2.288802e+01 6.923341e+01 1.963658e-06 2.687342e-06 8.937505e-06 1.757603e-04 6.863893e-04
8.000000e-01 9.427000e-02  8.570000e-02  1.000000e-01 1.060640e-04 8.000000e-04 6.307290e+06 3.180203e+01 2.288802e+01 6.923341e+01 1.981451e-06 2.783713e-06 9.420151e-06 1.852518e-04 7.234559e-04
8.000000e-01 9.427000e-02  8.570000e-02  1.000000e-01 1.088902e-04 8.000000e-04 6.307290e+06 3.180203e+01 2.288802e+01 6.923341e+01 2.121820e-06 3.020817e-06 9.928860e-06 1.952558e-04 7.625242e-04
8.000000e-01 9.427000e-02  8.570000e-02  1.000000e-01 1.117917e-04 8.000000e-04 6.307290e+06 3.180203e+01 2.288802e+01 6.923341e+01 2.233477e-06 3.158813e-06 1.046504e-05 2.058001e-04 8.037023e-04
8.000000e-01 9.427000e-02  8.570000e-02  1.000000e-01 1.147705e-04 8.000000e-04 6.307290e+06 3.180203e+01 2.288802e+01 6.923341e+01 2.450947e-06 3.305675e-06 1.103018e-05 2.169138e-04 8.471040e-04
8.000000e-01 9.427000e-02  8.570000e-02  1.000000e-01 1.178287e-04 8.000000e-04 6.307290e+06 3.180203e+01 2.288802e+01 6.923341e+01 2.460585e-06 3.523259e-06 1.162583e-05 2.286276e-04 8.928496e-04
8.000000e-01 9.427000e-02  8.570000e-02  1.000000e-01 1.209684e-04 8.000000e-04 6.307290e+06 3.180203e+01 2.288802e+01 6.923341e+01 2.679213e-06 3.650944e-06 1.225366e-05 2.409740e-04 9.410656e-04
8.000000e-01 9.427000e-02  8.570000e-02  1.000000e-01 1.241917e-04 8.000000e-04 6.307290e+06 3.180203e+01 2.288802e+01 6.923341e+01 2.958280e-06 3.918580e-06 1.291538e-05 2.539872e-04 9.918853e-04
8.000000e-01 9.427000e-02  8.570000e-02  1.000000e-01 1.275010e-04 8.000000e-04 6.307290e+06 3.180203e+01 2.288802e+01 6.923341e+01 3.055942e-06 4.099060e-06 1.361284e-05 2.677031e-04 1.045449e-03
8.000000e-01 9.427000e-02  8.570000e-02  1.000000e-01 1.308984e-04 8.000000e-04 6.307290e+06 3.180203e+01 2.288802e+01 6.923341e+01 2.987930e-06 4.289991e-06 1.434797e-05 2.821597e-04 1.101906e-03
8.000000e-01 9.427000e-02  8.570000e-02  1.000000e-01 1.343863e-04 8.000000e-04 6.307290e+06 3.180203e+01 2.288802e+01 6.923341e+01 3.361880e-06 4.493625e-06 1.512279e-05 2.973969e-04 1.161412e-03
8.000000e-01 9.427000e-02  8.570000e-02  1.000000e-01 1.379672e-04 8.000000e-04 6.307290e+06 3.180203e+01 2.288802e+01 6.923341e+01 3.435263e-06 4.789129e-06 1.593946e-05 3.134571e-04 1.224130e-03
8.000000e-01 9.427000e-02  8.570000e-02  1.000000e-01 1.416435e-04 8.000000e-04 6.307290e+06 3.180203e+01 2.288802e+01 6.923341e+01 3.827672e-06 5.045672e-06 1.680022e-05 3.303845e-04 1.290236e-03
8.000000e-01 9.427000e-02  8.570000e-02  1.000000e-01 1.454177e-04 8.000000e-04 6.307290e+06 3.180203e+01 2.288802e+01 6.923341e+01 3.820364e-06 5.348160e-06 1.770747e-05 3.482260e-04 1.359912e-03
8.000000e-01 9.427000e-02  8.570000e-02  1.000000e-01 1.492926e-04 8.000000e-04 6.307290e+06 3.180203e+01 2.288802e+01 6.923341e+01 3.886496e-06 5.575781e-06 1.866372e-05 3.670310e-04 1.433350e-03
8.000000e-01 9.427000e-02  8.570000e-02  1.000000e-01 1.532706e-04 8.000000e-04 6.307290e+06 3.180203e+01 2.288802e+01 6.923341e+01 4.263936e-06 5.887072e-06 1.967160e-05 3.868515e-04 1.510755e-03
8.000000e-01 9.427000e-02  8.570000e-02  1.000000e-01 1.573547e-04 8.000000e-04 6.307290e+06 3.180203e+01 2.288802e+01 6.923341e+01 4.620481e-06 6.202189e-06 2.073391e-05 4.077424e-04 1.592339e-03
8.000000e-01 9.427000e-02  8.570000e-02  1.000000e-01 1.615476e-04 8.000000e-04 6.307290e+06 3.180203e+01 2.288802e+01 6.923341e+01 4.727324e-06 6.624128e-06 2.185359e-05 4.297614e-04 1.678329e-03
8.000000e-01 9.427000e-02  8.570000e-02  1.000000e-01 1.658522e-04 8.000000e-04 6.307290e+06 3.180203e+01 2.288802e+01 6.923341e+01 5.079864e-06 6.912029e-06 2.303374e-05 4.529695e-04 1.768963e-03
8.000000e-01 9.427000e-02  8.570000e-02  1.000000e-01 1.702715e-04 8.000000e-04 6.307290e+06 3.180203e+01 2.288802e+01 6.923341e+01 5.238504e-06 7.311502e-06 2.427761e-05 4.774309e-04 1.864491e-03
8.000000e-01 9.427000e-02  8.570000e-02  1.000000e-01 1.748086e-04 8.000000e-04 6.307290e+06 3.180203e+01 2.288802e+01 6.923341e+01 5.261311e-06 7.789140e-06 2.558866e-05 5.032133e-04 1.965177e-03
8.000000e-01 9.427000e-02  8.570000e-02  1.000000e-01 1.794666e-04 8.000000e-04 6.307290e+06 3.180203e+01 2.288802e+01 6.923341e+01 5.722178e-06 8.165646e-06 2.697051e-05 5.303880e-04 2.071302e-03
8.000000e-01 9.427000e-02  8.570000e-02  1.000000e-01 1.842487e-04 8.000000e-04 6.307290e+06 3.180203e+01 2.288802e+01 6.923341e+01 6.324263e-06 8.481665e-06 2.842698e-05 5.590302e-04 2.183157e-03
8.000000e-01 9.427000e-02  8.570000e-02  1.000000e-01 1.891582e-04 8.000000e-04 6.307290e+06 3.180203e+01 2.288802e+01 6.923341e+01 6.225229e-06 9.158359e-06 2.996210e-05 5.892191e-04 2.301052e-03
8.000000e-01 9.427000e-02  8.570000e-02  1.000000e-01 1.941986e-04 8.000000e-04 6.307290e+06 3.180203e+01 2.288802e+01 6.923341e+01 6.780116e-06 9.378603e-06 3.158012e-05 6.210383e-04 2.425314e-03
8.000000e-01 9.427000e-02  8.570000e-02  1.000000e-01 1.993732e-04 8.000000e-04 6.307290e+06 3.180203e+01 2.288802e+01 6.923341e+01 7.344158e-06 1.004826e-05 3.328552e-05 6.545758e-04 2.556287e-03
8.000000e-01 9.427000e-02  8.570000e-02  1.000000e-01 2.046857e-04 8.000000e-04 6.307290e+06 3.180203e+01 2.288802e+01 6.923341e+01 7.975009e-06 1.047725e-05 3.508302e-05 6.899244e-04 2.694332e-03
8.000000e-01 9.427000e-02  8.570000e-02  1.000000e-01 2.101398e-04 8.000000e-04 6.307290e+06 3.180203e+01 2.288802e+01 6.923341e+01 7.859295e-06 1.112698e-05 3.697758e-05 7.271819e-04 2.839832e-03
8.000000e-01 9.427000e-02  8.570000e-02  1.000000e-01 2.157392e-04 8.000000e-04 6.307290e+06 3.180203e+01 2.288802e+01 6.923341e+01 8.393993e-06 1.166939e-05 3.897446e-05 7.664514e-04 2.993190e-03
8.000000e-01 9.427000e-02  8.570000e-02  1.000000e-01 2.214878e-04 8.000000e-04 6.307290e+06 3.180203e+01 2.288802e+01 6.923341e+01 9.070330e-06 1.240348e-05 4.107917e-05 8.078416e-04 3.154829e-03
8.000000e-01 9.427000e-02  8.570000e-02  1.000000e-01 2.273896e-04 8.000000e-04 6.307290e+06 3.180203e+01 2.288802e+01 6.923341e+01 9.458344e-06 1.295980e-05 4.329754e-05 8.514669e-04 3.325197e-03
8.000000e-01 9.427000e-02  8.570000e-02  1.000000e-01 2.334487e-04 8.000000e-04 6.307290e+06 3.180203e+01 2.288802e+01 6.923341e+01 9.948874e-06 1.378895e-05 4.563570e-05 8.974481e-04 3.504766e-03
8.000000e-01 9.427000e-02  8.570000e-02  1.000000e-01 2.396692e-04 8.000000e-04 6.307290e+06 3.180203e+01 2.288802e+01 6.923341e+01 1.073071e-05 1.451796e-05 4.810014e-05 9.459124e-04 3.694031e-03
8.000000e-01 9.427000e-02  8.570000e-02  1.000000e-01 2.460555e-04 8.000000e-04 6.307290e+06 3.180203e+01 2.288802e+01 6.923341e+01 1.126864e-05 1.545188e-05 5.069766e-05 9.969938e-04 3.893517e-03
8.000000e-01 9.427000e-02  8.570000e-02  1.000000e-01 2.526119e-04 8.000000e-04 6.307290e+06 3.180203e+01 2.288802e+01 6.923341e+01 1.158680e-05 1.604137e-05 5.343545e-05 1.050834e-03 4.103776e-03
8.000000e-01 9.427000e-02  8.570000e-02  1.000000e-01 2.593430e-04 8.000000e-04 6.307290e+06 3.180203e+01 2.288802e+01 6.923341e+01 1.204324e-05 1.684729e-05 5.632108e-05 1.107581e-03 4.325390e-03
8.000000e-01 9.427000e-02  8.570000e-02  1.000000e-01 2.662535e-04 8.000000e-04 6.307290e+06 3.180203e+01 2.288802e+01 6.923341e+01 1.297055e-05 1.779410e-05 5.936255e-05 1.167393e-03 4.558971e-03
8.000000e-01 9.427000e-02  8.570000e-02  1.000000e-01 2.733482e-04 8.000000e-04 6.307290e+06 3.180203e+01 2.288802e+01 6.923341e+01 1.383619e-05 1.878160e-05 6.256827e-05 1.230435e-03 4.805166e-03
8.000000e-01 9.427000e-02  8.570000e-02  1.000000e-01 2.806318e-04 8.000000e-04 6.307290e+06 3.180203e+01 2.288802e+01 6.923341e+01 1.443970e-05 1.975410e-05 6.594710e-05 1.296881e-03 5.064656e-03
8.000000e-01 9.427000e-02  8.570000e-02  1.000000e-01 2.881096e-04 8.000000e-04 6.307290e+06 3.180203e+01 2.288802e+01 6.923341e+01 1.562744e-05 2.077626e-05 6.950839e-05 1.366916e-03 5.338159e-03
8.000000e-01 9.427000e-02  8.570000e-02  1.000000e-01 2.957866e-04 8.000000e-04 6.307290e+06 3.180203e+01 2.288802e+01 6.923341e+01 1.576551e-05 2.220595e-05 7.326201e-05 1.440733e-03 5.626432e-03
8.000000e-01 9.427000e-02  8.570000e-02  1.000000e-01 3.036682e-04 8.000000e-04 6.307290e+06 3.180203e+01 2.288802e+01 6.923341e+01 1.627348e-05 2.332675e-05 7.721833e-05 1.518536e-03 5.930272e-03
8.000000e-01 9.427000e-02  8.570000e-02  1.000000e-01 3.117598e-04 8.000000e-04 6.307290e+06 3.180203e+01 2.288802e+01 6.923341e+01 1.834973e-05 2.417898e-05 8.138829e-05 1.600540e-03 6.250520e-03
8.000000e-01 9.427000e-02  8.570000e-02  1.000000e-01 3.200670e-04 8.000000e-04 6.307290e+06 3.180203e+01 2.288802e+01 6.923341e+01 1.830910e-05 2.590629e-05 8.578345e-05 1.686973e-03 6.588063e-03
8.000000e-01 9.427000e-02  8.570000e-02  1.000000e-01 3.285955e-04 8.000000e-04 6.307290e+06 3.180203e+01 2.288802e+01 6.923341e+01 1.984485e-05 2.733761e-05 9.041596e-05 1.778073e-03 6.943834e-03
8.000000e-01 9.427000e-02  8.570000e-02  1.000000e-01 3.373513e-04 8.000000e-04 6.307290e+06 3.180203e+01 2.288802e+01 6.923341e+01 1.996186e-05 2.898587e-05 9.529863e-05 1.874093e-03 7.318817e-03
8.000000e-01 9.427000e-02  8.570000e-02  1.000000e-01 3.463404e-04 8.000000e-04 6.307290e+06 3.180203e+01 2.288802e+01 6.923341e+01 2.195705e-05 3.045769e-05 1.004450e-04 1.975299e-03 7.714050e-03
8.000000e-01 9.427000e-02  8.570000e-02  1.000000e-01 3.555691e-04 8.000000e-04 6.307290e+06 3.180203e+01 2.288802e+01 6.923341e+01 2.259042e-05 3.173518e-05 1.058692e-04 2.081969e-03 8.130626e-03
8.000000e-01 9.427000e-02  8.570000e-02  1.000000e-01 3.650436e-04 8.000000e-04 6.307290e+06 3.180203e+01 2.288802e+01 6.923341e+01 2.436097e-05 3.386739e-05 1.115864e-04 2.194401e-03 8.569699e-03
8.000000e-01 9.427000e-02  8.570000e-02  1.000000e-01 3.747706e-04 8.000000e-04 6.307290e+06 3.180203e+01 2.288802e+01 6.923341e+01 2.576173e-05 3.513209e-05 1.176123e-04 2.312903e-03 9.032482e-03
8.000000e-01 9.427000e-02  8.570000e-02  1.000000e-01 3.847568e-04 8.000000e-04 6.307290e+06 3.180203e+01 2.288802e+01 6.923341e+01 2.721098e-05 3.703969e-05 1.239637e-04 2.437805e-03 9.520257e-03
8.000000e-01 9.427000e-02  8.570000e-02  1.000000e-01 3.950091e-04 8.000000e-04 6.307290e+06 3.180203e+01 2.288802e+01 6.923341e+01 2.795260e-05 3.930581e-05 1.306580e-04 2.569453e-03 1.003437e-02
8.000000e-01 9.427000e-02  8.570000e-02  1.000000e-01 4.055346e-04 8.000000e-04 6.307290e+06 3.180203e+01 2.288802e+01 6.923341e+01 3.060054e-05 4.194435e-05 1.377138e-04 2.708209e-03 1.057625e-02
8.000000e-01 9.427000e-02  8.570000e-02  1.000000e-01 4.163405e-04 8.000000e-04 6.307290e+06 3.180203e+01 2.288802e+01 6.923341e+01 3.181281e-05 4.383237e-05 1.451507e-04 2.854459e-03 1.114739e-02
8.000000e-01 9.427000e-02  8.570000e-02  1.000000e-01 4.274344e-04 8.000000e-04 6.307290e+06 3.180203e+01 2.288802e+01 6.923341e+01 3.330363e-05 4.622691e-05 1.529892e-04 3.008606e-03 1.174938e-02
8.000000e-01 9.427000e-02  8.570000e-02  1.000000e-01 4.388239e-04 8.000000e-04 6.307290e+06 3.180203e+01 2.288801e+01 6.923341e+01 3.444589e-05 4.825679e-05 1.612510e-04 3.171078e-03 1.238387e-02
