1.250000e+00 1.914000e-01  1.740000e-01  1.000000e-01 2.000000e-06 8.000000e-04 1.067101e+06 3.180203e+01 2.288802e+01 6.923341e+01 1.426677e-09 2.163554e-09 6.043442e-09 1.242294e-07 4.571883e-07
1.250000e+00 1.914000e-01  1.740000e-01  1.000000e-01 2.053292e-06 8.000000e-04 1.067101e+06 3.180203e+01 2.288802e+01 6.923341e+01 1.555528e-09 2.314030e-09 6.369802e-09 1.309381e-07 4.818775e-07
1.250000e+00 1.914000e-01  1.740000e-01  1.000000e-01 2.108005e-06 8.000000e-04 1.067101e+06 3.180203e+01 2.288802e+01 6.923341e+01 1.525182e-09 2.433039e-09 6.713786e-09 1.380090e-07 5.079000e-07
1.250000e+00 1.914000e-01  1.740000e-01  1.000000e-01 2.164175e-06 8.000000e-04 1.067101e+06 3.180203e+01 2.288802e+01 6.923341e+01 1.687471e-09 2.566638e-09 7.076345e-09 1.454618e-07 5.353278e-07
1.250000e+00 1.914000e-01  1.740000e-01  1.000000e-01 2.221842e-06 8.000000e-04 1.067101e+06 3.180203e+01 2.288802e+01 6.923341e+01 1.703880e-09 2.687139e-09 7.458484e-09 1.533171e-07 5.642367e-07
1.250000e+00 1.914000e-01  1.740000e-01  1.000000e-01 2.281045e-06 8.000000e-04 1.067101e+06 3.180203e+01 2.288802e+01 6.923341e+01 1.853896e-09 2.871298e-09 7.861260e-09 1.615966e-07 5.947068e-07
1.250000e+00 1.914000e-01  1.740000e-01  1.000000e-01 2.341826e-06 8.000000e-04 1.067101e+06 3.180203e+01 2.288802e+01 6.923341e+01 2.015137e-09 3.004317e-09 8.285786e-09 1.703232e-07 6.268224e-07
1.250000e+00 1.914000e-01  1.740000e-01  1.000000e-01 2.404227e-06 8.000000e-04 1.067101e+06 3.180203e+01 2.288802e+01 6.923341e+01 2.110420e-09 3.136658e-09 8.733238e-09 1.795210e-07 6.606722e-07
1.250000e+00 1.914000e-01  1.740000e-01  1.000000e-01 2.468290e-06 8.000000e-04 1.067101e+06 3.180203e+01 2.288802e+01 6.923341e+01 2.096851e-09 3.364919e-09 9.204853e-09 1.892156e-07 6.963501e-07
1.250000e+00 1.914000e-01  1.740000e-01  1.000000e-01 2.534061e-06 8.000000e-04 1.067101e+06 3.180203e+01 2.288802e+01 6.923341e+01 2.371255e-09 3.498369e-09 9.701936e-09 1.994336e-07 7.339546e-07
1.250000e+00 1.914000e-01  1.740000e-01  1.000000e-01 2.601584e-06 8.000000e-04 1.067101e+06 3.180203e+01 2.288802e+01 6.923341e+01 2.477454e-09 3.654210e-09 1.022586e-08 2.102035e-07 7.735898e-07
1.250000e+00 1.914000e-01  1.740000e-01  1.000000e-01 2.670906e-06 8.000000e-04 1.067101e+06 3.180203e+01 2.288802e+01 6.923341e+01 2.584596e-09 3.875457e-09 1.077808e-08 2.215550e-07 8.153654e-07
1.250000e+00 1.914000e-01  1.740000e-01  1.000000e-01 2.742075e-06 8.000000e-04 1.067101e+06 3.180203e+01 2.288802e+01 6.923341e+01 2.652457e-09 4.139854e-09 1.136012e-08 2.335195e-07 8.593971e-07
1.250000e+00 1.914000e-01  1.740000e-01  1.000000e-01 2.815141e-06 8.000000e-04 1.067101e+06 3.180203e+01 2.288802e+01 6.923341e+01 2.945627e-09 4.312097e-09 1.197360e-08 2.461301e-07 9.058065e-07
1.250000e+00 1.914000e-01  1.740000e-01  1.000000e-01 2.890154e-06 8.000000e-04 1.067101e+06 3.180203e+01 2.288802e+01 6.923341e+01 2.991794e-09 4.589382e-09 1.262020e-08 2.594216e-07 9.547221e-07
1.250000e+00 1.914000e-01  1.740000e-01  1.000000e-01 2.967165e-06 8.000000e-04 1.067101e+06 3.180203e+01 2.288802e+01 6.923341e+01 3.132291e-09 4.830955e-09 1.330172e-08 2.734310e-07 1.006279e-06
1.250000e+00 1.914000e-01  1.740000e-01  1.000000e-01 3.046229e-06 8.000000e-04 1.067101e+06 3.180203e+01 2.288802e+01 6.923341e+01 3.368150e-09 5.063056e-09 1.402004e-08 2.881969e-07 1.060621e-06
1.250000e+00 1.914000e-01  1.740000e-01  1.000000e-01 3.127399e-06 8.000000e-04 1.067101e+06 3.180203e+01 2.288802e+01 6.923341e+01 3.485322e-09 5.376034e-09 1.477716e-08 3.037602e-07 1.117897e-06
1.250000e+00 1.914000e-01  1.740000e-01  1.000000e-01 3.210732e-06 8.000000e-04 1.067101e+06 3.180203e+01 2.288802e+01 6.923341e+01 3.545011e-09 5.656354e-09 1.557516e-08 3.201640e-07 1.178266e-06
1.250000e+00 1.914000e-01  1.740000e-01  1.000000e-01 3.296286e-06 8.000000e-04 1.067101e+06 3.180203e+01 2.288802e+01 6.923341e+01 3.937564e-09 5.912655e-09 1.641625e-08 3.374536e-07 1.241895e-06
1.250000e+00 1.914000e-01  1.740000e-01  1.000000e-01 3.384119e-06 8.000000e-04 1.067101e+06 3.180203e+01 2.288802e+01 6.923341e+01 4.156499e-09 6.286043e-09 1.730277e-08 3.556768e-07 1.308960e-06
1.250000e+00 1.914000e-01  1.740000e-01  1.000000e-01 3.474293e-06 8.000000e-04 1.067101e+06 3.180203e+01 2.288802e+01 6.923341e+01 4.355521e-09 6.598860e-09 1.823716e-08 3.748842e-07 1.379647e-06
1.250000e+00 1.914000e-01  1.740000e-01  1.000000e-01 3.566869e-06 8.000000e-04 1.067101e+06 3.180203e+01 2.288802e+01 6.923341e+01 4.412150e-09 7.049171e-09 1.922201e-08 3.951288e-07 1.454151e-06
1.250000e+00 1.914000e-01  1.740000e-01  1.000000e-01 3.661913e-06 8.000000e-04 1.067101e+06 3.180203e+01 2.288802e+01 6.923341e+01 4.761343e-09 7.249451e-09 2.026004e-08 4.164667e-07 1.532678e-06
1.250000e+00 1.914000e-01  1.740000e-01  1.000000e-01 3.759488e-06 8.000000e-04 1.067101e+06 3.180203e+01 2.288802e+01 6.923341e+01 5.049082e-09 7.726650e-09 2.135413e-08 4.389569e-07 1.615447e-06
1.250000e+00 1.914000e-01  1.740000e-01  1.000000e-01 3.859664e-06 8.000000e-04 1.067101e+06 3.180203e+01 2.288802e+01 6.923341e+01 5.408614e-09 8.152240e-09 2.250730e-08 4.626615e-07 1.702685e-06
1.250000e+00 1.914000e-01  1.740000e-01  1.000000e-01 3.962510e-06 8.000000e-04 1.067101e+06 3.180203e+01 2.288802e+01 6.923341e+01 5.795880e-09 8.558008e-09 2.372275e-08 4.876463e-07 1.794633e-06
1.250000e+00 1.914000e-01  1.740000e-01  1.000000e-01 4.068095e-06 8.000000e-04 1.067101e+06 3.180203e+01 2.288802e+01 6.923341e+01 6.037491e-09 9.113585e-09 2.500383e-08 5.139804e-07 1.891548e-06
1.250000e+00 1.914000e-01  1.740000e-01  1.000000e-01 4.176494e-06 8.000000e-04 1.067101e+06 3.180203e+01 2.288802e+01 6.923341e+01 6.200293e-09 9.601741e-09 2.635409e-08 5.417365e-07 1.993696e-06
1.250000e+00 1.914000e-01  1.740000e-01  1.000000e-01 4.287782e-06 8.000000e-04 1.067101e+06 3.180203e+01 2.288802e+01 6.923341e+01 6.512141e-09 1.011925e-08 2.777728e-08 5.709915e-07 2.101360e-06
1.250000e+00 1.914000e-01  1.740000e-01  1.000000e-01 4.402035e-06 8.000000e-04 1.067101e+06 3.180203e+01 2.288802e+01 6.923341e+01 6.824223e-09 1.049171e-08 2.927731e-08 6.018264e-07 2.214838e-06
1.250000e+00 1.914000e-01  1.740000e-01  1.000000e-01 4.519332e-06 8.000000e-04 1.067101e+06 3.180203e+01 2.288802e+01 6.923341e+01 7.284219e-09 1.105096e-08 3.085836e-08 6.343264e-07 2.334445e-06
1.250000e+00 1.914000e-01  1.740000e-01  1.000000e-01 4.639755e-06 8.000000e-04 1.067101e+06 3.180203e+01 2.288802e+01 6.923341e+01 8.079349e-09 1.174379e-08 3.252478e-08 6.685815e-07 2.460510e-06
1.250000e+00 1.914000e-01  1.740000e-01  1.000000e-01 4.763386e-06 8.000000e-04 1.067101e+06 3.180203e+01 2.288802e+01 6.923341e+01 8.175988e-09 1.242931e-08 3.428119e-08 7.046864e-07 2.593383e-06
1.250000e+00 1.914000e-01  1.740000e-01  1.000000e-01 4.890312e-06 8.000000e-04 1.067101e+06 3.180203e+01 2.288802e+01 6.923341e+01 8.482919e-09 1.315623e-08 3.613246e-08 7.427411e-07 2.733432e-06
1.250000e+00 1.914000e-01  1.740000e-01  1.000000e-01 5.020620e-06 8.000000e-04 1.067101e+06 3.180203e+01 2.288802e+01 6.923341e+01 8.920014e-09 1.385544e-08 3.808369e-08 7.828509e-07 2.881044e-06
1.250000e+00 1.914000e-01  1.740000e-01  1.000000e-01 5.154400e-06 8.000000e-04 1.067101e+06 3.180203e+01 2.288802e+01 6.923341e+01 9.567174e-09 1.461355e-08 4.014030e-08 8.251266e-07 3.036627e-06
1.250000e+00 1.914000e-01  1.740000e-01  1.000000e-01 5.291745e-06 8.000000e-04 1.067101e+06 3.180203e+01 2.288802e+01 6.923341e+01 9.966191e-09 1.524132e-08 4.230797e-08 8.696854e-07 3.200611e-06
1.250000e+00 1.914000e-01  1.740000e-01  1.000000e-01 5.432750e-06 8.000000e-04 1.067101e+06 3.180203e+01 2.288802e+01 6.923341e+01 1.098574e-08 1.617159e-08 4.459270e-08 9.166504e-07 3.373452e-06
1.250000e+00 1.914000e-01  1.740000e-01  1.000000e-01 5.577512e-06 8.000000e-04 1.067101e+06 3.180203e+01 2.288802e+01 6.923341e+01 1.121840e-08 1.684640e-08 4.700081e-08 9.661516e-07 3.555626e-06
1.250000e+00 1.914000e-01  1.740000e-01  1.000000e-01 5.726131e-06 8.000000e-04 1.067101e+06 3.180203e+01 2.288802e+01 6.923341e+01 1.161446e-08 1.791182e-08 4.953896e-08 1.018326e-06 3.747638e-06
1.250000e+00 1.914000e-01  1.740000e-01  1.000000e-01 5.878710e-06 8.000000e-04 1.067101e+06 3.180203e+01 2.288802e+01 6.923341e+01 1.248074e-08 1.902085e-08 5.221418e-08 1.073318e-06 3.950019e-06
1.250000e+00 1.914000e-01  1.740000e-01  1.000000e-01 6.035355e-06 8.000000e-04 1.067101e+06 3.180203e+01 2.288802e+01 6.923341e+01 1.349961e-08 2.001582e-08 5.503386e-08 1.131280e-06 4.163329e-06
1.250000e+00 1.914000e-01  1.740000e-01  1.000000e-01 6.196174e-06 8.000000e-04 1.067101e+06 3.180203e+01 2.288802e+01 6.923341e+01 1.419215e-08 2.073667e-08 5.800582e-08 1.192371e-06 4.388159e-06
1.250000e+00 1.914000e-01  1.740000e-01  1.000000e-01 6.361278e-06 8.000000e-04 1.067101e+06 3.180203e+01 2.288802e+01 6.923341e+01 1.427927e-08 2.205026e-08 6.113827e-08 1.256762e-06 4.625129e-06
1.250000e+00 1.914000e-01  1.740000e-01  1.000000e-01 6.530782e-06 8.000000e-04 1.067101e+06 3.180203e+01 2.288802e+01 6.923341e+01 1.538417e-08 2.330357e-08 6.443987e-08 1.324630e-06 4.874897e-06
1.250000e+00 1.914000e-01  1.740000e-01  1.000000e-01 6.704802e-06 8.000000e-04 1.067101e+06 3.180203e+01 2.288802e+01 6.923341e+01 1.597843e-08 2.485683e-08 6.791978e-08 1.396163e-06 5.138153e-06
1.250000e+00 1.914000e-01  1.740000e-01  1.000000e-01 6.883459e-06 8.000000e-04 1.067101e+06 3.180203e+01 2.288802e+01 6.923341e+01 1.667780e-08 2.587263e-08 7.158760e-08 1.471559e-06 5.415625e-06
1.250000e+00 1.914000e-01  1.740000e-01  1.000000e-01 7.066877e-06 8.000000e-04 1.067101e+06 3.180203e+01 2.288802e+01 6.923341e+01 1.795251e-08 2.730906e-08 7.545350e-08 1.551027e-06 5.708081e-06
1.250000e+00 1.914000e-01  1.740000e-01  1.000000e-01 7.255182e-06 8.000000e-04 1.067101e+06 3.180203e+01 2.288802e+01 6.923341e+01 1.918773e-08 2.858983e-08 7.952816e-08 1.634786e-06 6.016331e-06
1.250000e+00 1.914000e-01  1.740000e-01  1.000000e-01 7.448504e-06 8.000000e-04 1.067101e+06 3.180203e+01 2.288802e+01 6.923341e+01 2.036671e-08 3.030170e-08 8.382286e-08 1.723068e-06 6.341226e-06
1.250000e+00 1.914000e-01  1.740000e-01  1.000000e-01 7.646978e-06 8.000000e-04 1.067101e+06 3.180203e+01 2.288802e+01 6.923341e+01 2.095927e-08 3.187178e-08 8.834949e-08 1.816118e-06 6.683667e-06
1.250000e+00 1.914000e-01  1.740000e-01  1.000000e-01 7.850741e-06 8.000000e-04 1.067101e+06 3.180203e+01 2.288802e+01 6.923341e+01 2.286844e-08 3.369373e-08 9.312057e-08 1.914192e-06 7.044601e-06
1.250000e+00 1.914000e-01  1.740000e-01  1.000000e-01 8.059933e-06 8.000000e-04 1.067101e+06 3.180203e+01 2.288802e+01 6.923341e+01 2.354129e-08 3.588698e-08 9.814929e-08 2.017563e-06 7.425026e-06
1.250000e+00 1.914000e-01  1.740000e-01  1.000000e-01 8.274699e-06 8.000000e-04 1.067101e+06 3.180203e+01 2.288802e+01 6.923341e+01 2.494498e-08 3.777403e-08 1.034496e-07 2.126516e-06 7.825994e-06
1.250000e+00 1.914000e-01  1.740000e-01  1.000000e-01 8.495188e-06 8.000000e-04 1.067101e+06 3.180203e+01 2.288802e+01 6.923341e+01 2.642679e-08 3.995869e-08 1.090361e-07 2.241353e-06 8.248616e-06
1.250000e+00 1.914000e-01  1.740000e-01  1.000000e-01 8.721552e-06 8.000000e-04 1.067101e+06 3.180203e+01 2.288802e+01 6.923341e+01 2.789367e-08 4.124999e-08 1.149243e-07 2.362391e-06 8.694060e-06
1.250000e+00 1.914000e-01  1.740000e-01  1.000000e-01 8.953948e-06 8.000000e-04 1.067101e+06 3.180203e+01 2.288802e+01 6.923341e+01 2.828896e-08 4.385541e-08 1.211305e-07 2.489966e-06 9.163560e-06
1.250000e+00 1.914000e-01  1.740000e-01  1.000000e-01 9.192536e-06 8.000000e-04 1.067101e+06 3.180203e+01 2.288802e+01 6.923341e+01 3.079956e-08 4.608147e-08 1.276718e-07 2.624430e-06 9.658413e-06
1.250000e+00 1.914000e-01  1.740000e-01  1.000000e-01 9.437481e-06 8.000000e-04 1.067101e+06 3.180203e+01 2.288802e+01 6.923341e+01 3.193588e-08 4.860878e-08 1.345664e-07 2.766155e-06 1.017999e-05
1.250000e+00 1.914000e-01  1.740000e-01  1.000000e-01 9.688954e-06 8.000000e-04 1.067101e+06 3.180203e+01 2.288802e+01 6.923341e+01 3.466345e-08 5.102100e-08 1.418333e-07 2.915534e-06 1.072973e-05
1.250000e+00 1.914000e-01  1.740000e-01  1.000000e-01 9.947127e-06 8.000000e-04 1.067101e+06 3.180203e+01 2.288802e+01 6.923341e+01 3.599977e-08 5.392114e-08 1.494926e-07 3.072980e-06 1.130916e-05
1.250000e+00 1.914000e-01  1.740000e-01  1.000000e-01 1.021218e-05 8.000000e-04 1.067101e+06 3.180203e+01 2.288802e+01 6.923341e+01 3.787769e-08 5.675554e-08 1.575655e-07 3.238928e-06 1.191988e-05
1.250000e+00 1.914000e-01  1.740000e-01  1.000000e-01 1.048430e-05 8.000000e-04 1.067101e+06 3.180203e+01 2.288802e+01 6.923341e+01 4.031854e-08 6.002619e-08 1.660744e-07 3.413837e-06 1.256359e-05
1.250000e+00 1.914000e-01  1.740000e-01  1.000000e-01 1.076366e-05 8.000000e-04 1.067101e+06 3.180203e+01 2.288802e+01 6.923341e+01 4.186672e-08 6.357524e-08 1.750429e-07 3.598192e-06 1.324205e-05
1.250000e+00 1.914000e-01  1.740000e-01  1.000000e-01 1.105047e-05 8.000000e-04 1.067101e+06 3.180203e+01 2.288802e+01 6.923341e+01 4.363405e-08 6.612142e-08 1.844956e-07 3.792503e-06 1.395715e-05
1.250000e+00 1.914000e-01  1.740000e-01  1.000000e-01 1.134492e-05 8.000000e-04 1.067101e+06 3.180203e+01 2.288802e+01 6.923341e+01 4.566851e-08 7.016972e-08 1.944588e-07 3.997307e-06 1.471087e-05
1.250000e+00 1.914000e-01  1.740000e-01  1.000000e-01 1.164722e-05 8.000000e-04 1.067101e+06 3.180203e+01 2.288802e+01 6.923341e+01 5.058254e-08 7.482018e-08 2.049600e-07 4.213171e-06 1.550529e-05
1.250000e+00 1.914000e-01  1.740000e-01  1.000000e-01 1.195758e-05 8.000000e-04 1.067101e+06 3.180203e+01 2.288802e+01 6.923341e+01 5.039150e-08 7.918724e-08 2.160283e-07 4.440692e-06 1.634261e-05
1.250000e+00 1.914000e-01  1.740000e-01  1.000000e-01 1.227620e-05 8.000000e-04 1.067101e+06 3.180203e+01 2.288802e+01 6.923341e+01 5.545792e-08 8.323253e-08 2.276943e-07 4.680499e-06 1.722515e-05
1.250000e+00 1.914000e-01  1.740000e-01  1.000000e-01 1.260331e-05 8.000000e-04 1.067101e+06 3.180203e+01 2.288802e+01 6.923341e+01 5.527784e-08 8.715672e-08 2.399903e-07 4.933257e-06 1.815535e-05
1.250000e+00 1.914000e-01  1.740000e-01  1.000000e-01 1.293914e-05 8.000000e-04 1.067101e+06 3.180203e+01 2.288802e+01 6.923341e+01 5.780968e-08 9.166470e-08 2.529504e-07 5.199664e-06 1.913578e-05
1.250000e+00 1.914000e-01  1.740000e-01  1.000000e-01 1.328392e-05 8.000000e-04 1.067101e+06 3.180203e+01 2.288802e+01 6.923341e+01 6.166660e-08 9.669049e-08 2.666103e-07 5.480458e-06 2.016915e-05
1.250000e+00 1.914000e-01  1.740000e-01  1.000000e-01 1.363789e-05 8.000000e-04 1.067101e+06 3.180203e+01 2.288802e+01 6.923341e+01 7.098117e-08 1.018780e-07 2.810078e-07 5.776416e-06 2.125833e-05
1.250000e+00 1.914000e-01  1.740000e-01  1.000000e-01 1.400128e-05 8.000000e-04 1.067101e+06 3.180203e+01 2.288802e+01 6.923341e+01 6.849646e-08 1.067565e-07 2.961829e-07 6.088355e-06 2.240633e-05
1.250000e+00 1.914000e-01  1.740000e-01  1.000000e-01 1.437436e-05 8.000000e-04 1.067101e+06 3.180203e+01 2.288802e+01 6.923341e+01 7.609871e-08 1.123405e-07 3.121775e-07 6.417141e-06 2.361633e-05
1.250000e+00 1.914000e-01  1.740000e-01  1.000000e-01 1.475738e-05 8.000000e-04 1.067101e+06 3.180203e+01 2.288802e+01 6.923341e+01 7.902501e-08 1.180948e-07 3.290358e-07 6.763681e-06 2.489166e-05
1.250000e+00 1.914000e-01  1.740000e-01  1.000000e-01 1.515061e-05 8.000000e-04 1.067101e+06 3.180203e+01 2.288802e+01 6.923341e+01 8.447484e-08 1.263092e-07 3.468045e-07 7.128935e-06 2.623587e-05
1.250000e+00 1.914000e-01  1.740000e-01  1.000000e-01 1.555432e-05 8.000000e-04 1.067101e+06 3.180203e+01 2.288802e+01 6.923341e+01 8.280490e-08 1.308662e-07 3.655327e-07 7.513914e-06 2.765267e-05
1.250000e+00 1.914000e-01  1.740000e-01  1.000000e-01 1.596878e-05 8.000000e-04 1.067101e+06 3.180203e+01 2.288802e+01 6.923341e+01 9.350135e-08 1.390141e-07 3.852723e-07 7.919683e-06 2.914598e-05
1.250000e+00 1.914000e-01  1.740000e-01  1.000000e-01 1.639429e-05 8.000000e-04 1.067101e+06 3.180203e+01 2.288802e+01 6.923341e+01 9.633807e-08 1.452443e-07 4.060779e-07 8.347364e-06 3.071993e-05
1.250000e+00 1.914000e-01  1.740000e-01  1.000000e-01 1.683113e-05 8.000000e-04 1.067101e+06 3.180203e+01 2.288802e+01 6.923341e+01 1.015004e-07 1.553902e-07 4.280071e-07 8.798141e-06 3.237887e-05
1.250000e+00 1.914000e-01  1.740000e-01  1.000000e-01 1.727962e-05 8.000000e-04 1.067101e+06 3.180203e+01 2.288802e+01 6.923341e+01 1.038657e-07 1.630178e-07 4.511204e-07 9.273261e-06 3.412741e-05
1.250000e+00 1.914000e-01  1.740000e-01  1.000000e-01 1.774005e-05 8.000000e-04 1.067101e+06 3.180203e+01 2.288802e+01 6.923341e+01 1.150458e-07 1.720863e-07 4.754820e-07 9.774039e-06 3.597037e-05
1.250000e+00 1.914000e-01  1.740000e-01  1.000000e-01 1.821276e-05 8.000000e-04 1.067101e+06 3.180203e+01 2.288802e+01 6.923341e+01 1.240003e-07 1.802521e-07 5.011591e-07 1.030186e-05 3.791285e-05
1.250000e+00 1.914000e-01  1.740000e-01  1.000000e-01 1.869805e-05 8.000000e-04 1.067101e+06 3.180203e+01 2.288802e+01 6.923341e+01 1.284122e-07 1.905530e-07 5.282229e-07 1.085818e-05 3.996023e-05
1.250000e+00 1.914000e-01  1.740000e-01  1.000000e-01 1.919629e-05 8.000000e-04 1.067101e+06 3.180203e+01 2.288802e+01 6.923341e+01 1.353799e-07 2.026629e-07 5.567481e-07 1.144455e-05 4.211817e-05
1.250000e+00 1.914000e-01  1.740000e-01  1.000000e-01 1.970779e-05 8.000000e-04 1.067101e+06 3.180203e+01 2.288802e+01 6.923341e+01 1.398117e-07 2.123862e-07 5.868138e-07 1.206258e-05 4.439265e-05
1.250000e+00 1.914000e-01  1.740000e-01  1.000000e-01 2.023293e-05 8.000000e-04 1.067101e+06 3.180203e+01 2.288802e+01 6.923341e+01 1.502440e-07 2.226802e-07 6.185031e-07 1.271399e-05 4.678996e-05
1.250000e+00 1.914000e-01  1.740000e-01  1.000000e-01 2.077206e-05 8.000000e-04 1.067101e+06 3.180203e+01 2.288802e+01 6.923341e+01 1.581603e-07 2.343711e-07 6.519037e-07 1.340058e-05 4.931672e-05
1.250000e+00 1.914000e-01  1.740000e-01  1.000000e-01 2.132555e-05 8.000000e-04 1.067101e+06 3.180203e+01 2.288802e+01 6.923341e+01 1.637816e-07 2.473777e-07 6.871080e-07 1.412424e-05 5.197994e-05
1.250000e+00 1.914000e-01  1.740000e-01  1.000000e-01 2.189380e-05 8.000000e-04 1.067101e+06 3.180203e+01 2.288802e+01 6.923341e+01 1.705742e-07 2.628157e-07 7.242134e-07 1.488698e-05 5.478698e-05
1.250000e+00 1.914000e-01  1.740000e-01  1.000000e-01 2.247718e-05 8.000000e-04 1.067101e+06 3.180203e+01 2.288802e+01 6.923341e+01 1.852360e-07 2.759627e-07 7.633226e-07 1.569091e-05 5.774560e-05
1.250000e+00 1.914000e-01  1.740000e-01  1.000000e-01 2.307611e-05 8.000000e-04 1.067101e+06 3.180203e+01 2.288802e+01 6.923341e+01 1.920768e-07 2.909866e-07 8.045438e-07 1.653826e-05 6.086400e-05
1.250000e+00 1.914000e-01  1.740000e-01  1.000000e-01 2.369100e-05 8.000000e-04 1.067101e+06 3.180203e+01 2.288802e+01 6.923341e+01 1.953596e-07 3.074398e-07 8.479911e-07 1.743136e-05 6.415080e-05
1.250000e+00 1.914000e-01  1.740000e-01  1.000000e-01 2.432228e-05 8.000000e-04 1.067101e+06 3.180203e+01 2.288802e+01 6.923341e+01 2.194665e-07 3.252217e-07 8.937845e-07 1.837269e-05 6.761509e-05
1.250000e+00 1.914000e-01  1.740000e-01  1.000000e-01 2.497037e-05 8.000000e-04 1.067101e+06 3.180203e+01 2.288802e+01 6.923341e+01 2.221675e-07 3.446583e-07 9.420510e-07 1.936486e-05 7.126646e-05
1.250000e+00 1.914000e-01  1.740000e-01  1.000000e-01 2.563574e-05 8.000000e-04 1.067101e+06 3.180203e+01 2.288802e+01 6.923341e+01 2.381708e-07 3.566723e-07 9.929239e-07 2.041061e-05 7.511501e-05
1.250000e+00 1.914000e-01  1.740000e-01  1.000000e-01 2.631883e-05 8.000000e-04 1.067101e+06 3.180203e+01 2.288802e+01 6.923341e+01 2.496234e-07 3.814526e-07 1.046544e-06 2.151283e-05 7.917139e-05
1.250000e+00 1.914000e-01  1.740000e-01  1.000000e-01 2.702013e-05 8.000000e-04 1.067101e+06 3.180203e+01 2.288802e+01 6.923341e+01 2.651353e-07 3.986400e-07 1.103060e-06 2.267457e-05 8.344683e-05
1.250000e+00 1.914000e-01  1.740000e-01  1.000000e-01 2.774011e-05 8.000000e-04 1.067101e+06 3.180203e+01 2.288802e+01 6.923341e+01 2.742534e-07 4.173033e-07 1.162628e-06 2.389905e-05 8.795315e-05
1.250000e+00 1.914000e-01  1.740000e-01  1.000000e-01 2.847928e-05 8.000000e-04 1.067101e+06 3.180203e+01 2.288802e+01 6.923341e+01 2.938058e-07 4.426255e-07 1.225412e-06 2.518965e-05 9.270283e-05
1.250000e+00 1.914000e-01  1.740000e-01  1.000000e-01 2.923814e-05 8.000000e-04 1.067101e+06 3.180203e+01 2.288802e+01 6.923341e+01 3.051239e-07 4.688230e-07 1.291587e-06 2.654995e-05 9.770900e-05
1.250000e+00 1.914000e-01  1.740000e-01  1.000000e-01 3.001722e-05 8.000000e-04 1.067101e+06 3.180203e+01 2.288802e+01 6.923341e+01 3.304898e-07 4.941035e-07 1.361336e-06 2.798371e-05 1.029855e-04
1.250000e+00 1.914000e-01  1.740000e-01  1.000000e-01 3.081707e-05 8.000000e-04 1.067101e+06 3.180203e+01 2.288802e+01 6.923341e+01 3.536807e-07 5.191223e-07 1.434851e-06 2.949490e-05 1.085470e-04
1.250000e+00 1.914000e-01  1.740000e-01  1.000000e-01 3.163822e-05 8.000000e-04 1.067101e+06 3.180203e+01 2.288802e+01 6.923341e+01 3.542983e-07 5.526760e-07 1.512337e-06 3.108769e-05 1.144087e-04
1.250000e+00 1.914000e-01  1.740000e-01  1.000000e-01 3.248126e-05 8.000000e-04 1.067101e+06 3.180203e+01 2.288802e+01 6.923341e+01 3.729523e-07 5.840950e-07 1.594006e-06 3.276650e-05 1.205871e-04
1.250000e+00 1.914000e-01  1.740000e-01  1.000000e-01 3.334676e-05 8.000000e-04 1.067101e+06 3.180203e+01 2.288802e+01 6.923341e+01 3.810932e-07 6.022539e-07 1.680086e-06 3.453596e-05 1.270991e-04
1.250000e+00 1.914000e-01  1.740000e-01  1.000000e-01 3.423532e-05 8.000000e-04 1.067101e+06 3.180203e+01 2.288802e+01 6.923341e+01 4.247251e-07 6.406372e-07 1.770815e-06 3.640099e-05 1.339627e-04
1.250000e+00 1.914000e-01  1.740000e-01  1.000000e-01 3.514756e-05 8.000000e-04 1.067101e+06 3.180203e+01 2.288802e+01 6.923341e+01 4.395004e-07 6.768058e-07 1.866443e-06 3.836672e-05 1.411970e-04
1.250000e+00 1.914000e-01  1.740000e-01  1.000000e-01 3.608411e-05 8.000000e-04 1.067101e+06 3.180203e+01 2.288802e+01 6.923341e+01 4.686820e-07 7.083497e-07 1.967235e-06 4.043861e-05 1.488220e-04
1.250000e+00 1.914000e-01  1.740000e-01  1.000000e-01 3.704561e-05 8.000000e-04 1.067101e+06 3.180203e+01 2.288802e+01 6.923341e+01 5.048398e-07 7.461452e-07 2.073470e-06 4.262239e-05 1.568587e-04
1.250000e+00 1.914000e-01  1.740000e-01  1.000000e-01 3.803273e-05 8.000000e-04 1.067101e+06 3.180203e+01 2.288802e+01 6.923341e+01 5.171826e-07 7.930866e-07 2.185443e-06 4.492410e-05 1.653294e-04
1.250000e+00 1.914000e-01  1.740000e-01  1.000000e-01 3.904616e-05 8.000000e-04 1.067101e+06 3.180203e+01 2.288802e+01 6.923341e+01 5.465149e-07 8.269547e-07 2.303462e-06 4.735011e-05 1.742576e-04
1.250000e+00 1.914000e-01  1.740000e-01  1.000000e-01 4.008659e-05 8.000000e-04 1.067101e+06 3.180203e+01 2.288802e+01 6.923341e+01 5.764408e-07 8.803274e-07 2.427854e-06 4.990712e-05 1.836679e-04
1.250000e+00 1.914000e-01  1.740000e-01  1.000000e-01 4.115474e-05 8.000000e-04 1.067101e+06 3.180203e+01 2.288802e+01 6.923341e+01 6.056517e-07 9.376584e-07 2.558964e-06 5.260222e-05 1.935864e-04
1.250000e+00 1.914000e-01  1.740000e-01  1.000000e-01 4.225136e-05 8.000000e-04 1.067101e+06 3.180203e+01 2.288802e+01 6.923341e+01 6.372281e-07 9.863015e-07 2.697153e-06 5.544286e-05 2.040405e-04
1.250000e+00 1.914000e-01  1.740000e-01  1.000000e-01 4.337719e-05 8.000000e-04 1.067101e+06 3.180203e+01 2.288802e+01 6.923341e+01 6.895448e-07 1.024896e-06 2.842806e-06 5.843691e-05 2.150592e-04
1.250000e+00 1.914000e-01  1.740000e-01  1.000000e-01 4.453303e-05 8.000000e-04 1.067101e+06 3.180203e+01 2.288802e+01 6.923341e+01 6.812003e-07 1.082001e-06 2.996324e-06 6.159263e-05 2.266729e-04
1.250000e+00 1.914000e-01  1.740000e-01  1.000000e-01 4.571966e-05 8.000000e-04 1.067101e+06 3.180203e+01 2.288802e+01 6.923341e+01 7.350478e-07 1.143817e-06 3.158133e-06 6.491878e-05 2.389137e-04
1.250000e+00 1.914000e-01  1.740000e-01  1.000000e-01 4.693791e-05 8.000000e-04 1.067101e+06 3.180203e+01 2.288802e+01 6.923341e+01 8.047271e-07 1.220118e-06 3.328679e-06 6.842454e-05 2.518156e-04
1.250000e+00 1.914000e-01  1.740000e-01  1.000000e-01 4.818863e-05 8.000000e-04 1.067101e+06 3.180203e+01 2.288802e+01 6.923341e+01 8.593395e-07 1.264252e-06 3.508435e-06 7.211963e-05 2.654143e-04
1.250000e+00 1.914000e-01  1.740000e-01  1.000000e-01 4.947267e-05 8.000000e-04 1.067101e+06 3.180203e+01 2.288802e+01 6.923341e+01 8.510089e-07 1.331075e-06 3.697899e-06 7.601425e-05 2.797472e-04
1.250000e+00 1.914000e-01  1.740000e-01  1.000000e-01 5.079093e-05 8.000000e-04 1.067101e+06 3.180203e+01 2.288802e+01 6.923341e+01 9.119037e-07 1.409716e-06 3.897594e-06 8.011920e-05 2.948542e-04
1.250000e+00 1.914000e-01  1.740000e-01  1.000000e-01 5.214431e-05 8.000000e-04 1.067101e+06 3.180203e+01 2.288802e+01 6.923341e+01 9.824500e-07 1.485758e-06 4.108073e-06 8.444582e-05 3.107770e-04
1.250000e+00 1.914000e-01  1.740000e-01  1.000000e-01 5.353375e-05 8.000000e-04 1.067101e+06 3.180203e+01 2.288802e+01 6.923341e+01 9.945695e-07 1.565437e-06 4.329919e-06 8.900609e-05 3.275597e-04
1.250000e+00 1.914000e-01  1.740000e-01  1.000000e-01 5.496022e-05 8.000000e-04 1.067101e+06 3.180203e+01 2.288802e+01 6.923341e+01 1.112133e-06 1.645558e-06 4.563744e-06 9.381262e-05 3.452487e-04
1.250000e+00 1.914000e-01  1.740000e-01  1.000000e-01 5.642470e-05 8.000000e-04 1.067101e+06 3.180203e+01 2.288802e+01 6.923341e+01 1.181532e-06 1.732700e-06 4.810197e-06 9.887872e-05 3.638929e-04
1.250000e+00 1.914000e-01  1.740000e-01  1.000000e-01 5.792820e-05 8.000000e-04 1.067101e+06 3.180203e+01 2.288802e+01 6.923341e+01 1.224029e-06 1.837268e-06 5.069959e-06 1.042184e-04 3.835440e-04
1.250000e+00 1.914000e-01  1.740000e-01  1.000000e-01 5.947176e-05 8.000000e-04 1.067101e+06 3.180203e+01 2.288802e+01 6.923341e+01 1.233703e-06 1.941094e-06 5.343748e-06 1.098464e-04 4.042563e-04
1.250000e+00 1.914000e-01  1.740000e-01  1.000000e-01 6.105646e-05 8.000000e-04 1.067101e+06 3.180203e+01 2.288802e+01 6.923341e+01 1.326656e-06 2.031095e-06 5.632323e-06 1.157784e-04 4.260870e-04
1.250000e+00 1.914000e-01  1.740000e-01  1.000000e-01 6.268338e-05 8.000000e-04 1.067101e+06 3.180203e+01 2.288802e+01 6.923341e+01 1.348697e-06 2.142449e-06 5.936481e-06 1.220307e-04 4.490967e-04
1.250000e+00 1.914000e-01  1.740000e-01  1.000000e-01 6.435365e-05 8.000000e-04 1.067101e+06 3.180203e+01 2.288802e+01 6.923341e+01 1.513272e-06 2.248246e-06 6.257065e-06 1.286206e-04 4.733490e-04
1.250000e+00 1.914000e-01  1.740000e-01  1.000000e-01 6.606842e-05 8.000000e-04 1.067101e+06 3.180203e+01 2.288802e+01 6.923341e+01 1.554789e-06 2.369875e-06 6.594961e-06 1.355664e-04 4.989109e-04
1.250000e+00 1.914000e-01  1.740000e-01  1.000000e-01 6.782889e-05 8.000000e-04 1.067101e+06 3.180203e+01 2.288802e+01 6.923341e+01 1.675633e-06 2.508242e-06 6.951104e-06 1.428874e-04 5.258533e-04
1.250000e+00 1.914000e-01  1.740000e-01  1.000000e-01 6.963627e-05 8.000000e-04 1.067101e+06 3.180203e+01 2.288802e+01 6.923341e+01 1.719288e-06 2.630903e-06 7.326480e-06 1.506036e-04 5.542506e-04
1.250000e+00 1.914000e-01  1.740000e-01  1.000000e-01 7.149181e-05 8.000000e-04 1.067101e+06 3.180203e+01 2.288802e+01 6.923341e+01 1.796095e-06 2.781695e-06 7.722127e-06 1.587365e-04 5.841814e-04
1.250000e+00 1.914000e-01  1.740000e-01  1.000000e-01 7.339679e-05 8.000000e-04 1.067101e+06 3.180203e+01 2.288802e+01 6.923341e+01 1.879687e-06 2.935353e-06 8.139139e-06 1.673087e-04 6.157285e-04
