1.250000e+00 1.266000e-02  1.150909e-02  1.000000e-01 2.000000e-06 8.000000e-04 1.730745e+13 3.180203e+01 2.288802e+01 6.923341e+01 6.476767e-18 9.904361e-18 2.717079e-17 5.553148e-16 2.195622e-15
1.250000e+00 1.266000e-02  1.150909e-02  1.000000e-01 2.053292e-06 8.000000e-04 1.730745e+13 3.180203e+01 2.288802e+01 6.923341e+01 7.479839e-18 1.044280e-17 2.863808e-17 5.853030e-16 2.314190e-15
1.250000e+00 1.266000e-02  1.150909e-02  1.000000e-01 2.108005e-06 8.000000e-04 1.730745e+13 3.180203e+01 2.288802e+01 6.923341e+01 7.340934e-18 1.097960e-17 3.018460e-17 6.169108e-16 2.439162e-15
1.250000e+00 1.266000e-02  1.150909e-02  1.000000e-01 2.164175e-06 8.000000e-04 1.730745e+13 3.180203e+01 2.288802e+01 6.923341e+01 7.508234e-18 1.163314e-17 3.181464e-17 6.502254e-16 2.570882e-15
1.250000e+00 1.266000e-02  1.150909e-02  1.000000e-01 2.221842e-06 8.000000e-04 1.730745e+13 3.180203e+01 2.288802e+01 6.923341e+01 7.709298e-18 1.237110e-17 3.353270e-17 6.853390e-16 2.709716e-15
1.250000e+00 1.266000e-02  1.150909e-02  1.000000e-01 2.281045e-06 8.000000e-04 1.730745e+13 3.180203e+01 2.288802e+01 6.923341e+01 8.278754e-18 1.295267e-17 3.534355e-17 7.223489e-16 2.856047e-15
1.250000e+00 1.266000e-02  1.150909e-02  1.000000e-01 2.341826e-06 8.000000e-04 1.730745e+13 3.180203e+01 2.288802e+01 6.923341e+01 8.645734e-18 1.362335e-17 3.725218e-17 7.613575e-16 3.010280e-15
1.250000e+00 1.266000e-02  1.150909e-02  1.000000e-01 2.404227e-06 8.000000e-04 1.730745e+13 3.180203e+01 2.288802e+01 6.923341e+01 8.876602e-18 1.425781e-17 3.926388e-17 8.024725e-16 3.172842e-15
1.250000e+00 1.266000e-02  1.150909e-02  1.000000e-01 2.468290e-06 8.000000e-04 1.730745e+13 3.180203e+01 2.288802e+01 6.923341e+01 9.206386e-18 1.516088e-17 4.138423e-17 8.458079e-16 3.344183e-15
1.250000e+00 1.266000e-02  1.150909e-02  1.000000e-01 2.534061e-06 8.000000e-04 1.730745e+13 3.180203e+01 2.288802e+01 6.923341e+01 9.977807e-18 1.604205e-17 4.361907e-17 8.914835e-16 3.524777e-15
1.250000e+00 1.266000e-02  1.150909e-02  1.000000e-01 2.601584e-06 8.000000e-04 1.730745e+13 3.180203e+01 2.288802e+01 6.923341e+01 1.130613e-17 1.710039e-17 4.597460e-17 9.396256e-16 3.715123e-15
1.250000e+00 1.266000e-02  1.150909e-02  1.000000e-01 2.670906e-06 8.000000e-04 1.730745e+13 3.180203e+01 2.288802e+01 6.923341e+01 1.162119e-17 1.762414e-17 4.845733e-17 9.903676e-16 3.915748e-15
1.250000e+00 1.266000e-02  1.150909e-02  1.000000e-01 2.742075e-06 8.000000e-04 1.730745e+13 3.180203e+01 2.288802e+01 6.923341e+01 1.194616e-17 1.850724e-17 5.107414e-17 1.043850e-15 4.127207e-15
1.250000e+00 1.266000e-02  1.150909e-02  1.000000e-01 2.815141e-06 8.000000e-04 1.730745e+13 3.180203e+01 2.288802e+01 6.923341e+01 1.301842e-17 1.960880e-17 5.383226e-17 1.100220e-15 4.350086e-15
1.250000e+00 1.266000e-02  1.150909e-02  1.000000e-01 2.890154e-06 8.000000e-04 1.730745e+13 3.180203e+01 2.288802e+01 6.923341e+01 1.325683e-17 2.061181e-17 5.673933e-17 1.159634e-15 4.585001e-15
1.250000e+00 1.266000e-02  1.150909e-02  1.000000e-01 2.967165e-06 8.000000e-04 1.730745e+13 3.180203e+01 2.288802e+01 6.923341e+01 1.366220e-17 2.185548e-17 5.980339e-17 1.222257e-15 4.832602e-15
1.250000e+00 1.266000e-02  1.150909e-02  1.000000e-01 3.046229e-06 8.000000e-04 1.730745e+13 3.180203e+01 2.288802e+01 6.923341e+01 1.505794e-17 2.327923e-17 6.303291e-17 1.288262e-15 5.093573e-15
1.250000e+00 1.266000e-02  1.150909e-02  1.000000e-01 3.127399e-06 8.000000e-04 1.730745e+13 3.180203e+01 2.288802e+01 6.923341e+01 1.536606e-17 2.434551e-17 6.643683e-17 1.357831e-15 5.368638e-15
1.250000e+00 1.266000e-02  1.150909e-02  1.000000e-01 3.210732e-06 8.000000e-04 1.730745e+13 3.180203e+01 2.288802e+01 6.923341e+01 1.640429e-17 2.535793e-17 7.002457e-17 1.431157e-15 5.658557e-15
1.250000e+00 1.266000e-02  1.150909e-02  1.000000e-01 3.296286e-06 8.000000e-04 1.730745e+13 3.180203e+01 2.288802e+01 6.923341e+01 1.746163e-17 2.688257e-17 7.380606e-17 1.508443e-15 5.964132e-15
1.250000e+00 1.266000e-02  1.150909e-02  1.000000e-01 3.384119e-06 8.000000e-04 1.730745e+13 3.180203e+01 2.288802e+01 6.923341e+01 1.841423e-17 2.833749e-17 7.779176e-17 1.589902e-15 6.286209e-15
1.250000e+00 1.266000e-02  1.150909e-02  1.000000e-01 3.474293e-06 8.000000e-04 1.730745e+13 3.180203e+01 2.288802e+01 6.923341e+01 1.997442e-17 2.983437e-17 8.199269e-17 1.675761e-15 6.625679e-15
1.250000e+00 1.266000e-02  1.150909e-02  1.000000e-01 3.566869e-06 8.000000e-04 1.730745e+13 3.180203e+01 2.288802e+01 6.923341e+01 2.068230e-17 3.153400e-17 8.642049e-17 1.766256e-15 6.983481e-15
1.250000e+00 1.266000e-02  1.150909e-02  1.000000e-01 3.661913e-06 8.000000e-04 1.730745e+13 3.180203e+01 2.288802e+01 6.923341e+01 1.958408e-17 3.370360e-17 9.108739e-17 1.861638e-15 7.360605e-15
1.250000e+00 1.266000e-02  1.150909e-02  1.000000e-01 3.759488e-06 8.000000e-04 1.730745e+13 3.180203e+01 2.288802e+01 6.923341e+01 2.140124e-17 3.475392e-17 9.600632e-17 1.962170e-15 7.758094e-15
1.250000e+00 1.266000e-02  1.150909e-02  1.000000e-01 3.859664e-06 8.000000e-04 1.730745e+13 3.180203e+01 2.288802e+01 6.923341e+01 2.337500e-17 3.725799e-17 1.011909e-16 2.068132e-15 8.177049e-15
1.250000e+00 1.266000e-02  1.150909e-02  1.000000e-01 3.962510e-06 8.000000e-04 1.730745e+13 3.180203e+01 2.288802e+01 6.923341e+01 2.597144e-17 3.959563e-17 1.066554e-16 2.179816e-15 8.618629e-15
1.250000e+00 1.266000e-02  1.150909e-02  1.000000e-01 4.068095e-06 8.000000e-04 1.730745e+13 3.180203e+01 2.288802e+01 6.923341e+01 2.519783e-17 4.135350e-17 1.124151e-16 2.297531e-15 9.084055e-15
1.250000e+00 1.266000e-02  1.150909e-02  1.000000e-01 4.176494e-06 8.000000e-04 1.730745e+13 3.180203e+01 2.288802e+01 6.923341e+01 2.700039e-17 4.419890e-17 1.184857e-16 2.421603e-15 9.574615e-15
1.250000e+00 1.266000e-02  1.150909e-02  1.000000e-01 4.287782e-06 8.000000e-04 1.730745e+13 3.180203e+01 2.288802e+01 6.923341e+01 2.826646e-17 4.459869e-17 1.248842e-16 2.552375e-15 1.009167e-14
1.250000e+00 1.266000e-02  1.150909e-02  1.000000e-01 4.402035e-06 8.000000e-04 1.730745e+13 3.180203e+01 2.288802e+01 6.923341e+01 3.093786e-17 4.809136e-17 1.316283e-16 2.690210e-15 1.063664e-14
1.250000e+00 1.266000e-02  1.150909e-02  1.000000e-01 4.519332e-06 8.000000e-04 1.730745e+13 3.180203e+01 2.288802e+01 6.923341e+01 3.366840e-17 5.093481e-17 1.387365e-16 2.835487e-15 1.121104e-14
1.250000e+00 1.266000e-02  1.150909e-02  1.000000e-01 4.639755e-06 8.000000e-04 1.730745e+13 3.180203e+01 2.288802e+01 6.923341e+01 3.365595e-17 5.336818e-17 1.462286e-16 2.988610e-15 1.181646e-14
1.250000e+00 1.266000e-02  1.150909e-02  1.000000e-01 4.763386e-06 8.000000e-04 1.730745e+13 3.180203e+01 2.288802e+01 6.923341e+01 3.691796e-17 5.602696e-17 1.541253e-16 3.150002e-15 1.245458e-14
1.250000e+00 1.266000e-02  1.150909e-02  1.000000e-01 4.890312e-06 8.000000e-04 1.730745e+13 3.180203e+01 2.288802e+01 6.923341e+01 3.988544e-17 5.933294e-17 1.624484e-16 3.320109e-15 1.312716e-14
1.250000e+00 1.266000e-02  1.150909e-02  1.000000e-01 5.020620e-06 8.000000e-04 1.730745e+13 3.180203e+01 2.288802e+01 6.923341e+01 4.017923e-17 6.254018e-17 1.712210e-16 3.499403e-15 1.383605e-14
1.250000e+00 1.266000e-02  1.150909e-02  1.000000e-01 5.154400e-06 8.000000e-04 1.730745e+13 3.180203e+01 2.288802e+01 6.923341e+01 4.305350e-17 6.541647e-17 1.804673e-16 3.688379e-15 1.458323e-14
1.250000e+00 1.266000e-02  1.150909e-02  1.000000e-01 5.291745e-06 8.000000e-04 1.730745e+13 3.180203e+01 2.288802e+01 6.923341e+01 4.681455e-17 6.970969e-17 1.902130e-16 3.887560e-15 1.537076e-14
1.250000e+00 1.266000e-02  1.150909e-02  1.000000e-01 5.432750e-06 8.000000e-04 1.730745e+13 3.180203e+01 2.288802e+01 6.923341e+01 4.710806e-17 7.308970e-17 2.004849e-16 4.097497e-15 1.620082e-14
1.250000e+00 1.266000e-02  1.150909e-02  1.000000e-01 5.577512e-06 8.000000e-04 1.730745e+13 3.180203e+01 2.288802e+01 6.923341e+01 4.819228e-17 7.683005e-17 2.113116e-16 4.318771e-15 1.707570e-14
1.250000e+00 1.266000e-02  1.150909e-02  1.000000e-01 5.726131e-06 8.000000e-04 1.730745e+13 3.180203e+01 2.288802e+01 6.923341e+01 4.831617e-17 8.066938e-17 2.227229e-16 4.551995e-15 1.799783e-14
1.250000e+00 1.266000e-02  1.150909e-02  1.000000e-01 5.878710e-06 8.000000e-04 1.730745e+13 3.180203e+01 2.288802e+01 6.923341e+01 5.620136e-17 8.710320e-17 2.347504e-16 4.797813e-15 1.896975e-14
1.250000e+00 1.266000e-02  1.150909e-02  1.000000e-01 6.035355e-06 8.000000e-04 1.730745e+13 3.180203e+01 2.288802e+01 6.923341e+01 5.805793e-17 9.054787e-17 2.474275e-16 5.056906e-15 1.999416e-14
1.250000e+00 1.266000e-02  1.150909e-02  1.000000e-01 6.196174e-06 8.000000e-04 1.730745e+13 3.180203e+01 2.288802e+01 6.923341e+01 6.571345e-17 9.526050e-17 2.607892e-16 5.329991e-15 2.107389e-14
1.250000e+00 1.266000e-02  1.150909e-02  1.000000e-01 6.361278e-06 8.000000e-04 1.730745e+13 3.180203e+01 2.288802e+01 6.923341e+01 6.138416e-17 1.002506e-16 2.748724e-16 5.617822e-15 2.221193e-14
1.250000e+00 1.266000e-02  1.150909e-02  1.000000e-01 6.530782e-06 8.000000e-04 1.730745e+13 3.180203e+01 2.288802e+01 6.923341e+01 6.906894e-17 1.049971e-16 2.897161e-16 5.921198e-15 2.341143e-14
1.250000e+00 1.266000e-02  1.150909e-02  1.000000e-01 6.704802e-06 8.000000e-04 1.730745e+13 3.180203e+01 2.288802e+01 6.923341e+01 7.203481e-17 1.119940e-16 3.053615e-16 6.240956e-15 2.467570e-14
1.250000e+00 1.266000e-02  1.150909e-02  1.000000e-01 6.883459e-06 8.000000e-04 1.730745e+13 3.180203e+01 2.288802e+01 6.923341e+01 7.483801e-17 1.155768e-16 3.218517e-16 6.577982e-15 2.600824e-14
1.250000e+00 1.266000e-02  1.150909e-02  1.000000e-01 7.066877e-06 8.000000e-04 1.730745e+13 3.180203e+01 2.288802e+01 6.923341e+01 8.148644e-17 1.228794e-16 3.392324e-16 6.933208e-15 2.741275e-14
1.250000e+00 1.266000e-02  1.150909e-02  1.000000e-01 7.255182e-06 8.000000e-04 1.730745e+13 3.180203e+01 2.288802e+01 6.923341e+01 8.555268e-17 1.314673e-16 3.575518e-16 7.307618e-15 2.889310e-14
1.250000e+00 1.266000e-02  1.150909e-02  1.000000e-01 7.448504e-06 8.000000e-04 1.730745e+13 3.180203e+01 2.288802e+01 6.923341e+01 8.646378e-17 1.364506e-16 3.768604e-16 7.702246e-15 3.045339e-14
1.250000e+00 1.266000e-02  1.150909e-02  1.000000e-01 7.646978e-06 8.000000e-04 1.730745e+13 3.180203e+01 2.288802e+01 6.923341e+01 8.954444e-17 1.470868e-16 3.972117e-16 8.118185e-15 3.209795e-14
1.250000e+00 1.266000e-02  1.150909e-02  1.000000e-01 7.850741e-06 8.000000e-04 1.730745e+13 3.180203e+01 2.288802e+01 6.923341e+01 1.104623e-16 1.526289e-16 4.186621e-16 8.556586e-15 3.383131e-14
1.250000e+00 1.266000e-02  1.150909e-02  1.000000e-01 8.059933e-06 8.000000e-04 1.730745e+13 3.180203e+01 2.288802e+01 6.923341e+01 1.000178e-16 1.637955e-16 4.412708e-16 9.018661e-15 3.565828e-14
1.250000e+00 1.266000e-02  1.150909e-02  1.000000e-01 8.274699e-06 8.000000e-04 1.730745e+13 3.180203e+01 2.288802e+01 6.923341e+01 1.113123e-16 1.702711e-16 4.651004e-16 9.505690e-15 3.758391e-14
1.250000e+00 1.266000e-02  1.150909e-02  1.000000e-01 8.495188e-06 8.000000e-04 1.730745e+13 3.180203e+01 2.288802e+01 6.923341e+01 1.146446e-16 1.782748e-16 4.902169e-16 1.001902e-14 3.961353e-14
1.250000e+00 1.266000e-02  1.150909e-02  1.000000e-01 8.721552e-06 8.000000e-04 1.730745e+13 3.180203e+01 2.288802e+01 6.923341e+01 1.162398e-16 1.877649e-16 5.166898e-16 1.056007e-14 4.175275e-14
1.250000e+00 1.266000e-02  1.150909e-02  1.000000e-01 8.953948e-06 8.000000e-04 1.730745e+13 3.180203e+01 2.288802e+01 6.923341e+01 1.280104e-16 1.983000e-16 5.445922e-16 1.113034e-14 4.400749e-14
1.250000e+00 1.266000e-02  1.150909e-02  1.000000e-01 9.192536e-06 8.000000e-04 1.730745e+13 3.180203e+01 2.288802e+01 6.923341e+01 1.369497e-16 2.090893e-16 5.740014e-16 1.173140e-14 4.638400e-14
1.250000e+00 1.266000e-02  1.150909e-02  1.000000e-01 9.437481e-06 8.000000e-04 1.730745e+13 3.180203e+01 2.288802e+01 6.923341e+01 1.557992e-16 2.242694e-16 6.049988e-16 1.236492e-14 4.888884e-14
1.250000e+00 1.266000e-02  1.150909e-02  1.000000e-01 9.688954e-06 8.000000e-04 1.730745e+13 3.180203e+01 2.288802e+01 6.923341e+01 1.455922e-16 2.325549e-16 6.376702e-16 1.303266e-14 5.152895e-14
1.250000e+00 1.266000e-02  1.150909e-02  1.000000e-01 9.947127e-06 8.000000e-04 1.730745e+13 3.180203e+01 2.288802e+01 6.923341e+01 1.511411e-16 2.457113e-16 6.721058e-16 1.373645e-14 5.431164e-14
1.250000e+00 1.266000e-02  1.150909e-02  1.000000e-01 1.021218e-05 8.000000e-04 1.730745e+13 3.180203e+01 2.288802e+01 6.923341e+01 1.644576e-16 2.594107e-16 7.084011e-16 1.447825e-14 5.724459e-14
1.250000e+00 1.266000e-02  1.150909e-02  1.000000e-01 1.048430e-05 8.000000e-04 1.730745e+13 3.180203e+01 2.288802e+01 6.923341e+01 1.666623e-16 2.704119e-16 7.466564e-16 1.526011e-14 6.033593e-14
1.250000e+00 1.266000e-02  1.150909e-02  1.000000e-01 1.076366e-05 8.000000e-04 1.730745e+13 3.180203e+01 2.288802e+01 6.923341e+01 1.907120e-16 2.915058e-16 7.869776e-16 1.608419e-14 6.359421e-14
1.250000e+00 1.266000e-02  1.150909e-02  1.000000e-01 1.105047e-05 8.000000e-04 1.730745e+13 3.180203e+01 2.288802e+01 6.923341e+01 1.849395e-16 3.054921e-16 8.294762e-16 1.695278e-14 6.702844e-14
1.250000e+00 1.266000e-02  1.150909e-02  1.000000e-01 1.134492e-05 8.000000e-04 1.730745e+13 3.180203e+01 2.288802e+01 6.923341e+01 2.270722e-16 3.182591e-16 8.742698e-16 1.786827e-14 7.064814e-14
1.250000e+00 1.266000e-02  1.150909e-02  1.000000e-01 1.164722e-05 8.000000e-04 1.730745e+13 3.180203e+01 2.288802e+01 6.923341e+01 2.077440e-16 3.328010e-16 9.214824e-16 1.883319e-14 7.446330e-14
1.250000e+00 1.266000e-02  1.150909e-02  1.000000e-01 1.195758e-05 8.000000e-04 1.730745e+13 3.180203e+01 2.288802e+01 6.923341e+01 2.532302e-16 3.543727e-16 9.712446e-16 1.985023e-14 7.848449e-14
1.250000e+00 1.266000e-02  1.150909e-02  1.000000e-01 1.227620e-05 8.000000e-04 1.730745e+13 3.180203e+01 2.288802e+01 6.923341e+01 2.395733e-16 3.694157e-16 1.023694e-15 2.092219e-14 8.272283e-14
1.250000e+00 1.266000e-02  1.150909e-02  1.000000e-01 1.260331e-05 8.000000e-04 1.730745e+13 3.180203e+01 2.288802e+01 6.923341e+01 2.445006e-16 3.919930e-16 1.078976e-15 2.205203e-14 8.719006e-14
1.250000e+00 1.266000e-02  1.150909e-02  1.000000e-01 1.293914e-05 8.000000e-04 1.730745e+13 3.180203e+01 2.288802e+01 6.923341e+01 2.714334e-16 4.100728e-16 1.137243e-15 2.324289e-14 9.189852e-14
1.250000e+00 1.266000e-02  1.150909e-02  1.000000e-01 1.328392e-05 8.000000e-04 1.730745e+13 3.180203e+01 2.288802e+01 6.923341e+01 2.868816e-16 4.404152e-16 1.198657e-15 2.449806e-14 9.686125e-14
1.250000e+00 1.266000e-02  1.150909e-02  1.000000e-01 1.363789e-05 8.000000e-04 1.730745e+13 3.180203e+01 2.288802e+01 6.923341e+01 3.027594e-16 4.590270e-16 1.263387e-15 2.582102e-14 1.020920e-13
1.250000e+00 1.266000e-02  1.150909e-02  1.000000e-01 1.400128e-05 8.000000e-04 1.730745e+13 3.180203e+01 2.288802e+01 6.923341e+01 3.137070e-16 4.905390e-16 1.331613e-15 2.721541e-14 1.076052e-13
1.250000e+00 1.266000e-02  1.150909e-02  1.000000e-01 1.437436e-05 8.000000e-04 1.730745e+13 3.180203e+01 2.288802e+01 6.923341e+01 3.423891e-16 5.084264e-16 1.403523e-15 2.868511e-14 1.134161e-13
1.250000e+00 1.266000e-02  1.150909e-02  1.000000e-01 1.475738e-05 8.000000e-04 1.730745e+13 3.180203e+01 2.288802e+01 6.923341e+01 3.334739e-16 5.287619e-16 1.479317e-15 3.023417e-14 1.195408e-13
1.250000e+00 1.266000e-02  1.150909e-02  1.000000e-01 1.515061e-05 8.000000e-04 1.730745e+13 3.180203e+01 2.288802e+01 6.923341e+01 3.650659e-16 5.708992e-16 1.559203e-15 3.186688e-14 1.259963e-13
1.250000e+00 1.266000e-02  1.150909e-02  1.000000e-01 1.555432e-05 8.000000e-04 1.730745e+13 3.180203e+01 2.288802e+01 6.923341e+01 4.214936e-16 5.938269e-16 1.643404e-15 3.358777e-14 1.328004e-13
1.250000e+00 1.266000e-02  1.150909e-02  1.000000e-01 1.596878e-05 8.000000e-04 1.730745e+13 3.180203e+01 2.288802e+01 6.923341e+01 4.302517e-16 6.348485e-16 1.732151e-15 3.540159e-14 1.399720e-13
1.250000e+00 1.266000e-02  1.150909e-02  1.000000e-01 1.639429e-05 8.000000e-04 1.730745e+13 3.180203e+01 2.288802e+01 6.923341e+01 4.736896e-16 6.684393e-16 1.825691e-15 3.731335e-14 1.475308e-13
1.250000e+00 1.266000e-02  1.150909e-02  1.000000e-01 1.683113e-05 8.000000e-04 1.730745e+13 3.180203e+01 2.288802e+01 6.923341e+01 4.517739e-16 7.098002e-16 1.924283e-15 3.932836e-14 1.554978e-13
1.250000e+00 1.266000e-02  1.150909e-02  1.000000e-01 1.727962e-05 8.000000e-04 1.730745e+13 3.180203e+01 2.288802e+01 6.923341e+01 4.495284e-16 7.396346e-16 2.028199e-15 4.145218e-14 1.638950e-13
1.250000e+00 1.266000e-02  1.150909e-02  1.000000e-01 1.774005e-05 8.000000e-04 1.730745e+13 3.180203e+01 2.288802e+01 6.923341e+01 4.860975e-16 7.816166e-16 2.137726e-15 4.369070e-14 1.727457e-13
1.250000e+00 1.266000e-02  1.150909e-02  1.000000e-01 1.821276e-05 8.000000e-04 1.730745e+13 3.180203e+01 2.288802e+01 6.923341e+01 5.442255e-16 8.194755e-16 2.253168e-15 4.605009e-14 1.820744e-13
1.250000e+00 1.266000e-02  1.150909e-02  1.000000e-01 1.869805e-05 8.000000e-04 1.730745e+13 3.180203e+01 2.288802e+01 6.923341e+01 5.724512e-16 8.661694e-16 2.374845e-15 4.853691e-14 1.919068e-13
1.250000e+00 1.266000e-02  1.150909e-02  1.000000e-01 1.919629e-05 8.000000e-04 1.730745e+13 3.180203e+01 2.288802e+01 6.923341e+01 5.755039e-16 9.134917e-16 2.503092e-15 5.115801e-14 2.022702e-13
1.250000e+00 1.266000e-02  1.150909e-02  1.000000e-01 1.970779e-05 8.000000e-04 1.730745e+13 3.180203e+01 2.288802e+01 6.923341e+01 6.151095e-16 9.744930e-16 2.638264e-15 5.392066e-14 2.131933e-13
1.250000e+00 1.266000e-02  1.150909e-02  1.000000e-01 2.023293e-05 8.000000e-04 1.730745e+13 3.180203e+01 2.288802e+01 6.923341e+01 6.555054e-16 1.009542e-15 2.780737e-15 5.683250e-14 2.247062e-13
1.250000e+00 1.266000e-02  1.150909e-02  1.000000e-01 2.077206e-05 8.000000e-04 1.730745e+13 3.180203e+01 2.288802e+01 6.923341e+01 7.047602e-16 1.070224e-15 2.930903e-15 5.990159e-14 2.368409e-13
1.250000e+00 1.266000e-02  1.150909e-02  1.000000e-01 2.132555e-05 8.000000e-04 1.730745e+13 3.180203e+01 2.288802e+01 6.923341e+01 7.108229e-16 1.113699e-15 3.089179e-15 6.313641e-14 2.496308e-13
1.250000e+00 1.266000e-02  1.150909e-02  1.000000e-01 2.189380e-05 8.000000e-04 1.730745e+13 3.180203e+01 2.288802e+01 6.923341e+01 7.522222e-16 1.165358e-15 3.256001e-15 6.654593e-14 2.631115e-13
1.250000e+00 1.266000e-02  1.150909e-02  1.000000e-01 2.247718e-05 8.000000e-04 1.730745e+13 3.180203e+01 2.288802e+01 6.923341e+01 7.902316e-16 1.248802e-15 3.431833e-15 7.013956e-14 2.773201e-13
1.250000e+00 1.266000e-02  1.150909e-02  1.000000e-01 2.307611e-05 8.000000e-04 1.730745e+13 3.180203e+01 2.288802e+01 6.923341e+01 8.500777e-16 1.334632e-15 3.617160e-15 7.392726e-14 2.922960e-13
1.250000e+00 1.266000e-02  1.150909e-02  1.000000e-01 2.369100e-05 8.000000e-04 1.730745e+13 3.180203e+01 2.288802e+01 6.923341e+01 8.884159e-16 1.397346e-15 3.812495e-15 7.791950e-14 3.080807e-13
1.250000e+00 1.266000e-02  1.150909e-02  1.000000e-01 2.432228e-05 8.000000e-04 1.730745e+13 3.180203e+01 2.288802e+01 6.923341e+01 1.049971e-15 1.436112e-15 4.018378e-15 8.212733e-14 3.247178e-13
1.250000e+00 1.266000e-02  1.150909e-02  1.000000e-01 2.497037e-05 8.000000e-04 1.730745e+13 3.180203e+01 2.288802e+01 6.923341e+01 1.021523e-15 1.557013e-15 4.235380e-15 8.656240e-14 3.422533e-13
1.250000e+00 1.266000e-02  1.150909e-02  1.000000e-01 2.563574e-05 8.000000e-04 1.730745e+13 3.180203e+01 2.288802e+01 6.923341e+01 1.036924e-15 1.635900e-15 4.464100e-15 9.123697e-14 3.607357e-13
1.250000e+00 1.266000e-02  1.150909e-02  1.000000e-01 2.631883e-05 8.000000e-04 1.730745e+13 3.180203e+01 2.288802e+01 6.923341e+01 1.127379e-15 1.704475e-15 4.705172e-15 9.616398e-14 3.802163e-13
1.250000e+00 1.266000e-02  1.150909e-02  1.000000e-01 2.702013e-05 8.000000e-04 1.730745e+13 3.180203e+01 2.288802e+01 6.923341e+01 1.189332e-15 1.797377e-15 4.959262e-15 1.013571e-13 4.007489e-13
1.250000e+00 1.266000e-02  1.150909e-02  1.000000e-01 2.774011e-05 8.000000e-04 1.730745e+13 3.180203e+01 2.288802e+01 6.923341e+01 1.232616e-15 1.909689e-15 5.227074e-15 1.068306e-13 4.223902e-13
1.250000e+00 1.266000e-02  1.150909e-02  1.000000e-01 2.847928e-05 8.000000e-04 1.730745e+13 3.180203e+01 2.288802e+01 6.923341e+01 1.261711e-15 1.982611e-15 5.509348e-15 1.125997e-13 4.452003e-13
1.250000e+00 1.266000e-02  1.150909e-02  1.000000e-01 2.923814e-05 8.000000e-04 1.730745e+13 3.180203e+01 2.288802e+01 6.923341e+01 1.383799e-15 2.116787e-15 5.806865e-15 1.186803e-13 4.692421e-13
1.250000e+00 1.266000e-02  1.150909e-02  1.000000e-01 3.001722e-05 8.000000e-04 1.730745e+13 3.180203e+01 2.288802e+01 6.923341e+01 1.411447e-15 2.255791e-15 6.120450e-15 1.250893e-13 4.945823e-13
1.250000e+00 1.266000e-02  1.150909e-02  1.000000e-01 3.081707e-05 8.000000e-04 1.730745e+13 3.180203e+01 2.288802e+01 6.923341e+01 1.486348e-15 2.372332e-15 6.450968e-15 1.318444e-13 5.212909e-13
1.250000e+00 1.266000e-02  1.150909e-02  1.000000e-01 3.163822e-05 8.000000e-04 1.730745e+13 3.180203e+01 2.288802e+01 6.923341e+01 1.543898e-15 2.502857e-15 6.799335e-15 1.389643e-13 5.494418e-13
1.250000e+00 1.266000e-02  1.150909e-02  1.000000e-01 3.248126e-05 8.000000e-04 1.730745e+13 3.180203e+01 2.288802e+01 6.923341e+01 1.651807e-15 2.628452e-15 7.166515e-15 1.464687e-13 5.791129e-13
1.250000e+00 1.266000e-02  1.150909e-02  1.000000e-01 3.334676e-05 8.000000e-04 1.730745e+13 3.180203e+01 2.288802e+01 6.923341e+01 1.822700e-15 2.786552e-15 7.553523e-15 1.543784e-13 6.103863e-13
1.250000e+00 1.266000e-02  1.150909e-02  1.000000e-01 3.423532e-05 8.000000e-04 1.730745e+13 3.180203e+01 2.288802e+01 6.923341e+01 1.860654e-15 2.891944e-15 7.961431e-15 1.627152e-13 6.433486e-13
1.250000e+00 1.266000e-02  1.150909e-02  1.000000e-01 3.514756e-05 8.000000e-04 1.730745e+13 3.180203e+01 2.288802e+01 6.923341e+01 2.007036e-15 3.039765e-15 8.391367e-15 1.715022e-13 6.780909e-13
1.250000e+00 1.266000e-02  1.150909e-02  1.000000e-01 3.608411e-05 8.000000e-04 1.730745e+13 3.180203e+01 2.288802e+01 6.923341e+01 2.096835e-15 3.244928e-15 8.844520e-15 1.807637e-13 7.147094e-13
1.250000e+00 1.266000e-02  1.150909e-02  1.000000e-01 3.704561e-05 8.000000e-04 1.730745e+13 3.180203e+01 2.288802e+01 6.923341e+01 2.107703e-15 3.393152e-15 9.322145e-15 1.905253e-13 7.533053e-13
1.250000e+00 1.266000e-02  1.150909e-02  1.000000e-01 3.803273e-05 8.000000e-04 1.730745e+13 3.180203e+01 2.288802e+01 6.923341e+01 2.474948e-15 3.597748e-15 9.825562e-15 2.008141e-13 7.939856e-13
1.250000e+00 1.266000e-02  1.150909e-02  1.000000e-01 3.904616e-05 8.000000e-04 1.730745e+13 3.180203e+01 2.288802e+01 6.923341e+01 2.398887e-15 3.775572e-15 1.035616e-14 2.116586e-13 8.368626e-13
1.250000e+00 1.266000e-02  1.150909e-02  1.000000e-01 4.008659e-05 8.000000e-04 1.730745e+13 3.180203e+01 2.288802e+01 6.923341e+01 2.424808e-15 3.970464e-15 1.091542e-14 2.230886e-13 8.820551e-13
1.250000e+00 1.266000e-02  1.150909e-02  1.000000e-01 4.115474e-05 8.000000e-04 1.730745e+13 3.180203e+01 2.288802e+01 6.923341e+01 2.714602e-15 4.232148e-15 1.150488e-14 2.351359e-13 9.296882e-13
1.250000e+00 1.266000e-02  1.150909e-02  1.000000e-01 4.225136e-05 8.000000e-04 1.730745e+13 3.180203e+01 2.288802e+01 6.923341e+01 2.758157e-15 4.388985e-15 1.212617e-14 2.478338e-13 9.798935e-13
1.250000e+00 1.266000e-02  1.150909e-02  1.000000e-01 4.337719e-05 8.000000e-04 1.730745e+13 3.180203e+01 2.288802e+01 6.923341e+01 2.958733e-15 4.660297e-15 1.278101e-14 2.612174e-13 1.032810e-12
1.250000e+00 1.266000e-02  1.150909e-02  1.000000e-01 4.453303e-05 8.000000e-04 1.730745e+13 3.180203e+01 2.288802e+01 6.923341e+01 3.288619e-15 4.877836e-15 1.347122e-14 2.753237e-13 1.088584e-12
1.250000e+00 1.266000e-02  1.150909e-02  1.000000e-01 4.571966e-05 8.000000e-04 1.730745e+13 3.180203e+01 2.288802e+01 6.923341e+01 3.382267e-15 5.169409e-15 1.419869e-14 2.901919e-13 1.147370e-12
1.250000e+00 1.266000e-02  1.150909e-02  1.000000e-01 4.693791e-05 8.000000e-04 1.730745e+13 3.180203e+01 2.288802e+01 6.923341e+01 3.545159e-15 5.500495e-15 1.496545e-14 3.058629e-13 1.209331e-12
1.250000e+00 1.266000e-02  1.150909e-02  1.000000e-01 4.818863e-05 8.000000e-04 1.730745e+13 3.180203e+01 2.288802e+01 6.923341e+01 3.922615e-15 5.760819e-15 1.577362e-14 3.223802e-13 1.274637e-12
1.250000e+00 1.266000e-02  1.150909e-02  1.000000e-01 4.947267e-05 8.000000e-04 1.730745e+13 3.180203e+01 2.288802e+01 6.923341e+01 3.919832e-15 6.069944e-15 1.662544e-14 3.397895e-13 1.343471e-12
1.250000e+00 1.266000e-02  1.150909e-02  1.000000e-01 5.079093e-05 8.000000e-04 1.730745e+13 3.180203e+01 2.288802e+01 6.923341e+01 4.144415e-15 6.403658e-15 1.752325e-14 3.581389e-13 1.416021e-12
1.250000e+00 1.266000e-02  1.150909e-02  1.000000e-01 5.214431e-05 8.000000e-04 1.730745e+13 3.180203e+01 2.288802e+01 6.923341e+01 4.162208e-15 6.802077e-15 1.846954e-14 3.774792e-13 1.492490e-12
1.250000e+00 1.266000e-02  1.150909e-02  1.000000e-01 5.353375e-05 8.000000e-04 1.730745e+13 3.180203e+01 2.288802e+01 6.923341e+01 4.523786e-15 7.197115e-15 1.946694e-14 3.978640e-13 1.573088e-12
1.250000e+00 1.266000e-02  1.150909e-02  1.000000e-01 5.496022e-05 8.000000e-04 1.730745e+13 3.180203e+01 2.288802e+01 6.923341e+01 4.842396e-15 7.578636e-15 2.051820e-14 4.193495e-13 1.658038e-12
