1.250000e+00 1.805000e-02  1.640909e-02  1.000000e-01 2.000000e-06 8.000000e-04 3.638154e+11 3.180203e+01 2.288802e+01 6.923341e+01 4.200529e-16 6.798714e-16 1.882607e-15 3.839579e-14 1.488910e-13
1.250000e+00 1.805000e-02  1.640909e-02  1.000000e-01 2.053292e-06 8.000000e-04 3.638154e+11 3.180203e+01 2.288802e+01 6.923341e+01 4.524645e-16 7.138463e-16 1.984272e-15 4.046925e-14 1.569315e-13
1.250000e+00 1.805000e-02  1.640909e-02  1.000000e-01 2.108005e-06 8.000000e-04 3.638154e+11 3.180203e+01 2.288802e+01 6.923341e+01 4.640651e-16 7.596021e-16 2.091428e-15 4.265468e-14 1.654062e-13
1.250000e+00 1.805000e-02  1.640909e-02  1.000000e-01 2.164175e-06 8.000000e-04 3.638154e+11 3.180203e+01 2.288802e+01 6.923341e+01 5.136563e-16 8.091762e-16 2.204370e-15 4.495814e-14 1.743385e-13
1.250000e+00 1.805000e-02  1.640909e-02  1.000000e-01 2.221842e-06 8.000000e-04 3.638154e+11 3.180203e+01 2.288802e+01 6.923341e+01 5.268548e-16 8.355836e-16 2.323411e-15 4.738598e-14 1.837532e-13
1.250000e+00 1.805000e-02  1.640909e-02  1.000000e-01 2.281045e-06 8.000000e-04 3.638154e+11 3.180203e+01 2.288802e+01 6.923341e+01 6.020981e-16 8.795404e-16 2.448880e-15 4.994493e-14 1.936763e-13
1.250000e+00 1.805000e-02  1.640909e-02  1.000000e-01 2.341826e-06 8.000000e-04 3.638154e+11 3.180203e+01 2.288802e+01 6.923341e+01 6.165176e-16 9.261110e-16 2.581125e-15 5.264207e-14 2.041352e-13
1.250000e+00 1.805000e-02  1.640909e-02  1.000000e-01 2.404227e-06 8.000000e-04 3.638154e+11 3.180203e+01 2.288802e+01 6.923341e+01 6.196618e-16 9.908163e-16 2.720512e-15 5.548487e-14 2.151590e-13
1.250000e+00 1.805000e-02  1.640909e-02  1.000000e-01 2.468290e-06 8.000000e-04 3.638154e+11 3.180203e+01 2.288802e+01 6.923341e+01 6.868773e-16 1.043274e-15 2.867426e-15 5.848118e-14 2.267781e-13
1.250000e+00 1.805000e-02  1.640909e-02  1.000000e-01 2.534061e-06 8.000000e-04 3.638154e+11 3.180203e+01 2.288802e+01 6.923341e+01 7.082599e-16 1.096816e-15 3.022274e-15 6.163930e-14 2.390246e-13
1.250000e+00 1.805000e-02  1.640909e-02  1.000000e-01 2.601584e-06 8.000000e-04 3.638154e+11 3.180203e+01 2.288802e+01 6.923341e+01 7.533186e-16 1.157069e-15 3.185484e-15 6.496796e-14 2.519325e-13
1.250000e+00 1.805000e-02  1.640909e-02  1.000000e-01 2.670906e-06 8.000000e-04 3.638154e+11 3.180203e+01 2.288802e+01 6.923341e+01 8.174462e-16 1.205843e-15 3.357507e-15 6.847638e-14 2.655374e-13
1.250000e+00 1.805000e-02  1.640909e-02  1.000000e-01 2.742075e-06 8.000000e-04 3.638154e+11 3.180203e+01 2.288802e+01 6.923341e+01 7.837896e-16 1.290264e-15 3.538820e-15 7.217426e-14 2.798771e-13
1.250000e+00 1.805000e-02  1.640909e-02  1.000000e-01 2.815141e-06 8.000000e-04 3.638154e+11 3.180203e+01 2.288802e+01 6.923341e+01 8.368021e-16 1.354563e-15 3.729925e-15 7.607184e-14 2.949911e-13
1.250000e+00 1.805000e-02  1.640909e-02  1.000000e-01 2.890154e-06 8.000000e-04 3.638154e+11 3.180203e+01 2.288802e+01 6.923341e+01 9.250987e-16 1.411721e-15 3.931349e-15 8.017990e-14 3.109213e-13
1.250000e+00 1.805000e-02  1.640909e-02  1.000000e-01 2.967165e-06 8.000000e-04 3.638154e+11 3.180203e+01 2.288802e+01 6.923341e+01 9.384930e-16 1.486961e-15 4.143651e-15 8.450980e-14 3.277117e-13
1.250000e+00 1.805000e-02  1.640909e-02  1.000000e-01 3.046229e-06 8.000000e-04 3.638154e+11 3.180203e+01 2.288802e+01 6.923341e+01 1.030383e-15 1.578291e-15 4.367418e-15 8.907352e-14 3.454089e-13
1.250000e+00 1.805000e-02  1.640909e-02  1.000000e-01 3.127399e-06 8.000000e-04 3.638154e+11 3.180203e+01 2.288802e+01 6.923341e+01 1.129236e-15 1.662705e-15 4.603268e-15 9.388370e-14 3.640618e-13
1.250000e+00 1.805000e-02  1.640909e-02  1.000000e-01 3.210732e-06 8.000000e-04 3.638154e+11 3.180203e+01 2.288802e+01 6.923341e+01 1.111597e-15 1.750625e-15 4.851856e-15 9.895363e-14 3.837220e-13
1.250000e+00 1.805000e-02  1.640909e-02  1.000000e-01 3.296286e-06 8.000000e-04 3.638154e+11 3.180203e+01 2.288802e+01 6.923341e+01 1.222905e-15 1.860679e-15 5.113867e-15 1.042974e-13 4.044439e-13
1.250000e+00 1.805000e-02  1.640909e-02  1.000000e-01 3.384119e-06 8.000000e-04 3.638154e+11 3.180203e+01 2.288802e+01 6.923341e+01 1.266557e-15 1.953582e-15 5.390028e-15 1.099297e-13 4.262848e-13
1.250000e+00 1.805000e-02  1.640909e-02  1.000000e-01 3.474293e-06 8.000000e-04 3.638154e+11 3.180203e+01 2.288802e+01 6.923341e+01 1.423236e-15 2.025876e-15 5.681102e-15 1.158661e-13 4.493051e-13
1.250000e+00 1.805000e-02  1.640909e-02  1.000000e-01 3.566869e-06 8.000000e-04 3.638154e+11 3.180203e+01 2.288802e+01 6.923341e+01 1.419945e-15 2.168816e-15 5.987894e-15 1.221231e-13 4.735687e-13
1.250000e+00 1.805000e-02  1.640909e-02  1.000000e-01 3.661913e-06 8.000000e-04 3.638154e+11 3.180203e+01 2.288802e+01 6.923341e+01 1.519366e-15 2.299368e-15 6.311254e-15 1.287181e-13 4.991425e-13
1.250000e+00 1.805000e-02  1.640909e-02  1.000000e-01 3.759488e-06 8.000000e-04 3.638154e+11 3.180203e+01 2.288802e+01 6.923341e+01 1.593204e-15 2.427021e-15 6.652077e-15 1.356692e-13 5.260973e-13
1.250000e+00 1.805000e-02  1.640909e-02  1.000000e-01 3.859664e-06 8.000000e-04 3.638154e+11 3.180203e+01 2.288802e+01 6.923341e+01 1.639279e-15 2.515533e-15 7.011304e-15 1.429956e-13 5.545078e-13
1.250000e+00 1.805000e-02  1.640909e-02  1.000000e-01 3.962510e-06 8.000000e-04 3.638154e+11 3.180203e+01 2.288802e+01 6.923341e+01 1.827086e-15 2.638488e-15 7.389931e-15 1.507177e-13 5.844525e-13
1.250000e+00 1.805000e-02  1.640909e-02  1.000000e-01 4.068095e-06 8.000000e-04 3.638154e+11 3.180203e+01 2.288802e+01 6.923341e+01 1.860672e-15 2.789565e-15 7.789004e-15 1.588568e-13 6.160143e-13
1.250000e+00 1.805000e-02  1.640909e-02  1.000000e-01 4.176494e-06 8.000000e-04 3.638154e+11 3.180203e+01 2.288802e+01 6.923341e+01 1.969101e-15 2.986249e-15 8.209628e-15 1.674354e-13 6.492805e-13
1.250000e+00 1.805000e-02  1.640909e-02  1.000000e-01 4.287782e-06 8.000000e-04 3.638154e+11 3.180203e+01 2.288802e+01 6.923341e+01 2.079518e-15 3.120859e-15 8.652967e-15 1.764773e-13 6.843431e-13
1.250000e+00 1.805000e-02  1.640909e-02  1.000000e-01 4.402035e-06 8.000000e-04 3.638154e+11 3.180203e+01 2.288802e+01 6.923341e+01 2.202095e-15 3.299248e-15 9.120248e-15 1.860075e-13 7.212992e-13
1.250000e+00 1.805000e-02  1.640909e-02  1.000000e-01 4.519332e-06 8.000000e-04 3.638154e+11 3.180203e+01 2.288802e+01 6.923341e+01 2.239545e-15 3.516741e-15 9.612762e-15 1.960524e-13 7.602510e-13
1.250000e+00 1.805000e-02  1.640909e-02  1.000000e-01 4.639755e-06 8.000000e-04 3.638154e+11 3.180203e+01 2.288802e+01 6.923341e+01 2.325577e-15 3.641906e-15 1.013187e-14 2.066396e-13 8.013063e-13
1.250000e+00 1.805000e-02  1.640909e-02  1.000000e-01 4.763386e-06 8.000000e-04 3.638154e+11 3.180203e+01 2.288802e+01 6.923341e+01 2.660589e-15 3.839160e-15 1.067902e-14 2.177987e-13 8.445787e-13
1.250000e+00 1.805000e-02  1.640909e-02  1.000000e-01 4.890312e-06 8.000000e-04 3.638154e+11 3.180203e+01 2.288802e+01 6.923341e+01 2.552649e-15 4.059403e-15 1.125571e-14 2.295603e-13 8.901879e-13
1.250000e+00 1.805000e-02  1.640909e-02  1.000000e-01 5.020620e-06 8.000000e-04 3.638154e+11 3.180203e+01 2.288802e+01 6.923341e+01 2.749221e-15 4.384878e-15 1.186354e-14 2.419571e-13 9.382602e-13
1.250000e+00 1.805000e-02  1.640909e-02  1.000000e-01 5.154400e-06 8.000000e-04 3.638154e+11 3.180203e+01 2.288802e+01 6.923341e+01 2.865962e-15 4.504296e-15 1.250420e-14 2.550233e-13 9.889284e-13
1.250000e+00 1.805000e-02  1.640909e-02  1.000000e-01 5.291745e-06 8.000000e-04 3.638154e+11 3.180203e+01 2.288802e+01 6.923341e+01 3.059632e-15 4.712091e-15 1.317946e-14 2.687952e-13 1.042333e-12
1.250000e+00 1.805000e-02  1.640909e-02  1.000000e-01 5.432750e-06 8.000000e-04 3.638154e+11 3.180203e+01 2.288802e+01 6.923341e+01 3.325798e-15 5.037796e-15 1.389118e-14 2.833107e-13 1.098621e-12
1.250000e+00 1.805000e-02  1.640909e-02  1.000000e-01 5.577512e-06 8.000000e-04 3.638154e+11 3.180203e+01 2.288802e+01 6.923341e+01 3.620877e-15 5.299673e-15 1.464134e-14 2.986102e-13 1.157949e-12
1.250000e+00 1.805000e-02  1.640909e-02  1.000000e-01 5.726131e-06 8.000000e-04 3.638154e+11 3.180203e+01 2.288802e+01 6.923341e+01 3.527188e-15 5.565641e-15 1.543200e-14 3.147358e-13 1.220481e-12
1.250000e+00 1.805000e-02  1.640909e-02  1.000000e-01 5.878710e-06 8.000000e-04 3.638154e+11 3.180203e+01 2.288802e+01 6.923341e+01 3.798443e-15 5.853833e-15 1.626537e-14 3.317323e-13 1.286390e-12
1.250000e+00 1.805000e-02  1.640909e-02  1.000000e-01 6.035355e-06 8.000000e-04 3.638154e+11 3.180203e+01 2.288802e+01 6.923341e+01 3.962047e-15 6.192378e-15 1.714373e-14 3.496466e-13 1.355858e-12
1.250000e+00 1.805000e-02  1.640909e-02  1.000000e-01 6.196174e-06 8.000000e-04 3.638154e+11 3.180203e+01 2.288802e+01 6.923341e+01 4.101685e-15 6.583922e-15 1.806953e-14 3.685283e-13 1.429077e-12
1.250000e+00 1.805000e-02  1.640909e-02  1.000000e-01 6.361278e-06 8.000000e-04 3.638154e+11 3.180203e+01 2.288802e+01 6.923341e+01 4.586816e-15 6.859096e-15 1.904533e-14 3.884297e-13 1.506251e-12
1.250000e+00 1.805000e-02  1.640909e-02  1.000000e-01 6.530782e-06 8.000000e-04 3.638154e+11 3.180203e+01 2.288802e+01 6.923341e+01 4.611644e-15 7.255356e-15 2.007382e-14 4.094058e-13 1.587592e-12
1.250000e+00 1.805000e-02  1.640909e-02  1.000000e-01 6.704802e-06 8.000000e-04 3.638154e+11 3.180203e+01 2.288802e+01 6.923341e+01 4.743661e-15 7.701240e-15 2.115786e-14 4.315146e-13 1.673326e-12
1.250000e+00 1.805000e-02  1.640909e-02  1.000000e-01 6.883459e-06 8.000000e-04 3.638154e+11 3.180203e+01 2.288802e+01 6.923341e+01 5.446694e-15 8.044154e-15 2.230043e-14 4.548174e-13 1.763689e-12
1.250000e+00 1.805000e-02  1.640909e-02  1.000000e-01 7.066877e-06 8.000000e-04 3.638154e+11 3.180203e+01 2.288802e+01 6.923341e+01 5.661257e-15 8.463362e-15 2.350470e-14 4.793786e-13 1.858932e-12
1.250000e+00 1.805000e-02  1.640909e-02  1.000000e-01 7.255182e-06 8.000000e-04 3.638154e+11 3.180203e+01 2.288802e+01 6.923341e+01 6.053200e-15 8.872222e-15 2.477401e-14 5.052661e-13 1.959319e-12
1.250000e+00 1.805000e-02  1.640909e-02  1.000000e-01 7.448504e-06 8.000000e-04 3.638154e+11 3.180203e+01 2.288802e+01 6.923341e+01 6.209886e-15 9.365519e-15 2.611186e-14 5.325517e-13 2.065127e-12
1.250000e+00 1.805000e-02  1.640909e-02  1.000000e-01 7.646978e-06 8.000000e-04 3.638154e+11 3.180203e+01 2.288802e+01 6.923341e+01 6.112693e-15 1.007789e-14 2.752197e-14 5.613107e-13 2.176648e-12
1.250000e+00 1.805000e-02  1.640909e-02  1.000000e-01 7.850741e-06 8.000000e-04 3.638154e+11 3.180203e+01 2.288802e+01 6.923341e+01 7.274649e-15 1.061121e-14 2.900822e-14 5.916228e-13 2.294192e-12
1.250000e+00 1.805000e-02  1.640909e-02  1.000000e-01 8.059933e-06 8.000000e-04 3.638154e+11 3.180203e+01 2.288802e+01 6.923341e+01 6.995707e-15 1.105552e-14 3.057473e-14 6.235718e-13 2.418084e-12
1.250000e+00 1.805000e-02  1.640909e-02  1.000000e-01 8.274699e-06 8.000000e-04 3.638154e+11 3.180203e+01 2.288802e+01 6.923341e+01 7.668259e-15 1.176685e-14 3.222583e-14 6.572461e-13 2.548666e-12
1.250000e+00 1.805000e-02  1.640909e-02  1.000000e-01 8.495188e-06 8.000000e-04 3.638154e+11 3.180203e+01 2.288802e+01 6.923341e+01 8.188962e-15 1.209079e-14 3.396610e-14 6.927389e-13 2.686300e-12
1.250000e+00 1.805000e-02  1.640909e-02  1.000000e-01 8.721552e-06 8.000000e-04 3.638154e+11 3.180203e+01 2.288802e+01 6.923341e+01 7.818607e-15 1.302398e-14 3.580035e-14 7.301484e-13 2.831367e-12
1.250000e+00 1.805000e-02  1.640909e-02  1.000000e-01 8.953948e-06 8.000000e-04 3.638154e+11 3.180203e+01 2.288802e+01 6.923341e+01 8.492769e-15 1.372425e-14 3.773365e-14 7.695781e-13 2.984267e-12
1.250000e+00 1.805000e-02  1.640909e-02  1.000000e-01 9.192536e-06 8.000000e-04 3.638154e+11 3.180203e+01 2.288802e+01 6.923341e+01 8.922055e-15 1.423415e-14 3.977136e-14 8.111371e-13 3.145424e-12
1.250000e+00 1.805000e-02  1.640909e-02  1.000000e-01 9.437481e-06 8.000000e-04 3.638154e+11 3.180203e+01 2.288802e+01 6.923341e+01 1.032970e-14 1.541130e-14 4.191910e-14 8.549404e-13 3.315284e-12
1.250000e+00 1.805000e-02  1.640909e-02  1.000000e-01 9.688954e-06 8.000000e-04 3.638154e+11 3.180203e+01 2.288802e+01 6.923341e+01 1.034134e-14 1.594583e-14 4.418283e-14 9.011091e-13 3.494317e-12
1.250000e+00 1.805000e-02  1.640909e-02  1.000000e-01 9.947127e-06 8.000000e-04 3.638154e+11 3.180203e+01 2.288802e+01 6.923341e+01 1.053933e-14 1.701984e-14 4.656880e-14 9.497711e-13 3.683019e-12
1.250000e+00 1.805000e-02  1.640909e-02  1.000000e-01 1.021218e-05 8.000000e-04 3.638154e+11 3.180203e+01 2.288802e+01 6.923341e+01 1.089277e-14 1.794326e-14 4.908363e-14 1.001061e-12 3.881910e-12
1.250000e+00 1.805000e-02  1.640909e-02  1.000000e-01 1.048430e-05 8.000000e-04 3.638154e+11 3.180203e+01 2.288802e+01 6.923341e+01 1.267927e-14 1.878016e-14 5.173426e-14 1.055121e-12 4.091542e-12
1.250000e+00 1.805000e-02  1.640909e-02  1.000000e-01 1.076366e-05 8.000000e-04 3.638154e+11 3.180203e+01 2.288802e+01 6.923341e+01 1.218542e-14 1.968855e-14 5.452803e-14 1.112100e-12 4.312495e-12
1.250000e+00 1.805000e-02  1.640909e-02  1.000000e-01 1.105047e-05 8.000000e-04 3.638154e+11 3.180203e+01 2.288802e+01 6.923341e+01 1.356952e-14 2.073461e-14 5.747267e-14 1.172155e-12 4.545380e-12
1.250000e+00 1.805000e-02  1.640909e-02  1.000000e-01 1.134492e-05 8.000000e-04 3.638154e+11 3.180203e+01 2.288802e+01 6.923341e+01 1.400736e-14 2.190628e-14 6.057632e-14 1.235455e-12 4.790841e-12
1.250000e+00 1.805000e-02  1.640909e-02  1.000000e-01 1.164722e-05 8.000000e-04 3.638154e+11 3.180203e+01 2.288802e+01 6.923341e+01 1.519949e-14 2.304165e-14 6.384758e-14 1.302172e-12 5.049557e-12
1.250000e+00 1.805000e-02  1.640909e-02  1.000000e-01 1.195758e-05 8.000000e-04 3.638154e+11 3.180203e+01 2.288802e+01 6.923341e+01 1.545994e-14 2.440484e-14 6.729550e-14 1.372492e-12 5.322245e-12
1.250000e+00 1.805000e-02  1.640909e-02  1.000000e-01 1.227620e-05 8.000000e-04 3.638154e+11 3.180203e+01 2.288802e+01 6.923341e+01 1.628592e-14 2.578720e-14 7.092961e-14 1.446610e-12 5.609658e-12
1.250000e+00 1.805000e-02  1.640909e-02  1.000000e-01 1.260331e-05 8.000000e-04 3.638154e+11 3.180203e+01 2.288802e+01 6.923341e+01 1.799452e-14 2.727638e-14 7.475998e-14 1.524730e-12 5.912593e-12
1.250000e+00 1.805000e-02  1.640909e-02  1.000000e-01 1.293914e-05 8.000000e-04 3.638154e+11 3.180203e+01 2.288802e+01 6.923341e+01 1.848569e-14 2.862924e-14 7.879719e-14 1.607069e-12 6.231887e-12
1.250000e+00 1.805000e-02  1.640909e-02  1.000000e-01 1.328392e-05 8.000000e-04 3.638154e+11 3.180203e+01 2.288802e+01 6.923341e+01 1.885236e-14 2.995112e-14 8.305242e-14 1.693855e-12 6.568423e-12
1.250000e+00 1.805000e-02  1.640909e-02  1.000000e-01 1.363789e-05 8.000000e-04 3.638154e+11 3.180203e+01 2.288802e+01 6.923341e+01 2.078347e-14 3.169504e-14 8.753744e-14 1.785327e-12 6.923133e-12
1.250000e+00 1.805000e-02  1.640909e-02  1.000000e-01 1.400128e-05 8.000000e-04 3.638154e+11 3.180203e+01 2.288802e+01 6.923341e+01 2.128686e-14 3.354857e-14 9.226466e-14 1.881739e-12 7.296998e-12
1.250000e+00 1.805000e-02  1.640909e-02  1.000000e-01 1.437436e-05 8.000000e-04 3.638154e+11 3.180203e+01 2.288802e+01 6.923341e+01 2.285595e-14 3.551348e-14 9.724717e-14 1.983357e-12 7.691053e-12
1.250000e+00 1.805000e-02  1.640909e-02  1.000000e-01 1.475738e-05 8.000000e-04 3.638154e+11 3.180203e+01 2.288802e+01 6.923341e+01 2.453917e-14 3.696571e-14 1.024987e-13 2.090463e-12 8.106388e-12
1.250000e+00 1.805000e-02  1.640909e-02  1.000000e-01 1.515061e-05 8.000000e-04 3.638154e+11 3.180203e+01 2.288802e+01 6.923341e+01 2.398081e-14 3.933268e-14 1.080339e-13 2.203352e-12 8.544151e-12
1.250000e+00 1.805000e-02  1.640909e-02  1.000000e-01 1.555432e-05 8.000000e-04 3.638154e+11 3.180203e+01 2.288802e+01 6.923341e+01 2.665806e-14 4.117714e-14 1.138680e-13 2.322339e-12 9.005555e-12
1.250000e+00 1.805000e-02  1.640909e-02  1.000000e-01 1.596878e-05 8.000000e-04 3.638154e+11 3.180203e+01 2.288802e+01 6.923341e+01 2.847863e-14 4.331629e-14 1.200171e-13 2.447750e-12 9.491876e-12
1.250000e+00 1.805000e-02  1.640909e-02  1.000000e-01 1.639429e-05 8.000000e-04 3.638154e+11 3.180203e+01 2.288802e+01 6.923341e+01 2.823125e-14 4.551645e-14 1.264983e-13 2.579934e-12 1.000446e-11
1.250000e+00 1.805000e-02  1.640909e-02  1.000000e-01 1.683113e-05 8.000000e-04 3.638154e+11 3.180203e+01 2.288802e+01 6.923341e+01 3.148752e-14 4.820336e-14 1.333295e-13 2.719257e-12 1.054472e-11
1.250000e+00 1.805000e-02  1.640909e-02  1.000000e-01 1.727962e-05 8.000000e-04 3.638154e+11 3.180203e+01 2.288802e+01 6.923341e+01 3.299700e-14 5.052943e-14 1.405296e-13 2.866103e-12 1.111416e-11
1.250000e+00 1.805000e-02  1.640909e-02  1.000000e-01 1.774005e-05 8.000000e-04 3.638154e+11 3.180203e+01 2.288802e+01 6.923341e+01 3.431408e-14 5.349461e-14 1.481186e-13 3.020879e-12 1.171435e-11
1.250000e+00 1.805000e-02  1.640909e-02  1.000000e-01 1.821276e-05 8.000000e-04 3.638154e+11 3.180203e+01 2.288802e+01 6.923341e+01 3.763072e-14 5.660090e-14 1.561173e-13 3.184014e-12 1.234696e-11
1.250000e+00 1.805000e-02  1.640909e-02  1.000000e-01 1.869805e-05 8.000000e-04 3.638154e+11 3.180203e+01 2.288802e+01 6.923341e+01 3.841041e-14 5.936357e-14 1.645480e-13 3.355958e-12 1.301372e-11
1.250000e+00 1.805000e-02  1.640909e-02  1.000000e-01 1.919629e-05 8.000000e-04 3.638154e+11 3.180203e+01 2.288802e+01 6.923341e+01 3.761441e-14 6.276758e-14 1.734340e-13 3.537187e-12 1.371649e-11
1.250000e+00 1.805000e-02  1.640909e-02  1.000000e-01 1.970779e-05 8.000000e-04 3.638154e+11 3.180203e+01 2.288802e+01 6.923341e+01 4.468112e-14 6.685624e-14 1.827998e-13 3.728203e-12 1.445721e-11
1.250000e+00 1.805000e-02  1.640909e-02  1.000000e-01 2.023293e-05 8.000000e-04 3.638154e+11 3.180203e+01 2.288802e+01 6.923341e+01 4.615254e-14 6.961488e-14 1.926714e-13 3.929535e-12 1.523794e-11
1.250000e+00 1.805000e-02  1.640909e-02  1.000000e-01 2.077206e-05 8.000000e-04 3.638154e+11 3.180203e+01 2.288802e+01 6.923341e+01 4.707680e-14 7.353570e-14 2.030761e-13 4.141739e-12 1.606082e-11
1.250000e+00 1.805000e-02  1.640909e-02  1.000000e-01 2.132555e-05 8.000000e-04 3.638154e+11 3.180203e+01 2.288802e+01 6.923341e+01 5.161205e-14 7.718469e-14 2.140427e-13 4.365402e-12 1.692814e-11
1.250000e+00 1.805000e-02  1.640909e-02  1.000000e-01 2.189380e-05 8.000000e-04 3.638154e+11 3.180203e+01 2.288802e+01 6.923341e+01 5.365715e-14 8.107950e-14 2.256015e-13 4.601144e-12 1.784230e-11
1.250000e+00 1.805000e-02  1.640909e-02  1.000000e-01 2.247718e-05 8.000000e-04 3.638154e+11 3.180203e+01 2.288802e+01 6.923341e+01 5.215969e-14 8.562668e-14 2.377845e-13 4.849617e-12 1.880582e-11
1.250000e+00 1.805000e-02  1.640909e-02  1.000000e-01 2.307611e-05 8.000000e-04 3.638154e+11 3.180203e+01 2.288802e+01 6.923341e+01 6.102867e-14 9.130378e-14 2.506254e-13 5.111507e-12 1.982138e-11
1.250000e+00 1.805000e-02  1.640909e-02  1.000000e-01 2.369100e-05 8.000000e-04 3.638154e+11 3.180203e+01 2.288802e+01 6.923341e+01 6.446419e-14 9.521274e-14 2.641598e-13 5.387540e-12 2.089178e-11
1.250000e+00 1.805000e-02  1.640909e-02  1.000000e-01 2.432228e-05 8.000000e-04 3.638154e+11 3.180203e+01 2.288802e+01 6.923341e+01 6.115520e-14 1.007106e-13 2.784250e-13 5.678480e-12 2.201999e-11
1.250000e+00 1.805000e-02  1.640909e-02  1.000000e-01 2.497037e-05 8.000000e-04 3.638154e+11 3.180203e+01 2.288802e+01 6.923341e+01 6.708033e-14 1.063730e-13 2.934606e-13 5.985131e-12 2.320912e-11
1.250000e+00 1.805000e-02  1.640909e-02  1.000000e-01 2.563574e-05 8.000000e-04 3.638154e+11 3.180203e+01 2.288802e+01 6.923341e+01 7.022719e-14 1.111259e-13 3.093081e-13 6.308342e-12 2.446246e-11
1.250000e+00 1.805000e-02  1.640909e-02  1.000000e-01 2.631883e-05 8.000000e-04 3.638154e+11 3.180203e+01 2.288802e+01 6.923341e+01 7.894859e-14 1.181714e-13 3.260115e-13 6.649007e-12 2.578349e-11
1.250000e+00 1.805000e-02  1.640909e-02  1.000000e-01 2.702013e-05 8.000000e-04 3.638154e+11 3.180203e+01 2.288802e+01 6.923341e+01 8.121787e-14 1.228821e-13 3.436169e-13 7.008069e-12 2.717586e-11
1.250000e+00 1.805000e-02  1.640909e-02  1.000000e-01 2.774011e-05 8.000000e-04 3.638154e+11 3.180203e+01 2.288802e+01 6.923341e+01 8.317071e-14 1.310221e-13 3.621730e-13 7.386521e-12 2.864342e-11
1.250000e+00 1.805000e-02  1.640909e-02  1.000000e-01 2.847928e-05 8.000000e-04 3.638154e+11 3.180203e+01 2.288802e+01 6.923341e+01 8.734529e-14 1.377588e-13 3.817312e-13 7.785410e-12 3.019023e-11
1.250000e+00 1.805000e-02  1.640909e-02  1.000000e-01 2.923814e-05 8.000000e-04 3.638154e+11 3.180203e+01 2.288802e+01 6.923341e+01 9.179548e-14 1.450102e-13 4.023455e-13 8.205840e-12 3.182057e-11
1.250000e+00 1.805000e-02  1.640909e-02  1.000000e-01 3.001722e-05 8.000000e-04 3.638154e+11 3.180203e+01 2.288802e+01 6.923341e+01 1.020610e-13 1.549654e-13 4.240731e-13 8.648974e-12 3.353896e-11
1.250000e+00 1.805000e-02  1.640909e-02  1.000000e-01 3.081707e-05 8.000000e-04 3.638154e+11 3.180203e+01 2.288802e+01 6.923341e+01 1.058225e-13 1.627968e-13 4.469740e-13 9.116039e-12 3.535014e-11
1.250000e+00 1.805000e-02  1.640909e-02  1.000000e-01 3.163822e-05 8.000000e-04 3.638154e+11 3.180203e+01 2.288802e+01 6.923341e+01 1.117863e-13 1.707072e-13 4.711117e-13 9.608326e-12 3.725913e-11
1.250000e+00 1.805000e-02  1.640909e-02  1.000000e-01 3.248126e-05 8.000000e-04 3.638154e+11 3.180203e+01 2.288802e+01 6.923341e+01 1.182667e-13 1.812437e-13 4.965528e-13 1.012720e-11 3.927121e-11
1.250000e+00 1.805000e-02  1.640909e-02  1.000000e-01 3.334676e-05 8.000000e-04 3.638154e+11 3.180203e+01 2.288802e+01 6.923341e+01 1.225796e-13 1.895981e-13 5.233678e-13 1.067409e-11 4.139194e-11
1.250000e+00 1.805000e-02  1.640909e-02  1.000000e-01 3.423532e-05 8.000000e-04 3.638154e+11 3.180203e+01 2.288802e+01 6.923341e+01 1.311232e-13 1.993959e-13 5.516309e-13 1.125052e-11 4.362720e-11
1.250000e+00 1.805000e-02  1.640909e-02  1.000000e-01 3.514756e-05 8.000000e-04 3.638154e+11 3.180203e+01 2.288802e+01 6.923341e+01 1.385125e-13 2.103887e-13 5.814202e-13 1.185807e-11 4.598317e-11
1.250000e+00 1.805000e-02  1.640909e-02  1.000000e-01 3.608411e-05 8.000000e-04 3.638154e+11 3.180203e+01 2.288802e+01 6.923341e+01 1.429373e-13 2.242932e-13 6.128182e-13 1.249843e-11 4.846637e-11
1.250000e+00 1.805000e-02  1.640909e-02  1.000000e-01 3.704561e-05 8.000000e-04 3.638154e+11 3.180203e+01 2.288802e+01 6.923341e+01 1.526082e-13 2.323778e-13 6.459118e-13 1.317338e-11 5.108367e-11
1.250000e+00 1.805000e-02  1.640909e-02  1.000000e-01 3.803273e-05 8.000000e-04 3.638154e+11 3.180203e+01 2.288802e+01 6.923341e+01 1.508526e-13 2.445645e-13 6.807926e-13 1.388477e-11 5.384230e-11
1.250000e+00 1.805000e-02  1.640909e-02  1.000000e-01 3.904616e-05 8.000000e-04 3.638154e+11 3.180203e+01 2.288802e+01 6.923341e+01 1.601264e-13 2.615848e-13 7.175569e-13 1.463458e-11 5.674991e-11
1.250000e+00 1.805000e-02  1.640909e-02  1.000000e-01 4.008659e-05 8.000000e-04 3.638154e+11 3.180203e+01 2.288802e+01 6.923341e+01 1.803119e-13 2.718693e-13 7.563067e-13 1.542488e-11 5.981454e-11
1.250000e+00 1.805000e-02  1.640909e-02  1.000000e-01 4.115474e-05 8.000000e-04 3.638154e+11 3.180203e+01 2.288802e+01 6.923341e+01 1.818759e-13 2.854548e-13 7.971490e-13 1.625786e-11 6.304466e-11
1.250000e+00 1.805000e-02  1.640909e-02  1.000000e-01 4.225136e-05 8.000000e-04 3.638154e+11 3.180203e+01 2.288802e+01 6.923341e+01 1.927851e-13 3.038732e-13 8.401969e-13 1.713582e-11 6.644922e-11
1.250000e+00 1.805000e-02  1.640909e-02  1.000000e-01 4.337719e-05 8.000000e-04 3.638154e+11 3.180203e+01 2.288802e+01 6.923341e+01 2.094572e-13 3.220625e-13 8.855694e-13 1.806120e-11 7.003763e-11
1.250000e+00 1.805000e-02  1.640909e-02  1.000000e-01 4.453303e-05 8.000000e-04 3.638154e+11 3.180203e+01 2.288802e+01 6.923341e+01 2.218116e-13 3.362092e-13 9.333922e-13 1.903654e-11 7.381983e-11
1.250000e+00 1.805000e-02  1.640909e-02  1.000000e-01 4.571966e-05 8.000000e-04 3.638154e+11 3.180203e+01 2.288802e+01 6.923341e+01 2.221352e-13 3.583382e-13 9.837976e-13 2.006456e-11 7.780627e-11
1.250000e+00 1.805000e-02  1.640909e-02  1.000000e-01 4.693791e-05 8.000000e-04 3.638154e+11 3.180203e+01 2.288802e+01 6.923341e+01 2.524605e-13 3.825088e-13 1.036925e-12 2.114809e-11 8.200799e-11
1.250000e+00 1.805000e-02  1.640909e-02  1.000000e-01 4.818863e-05 8.000000e-04 3.638154e+11 3.180203e+01 2.288802e+01 6.923341e+01 2.696743e-13 3.951541e-13 1.092921e-12 2.229014e-11 8.643661e-11
1.250000e+00 1.805000e-02  1.640909e-02  1.000000e-01 4.947267e-05 8.000000e-04 3.638154e+11 3.180203e+01 2.288802e+01 6.923341e+01 2.557579e-13 4.185195e-13 1.151942e-12 2.349386e-11 9.110438e-11
1.250000e+00 1.805000e-02  1.640909e-02  1.000000e-01 5.079093e-05 8.000000e-04 3.638154e+11 3.180203e+01 2.288802e+01 6.923341e+01 2.665717e-13 4.324591e-13 1.214149e-12 2.476258e-11 9.602423e-11
1.250000e+00 1.805000e-02  1.640909e-02  1.000000e-01 5.214431e-05 8.000000e-04 3.638154e+11 3.180203e+01 2.288802e+01 6.923341e+01 2.920790e-13 4.684946e-13 1.279716e-12 2.609982e-11 1.012098e-10
1.250000e+00 1.805000e-02  1.640909e-02  1.000000e-01 5.353375e-05 8.000000e-04 3.638154e+11 3.180203e+01 2.288802e+01 6.923341e+01 3.260285e-13 4.870419e-13 1.348824e-12 2.750927e-11 1.066753e-10
1.250000e+00 1.805000e-02  1.640909e-02  1.000000e-01 5.496022e-05 8.000000e-04 3.638154e+11 3.180203e+01 2.288802e+01 6.923341e+01 3.319028e-13 5.161533e-13 1.421663e-12 2.899483e-11 1.124360e-10
1.250000e+00 1.805000e-02  1.640909e-02  1.000000e-01 5.642470e-05 8.000000e-04 3.638154e+11 3.180203e+01 2.288802e+01 6.923341e+01 3.493483e-13 5.444463e-13 1.498436e-12 3.056062e-11 1.185078e-10
1.250000e+00 1.805000e-02  1.640909e-02  1.000000e-01 5.792820e-05 8.000000e-04 3.638154e+11 3.180203e+01 2.288802e+01 6.923341e+01 3.464994e-13 5.736424e-13 1.579355e-12 3.221096e-11 1.249075e-10
1.250000e+00 1.805000e-02  1.640909e-02  1.000000e-01 5.947176e-05 8.000000e-04 3.638154e+11 3.180203e+01 2.288802e+01 6.923341e+01 4.137631e-13 6.096938e-13 1.664644e-12 3.395043e-11 1.316528e-10
1.250000e+00 1.805000e-02  1.640909e-02  1.000000e-01 6.105646e-05 8.000000e-04 3.638154e+11 3.180203e+01 2.288802e+01 6.923341e+01 4.365489e-13 6.366272e-13 1.754539e-12 3.578383e-11 1.387624e-10
1.250000e+00 1.805000e-02  1.640909e-02  1.000000e-01 6.268338e-05 8.000000e-04 3.638154e+11 3.180203e+01 2.288802e+01 6.923341e+01 4.405592e-13 6.639628e-13 1.849288e-12 3.771624e-11 1.462559e-10
1.250000e+00 1.805000e-02  1.640909e-02  1.000000e-01 6.435365e-05 8.000000e-04 3.638154e+11 3.180203e+01 2.288802e+01 6.923341e+01 4.387250e-13 7.038841e-13 1.949154e-12 3.975300e-11 1.541540e-10
1.250000e+00 1.805000e-02  1.640909e-02  1.000000e-01 6.606842e-05 8.000000e-04 3.638154e+11 3.180203e+01 2.288802e+01 6.923341e+01 4.832221e-13 7.449021e-13 2.054412e-12 4.189976e-11 1.624787e-10
1.250000e+00 1.805000e-02  1.640909e-02  1.000000e-01 6.782889e-05 8.000000e-04 3.638154e+11 3.180203e+01 2.288802e+01 6.923341e+01 5.241291e-13 7.739495e-13 2.165355e-12 4.416244e-11 1.712529e-10
1.250000e+00 1.805000e-02  1.640909e-02  1.000000e-01 6.963627e-05 8.000000e-04 3.638154e+11 3.180203e+01 2.288802e+01 6.923341e+01 5.390578e-13 8.251722e-13 2.282290e-12 4.654731e-11 1.805010e-10
1.250000e+00 1.805000e-02  1.640909e-02  1.000000e-01 7.149181e-05 8.000000e-04 3.638154e+11 3.180203e+01 2.288802e+01 6.923341e+01 5.937055e-13 8.679276e-13 2.405539e-12 4.906098e-11 1.902485e-10
1.250000e+00 1.805000e-02  1.640909e-02  1.000000e-01 7.339679e-05 8.000000e-04 3.638154e+11 3.180203e+01 2.288802e+01 6.923341e+01 6.368378e-13 9.258519e-13 2.535443e-12 5.171038e-11 2.005223e-10
