1.250000e+00 4.924000e-01  4.476364e-01  1.000000e-01 2.000000e-06 8.000000e-04 9.411408e+03 3.180203e+01 2.288802e+01 6.923341e+01 1.451150e-07 3.001880e-07 4.553515e-07 7.436792e-06 2.938988e-05
1.250000e+00 4.924000e-01  4.476364e-01  1.000000e-01 2.053292e-06 8.000000e-04 9.411408e+03 3.180203e+01 2.288802e+01 6.923341e+01 1.541860e-07 3.166078e-07 4.799416e-07 7.838396e-06 3.097700e-05
1.250000e+00 4.924000e-01  4.476364e-01  1.000000e-01 2.108005e-06 8.000000e-04 9.411408e+03 3.180203e+01 2.288802e+01 6.923341e+01 1.620557e-07 3.321573e-07 5.058595e-07 8.261688e-06 3.264983e-05
1.250000e+00 4.924000e-01  4.476364e-01  1.000000e-01 2.164175e-06 8.000000e-04 9.411408e+03 3.180203e+01 2.288802e+01 6.923341e+01 1.733405e-07 3.483265e-07 5.331771e-07 8.707838e-06 3.441299e-05
1.250000e+00 4.924000e-01  4.476364e-01  1.000000e-01 2.221842e-06 8.000000e-04 9.411408e+03 3.180203e+01 2.288802e+01 6.923341e+01 1.779822e-07 3.704084e-07 5.619699e-07 9.178081e-06 3.627137e-05
1.250000e+00 4.924000e-01  4.476364e-01  1.000000e-01 2.281045e-06 8.000000e-04 9.411408e+03 3.180203e+01 2.288802e+01 6.923341e+01 1.892466e-07 3.860798e-07 5.923176e-07 9.673719e-06 3.823011e-05
1.250000e+00 4.924000e-01  4.476364e-01  1.000000e-01 2.341826e-06 8.000000e-04 9.411408e+03 3.180203e+01 2.288802e+01 6.923341e+01 2.018321e-07 4.097517e-07 6.243041e-07 1.019612e-05 4.029463e-05
1.250000e+00 4.924000e-01  4.476364e-01  1.000000e-01 2.404227e-06 8.000000e-04 9.411408e+03 3.180203e+01 2.288802e+01 6.923341e+01 2.081532e-07 4.311138e-07 6.580180e-07 1.074674e-05 4.247063e-05
1.250000e+00 4.924000e-01  4.476364e-01  1.000000e-01 2.468290e-06 8.000000e-04 9.411408e+03 3.180203e+01 2.288802e+01 6.923341e+01 2.225665e-07 4.553480e-07 6.935524e-07 1.132708e-05 4.476414e-05
1.250000e+00 4.924000e-01  4.476364e-01  1.000000e-01 2.534061e-06 8.000000e-04 9.411408e+03 3.180203e+01 2.288802e+01 6.923341e+01 2.369007e-07 4.798799e-07 7.310059e-07 1.193877e-05 4.718151e-05
1.250000e+00 4.924000e-01  4.476364e-01  1.000000e-01 2.601584e-06 8.000000e-04 9.411408e+03 3.180203e+01 2.288802e+01 6.923341e+01 2.456607e-07 5.014608e-07 7.704819e-07 1.258349e-05 4.972942e-05
1.250000e+00 4.924000e-01  4.476364e-01  1.000000e-01 2.670906e-06 8.000000e-04 9.411408e+03 3.180203e+01 2.288802e+01 6.923341e+01 2.618471e-07 5.322667e-07 8.120897e-07 1.326303e-05 5.241492e-05
1.250000e+00 4.924000e-01  4.476364e-01  1.000000e-01 2.742075e-06 8.000000e-04 9.411408e+03 3.180203e+01 2.288802e+01 6.923341e+01 2.722150e-07 5.606160e-07 8.559444e-07 1.397927e-05 5.524545e-05
1.250000e+00 4.924000e-01  4.476364e-01  1.000000e-01 2.815141e-06 8.000000e-04 9.411408e+03 3.180203e+01 2.288802e+01 6.923341e+01 2.855934e-07 5.969494e-07 9.021674e-07 1.473418e-05 5.822883e-05
1.250000e+00 4.924000e-01  4.476364e-01  1.000000e-01 2.890154e-06 8.000000e-04 9.411408e+03 3.180203e+01 2.288802e+01 6.923341e+01 3.037892e-07 6.252302e-07 9.508865e-07 1.552986e-05 6.137332e-05
1.250000e+00 4.924000e-01  4.476364e-01  1.000000e-01 2.967165e-06 8.000000e-04 9.411408e+03 3.180203e+01 2.288802e+01 6.923341e+01 3.223935e-07 6.485883e-07 1.002237e-06 1.636851e-05 6.468763e-05
1.250000e+00 4.924000e-01  4.476364e-01  1.000000e-01 3.046229e-06 8.000000e-04 9.411408e+03 3.180203e+01 2.288802e+01 6.923341e+01 3.340862e-07 6.978726e-07 1.056360e-06 1.725244e-05 6.818091e-05
1.250000e+00 4.924000e-01  4.476364e-01  1.000000e-01 3.127399e-06 8.000000e-04 9.411408e+03 3.180203e+01 2.288802e+01 6.923341e+01 3.521385e-07 7.312159e-07 1.113406e-06 1.818412e-05 7.186283e-05
1.250000e+00 4.924000e-01  4.476364e-01  1.000000e-01 3.210732e-06 8.000000e-04 9.411408e+03 3.180203e+01 2.288802e+01 6.923341e+01 3.840739e-07 7.683892e-07 1.173532e-06 1.916610e-05 7.574359e-05
1.250000e+00 4.924000e-01  4.476364e-01  1.000000e-01 3.296286e-06 8.000000e-04 9.411408e+03 3.180203e+01 2.288802e+01 6.923341e+01 4.048897e-07 8.129762e-07 1.236905e-06 2.020111e-05 7.983392e-05
1.250000e+00 4.924000e-01  4.476364e-01  1.000000e-01 3.384119e-06 8.000000e-04 9.411408e+03 3.180203e+01 2.288802e+01 6.923341e+01 4.240360e-07 8.494420e-07 1.303701e-06 2.129202e-05 8.414514e-05
1.250000e+00 4.924000e-01  4.476364e-01  1.000000e-01 3.474293e-06 8.000000e-04 9.411408e+03 3.180203e+01 2.288802e+01 6.923341e+01 4.469457e-07 8.991874e-07 1.374104e-06 2.244184e-05 8.868917e-05
1.250000e+00 4.924000e-01  4.476364e-01  1.000000e-01 3.566869e-06 8.000000e-04 9.411408e+03 3.180203e+01 2.288802e+01 6.923341e+01 4.668903e-07 9.569231e-07 1.448309e-06 2.365375e-05 9.347859e-05
1.250000e+00 4.924000e-01  4.476364e-01  1.000000e-01 3.661913e-06 8.000000e-04 9.411408e+03 3.180203e+01 2.288802e+01 6.923341e+01 4.935567e-07 9.992275e-07 1.526521e-06 2.493111e-05 9.852665e-05
1.250000e+00 4.924000e-01  4.476364e-01  1.000000e-01 3.759488e-06 8.000000e-04 9.411408e+03 3.180203e+01 2.288802e+01 6.923341e+01 5.168062e-07 1.057866e-06 1.608957e-06 2.627745e-05 1.038473e-04
1.250000e+00 4.924000e-01  4.476364e-01  1.000000e-01 3.859664e-06 8.000000e-04 9.411408e+03 3.180203e+01 2.288802e+01 6.923341e+01 5.402657e-07 1.118223e-06 1.695844e-06 2.769649e-05 1.094553e-04
1.250000e+00 4.924000e-01  4.476364e-01  1.000000e-01 3.962510e-06 8.000000e-04 9.411408e+03 3.180203e+01 2.288802e+01 6.923341e+01 5.690685e-07 1.173694e-06 1.787423e-06 2.919216e-05 1.153662e-04
1.250000e+00 4.924000e-01  4.476364e-01  1.000000e-01 4.068095e-06 8.000000e-04 9.411408e+03 3.180203e+01 2.288802e+01 6.923341e+01 6.037477e-07 1.233526e-06 1.883948e-06 3.076861e-05 1.215962e-04
1.250000e+00 4.924000e-01  4.476364e-01  1.000000e-01 4.176494e-06 8.000000e-04 9.411408e+03 3.180203e+01 2.288802e+01 6.923341e+01 6.435459e-07 1.314703e-06 1.985686e-06 3.243018e-05 1.281627e-04
1.250000e+00 4.924000e-01  4.476364e-01  1.000000e-01 4.287782e-06 8.000000e-04 9.411408e+03 3.180203e+01 2.288802e+01 6.923341e+01 6.878598e-07 1.385199e-06 2.092918e-06 3.418149e-05 1.350837e-04
1.250000e+00 4.924000e-01  4.476364e-01  1.000000e-01 4.402035e-06 8.000000e-04 9.411408e+03 3.180203e+01 2.288802e+01 6.923341e+01 7.141010e-07 1.452752e-06 2.205940e-06 3.602737e-05 1.423786e-04
1.250000e+00 4.924000e-01  4.476364e-01  1.000000e-01 4.519332e-06 8.000000e-04 9.411408e+03 3.180203e+01 2.288802e+01 6.923341e+01 7.403511e-07 1.517018e-06 2.325066e-06 3.797293e-05 1.500674e-04
1.250000e+00 4.924000e-01  4.476364e-01  1.000000e-01 4.639755e-06 8.000000e-04 9.411408e+03 3.180203e+01 2.288802e+01 6.923341e+01 7.868523e-07 1.603404e-06 2.450625e-06 4.002355e-05 1.581713e-04
1.250000e+00 4.924000e-01  4.476364e-01  1.000000e-01 4.763386e-06 8.000000e-04 9.411408e+03 3.180203e+01 2.288802e+01 6.923341e+01 8.304681e-07 1.692136e-06 2.582964e-06 4.218492e-05 1.667130e-04
1.250000e+00 4.924000e-01  4.476364e-01  1.000000e-01 4.890312e-06 8.000000e-04 9.411408e+03 3.180203e+01 2.288802e+01 6.923341e+01 8.759962e-07 1.783295e-06 2.722450e-06 4.446300e-05 1.757158e-04
1.250000e+00 4.924000e-01  4.476364e-01  1.000000e-01 5.020620e-06 8.000000e-04 9.411408e+03 3.180203e+01 2.288802e+01 6.923341e+01 9.308580e-07 1.881085e-06 2.869469e-06 4.686411e-05 1.852049e-04
1.250000e+00 4.924000e-01  4.476364e-01  1.000000e-01 5.154400e-06 8.000000e-04 9.411408e+03 3.180203e+01 2.288802e+01 6.923341e+01 9.676842e-07 1.997140e-06 3.024427e-06 4.939488e-05 1.952064e-04
1.250000e+00 4.924000e-01  4.476364e-01  1.000000e-01 5.291745e-06 8.000000e-04 9.411408e+03 3.180203e+01 2.288802e+01 6.923341e+01 1.043269e-06 2.101326e-06 3.187753e-06 5.206231e-05 2.057480e-04
1.250000e+00 4.924000e-01  4.476364e-01  1.000000e-01 5.432750e-06 8.000000e-04 9.411408e+03 3.180203e+01 2.288802e+01 6.923341e+01 1.076061e-06 2.208997e-06 3.359899e-06 5.487380e-05 2.168589e-04
1.250000e+00 4.924000e-01  4.476364e-01  1.000000e-01 5.577512e-06 8.000000e-04 9.411408e+03 3.180203e+01 2.288802e+01 6.923341e+01 1.139217e-06 2.333849e-06 3.541341e-06 5.783711e-05 2.285697e-04
1.250000e+00 4.924000e-01  4.476364e-01  1.000000e-01 5.726131e-06 8.000000e-04 9.411408e+03 3.180203e+01 2.288802e+01 6.923341e+01 1.184755e-06 2.451096e-06 3.732582e-06 6.096045e-05 2.409130e-04
1.250000e+00 4.924000e-01  4.476364e-01  1.000000e-01 5.878710e-06 8.000000e-04 9.411408e+03 3.180203e+01 2.288802e+01 6.923341e+01 1.280185e-06 2.583460e-06 3.934150e-06 6.425246e-05 2.539229e-04
1.250000e+00 4.924000e-01  4.476364e-01  1.000000e-01 6.035355e-06 8.000000e-04 9.411408e+03 3.180203e+01 2.288802e+01 6.923341e+01 1.322990e-06 2.730756e-06 4.146603e-06 6.772224e-05 2.676353e-04
1.250000e+00 4.924000e-01  4.476364e-01  1.000000e-01 6.196174e-06 8.000000e-04 9.411408e+03 3.180203e+01 2.288802e+01 6.923341e+01 1.411895e-06 2.869144e-06 4.370529e-06 7.137939e-05 2.820882e-04
1.250000e+00 4.924000e-01  4.476364e-01  1.000000e-01 6.361278e-06 8.000000e-04 9.411408e+03 3.180203e+01 2.288802e+01 6.923341e+01 1.450154e-06 3.041367e-06 4.606548e-06 7.523405e-05 2.973217e-04
1.250000e+00 4.924000e-01  4.476364e-01  1.000000e-01 6.530782e-06 8.000000e-04 9.411408e+03 3.180203e+01 2.288802e+01 6.923341e+01 1.547337e-06 3.194342e-06 4.855312e-06 7.929686e-05 3.133777e-04
1.250000e+00 4.924000e-01  4.476364e-01  1.000000e-01 6.704802e-06 8.000000e-04 9.411408e+03 3.180203e+01 2.288802e+01 6.923341e+01 1.642759e-06 3.341655e-06 5.117510e-06 8.357907e-05 3.303008e-04
1.250000e+00 4.924000e-01  4.476364e-01  1.000000e-01 6.883459e-06 8.000000e-04 9.411408e+03 3.180203e+01 2.288802e+01 6.923341e+01 1.734498e-06 3.567028e-06 5.393867e-06 8.809253e-05 3.481378e-04
1.250000e+00 4.924000e-01  4.476364e-01  1.000000e-01 7.066877e-06 8.000000e-04 9.411408e+03 3.180203e+01 2.288802e+01 6.923341e+01 1.841218e-06 3.749799e-06 5.685149e-06 9.284974e-05 3.669381e-04
1.250000e+00 4.924000e-01  4.476364e-01  1.000000e-01 7.255182e-06 8.000000e-04 9.411408e+03 3.180203e+01 2.288802e+01 6.923341e+01 1.943055e-06 3.946981e-06 5.992160e-06 9.786384e-05 3.867536e-04
1.250000e+00 4.924000e-01  4.476364e-01  1.000000e-01 7.448504e-06 8.000000e-04 9.411408e+03 3.180203e+01 2.288802e+01 6.923341e+01 2.036545e-06 4.156011e-06 6.315750e-06 1.031487e-04 4.076392e-04
1.250000e+00 4.924000e-01  4.476364e-01  1.000000e-01 7.646978e-06 8.000000e-04 9.411408e+03 3.180203e+01 2.288802e+01 6.923341e+01 2.148029e-06 4.417955e-06 6.656816e-06 1.087190e-04 4.296526e-04
1.250000e+00 4.924000e-01  4.476364e-01  1.000000e-01 7.850741e-06 8.000000e-04 9.411408e+03 3.180203e+01 2.288802e+01 6.923341e+01 2.234147e-06 4.583423e-06 7.016299e-06 1.145901e-04 4.528549e-04
1.250000e+00 4.924000e-01  4.476364e-01  1.000000e-01 8.059933e-06 8.000000e-04 9.411408e+03 3.180203e+01 2.288802e+01 6.923341e+01 2.378124e-06 4.866213e-06 7.395195e-06 1.207782e-04 4.773101e-04
1.250000e+00 4.924000e-01  4.476364e-01  1.000000e-01 8.274699e-06 8.000000e-04 9.411408e+03 3.180203e+01 2.288802e+01 6.923341e+01 2.568565e-06 5.122028e-06 7.794553e-06 1.273005e-04 5.030859e-04
1.250000e+00 4.924000e-01  4.476364e-01  1.000000e-01 8.495188e-06 8.000000e-04 9.411408e+03 3.180203e+01 2.288802e+01 6.923341e+01 2.649894e-06 5.441038e-06 8.215477e-06 1.341750e-04 5.302537e-04
1.250000e+00 4.924000e-01  4.476364e-01  1.000000e-01 8.721552e-06 8.000000e-04 9.411408e+03 3.180203e+01 2.288802e+01 6.923341e+01 2.792185e-06 5.688585e-06 8.659132e-06 1.414208e-04 5.588887e-04
1.250000e+00 4.924000e-01  4.476364e-01  1.000000e-01 8.953948e-06 8.000000e-04 9.411408e+03 3.180203e+01 2.288802e+01 6.923341e+01 2.912465e-06 5.993793e-06 9.126745e-06 1.490578e-04 5.890699e-04
1.250000e+00 4.924000e-01  4.476364e-01  1.000000e-01 9.192536e-06 8.000000e-04 9.411408e+03 3.180203e+01 2.288802e+01 6.923341e+01 3.110765e-06 6.317668e-06 9.619610e-06 1.571073e-04 6.208811e-04
1.250000e+00 4.924000e-01  4.476364e-01  1.000000e-01 9.437481e-06 8.000000e-04 9.411408e+03 3.180203e+01 2.288802e+01 6.923341e+01 3.283235e-06 6.594527e-06 1.013909e-05 1.655914e-04 6.544101e-04
1.250000e+00 4.924000e-01  4.476364e-01  1.000000e-01 9.688954e-06 8.000000e-04 9.411408e+03 3.180203e+01 2.288802e+01 6.923341e+01 3.454025e-06 6.984225e-06 1.068663e-05 1.745338e-04 6.897497e-04
1.250000e+00 4.924000e-01  4.476364e-01  1.000000e-01 9.947127e-06 8.000000e-04 9.411408e+03 3.180203e+01 2.288802e+01 6.923341e+01 3.598414e-06 7.376309e-06 1.126373e-05 1.839590e-04 7.269978e-04
1.250000e+00 4.924000e-01  4.476364e-01  1.000000e-01 1.021218e-05 8.000000e-04 9.411408e+03 3.180203e+01 2.288802e+01 6.923341e+01 3.906761e-06 7.777138e-06 1.187200e-05 1.938932e-04 7.662574e-04
1.250000e+00 4.924000e-01  4.476364e-01  1.000000e-01 1.048430e-05 8.000000e-04 9.411408e+03 3.180203e+01 2.288802e+01 6.923341e+01 4.029630e-06 8.146963e-06 1.251311e-05 2.043639e-04 8.076371e-04
1.250000e+00 4.924000e-01  4.476364e-01  1.000000e-01 1.076366e-05 8.000000e-04 9.411408e+03 3.180203e+01 2.288802e+01 6.923341e+01 4.313468e-06 8.643820e-06 1.318885e-05 2.154000e-04 8.512513e-04
1.250000e+00 4.924000e-01  4.476364e-01  1.000000e-01 1.105047e-05 8.000000e-04 9.411408e+03 3.180203e+01 2.288802e+01 6.923341e+01 4.485311e-06 9.124887e-06 1.390108e-05 2.270321e-04 8.972209e-04
1.250000e+00 4.924000e-01  4.476364e-01  1.000000e-01 1.134492e-05 8.000000e-04 9.411408e+03 3.180203e+01 2.288802e+01 6.923341e+01 4.753336e-06 9.649857e-06 1.465177e-05 2.392923e-04 9.456729e-04
1.250000e+00 4.924000e-01  4.476364e-01  1.000000e-01 1.164722e-05 8.000000e-04 9.411408e+03 3.180203e+01 2.288802e+01 6.923341e+01 4.899530e-06 1.014465e-05 1.544300e-05 2.522147e-04 9.967414e-04
1.250000e+00 4.924000e-01  4.476364e-01  1.000000e-01 1.195758e-05 8.000000e-04 9.411408e+03 3.180203e+01 2.288802e+01 6.923341e+01 5.043527e-06 1.075258e-05 1.627695e-05 2.658349e-04 1.050568e-03
1.250000e+00 4.924000e-01  4.476364e-01  1.000000e-01 1.227620e-05 8.000000e-04 9.411408e+03 3.180203e+01 2.288802e+01 6.923341e+01 5.570298e-06 1.116209e-05 1.715595e-05 2.801906e-04 1.107301e-03
1.250000e+00 4.924000e-01  4.476364e-01  1.000000e-01 1.260331e-05 8.000000e-04 9.411408e+03 3.180203e+01 2.288802e+01 6.923341e+01 5.790776e-06 1.183711e-05 1.808241e-05 2.953215e-04 1.167098e-03
1.250000e+00 4.924000e-01  4.476364e-01  1.000000e-01 1.293914e-05 8.000000e-04 9.411408e+03 3.180203e+01 2.288802e+01 6.923341e+01 6.118700e-06 1.253371e-05 1.905890e-05 3.112695e-04 1.230124e-03
1.250000e+00 4.924000e-01  4.476364e-01  1.000000e-01 1.328392e-05 8.000000e-04 9.411408e+03 3.180203e+01 2.288802e+01 6.923341e+01 6.470664e-06 1.309373e-05 2.008812e-05 3.280788e-04 1.296553e-03
1.250000e+00 4.924000e-01  4.476364e-01  1.000000e-01 1.363789e-05 8.000000e-04 9.411408e+03 3.180203e+01 2.288802e+01 6.923341e+01 6.722630e-06 1.391185e-05 2.117293e-05 3.457958e-04 1.366570e-03
1.250000e+00 4.924000e-01  4.476364e-01  1.000000e-01 1.400128e-05 8.000000e-04 9.411408e+03 3.180203e+01 2.288802e+01 6.923341e+01 7.157338e-06 1.460376e-05 2.231631e-05 3.644696e-04 1.440368e-03
1.250000e+00 4.924000e-01  4.476364e-01  1.000000e-01 1.437436e-05 8.000000e-04 9.411408e+03 3.180203e+01 2.288802e+01 6.923341e+01 7.596671e-06 1.529891e-05 2.352145e-05 3.841518e-04 1.518151e-03
1.250000e+00 4.924000e-01  4.476364e-01  1.000000e-01 1.475738e-05 8.000000e-04 9.411408e+03 3.180203e+01 2.288802e+01 6.923341e+01 8.008083e-06 1.622836e-05 2.479166e-05 4.048969e-04 1.600135e-03
1.250000e+00 4.924000e-01  4.476364e-01  1.000000e-01 1.515061e-05 8.000000e-04 9.411408e+03 3.180203e+01 2.288802e+01 6.923341e+01 8.363086e-06 1.725500e-05 2.613047e-05 4.267623e-04 1.686546e-03
1.250000e+00 4.924000e-01  4.476364e-01  1.000000e-01 1.555432e-05 8.000000e-04 9.411408e+03 3.180203e+01 2.288802e+01 6.923341e+01 8.737781e-06 1.804641e-05 2.754157e-05 4.498084e-04 1.777623e-03
1.250000e+00 4.924000e-01  4.476364e-01  1.000000e-01 1.596878e-05 8.000000e-04 9.411408e+03 3.180203e+01 2.288802e+01 6.923341e+01 9.410855e-06 1.909716e-05 2.902888e-05 4.740991e-04 1.873619e-03
1.250000e+00 4.924000e-01  4.476364e-01  1.000000e-01 1.639429e-05 8.000000e-04 9.411408e+03 3.180203e+01 2.288802e+01 6.923341e+01 9.770984e-06 2.017676e-05 3.059651e-05 4.997015e-04 1.974799e-03
1.250000e+00 4.924000e-01  4.476364e-01  1.000000e-01 1.683113e-05 8.000000e-04 9.411408e+03 3.180203e+01 2.288802e+01 6.923341e+01 1.057347e-05 2.093482e-05 3.224879e-05 5.266866e-04 2.081442e-03
1.250000e+00 4.924000e-01  4.476364e-01  1.000000e-01 1.727962e-05 8.000000e-04 9.411408e+03 3.180203e+01 2.288802e+01 6.923341e+01 1.076703e-05 2.232855e-05 3.399030e-05 5.551289e-04 2.193845e-03
1.250000e+00 4.924000e-01  4.476364e-01  1.000000e-01 1.774005e-05 8.000000e-04 9.411408e+03 3.180203e+01 2.288802e+01 6.923341e+01 1.144987e-05 2.366482e-05 3.582585e-05 5.851071e-04 2.312318e-03
1.250000e+00 4.924000e-01  4.476364e-01  1.000000e-01 1.821276e-05 8.000000e-04 9.411408e+03 3.180203e+01 2.288802e+01 6.923341e+01 1.177751e-05 2.500220e-05 3.776053e-05 6.167043e-04 2.437188e-03
1.250000e+00 4.924000e-01  4.476364e-01  1.000000e-01 1.869805e-05 8.000000e-04 9.411408e+03 3.180203e+01 2.288802e+01 6.923341e+01 1.267616e-05 2.603669e-05 3.979969e-05 6.500077e-04 2.568802e-03
1.250000e+00 4.924000e-01  4.476364e-01  1.000000e-01 1.919629e-05 8.000000e-04 9.411408e+03 3.180203e+01 2.288802e+01 6.923341e+01 1.351156e-05 2.733131e-05 4.194896e-05 6.851096e-04 2.707523e-03
1.250000e+00 4.924000e-01  4.476364e-01  1.000000e-01 1.970779e-05 8.000000e-04 9.411408e+03 3.180203e+01 2.288802e+01 6.923341e+01 1.424463e-05 2.933092e-05 4.421430e-05 7.221071e-04 2.853736e-03
1.250000e+00 4.924000e-01  4.476364e-01  1.000000e-01 2.023293e-05 8.000000e-04 9.411408e+03 3.180203e+01 2.288802e+01 6.923341e+01 1.500898e-05 3.051981e-05 4.660198e-05 7.611026e-04 3.007844e-03
1.250000e+00 4.924000e-01  4.476364e-01  1.000000e-01 2.077206e-05 8.000000e-04 9.411408e+03 3.180203e+01 2.288802e+01 6.923341e+01 1.594371e-05 3.234791e-05 4.911859e-05 8.022039e-04 3.170275e-03
1.250000e+00 4.924000e-01  4.476364e-01  1.000000e-01 2.132555e-05 8.000000e-04 9.411408e+03 3.180203e+01 2.288802e+01 6.923341e+01 1.653120e-05 3.375752e-05 5.177111e-05 8.455247e-04 3.341477e-03
1.250000e+00 4.924000e-01  4.476364e-01  1.000000e-01 2.189380e-05 8.000000e-04 9.411408e+03 3.180203e+01 2.288802e+01 6.923341e+01 1.767146e-05 3.599526e-05 5.456687e-05 8.911850e-04 3.521924e-03
1.250000e+00 4.924000e-01  4.476364e-01  1.000000e-01 2.247718e-05 8.000000e-04 9.411408e+03 3.180203e+01 2.288802e+01 6.923341e+01 1.897870e-05 3.759457e-05 5.751361e-05 9.393111e-04 3.712116e-03
1.250000e+00 4.924000e-01  4.476364e-01  1.000000e-01 2.307611e-05 8.000000e-04 9.411408e+03 3.180203e+01 2.288802e+01 6.923341e+01 1.948430e-05 3.947989e-05 6.061948e-05 9.900361e-04 3.912579e-03
1.250000e+00 4.924000e-01  4.476364e-01  1.000000e-01 2.369100e-05 8.000000e-04 9.411408e+03 3.180203e+01 2.288801e+01 6.923341e+01 2.042619e-05 4.201855e-05 6.389307e-05 1.043500e-03 4.123867e-03
1.250000e+00 4.924000e-01  4.476364e-01  1.000000e-01 2.432228e-05 8.000000e-04 9.411408e+03 3.180203e+01 2.288801e+01 6.923341e+01 2.167173e-05 4.434924e-05 6.734344e-05 1.099852e-03 4.346566e-03
1.250000e+00 4.924000e-01  4.476364e-01  1.000000e-01 2.497037e-05 8.000000e-04 9.411408e+03 3.180203e+01 2.288801e+01 6.923341e+01 2.263420e-05 4.618662e-05 7.098014e-05 1.159246e-03 4.581290e-03
1.250000e+00 4.924000e-01  4.476364e-01  1.000000e-01 2.563574e-05 8.000000e-04 9.411408e+03 3.180203e+01 2.288801e+01 6.923341e+01 2.427041e-05 4.898728e-05 7.481323e-05 1.221848e-03 4.828691e-03
1.250000e+00 4.924000e-01  4.476364e-01  1.000000e-01 2.631883e-05 8.000000e-04 9.411408e+03 3.180203e+01 2.288801e+01 6.923341e+01 2.514268e-05 5.162856e-05 7.885332e-05 1.287831e-03 5.089451e-03
1.250000e+00 4.924000e-01  4.476364e-01  1.000000e-01 2.702013e-05 8.000000e-04 9.411408e+03 3.180203e+01 2.288801e+01 6.923341e+01 2.637246e-05 5.494499e-05 8.311158e-05 1.357377e-03 5.364293e-03
1.250000e+00 4.924000e-01  4.476364e-01  1.000000e-01 2.774011e-05 8.000000e-04 9.411408e+03 3.180203e+01 2.288801e+01 6.923341e+01 2.797964e-05 5.750805e-05 8.759980e-05 1.430678e-03 5.653977e-03
1.250000e+00 4.924000e-01  4.476364e-01  1.000000e-01 2.847928e-05 8.000000e-04 9.411408e+03 3.180203e+01 2.288801e+01 6.923341e+01 2.951326e-05 6.102200e-05 9.233039e-05 1.507938e-03 5.959305e-03
1.250000e+00 4.924000e-01  4.476364e-01  1.000000e-01 2.923814e-05 8.000000e-04 9.411408e+03 3.180203e+01 2.288801e+01 6.923341e+01 3.166521e-05 6.380132e-05 9.731645e-05 1.589370e-03 6.281122e-03
1.250000e+00 4.924000e-01  4.476364e-01  1.000000e-01 3.001722e-05 8.000000e-04 9.411408e+03 3.180203e+01 2.288801e+01 6.923341e+01 3.312595e-05 6.782612e-05 1.025718e-04 1.675200e-03 6.620317e-03
1.250000e+00 4.924000e-01  4.476364e-01  1.000000e-01 3.081707e-05 8.000000e-04 9.411408e+03 3.180203e+01 2.288801e+01 6.923341e+01 3.481266e-05 7.033132e-05 1.081109e-04 1.765665e-03 6.977829e-03
1.250000e+00 4.924000e-01  4.476364e-01  1.000000e-01 3.163822e-05 8.000000e-04 9.411408e+03 3.180203e+01 2.288801e+01 6.923340e+01 3.656709e-05 7.463962e-05 1.139491e-04 1.861015e-03 7.354648e-03
1.250000e+00 4.924000e-01  4.476364e-01  1.000000e-01 3.248126e-05 8.000000e-04 9.411408e+03 3.180203e+01 2.288801e+01 6.923340e+01 3.835658e-05 7.799215e-05 1.201026e-04 1.961514e-03 7.751816e-03
1.250000e+00 4.924000e-01  4.476364e-01  1.000000e-01 3.334676e-05 8.000000e-04 9.411408e+03 3.180203e+01 2.288801e+01 6.923340e+01 4.067132e-05 8.314668e-05 1.265884e-04 2.067440e-03 8.170432e-03
1.250000e+00 4.924000e-01  4.476364e-01  1.000000e-01 3.423532e-05 8.000000e-04 9.411408e+03 3.180203e+01 2.288801e+01 6.923340e+01 4.276664e-05 8.691746e-05 1.334245e-04 2.179086e-03 8.611654e-03
1.250000e+00 4.924000e-01  4.476364e-01  1.000000e-01 3.514756e-05 8.000000e-04 9.411408e+03 3.180203e+01 2.288801e+01 6.923340e+01 4.528227e-05 9.216742e-05 1.406297e-04 2.296762e-03 9.076703e-03
1.250000e+00 4.924000e-01  4.476364e-01  1.000000e-01 3.608411e-05 8.000000e-04 9.411408e+03 3.180203e+01 2.288801e+01 6.923340e+01 4.686279e-05 9.604757e-05 1.482241e-04 2.420793e-03 9.566866e-03
1.250000e+00 4.924000e-01  4.476364e-01  1.000000e-01 3.704561e-05 8.000000e-04 9.411408e+03 3.180203e+01 2.288801e+01 6.923340e+01 5.014164e-05 1.018752e-04 1.562285e-04 2.551521e-03 1.008350e-02
1.250000e+00 4.924000e-01  4.476364e-01  1.000000e-01 3.803273e-05 8.000000e-04 9.411408e+03 3.180203e+01 2.288801e+01 6.923340e+01 5.329345e-05 1.077496e-04 1.646652e-04 2.689309e-03 1.062803e-02
1.250000e+00 4.924000e-01  4.476364e-01  1.000000e-01 3.904616e-05 8.000000e-04 9.411408e+03 3.180203e+01 2.288801e+01 6.923340e+01 5.496840e-05 1.132087e-04 1.735575e-04 2.834538e-03 1.120197e-02
1.250000e+00 4.924000e-01  4.476364e-01  1.000000e-01 4.008659e-05 8.000000e-04 9.411408e+03 3.180203e+01 2.288800e+01 6.923340e+01 5.911957e-05 1.197506e-04 1.829300e-04 2.987610e-03 1.180690e-02
1.250000e+00 4.924000e-01  4.476364e-01  1.000000e-01 4.115474e-05 8.000000e-04 9.411408e+03 3.180203e+01 2.288800e+01 6.923340e+01 6.123652e-05 1.269313e-04 1.928087e-04 3.148947e-03 1.244450e-02
1.250000e+00 4.924000e-01  4.476364e-01  1.000000e-01 4.225136e-05 8.000000e-04 9.411408e+03 3.180203e+01 2.288800e+01 6.923340e+01 6.566362e-05 1.326002e-04 2.032208e-04 3.318998e-03 1.311653e-02
1.250000e+00 4.924000e-01  4.476364e-01  1.000000e-01 4.337719e-05 8.000000e-04 9.411408e+03 3.180203e+01 2.288800e+01 6.923340e+01 6.863799e-05 1.405069e-04 2.141952e-04 3.498231e-03 1.382486e-02
1.250000e+00 4.924000e-01  4.476364e-01  1.000000e-01 4.453303e-05 8.000000e-04 9.411408e+03 3.180203e+01 2.288800e+01 6.923340e+01 7.220744e-05 1.477019e-04 2.257622e-04 3.687144e-03 1.457143e-02
1.250000e+00 4.924000e-01  4.476364e-01  1.000000e-01 4.571966e-05 8.000000e-04 9.411408e+03 3.180203e+01 2.288800e+01 6.923340e+01 7.601659e-05 1.565783e-04 2.379539e-04 3.886258e-03 1.535832e-02
1.250000e+00 4.924000e-01  4.476364e-01  1.000000e-01 4.693791e-05 8.000000e-04 9.411408e+03 3.180203e+01 2.288800e+01 6.923340e+01 8.071285e-05 1.660506e-04 2.508040e-04 4.096125e-03 1.618771e-02
1.250000e+00 4.924000e-01  4.476364e-01  1.000000e-01 4.818863e-05 8.000000e-04 9.411408e+03 3.180203e+01 2.288800e+01 6.923340e+01 8.539522e-05 1.742909e-04 2.643479e-04 4.317325e-03 1.706188e-02
1.250000e+00 4.924000e-01  4.476364e-01  1.000000e-01 4.947267e-05 8.000000e-04 9.411408e+03 3.180203e+01 2.288800e+01 6.923339e+01 9.118976e-05 1.858032e-04 2.786233e-04 4.550471e-03 1.798326e-02
1.250000e+00 4.924000e-01  4.476364e-01  1.000000e-01 5.079093e-05 8.000000e-04 9.411408e+03 3.180203e+01 2.288800e+01 6.923339e+01 9.649900e-05 1.919389e-04 2.936697e-04 4.796207e-03 1.895440e-02
1.250000e+00 4.924000e-01  4.476364e-01  1.000000e-01 5.214431e-05 8.000000e-04 9.411408e+03 3.180203e+01 2.288799e+01 6.923339e+01 1.014162e-04 2.043381e-04 3.095285e-04 5.055213e-03 1.997798e-02
1.250000e+00 4.924000e-01  4.476364e-01  1.000000e-01 5.353375e-05 8.000000e-04 9.411408e+03 3.180203e+01 2.288799e+01 6.923339e+01 1.062471e-04 2.135704e-04 3.262437e-04 5.328206e-03 2.105684e-02
1.250000e+00 4.924000e-01  4.476364e-01  1.000000e-01 5.496022e-05 8.000000e-04 9.411408e+03 3.180203e+01 2.288799e+01 6.923339e+01 1.121528e-04 2.271364e-04 3.438617e-04 5.615942e-03 2.219396e-02
1.250000e+00 4.924000e-01  4.476364e-01  1.000000e-01 5.642470e-05 8.000000e-04 9.411408e+03 3.180202e+01 2.288799e+01 6.923339e+01 1.185947e-04 2.380653e-04 3.624310e-04 5.919216e-03 2.339248e-02
1.250000e+00 4.924000e-01  4.476364e-01  1.000000e-01 5.792820e-05 8.000000e-04 9.411408e+03 3.180202e+01 2.288799e+01 6.923339e+01 1.244664e-04 2.515009e-04 3.820031e-04 6.238867e-03 2.465573e-02
1.250000e+00 4.924000e-01  4.476364e-01  1.000000e-01 5.947176e-05 8.000000e-04 9.411408e+03 3.180202e+01 2.288799e+01 6.923339e+01 1.287747e-04 2.649774e-04 4.026321e-04 6.575780e-03 2.598720e-02
1.250000e+00 4.924000e-01  4.476364e-01  1.000000e-01 6.105646e-05 8.000000e-04 9.411408e+03 3.180202e+01 2.288798e+01 6.923339e+01 1.366006e-04 2.763779e-04 4.243752e-04 6.930887e-03 2.739056e-02
1.250000e+00 4.924000e-01  4.476364e-01  1.000000e-01 6.268338e-05 8.000000e-04 9.411408e+03 3.180202e+01 2.288798e+01 6.923339e+01 1.418162e-04 2.916982e-04 4.472925e-04 7.305171e-03 2.886972e-02
1.250000e+00 4.924000e-01  4.476364e-01  1.000000e-01 6.435365e-05 8.000000e-04 9.411408e+03 3.180202e+01 2.288798e+01 6.923338e+01 1.499979e-04 3.100872e-04 4.714473e-04 7.699668e-03 3.042875e-02
1.250000e+00 4.924000e-01  4.476364e-01  1.000000e-01 6.606842e-05 8.000000e-04 9.411408e+03 3.180202e+01 2.288798e+01 6.923338e+01 1.579422e-04 3.255819e-04 4.969065e-04 8.115467e-03 3.207197e-02
1.250000e+00 4.924000e-01  4.476364e-01  1.000000e-01 6.782889e-05 8.000000e-04 9.411408e+03 3.180202e+01 2.288798e+01 6.923338e+01 1.702989e-04 3.429910e-04 5.237406e-04 8.553721e-03 3.380393e-02
1.250000e+00 4.924000e-01  4.476364e-01  1.000000e-01 6.963627e-05 8.000000e-04 9.411408e+03 3.180202e+01 2.288797e+01 6.923338e+01 1.779174e-04 3.605866e-04 5.520238e-04 9.015642e-03 3.562942e-02
1.250000e+00 4.924000e-01  4.476364e-01  1.000000e-01 7.149181e-05 8.000000e-04 9.411408e+03 3.180202e+01 2.288797e+01 6.923338e+01 1.848527e-04 3.819988e-04 5.818344e-04 9.502508e-03 3.755349e-02
1.250000e+00 4.924000e-01  4.476364e-01  1.000000e-01 7.339679e-05 8.000000e-04 9.411408e+03 3.180202e+01 2.288797e+01 6.923338e+01 1.981246e-04 4.023522e-04 6.132548e-04 1.001567e-02 3.958147e-02
