5.000000e-01 3.070000e-01  2.790909e-01  1.000000e-01 2.000000e-06 8.000000e-04 2.558100e+03 3.180203e+01 2.288802e+01 6.923341e+01 1.345086e-05 3.391801e-05 6.987292e-05 8.848910e-04 5.249450e-03
5.000000e-01 3.070000e-01  2.790909e-01  1.000000e-01 2.053292e-06 8.000000e-04 2.558100e+03 3.180203e+01 2.288802e+01 6.923341e+01 1.403459e-05 3.581416e-05 7.364622e-05 9.326771e-04 5.532932e-03
5.000000e-01 3.070000e-01  2.790909e-01  1.000000e-01 2.108005e-06 8.000000e-04 2.558100e+03 3.180203e+01 2.288802e+01 6.923341e+01 1.516033e-05 3.730046e-05 7.762328e-05 9.830438e-04 5.831723e-03
5.000000e-01 3.070000e-01  2.790909e-01  1.000000e-01 2.164175e-06 8.000000e-04 2.558100e+03 3.180203e+01 2.288802e+01 6.923341e+01 1.564811e-05 3.921700e-05 8.181512e-05 1.036130e-03 6.146650e-03
5.000000e-01 3.070000e-01  2.790909e-01  1.000000e-01 2.221842e-06 8.000000e-04 2.558100e+03 3.180203e+01 2.288802e+01 6.923341e+01 1.670267e-05 4.211909e-05 8.623332e-05 1.092084e-03 6.478583e-03
5.000000e-01 3.070000e-01  2.790909e-01  1.000000e-01 2.281045e-06 8.000000e-04 2.558100e+03 3.180203e+01 2.288801e+01 6.923341e+01 1.697161e-05 4.423570e-05 9.089012e-05 1.151059e-03 6.828441e-03
5.000000e-01 3.070000e-01  2.790909e-01  1.000000e-01 2.341826e-06 8.000000e-04 2.558100e+03 3.180203e+01 2.288801e+01 6.923341e+01 1.767840e-05 4.634587e-05 9.579840e-05 1.213219e-03 7.197193e-03
5.000000e-01 3.070000e-01  2.790909e-01  1.000000e-01 2.404227e-06 8.000000e-04 2.558100e+03 3.180203e+01 2.288801e+01 6.923341e+01 1.942810e-05 4.856163e-05 1.009717e-04 1.278735e-03 7.585858e-03
5.000000e-01 3.070000e-01  2.790909e-01  1.000000e-01 2.468290e-06 8.000000e-04 2.558100e+03 3.180203e+01 2.288801e+01 6.923341e+01 2.007493e-05 5.158036e-05 1.064244e-04 1.347790e-03 7.995512e-03
5.000000e-01 3.070000e-01  2.790909e-01  1.000000e-01 2.534061e-06 8.000000e-04 2.558100e+03 3.180203e+01 2.288801e+01 6.923341e+01 2.139442e-05 5.411024e-05 1.121716e-04 1.420574e-03 8.427288e-03
5.000000e-01 3.070000e-01  2.790909e-01  1.000000e-01 2.601584e-06 8.000000e-04 2.558100e+03 3.180203e+01 2.288801e+01 6.923341e+01 2.252285e-05 5.758205e-05 1.182291e-04 1.497288e-03 8.882381e-03
5.000000e-01 3.070000e-01  2.790909e-01  1.000000e-01 2.670906e-06 8.000000e-04 2.558100e+03 3.180203e+01 2.288801e+01 6.923341e+01 2.356337e-05 6.034261e-05 1.246138e-04 1.578145e-03 9.362050e-03
5.000000e-01 3.070000e-01  2.790909e-01  1.000000e-01 2.742075e-06 8.000000e-04 2.558100e+03 3.180203e+01 2.288801e+01 6.923341e+01 2.510992e-05 6.402479e-05 1.313432e-04 1.663369e-03 9.867622e-03
5.000000e-01 3.070000e-01  2.790909e-01  1.000000e-01 2.815141e-06 8.000000e-04 2.558100e+03 3.180203e+01 2.288801e+01 6.923341e+01 2.650330e-05 6.731710e-05 1.384360e-04 1.753194e-03 1.040050e-02
5.000000e-01 3.070000e-01  2.790909e-01  1.000000e-01 2.890154e-06 8.000000e-04 2.558100e+03 3.180203e+01 2.288801e+01 6.923341e+01 2.784779e-05 7.073093e-05 1.459119e-04 1.847871e-03 1.096215e-02
5.000000e-01 3.070000e-01  2.790909e-01  1.000000e-01 2.967165e-06 8.000000e-04 2.558100e+03 3.180203e+01 2.288801e+01 6.923341e+01 2.988723e-05 7.470719e-05 1.537915e-04 1.947660e-03 1.155413e-02
5.000000e-01 3.070000e-01  2.790909e-01  1.000000e-01 3.046229e-06 8.000000e-04 2.558100e+03 3.180203e+01 2.288801e+01 6.923341e+01 3.079407e-05 7.852577e-05 1.620966e-04 2.052838e-03 1.217808e-02
5.000000e-01 3.070000e-01  2.790909e-01  1.000000e-01 3.127399e-06 8.000000e-04 2.558100e+03 3.180203e+01 2.288801e+01 6.923341e+01 3.201303e-05 8.278247e-05 1.708502e-04 2.163696e-03 1.283572e-02
5.000000e-01 3.070000e-01  2.790909e-01  1.000000e-01 3.210732e-06 8.000000e-04 2.558100e+03 3.180203e+01 2.288801e+01 6.923341e+01 3.421306e-05 8.743147e-05 1.800765e-04 2.280541e-03 1.352888e-02
5.000000e-01 3.070000e-01  2.790909e-01  1.000000e-01 3.296286e-06 8.000000e-04 2.558100e+03 3.180203e+01 2.288801e+01 6.923341e+01 3.602030e-05 9.155359e-05 1.898010e-04 2.403696e-03 1.425947e-02
5.000000e-01 3.070000e-01  2.790909e-01  1.000000e-01 3.384119e-06 8.000000e-04 2.558100e+03 3.180203e+01 2.288801e+01 6.923340e+01 3.822972e-05 9.651557e-05 2.000507e-04 2.533501e-03 1.502952e-02
5.000000e-01 3.070000e-01  2.790909e-01  1.000000e-01 3.474293e-06 8.000000e-04 2.558100e+03 3.180203e+01 2.288801e+01 6.923340e+01 4.054350e-05 1.028759e-04 2.108539e-04 2.670316e-03 1.584115e-02
5.000000e-01 3.070000e-01  2.790909e-01  1.000000e-01 3.566869e-06 8.000000e-04 2.558100e+03 3.180203e+01 2.288801e+01 6.923340e+01 4.147052e-05 1.073948e-04 2.222405e-04 2.814519e-03 1.669660e-02
5.000000e-01 3.070000e-01  2.790909e-01  1.000000e-01 3.661913e-06 8.000000e-04 2.558100e+03 3.180203e+01 2.288801e+01 6.923340e+01 4.483022e-05 1.144659e-04 2.342420e-04 2.966509e-03 1.759826e-02
5.000000e-01 3.070000e-01  2.790909e-01  1.000000e-01 3.759488e-06 8.000000e-04 2.558100e+03 3.180203e+01 2.288801e+01 6.923340e+01 4.714374e-05 1.180315e-04 2.468916e-04 3.126708e-03 1.854861e-02
5.000000e-01 3.070000e-01  2.790909e-01  1.000000e-01 3.859664e-06 8.000000e-04 2.558100e+03 3.180203e+01 2.288801e+01 6.923340e+01 4.976670e-05 1.258097e-04 2.602244e-04 3.295557e-03 1.955027e-02
5.000000e-01 3.070000e-01  2.790909e-01  1.000000e-01 3.962510e-06 8.000000e-04 2.558100e+03 3.180203e+01 2.288800e+01 6.923340e+01 5.187996e-05 1.317927e-04 2.742771e-04 3.473525e-03 2.060603e-02
5.000000e-01 3.070000e-01  2.790909e-01  1.000000e-01 4.068095e-06 8.000000e-04 2.558100e+03 3.180203e+01 2.288800e+01 6.923340e+01 5.476318e-05 1.396274e-04 2.890887e-04 3.661103e-03 2.171881e-02
5.000000e-01 3.070000e-01  2.790909e-01  1.000000e-01 4.176494e-06 8.000000e-04 2.558100e+03 3.180203e+01 2.288800e+01 6.923340e+01 5.774479e-05 1.477535e-04 3.047001e-04 3.858811e-03 2.289167e-02
5.000000e-01 3.070000e-01  2.790909e-01  1.000000e-01 4.287782e-06 8.000000e-04 2.558100e+03 3.180203e+01 2.288800e+01 6.923340e+01 6.152092e-05 1.560408e-04 3.211546e-04 4.067196e-03 2.412788e-02
5.000000e-01 3.070000e-01  2.790909e-01  1.000000e-01 4.402035e-06 8.000000e-04 2.558100e+03 3.180203e+01 2.288800e+01 6.923340e+01 6.411377e-05 1.643422e-04 3.384977e-04 4.286834e-03 2.543084e-02
5.000000e-01 3.070000e-01  2.790909e-01  1.000000e-01 4.519332e-06 8.000000e-04 2.558100e+03 3.180203e+01 2.288800e+01 6.923340e+01 6.800478e-05 1.732422e-04 3.567774e-04 4.518333e-03 2.680416e-02
5.000000e-01 3.070000e-01  2.790909e-01  1.000000e-01 4.639755e-06 8.000000e-04 2.558100e+03 3.180203e+01 2.288800e+01 6.923340e+01 7.199812e-05 1.824069e-04 3.760442e-04 4.762333e-03 2.825165e-02
5.000000e-01 3.070000e-01  2.790909e-01  1.000000e-01 4.763386e-06 8.000000e-04 2.558100e+03 3.180203e+01 2.288800e+01 6.923340e+01 7.551817e-05 1.909550e-04 3.963515e-04 5.019510e-03 2.977730e-02
5.000000e-01 3.070000e-01  2.790909e-01  1.000000e-01 4.890312e-06 8.000000e-04 2.558100e+03 3.180203e+01 2.288800e+01 6.923340e+01 7.860458e-05 2.025576e-04 4.177553e-04 5.290575e-03 3.138535e-02
5.000000e-01 3.070000e-01  2.790909e-01  1.000000e-01 5.020620e-06 8.000000e-04 2.558100e+03 3.180203e+01 2.288799e+01 6.923340e+01 8.321255e-05 2.117552e-04 4.403151e-04 5.576279e-03 3.308023e-02
5.000000e-01 3.070000e-01  2.790909e-01  1.000000e-01 5.154400e-06 8.000000e-04 2.558100e+03 3.180203e+01 2.288799e+01 6.923340e+01 8.651826e-05 2.238788e-04 4.640931e-04 5.877411e-03 3.486664e-02
5.000000e-01 3.070000e-01  2.790909e-01  1.000000e-01 5.291745e-06 8.000000e-04 2.558100e+03 3.180203e+01 2.288799e+01 6.923339e+01 9.410618e-05 2.364321e-04 4.891552e-04 6.194804e-03 3.674951e-02
5.000000e-01 3.070000e-01  2.790909e-01  1.000000e-01 5.432750e-06 8.000000e-04 2.558100e+03 3.180203e+01 2.288799e+01 6.923339e+01 9.868989e-05 2.504562e-04 5.155708e-04 6.529338e-03 3.873407e-02
5.000000e-01 3.070000e-01  2.790909e-01  1.000000e-01 5.577512e-06 8.000000e-04 2.558100e+03 3.180203e+01 2.288799e+01 6.923339e+01 1.033469e-04 2.655197e-04 5.434128e-04 6.881937e-03 4.082580e-02
5.000000e-01 3.070000e-01  2.790909e-01  1.000000e-01 5.726131e-06 8.000000e-04 2.558100e+03 3.180203e+01 2.288799e+01 6.923339e+01 1.099061e-04 2.774359e-04 5.727583e-04 7.253578e-03 4.303049e-02
5.000000e-01 3.070000e-01  2.790909e-01  1.000000e-01 5.878710e-06 8.000000e-04 2.558100e+03 3.180203e+01 2.288799e+01 6.923339e+01 1.164688e-04 2.924383e-04 6.036886e-04 7.645288e-03 4.535424e-02
5.000000e-01 3.070000e-01  2.790909e-01  1.000000e-01 6.035355e-06 8.000000e-04 2.558100e+03 3.180203e+01 2.288798e+01 6.923339e+01 1.194517e-04 3.080512e-04 6.362892e-04 8.058151e-03 4.780347e-02
5.000000e-01 3.070000e-01  2.790909e-01  1.000000e-01 6.196174e-06 8.000000e-04 2.558100e+03 3.180202e+01 2.288798e+01 6.923339e+01 1.289254e-04 3.236011e-04 6.706502e-04 8.493310e-03 5.038497e-02
5.000000e-01 3.070000e-01  2.790909e-01  1.000000e-01 6.361278e-06 8.000000e-04 2.558100e+03 3.180202e+01 2.288798e+01 6.923339e+01 1.338365e-04 3.415284e-04 7.068669e-04 8.951968e-03 5.310587e-02
5.000000e-01 3.070000e-01  2.790909e-01  1.000000e-01 6.530782e-06 8.000000e-04 2.558100e+03 3.180202e+01 2.288798e+01 6.923339e+01 1.403233e-04 3.591124e-04 7.450394e-04 9.435395e-03 5.597371e-02
5.000000e-01 3.070000e-01  2.790909e-01  1.000000e-01 6.704802e-06 8.000000e-04 2.558100e+03 3.180202e+01 2.288798e+01 6.923338e+01 1.494639e-04 3.812989e-04 7.852732e-04 9.944928e-03 5.899642e-02
5.000000e-01 3.070000e-01  2.790909e-01  1.000000e-01 6.883459e-06 8.000000e-04 2.558100e+03 3.180202e+01 2.288797e+01 6.923338e+01 1.613267e-04 4.034008e-04 8.276798e-04 1.048198e-02 6.218237e-02
5.000000e-01 3.070000e-01  2.790909e-01  1.000000e-01 7.066877e-06 8.000000e-04 2.558100e+03 3.180202e+01 2.288797e+01 6.923338e+01 1.657655e-04 4.234170e-04 8.723764e-04 1.104803e-02 6.554036e-02
5.000000e-01 3.070000e-01  2.790909e-01  1.000000e-01 7.255182e-06 8.000000e-04 2.558100e+03 3.180202e+01 2.288797e+01 6.923338e+01 1.754375e-04 4.423312e-04 9.194867e-04 1.164465e-02 6.907969e-02
5.000000e-01 3.070000e-01  2.790909e-01  1.000000e-01 7.448504e-06 8.000000e-04 2.558100e+03 3.180202e+01 2.288797e+01 6.923338e+01 1.822721e-04 4.660016e-04 9.691411e-04 1.227349e-02 7.281015e-02
5.000000e-01 3.070000e-01  2.790909e-01  1.000000e-01 7.646978e-06 8.000000e-04 2.558100e+03 3.180202e+01 2.288796e+01 6.923338e+01 1.983655e-04 4.954584e-04 1.021477e-03 1.293628e-02 7.674207e-02
5.000000e-01 3.070000e-01  2.790909e-01  1.000000e-01 7.850741e-06 8.000000e-04 2.558100e+03 3.180202e+01 2.288796e+01 6.923337e+01 2.056590e-04 5.196018e-04 1.076639e-03 1.363487e-02 8.088632e-02
5.000000e-01 3.070000e-01  2.790909e-01  1.000000e-01 8.059933e-06 8.000000e-04 2.558100e+03 3.180202e+01 2.288796e+01 6.923337e+01 2.183112e-04 5.457786e-04 1.134780e-03 1.437119e-02 8.525436e-02
5.000000e-01 3.070000e-01  2.790909e-01  1.000000e-01 8.274699e-06 8.000000e-04 2.558100e+03 3.180202e+01 2.288795e+01 6.923337e+01 2.294512e-04 5.793950e-04 1.196061e-03 1.514726e-02 8.985830e-02
5.000000e-01 3.070000e-01  2.790909e-01  1.000000e-01 8.495188e-06 8.000000e-04 2.558100e+03 3.180202e+01 2.288795e+01 6.923337e+01 2.390394e-04 6.120068e-04 1.260651e-03 1.596525e-02 9.471085e-02
5.000000e-01 3.070000e-01  2.790909e-01  1.000000e-01 8.721552e-06 8.000000e-04 2.558100e+03 3.180202e+01 2.288795e+01 6.923336e+01 2.575562e-04 6.399810e-04 1.328729e-03 1.682741e-02 9.982546e-02
5.000000e-01 3.070000e-01  2.790909e-01  1.000000e-01 8.953948e-06 8.000000e-04 2.558100e+03 3.180202e+01 2.288794e+01 6.923336e+01 2.692321e-04 6.756489e-04 1.400483e-03 1.773613e-02 1.052163e-01
5.000000e-01 3.070000e-01  2.790909e-01  1.000000e-01 9.192536e-06 8.000000e-04 2.558100e+03 3.180202e+01 2.288794e+01 6.923336e+01 2.865877e-04 7.122911e-04 1.476113e-03 1.869392e-02 1.108982e-01
5.000000e-01 3.070000e-01  2.790909e-01  1.000000e-01 9.437481e-06 8.000000e-04 2.558100e+03 3.180202e+01 2.288793e+01 6.923336e+01 2.946769e-04 7.554792e-04 1.555826e-03 1.970344e-02 1.168869e-01
5.000000e-01 3.070000e-01  2.790909e-01  1.000000e-01 9.688954e-06 8.000000e-04 2.558100e+03 3.180202e+01 2.288793e+01 6.923335e+01 3.056736e-04 7.985740e-04 1.639844e-03 2.076747e-02 1.231991e-01
5.000000e-01 3.070000e-01  2.790909e-01  1.000000e-01 9.947127e-06 8.000000e-04 2.558100e+03 3.180201e+01 2.288792e+01 6.923335e+01 3.312120e-04 8.363073e-04 1.728400e-03 2.188896e-02 1.298521e-01
5.000000e-01 3.070000e-01  2.790909e-01  1.000000e-01 1.021218e-05 8.000000e-04 2.558100e+03 3.180201e+01 2.288792e+01 6.923335e+01 3.469520e-04 8.846664e-04 1.821737e-03 2.307101e-02 1.368645e-01
5.000000e-01 3.070000e-01  2.790909e-01  1.000000e-01 1.048430e-05 8.000000e-04 2.558100e+03 3.180201e+01 2.288791e+01 6.923335e+01 3.564273e-04 9.348262e-04 1.920115e-03 2.431690e-02 1.442555e-01
5.000000e-01 3.070000e-01  2.790909e-01  1.000000e-01 1.076366e-05 8.000000e-04 2.558100e+03 3.180201e+01 2.288791e+01 6.923334e+01 3.891240e-04 9.749576e-04 2.023806e-03 2.563007e-02 1.520456e-01
5.000000e-01 3.070000e-01  2.790909e-01  1.000000e-01 1.105047e-05 8.000000e-04 2.558100e+03 3.180201e+01 2.288790e+01 6.923334e+01 3.995784e-04 1.028310e-03 2.133096e-03 2.701415e-02 1.602564e-01
5.000000e-01 3.070000e-01  2.790909e-01  1.000000e-01 1.134492e-05 8.000000e-04 2.558100e+03 3.180201e+01 2.288789e+01 6.923333e+01 4.366081e-04 1.089484e-03 2.248289e-03 2.847298e-02 1.689106e-01
5.000000e-01 3.070000e-01  2.790909e-01  1.000000e-01 1.164722e-05 8.000000e-04 2.558100e+03 3.180201e+01 2.288789e+01 6.923333e+01 4.463403e-04 1.150303e-03 2.369701e-03 3.001059e-02 1.780322e-01
5.000000e-01 3.070000e-01  2.790909e-01  1.000000e-01 1.195758e-05 8.000000e-04 2.558100e+03 3.180201e+01 2.288788e+01 6.923333e+01 4.759357e-04 1.193364e-03 2.497671e-03 3.163123e-02 1.876463e-01
5.000000e-01 3.070000e-01  2.790909e-01  1.000000e-01 1.227620e-05 8.000000e-04 2.558100e+03 3.180201e+01 2.288787e+01 6.923332e+01 4.960852e-04 1.266026e-03 2.632551e-03 3.333939e-02 1.977797e-01
5.000000e-01 3.070000e-01  2.790909e-01  1.000000e-01 1.260331e-05 8.000000e-04 2.558100e+03 3.180200e+01 2.288787e+01 6.923331e+01 5.411952e-04 1.333685e-03 2.774714e-03 3.513979e-02 2.084602e-01
5.000000e-01 3.070000e-01  2.790909e-01  1.000000e-01 1.293914e-05 8.000000e-04 2.558100e+03 3.180200e+01 2.288786e+01 6.923331e+01 5.560884e-04 1.416728e-03 2.924555e-03 3.703742e-02 2.197176e-01
5.000000e-01 3.070000e-01  2.790909e-01  1.000000e-01 1.328392e-05 8.000000e-04 2.558100e+03 3.180200e+01 2.288785e+01 6.923330e+01 5.899979e-04 1.483063e-03 3.082488e-03 3.903753e-02 2.315828e-01
5.000000e-01 3.070000e-01  2.790909e-01  1.000000e-01 1.363789e-05 8.000000e-04 2.558100e+03 3.180200e+01 2.288784e+01 6.923330e+01 6.173040e-04 1.566593e-03 3.248950e-03 4.114564e-02 2.440888e-01
5.000000e-01 3.070000e-01  2.790909e-01  1.000000e-01 1.400128e-05 8.000000e-04 2.558100e+03 3.180200e+01 2.288783e+01 6.923329e+01 6.691599e-04 1.642882e-03 3.424400e-03 4.336760e-02 2.572702e-01
5.000000e-01 3.070000e-01  2.790909e-01  1.000000e-01 1.437436e-05 8.000000e-04 2.558100e+03 3.180200e+01 2.288782e+01 6.923328e+01 6.862793e-04 1.744918e-03 3.609326e-03 4.570956e-02 2.711634e-01
5.000000e-01 3.070000e-01  2.790909e-01  1.000000e-01 1.475738e-05 8.000000e-04 2.558100e+03 3.180199e+01 2.288781e+01 6.923327e+01 7.179059e-04 1.845293e-03 3.804238e-03 4.817798e-02 2.858068e-01
5.000000e-01 3.070000e-01  2.790909e-01  1.000000e-01 1.515061e-05 8.000000e-04 2.558100e+03 3.180199e+01 2.288779e+01 6.923327e+01 7.621363e-04 1.935998e-03 4.009676e-03 5.077970e-02 3.012410e-01
5.000000e-01 3.070000e-01  2.790909e-01  1.000000e-01 1.555432e-05 8.000000e-04 2.558100e+03 3.180199e+01 2.288778e+01 6.923326e+01 8.144250e-04 2.050921e-03 4.226207e-03 5.352192e-02 3.175087e-01
5.000000e-01 3.070000e-01  2.790909e-01  1.000000e-01 1.596878e-05 8.000000e-04 2.558100e+03 3.180199e+01 2.288777e+01 6.923325e+01 8.570544e-04 2.148331e-03 4.454432e-03 5.641223e-02 3.346550e-01
5.000000e-01 3.070000e-01  2.790909e-01  1.000000e-01 1.639429e-05 8.000000e-04 2.558100e+03 3.180199e+01 2.288776e+01 6.923325e+01 8.887141e-04 2.266460e-03 4.694982e-03 5.945862e-02 3.527271e-01
5.000000e-01 3.070000e-01  2.790909e-01  1.000000e-01 1.683113e-05 8.000000e-04 2.558100e+03 3.180198e+01 2.288774e+01 6.923323e+01 9.748759e-04 2.398597e-03 4.948522e-03 6.266952e-02 3.717752e-01
5.000000e-01 3.070000e-01  2.790909e-01  1.000000e-01 1.727962e-05 8.000000e-04 2.558100e+03 3.180198e+01 2.288772e+01 6.923322e+01 9.743464e-04 2.544296e-03 5.215753e-03 6.605382e-02 3.918519e-01
5.000000e-01 3.070000e-01  2.790909e-01  1.000000e-01 1.774005e-05 8.000000e-04 2.558100e+03 3.180198e+01 2.288771e+01 6.923322e+01 1.060074e-03 2.657488e-03 5.497416e-03 6.962088e-02 4.130128e-01
5.000000e-01 3.070000e-01  2.790909e-01  1.000000e-01 1.821276e-05 8.000000e-04 2.558100e+03 3.180198e+01 2.288770e+01 6.923321e+01 1.115365e-03 2.802729e-03 5.794289e-03 7.338057e-02 4.353164e-01
5.000000e-01 3.070000e-01  2.790909e-01  1.000000e-01 1.869805e-05 8.000000e-04 2.558100e+03 3.180197e+01 2.288768e+01 6.923319e+01 1.165165e-03 2.970594e-03 6.107194e-03 7.734329e-02 4.588245e-01
5.000000e-01 3.070000e-01  2.790909e-01  1.000000e-01 1.919629e-05 8.000000e-04 2.558100e+03 3.180197e+01 2.288765e+01 6.923318e+01 1.257713e-03 3.116795e-03 6.436997e-03 8.152000e-02 4.836021e-01
5.000000e-01 3.070000e-01  2.790909e-01  1.000000e-01 1.970779e-05 8.000000e-04 2.558100e+03 3.180197e+01 2.288764e+01 6.923317e+01 1.293635e-03 3.276152e-03 6.784610e-03 8.592227e-02 5.097178e-01
5.000000e-01 3.070000e-01  2.790909e-01  1.000000e-01 2.023293e-05 8.000000e-04 2.558100e+03 3.180196e+01 2.288762e+01 6.923315e+01 1.358779e-03 3.455247e-03 7.150994e-03 9.056227e-02 5.372437e-01
5.000000e-01 3.070000e-01  2.790909e-01  1.000000e-01 2.077206e-05 8.000000e-04 2.558100e+03 3.180196e+01 2.288760e+01 6.923314e+01 1.431227e-03 3.661663e-03 7.537164e-03 9.545285e-02 5.662561e-01
5.000000e-01 3.070000e-01  2.790909e-01  1.000000e-01 2.132555e-05 8.000000e-04 2.558100e+03 3.180196e+01 2.288758e+01 6.923313e+01 1.529032e-03 3.831297e-03 7.944189e-03 1.006075e-01 5.968352e-01
5.000000e-01 3.070000e-01  2.790909e-01  1.000000e-01 2.189380e-05 8.000000e-04 2.558100e+03 3.180195e+01 2.288756e+01 6.923312e+01 1.566118e-03 4.055622e-03 8.373193e-03 1.060406e-01 6.290657e-01
5.000000e-01 3.070000e-01  2.790909e-01  1.000000e-01 2.247718e-05 8.000000e-04 2.558100e+03 3.180195e+01 2.288753e+01 6.923310e+01 1.681642e-03 4.271746e-03 8.825365e-03 1.117670e-01 6.630367e-01
5.000000e-01 3.070000e-01  2.790909e-01  1.000000e-01 2.307611e-05 8.000000e-04 2.558100e+03 3.180194e+01 2.288750e+01 6.923308e+01 1.815389e-03 4.476968e-03 9.301955e-03 1.178027e-01 6.988422e-01
5.000000e-01 3.070000e-01  2.790909e-01  1.000000e-01 2.369100e-05 8.000000e-04 2.558100e+03 3.180194e+01 2.288747e+01 6.923306e+01 1.885657e-03 4.732338e-03 9.804282e-03 1.241643e-01 7.365813e-01
5.000000e-01 3.070000e-01  2.790909e-01  1.000000e-01 2.432228e-05 8.000000e-04 2.558100e+03 3.180194e+01 2.288744e+01 6.923305e+01 1.928653e-03 4.999544e-03 1.033374e-02 1.308694e-01 7.763584e-01
5.000000e-01 3.070000e-01  2.790909e-01  1.000000e-01 2.497037e-05 8.000000e-04 2.558100e+03 3.180193e+01 2.288740e+01 6.923302e+01 2.115615e-03 5.259603e-03 1.089178e-02 1.379367e-01 8.182836e-01
5.000000e-01 3.070000e-01  2.790909e-01  1.000000e-01 2.563574e-05 8.000000e-04 2.558100e+03 3.180192e+01 2.288737e+01 6.923300e+01 2.216756e-03 5.595722e-03 1.147996e-02 1.453856e-01 8.624728e-01
5.000000e-01 3.070000e-01  2.790909e-01  1.000000e-01 2.631883e-05 8.000000e-04 2.558100e+03 3.180192e+01 2.288733e+01 6.923299e+01 2.253765e-03 5.864789e-03 1.209991e-02 1.532368e-01 9.090483e-01
5.000000e-01 3.070000e-01  2.790909e-01  1.000000e-01 2.702013e-05 8.000000e-04 2.558100e+03 3.180191e+01 2.288731e+01 6.923296e+01 2.447131e-03 6.138517e-03 1.275333e-02 1.615119e-01 9.581390e-01
5.000000e-01 3.070000e-01  2.790909e-01  1.000000e-01 2.774011e-05 8.000000e-04 2.558100e+03 3.180191e+01 2.288727e+01 6.923294e+01 2.512265e-03 6.493378e-03 1.344204e-02 1.702339e-01 1.009881e+00
5.000000e-01 3.070000e-01  2.790909e-01  1.000000e-01 2.847928e-05 8.000000e-04 2.558100e+03 3.180190e+01 2.288722e+01 6.923291e+01 2.765580e-03 6.885208e-03 1.416794e-02 1.794269e-01 1.064417e+00
5.000000e-01 3.070000e-01  2.790909e-01  1.000000e-01 2.923814e-05 8.000000e-04 2.558100e+03 3.180189e+01 2.288718e+01 6.923288e+01 2.905038e-03 7.207646e-03 1.493304e-02 1.891164e-01 1.121898e+00
5.000000e-01 3.070000e-01  2.790909e-01  1.000000e-01 3.001722e-05 8.000000e-04 2.558100e+03 3.180188e+01 2.288715e+01 6.923285e+01 3.021036e-03 7.632890e-03 1.573946e-02 1.993291e-01 1.182483e+00
5.000000e-01 3.070000e-01  2.790909e-01  1.000000e-01 3.081707e-05 8.000000e-04 2.558100e+03 3.180187e+01 2.288709e+01 6.923282e+01 3.167404e-03 7.992447e-03 1.658943e-02 2.100934e-01 1.246339e+00
5.000000e-01 3.070000e-01  2.790909e-01  1.000000e-01 3.163822e-05 8.000000e-04 2.558100e+03 3.180186e+01 2.288702e+01 6.923278e+01 3.365304e-03 8.494103e-03 1.748530e-02 2.214389e-01 1.313645e+00
5.000000e-01 3.070000e-01  2.790909e-01  1.000000e-01 3.248126e-05 8.000000e-04 2.558100e+03 3.180186e+01 2.288697e+01 6.923277e+01 3.543789e-03 8.920562e-03 1.842954e-02 2.333971e-01 1.384584e+00
5.000000e-01 3.070000e-01  2.790909e-01  1.000000e-01 3.334676e-05 8.000000e-04 2.558100e+03 3.180185e+01 2.288693e+01 6.923272e+01 3.703384e-03 9.454361e-03 1.942478e-02 2.460011e-01 1.459355e+00
5.000000e-01 3.070000e-01  2.790909e-01  1.000000e-01 3.423532e-05 8.000000e-04 2.558100e+03 3.180184e+01 2.288688e+01 6.923270e+01 3.822241e-03 9.825288e-03 2.047376e-02 2.592857e-01 1.538164e+00
5.000000e-01 3.070000e-01  2.790909e-01  1.000000e-01 3.514756e-05 8.000000e-04 2.558100e+03 3.180183e+01 2.288681e+01 6.923265e+01 4.240300e-03 1.042182e-02 2.157939e-02 2.732877e-01 1.621228e+00
5.000000e-01 3.070000e-01  2.790909e-01  1.000000e-01 3.608411e-05 8.000000e-04 2.558100e+03 3.180182e+01 2.288673e+01 6.923261e+01 4.349005e-03 1.101030e-02 2.274473e-02 2.880459e-01 1.708778e+00
5.000000e-01 3.070000e-01  2.790909e-01  1.000000e-01 3.704561e-05 8.000000e-04 2.558100e+03 3.180179e+01 2.288667e+01 6.923253e+01 4.653708e-03 1.166721e-02 2.397300e-02 3.036010e-01 1.801056e+00
5.000000e-01 3.070000e-01  2.790909e-01  1.000000e-01 3.803273e-05 8.000000e-04 2.558100e+03 3.180180e+01 2.288658e+01 6.923253e+01 4.829356e-03 1.226201e-02 2.526760e-02 3.199962e-01 1.898317e+00
5.000000e-01 3.070000e-01  2.790909e-01  1.000000e-01 3.904616e-05 8.000000e-04 2.558100e+03 3.180177e+01 2.288650e+01 6.923244e+01 5.119090e-03 1.287282e-02 2.663211e-02 3.372767e-01 2.000831e+00
5.000000e-01 3.070000e-01  2.790909e-01  1.000000e-01 4.008659e-05 8.000000e-04 2.558100e+03 3.180176e+01 2.288642e+01 6.923240e+01 5.270346e-03 1.356731e-02 2.807030e-02 3.554905e-01 2.108880e+00
5.000000e-01 3.070000e-01  2.790909e-01  1.000000e-01 4.115474e-05 8.000000e-04 2.558100e+03 3.180176e+01 2.288634e+01 6.923238e+01 5.630449e-03 1.443877e-02 2.958616e-02 3.746878e-01 2.222765e+00
5.000000e-01 3.070000e-01  2.790909e-01  1.000000e-01 4.225136e-05 8.000000e-04 2.558100e+03 3.180173e+01 2.288626e+01 6.923229e+01 5.950358e-03 1.513278e-02 3.118388e-02 3.949218e-01 2.342799e+00
5.000000e-01 3.070000e-01  2.790909e-01  1.000000e-01 4.337719e-05 8.000000e-04 2.558100e+03 3.180172e+01 2.288616e+01 6.923224e+01 6.269045e-03 1.593873e-02 3.286789e-02 4.162485e-01 2.469316e+00
5.000000e-01 3.070000e-01  2.790909e-01  1.000000e-01 4.453303e-05 8.000000e-04 2.558100e+03 3.180170e+01 2.288608e+01 6.923220e+01 6.743156e-03 1.663494e-02 3.464283e-02 4.387268e-01 2.602665e+00
5.000000e-01 3.070000e-01  2.790909e-01  1.000000e-01 4.571966e-05 8.000000e-04 2.558100e+03 3.180169e+01 2.288595e+01 6.923211e+01 6.911484e-03 1.768204e-02 3.651362e-02 4.624191e-01 2.743215e+00
5.000000e-01 3.070000e-01  2.790909e-01  1.000000e-01 4.693791e-05 8.000000e-04 2.558100e+03 3.180167e+01 2.288586e+01 6.923205e+01 7.260399e-03 1.854700e-02 3.848544e-02 4.873908e-01 2.891355e+00
5.000000e-01 3.070000e-01  2.790909e-01  1.000000e-01 4.818863e-05 8.000000e-04 2.558100e+03 3.180164e+01 2.288574e+01 6.923197e+01 7.761262e-03 1.947563e-02 4.056374e-02 5.137110e-01 3.047494e+00
5.000000e-01 3.070000e-01  2.790909e-01  1.000000e-01 4.947267e-05 8.000000e-04 2.558100e+03 3.180162e+01 2.288557e+01 6.923188e+01 8.175526e-03 2.088006e-02 4.275428e-02 5.414526e-01 3.212066e+00
5.000000e-01 3.070000e-01  2.790909e-01  1.000000e-01 5.079093e-05 8.000000e-04 2.558100e+03 3.180160e+01 2.288551e+01 6.923181e+01 8.676854e-03 2.177163e-02 4.506311e-02 5.706923e-01 3.385525e+00
5.000000e-01 3.070000e-01  2.790909e-01  1.000000e-01 5.214431e-05 8.000000e-04 2.558100e+03 3.180157e+01 2.288536e+01 6.923170e+01 9.062796e-03 2.298998e-02 4.749662e-02 6.015110e-01 3.568351e+00
5.000000e-01 3.070000e-01  2.790909e-01  1.000000e-01 5.353375e-05 8.000000e-04 2.558100e+03 3.180157e+01 2.288525e+01 6.923168e+01 9.537269e-03 2.430982e-02 5.006155e-02 6.339940e-01 3.761050e+00
5.000000e-01 3.070000e-01  2.790909e-01  1.000000e-01 5.496022e-05 8.000000e-04 2.558100e+03 3.180153e+01 2.288505e+01 6.923152e+01 9.860478e-03 2.549488e-02 5.276499e-02 6.682311e-01 3.964156e+00
5.000000e-01 3.070000e-01  2.790909e-01  1.000000e-01 5.642470e-05 8.000000e-04 2.558100e+03 3.180153e+01 2.288487e+01 6.923146e+01 1.042592e-02 2.697714e-02 5.561442e-02 7.043172e-01 4.178229e+00
5.000000e-01 3.070000e-01  2.790909e-01  1.000000e-01 5.792820e-05 8.000000e-04 2.558100e+03 3.180147e+01 2.288469e+01 6.923130e+01 1.138216e-02 2.849681e-02 5.861772e-02 7.423519e-01 4.403864e+00
5.000000e-01 3.070000e-01  2.790909e-01  1.000000e-01 5.947176e-05 8.000000e-04 2.558100e+03 3.180146e+01 2.288452e+01 6.923125e+01 1.174807e-02 3.016445e-02 6.178322e-02 7.824406e-01 4.641682e+00
5.000000e-01 3.070000e-01  2.790909e-01  1.000000e-01 6.105646e-05 8.000000e-04 2.558100e+03 3.180139e+01 2.288433e+01 6.923103e+01 1.261731e-02 3.162457e-02 6.511965e-02 8.246943e-01 4.892344e+00
5.000000e-01 3.070000e-01  2.790909e-01  1.000000e-01 6.268338e-05 8.000000e-04 2.558100e+03 3.180141e+01 2.288417e+01 6.923103e+01 1.299238e-02 3.329789e-02 6.863627e-02 8.692296e-01 5.156542e+00
5.000000e-01 3.070000e-01  2.790909e-01  1.000000e-01 6.435365e-05 8.000000e-04 2.558100e+03 3.180137e+01 2.288399e+01 6.923088e+01 1.369271e-02 3.500813e-02 7.234278e-02 9.161701e-01 5.435007e+00
5.000000e-01 3.070000e-01  2.790909e-01  1.000000e-01 6.606842e-05 8.000000e-04 2.558100e+03 3.180133e+01 2.288371e+01 6.923074e+01 1.458319e-02 3.687831e-02 7.624946e-02 9.656454e-01 5.728510e+00
5.000000e-01 3.070000e-01  2.790909e-01  1.000000e-01 6.782889e-05 8.000000e-04 2.558100e+03 3.180127e+01 2.288341e+01 6.923054e+01 1.524938e-02 3.953103e-02 8.036711e-02 1.017792e+00 6.037863e+00
5.000000e-01 3.070000e-01  2.790909e-01  1.000000e-01 6.963627e-05 8.000000e-04 2.558100e+03 3.180124e+01 2.288329e+01 6.923046e+01 1.645384e-02 4.090538e-02 8.470712e-02 1.072756e+00 6.363921e+00
5.000000e-01 3.070000e-01  2.790909e-01  1.000000e-01 7.149181e-05 8.000000e-04 2.558100e+03 3.180122e+01 2.288301e+01 6.923028e+01 1.684025e-02 4.334303e-02 8.928150e-02 1.130687e+00 6.707588e+00
5.000000e-01 3.070000e-01  2.790909e-01  1.000000e-01 7.339679e-05 8.000000e-04 2.558100e+03 3.180114e+01 2.288270e+01 6.923006e+01 1.777039e-02 4.567558e-02 9.410290e-02 1.191747e+00 7.069813e+00
5.000000e-01 3.070000e-01  2.790909e-01  1.000000e-01 7.535253e-05 8.000000e-04 2.558100e+03 3.180106e+01 2.288252e+01 6.922987e+01 1.938184e-02 4.819644e-02 9.918468e-02 1.256104e+00 7.451599e+00
5.000000e-01 3.070000e-01  2.790909e-01  1.000000e-01 7.736039e-05 8.000000e-04 2.558100e+03 3.180106e+01 2.288213e+01 6.922973e+01 2.025665e-02 5.060066e-02 1.045409e-01 1.323936e+00 7.854003e+00
5.000000e-01 3.070000e-01  2.790909e-01  1.000000e-01 7.942174e-05 8.000000e-04 2.558100e+03 3.180097e+01 2.288173e+01 6.922942e+01 2.155221e-02 5.359026e-02 1.101863e-01 1.395432e+00 8.278137e+00
5.000000e-01 3.070000e-01  2.790909e-01  1.000000e-01 8.153803e-05 8.000000e-04 2.558100e+03 3.180095e+01 2.288155e+01 6.922939e+01 2.218809e-02 5.614262e-02 1.161366e-01 1.470788e+00 8.725176e+00
5.000000e-01 3.070000e-01  2.790909e-01  1.000000e-01 8.371070e-05 8.000000e-04 2.558100e+03 3.180086e+01 2.288104e+01 6.922901e+01 2.346722e-02 5.943025e-02 1.224083e-01 1.550214e+00 9.196355e+00
5.000000e-01 3.070000e-01  2.790909e-01  1.000000e-01 8.594127e-05 8.000000e-04 2.558100e+03 3.180083e+01 2.288067e+01 6.922882e+01 2.488374e-02 6.257966e-02 1.290186e-01 1.633929e+00 9.692980e+00
5.000000e-01 3.070000e-01  2.790909e-01  1.000000e-01 8.823127e-05 8.000000e-04 2.558100e+03 3.180072e+01 2.288036e+01 6.922855e+01 2.653819e-02 6.547623e-02 1.359859e-01 1.722165e+00 1.021642e+01
5.000000e-01 3.070000e-01  2.790909e-01  1.000000e-01 9.058230e-05 8.000000e-04 2.558100e+03 3.180067e+01 2.287985e+01 6.922828e+01 2.718758e-02 6.966821e-02 1.433295e-01 1.815166e+00 1.076813e+01
5.000000e-01 3.070000e-01  2.790909e-01  1.000000e-01 9.299597e-05 8.000000e-04 2.558100e+03 3.180060e+01 2.287957e+01 6.922798e+01 2.890673e-02 7.326377e-02 1.510696e-01 1.913189e+00 1.134964e+01
5.000000e-01 3.070000e-01  2.790909e-01  1.000000e-01 9.547395e-05 8.000000e-04 2.558100e+03 3.180055e+01 2.287878e+01 6.922774e+01 3.004490e-02 7.684801e-02 1.592277e-01 2.016506e+00 1.196254e+01
5.000000e-01 3.070000e-01  2.790909e-01  1.000000e-01 9.801796e-05 8.000000e-04 2.558100e+03 3.180042e+01 2.287878e+01 6.922743e+01 3.176610e-02 8.051921e-02 1.678264e-01 2.125402e+00 1.260855e+01
5.000000e-01 3.070000e-01  2.790909e-01  1.000000e-01 1.006298e-04 8.000000e-04 2.558100e+03 3.180038e+01 2.287817e+01 6.922721e+01 3.401247e-02 8.568631e-02 1.768894e-01 2.240179e+00 1.328944e+01
5.000000e-01 3.070000e-01  2.790909e-01  1.000000e-01 1.033112e-04 8.000000e-04 2.558100e+03 3.180034e+01 2.287776e+01 6.922700e+01 3.508444e-02 8.982907e-02 1.864418e-01 2.361154e+00 1.400710e+01
5.000000e-01 3.070000e-01  2.790909e-01  1.000000e-01 1.060640e-04 8.000000e-04 2.558100e+03 3.180017e+01 2.287691e+01 6.922647e+01 3.787006e-02 9.485412e-02 1.965101e-01 2.488661e+00 1.476352e+01
5.000000e-01 3.070000e-01  2.790909e-01  1.000000e-01 1.088902e-04 8.000000e-04 2.558100e+03 3.180012e+01 2.287634e+01 6.922610e+01 3.928138e-02 1.004814e-01 2.071221e-01 2.623055e+00 1.556078e+01
5.000000e-01 3.070000e-01  2.790909e-01  1.000000e-01 1.117917e-04 8.000000e-04 2.558100e+03 3.179991e+01 2.287594e+01 6.922563e+01 4.177310e-02 1.054317e-01 2.183072e-01 2.764706e+00 1.640110e+01
5.000000e-01 3.070000e-01  2.790909e-01  1.000000e-01 1.147705e-04 8.000000e-04 2.558100e+03 3.179997e+01 2.287505e+01 6.922543e+01 4.330870e-02 1.114593e-01 2.300963e-01 2.914006e+00 1.728680e+01
5.000000e-01 3.070000e-01  2.790909e-01  1.000000e-01 1.178287e-04 8.000000e-04 2.558100e+03 3.179970e+01 2.287401e+01 6.922455e+01 4.597040e-02 1.176050e-01 2.425220e-01 3.071369e+00 1.822032e+01
5.000000e-01 3.070000e-01  2.790909e-01  1.000000e-01 1.209684e-04 8.000000e-04 2.558100e+03 3.179958e+01 2.287344e+01 6.922426e+01 5.019756e-02 1.240959e-01 2.556188e-01 3.237230e+00 1.920426e+01
5.000000e-01 3.070000e-01  2.790909e-01  1.000000e-01 1.241917e-04 8.000000e-04 2.558100e+03 3.179948e+01 2.287290e+01 6.922390e+01 5.034619e-02 1.294484e-01 2.694228e-01 3.412048e+00 2.024134e+01
5.000000e-01 3.070000e-01  2.790909e-01  1.000000e-01 1.275010e-04 8.000000e-04 2.558100e+03 3.179941e+01 2.287164e+01 6.922333e+01 5.407358e-02 1.385822e-01 2.839722e-01 3.596307e+00 2.133442e+01
5.000000e-01 3.070000e-01  2.790909e-01  1.000000e-01 1.308984e-04 8.000000e-04 2.558100e+03 3.179923e+01 2.287124e+01 6.922294e+01 5.646683e-02 1.438774e-01 2.993074e-01 3.790516e+00 2.248652e+01
5.000000e-01 3.070000e-01  2.790909e-01  1.000000e-01 1.343863e-04 8.000000e-04 2.558100e+03 3.179907e+01 2.287011e+01 6.922223e+01 6.110174e-02 1.524696e-01 3.154707e-01 3.995212e+00 2.370085e+01
5.000000e-01 3.070000e-01  2.790909e-01  1.000000e-01 1.379672e-04 8.000000e-04 2.558100e+03 3.179896e+01 2.286892e+01 6.922158e+01 6.319616e-02 1.623333e-01 3.325068e-01 4.210963e+00 2.498075e+01
5.000000e-01 3.070000e-01  2.790909e-01  1.000000e-01 1.416435e-04 8.000000e-04 2.558100e+03 3.179860e+01 2.286876e+01 6.922086e+01 6.686459e-02 1.694376e-01 3.504629e-01 4.438365e+00 2.632977e+01
5.000000e-01 3.070000e-01  2.790909e-01  1.000000e-01 1.454177e-04 8.000000e-04 2.558100e+03 3.179856e+01 2.286747e+01 6.922043e+01 7.080064e-02 1.787431e-01 3.693888e-01 4.678047e+00 2.775163e+01
5.000000e-01 3.070000e-01  2.790909e-01  1.000000e-01 1.492926e-04 8.000000e-04 2.558100e+03 3.179824e+01 2.286601e+01 6.921934e+01 7.390619e-02 1.907056e-01 3.893366e-01 4.930672e+00 2.925029e+01
5.000000e-01 3.070000e-01  2.790909e-01  1.000000e-01 1.532706e-04 8.000000e-04 2.558100e+03 3.179819e+01 2.286475e+01 6.921882e+01 7.966081e-02 1.986591e-01 4.103617e-01 5.196940e+00 3.082987e+01
5.000000e-01 3.070000e-01  2.790909e-01  1.000000e-01 1.573547e-04 8.000000e-04 2.558100e+03 3.179791e+01 2.286397e+01 6.921797e+01 8.189993e-02 2.093227e-01 4.325222e-01 5.477587e+00 3.249475e+01
5.000000e-01 3.070000e-01  2.790909e-01  1.000000e-01 1.615476e-04 8.000000e-04 2.558100e+03 3.179789e+01 2.286219e+01 6.921757e+01 8.667438e-02 2.209349e-01 4.558794e-01 5.773389e+00 3.424955e+01
5.000000e-01 3.070000e-01  2.790909e-01  1.000000e-01 1.658522e-04 8.000000e-04 2.558100e+03 3.179773e+01 2.286125e+01 6.921686e+01 8.916409e-02 2.314949e-01 4.804979e-01 6.085165e+00 3.609910e+01
5.000000e-01 3.070000e-01  2.790909e-01  1.000000e-01 1.702715e-04 8.000000e-04 2.558100e+03 3.179722e+01 2.285956e+01 6.921549e+01 9.544240e-02 2.430985e-01 5.064459e-01 6.413778e+00 3.804854e+01
5.000000e-01 3.070000e-01  2.790909e-01  1.000000e-01 1.748086e-04 8.000000e-04 2.558100e+03 3.179712e+01 2.285845e+01 6.921479e+01 1.009728e-01 2.586219e-01 5.337951e-01 6.760137e+00 4.010324e+01
5.000000e-01 3.070000e-01  2.790909e-01  1.000000e-01 1.794666e-04 8.000000e-04 2.558100e+03 3.179669e+01 2.285665e+01 6.921348e+01 1.079094e-01 2.717907e-01 5.626213e-01 7.125200e+00 4.226891e+01
5.000000e-01 3.070000e-01  2.790909e-01  1.000000e-01 1.842487e-04 8.000000e-04 2.558100e+03 3.179658e+01 2.285489e+01 6.921262e+01 1.106902e-01 2.906304e-01 5.930042e-01 7.509977e+00 4.455153e+01
5.000000e-01 3.070000e-01  2.790909e-01  1.000000e-01 1.891582e-04 8.000000e-04 2.558100e+03 3.179602e+01 2.285337e+01 6.921113e+01 1.183081e-01 3.012352e-01 6.250278e-01 7.915533e+00 4.695742e+01
5.000000e-01 3.070000e-01  2.790909e-01  1.000000e-01 1.941986e-04 8.000000e-04 2.558100e+03 3.179603e+01 2.285118e+01 6.921056e+01 1.229344e-01 3.175336e-01 6.587807e-01 8.342991e+00 4.949323e+01
5.000000e-01 3.070000e-01  2.790909e-01  1.000000e-01 1.993732e-04 8.000000e-04 2.558100e+03 3.179559e+01 2.284825e+01 6.920883e+01 1.343548e-01 3.370295e-01 6.943564e-01 8.793531e+00 5.216597e+01
5.000000e-01 3.070000e-01  2.790909e-01  1.000000e-01 2.046857e-04 8.000000e-04 2.558100e+03 3.179487e+01 2.284666e+01 6.920697e+01 1.402202e-01 3.538904e-01 7.318532e-01 9.268402e+00 5.498306e+01
5.000000e-01 3.070000e-01  2.790909e-01  1.000000e-01 2.101398e-04 8.000000e-04 2.558100e+03 3.179510e+01 2.284550e+01 6.920707e+01 1.430317e-01 3.705728e-01 7.713750e-01 9.768918e+00 5.795227e+01
5.000000e-01 3.070000e-01  2.790909e-01  1.000000e-01 2.157392e-04 8.000000e-04 2.558100e+03 3.179421e+01 2.284278e+01 6.920469e+01 1.556153e-01 3.924186e-01 8.130310e-01 1.029646e+01 6.108183e+01
5.000000e-01 3.070000e-01  2.790909e-01  1.000000e-01 2.214878e-04 8.000000e-04 2.558100e+03 3.179389e+01 2.283947e+01 6.920269e+01 1.634243e-01 4.161257e-01 8.569366e-01 1.085249e+01 6.438039e+01
5.000000e-01 3.070000e-01  2.790909e-01  1.000000e-01 2.273896e-04 8.000000e-04 2.558100e+03 3.179323e+01 2.283670e+01 6.920118e+01 1.763004e-01 4.378214e-01 9.032131e-01 1.143855e+01 6.785708e+01
5.000000e-01 3.070000e-01  2.790909e-01  1.000000e-01 2.334487e-04 8.000000e-04 2.558100e+03 3.179313e+01 2.283517e+01 6.920014e+01 1.797107e-01 4.651318e-01 9.519887e-01 1.205626e+01 7.152152e+01
5.000000e-01 3.070000e-01  2.790909e-01  1.000000e-01 2.396692e-04 8.000000e-04 2.558100e+03 3.179253e+01 2.283122e+01 6.919785e+01 1.938186e-01 4.846117e-01 1.003398e+00 1.270733e+01 7.538384e+01
5.000000e-01 3.070000e-01  2.790909e-01  1.000000e-01 2.460555e-04 8.000000e-04 2.558100e+03 3.179198e+01 2.282930e+01 6.919627e+01 2.016674e-01 5.086388e-01 1.057584e+00 1.339355e+01 7.945474e+01
5.000000e-01 3.070000e-01  2.790909e-01  1.000000e-01 2.526119e-04 8.000000e-04 2.558100e+03 3.179173e+01 2.282644e+01 6.919465e+01 2.141815e-01 5.374831e-01 1.114696e+00 1.411684e+01 8.374548e+01
5.000000e-01 3.070000e-01  2.790909e-01  1.000000e-01 2.593430e-04 8.000000e-04 2.558100e+03 3.179088e+01 2.282308e+01 6.919179e+01 2.257581e-01 5.661440e-01 1.174892e+00 1.487918e+01 8.826793e+01
5.000000e-01 3.070000e-01  2.790909e-01  1.000000e-01 2.662535e-04 8.000000e-04 2.558100e+03 3.179031e+01 2.281809e+01 6.918979e+01 2.420798e-01 5.991240e-01 1.238339e+00 1.568269e+01 9.303461e+01
5.000000e-01 3.070000e-01  2.790909e-01  1.000000e-01 2.733482e-04 8.000000e-04 2.558100e+03 3.178991e+01 2.281315e+01 6.918703e+01 2.459809e-01 6.357938e-01 1.305212e+00 1.652959e+01 9.805869e+01
5.000000e-01 3.070000e-01  2.790909e-01  1.000000e-01 2.806318e-04 8.000000e-04 2.558100e+03 3.178925e+01 2.281098e+01 6.918490e+01 2.581914e-01 6.667969e-01 1.375697e+00 1.742223e+01 1.033541e+02
5.000000e-01 3.070000e-01  2.790909e-01  1.000000e-01 2.881096e-04 8.000000e-04 2.558100e+03 3.178853e+01 2.280621e+01 6.918246e+01 2.751558e-01 7.018250e-01 1.449988e+00 1.836307e+01 1.089354e+02
5.000000e-01 3.070000e-01  2.790909e-01  1.000000e-01 2.957866e-04 8.000000e-04 2.558100e+03 3.178784e+01 2.280309e+01 6.917987e+01 2.910353e-01 7.368188e-01 1.528290e+00 1.935471e+01 1.148182e+02
5.000000e-01 3.070000e-01  2.790909e-01  1.000000e-01 3.036682e-04 8.000000e-04 2.558100e+03 3.178660e+01 2.280057e+01 6.917710e+01 3.039132e-01 7.788335e-01 1.610822e+00 2.039991e+01 1.210187e+02
5.000000e-01 3.070000e-01  2.790909e-01  1.000000e-01 3.117598e-04 8.000000e-04 2.558100e+03 3.178572e+01 2.279309e+01 6.917360e+01 3.225597e-01 8.243503e-01 1.697810e+00 2.150156e+01 1.275540e+02
5.000000e-01 3.070000e-01  2.790909e-01  1.000000e-01 3.200670e-04 8.000000e-04 2.558100e+03 3.178527e+01 2.278810e+01 6.917138e+01 3.426164e-01 8.596023e-01 1.789495e+00 2.266269e+01 1.344422e+02
5.000000e-01 3.070000e-01  2.790909e-01  1.000000e-01 3.285955e-04 8.000000e-04 2.558100e+03 3.178432e+01 2.278349e+01 6.916698e+01 3.593497e-01 9.055534e-01 1.886132e+00 2.388653e+01 1.417023e+02
5.000000e-01 3.070000e-01  2.790909e-01  1.000000e-01 3.373513e-04 8.000000e-04 2.558100e+03 3.178381e+01 2.277793e+01 6.916474e+01 3.752819e-01 9.620680e-01 1.987988e+00 2.517646e+01 1.493546e+02
5.000000e-01 3.070000e-01  2.790909e-01  1.000000e-01 3.463404e-04 8.000000e-04 2.558100e+03 3.178178e+01 2.277056e+01 6.915905e+01 4.019673e-01 1.012673e+00 2.095344e+00 2.653604e+01 1.574201e+02
5.000000e-01 3.070000e-01  2.790909e-01  1.000000e-01 3.555691e-04 8.000000e-04 2.558100e+03 3.178139e+01 2.276463e+01 6.915695e+01 4.249904e-01 1.064332e+00 2.208497e+00 2.796905e+01 1.659211e+02
5.000000e-01 3.070000e-01  2.790909e-01  1.000000e-01 3.650436e-04 8.000000e-04 2.558100e+03 3.178068e+01 2.275955e+01 6.915412e+01 4.350971e-01 1.128539e+00 2.327761e+00 2.947944e+01 1.748813e+02
5.000000e-01 3.070000e-01  2.790909e-01  1.000000e-01 3.747706e-04 8.000000e-04 2.558100e+03 3.177934e+01 2.275139e+01 6.914924e+01 4.614364e-01 1.193737e+00 2.453466e+00 3.107140e+01 1.843253e+02
5.000000e-01 3.070000e-01  2.790909e-01  1.000000e-01 3.847568e-04 8.000000e-04 2.558100e+03 3.177774e+01 2.274585e+01 6.914351e+01 4.908219e-01 1.251306e+00 2.585958e+00 3.274933e+01 1.942793e+02
5.000000e-01 3.070000e-01  2.790909e-01  1.000000e-01 3.950091e-04 8.000000e-04 2.558100e+03 3.177667e+01 2.273456e+01 6.913779e+01 4.955190e-01 1.327696e+00 2.725606e+00 3.451787e+01 2.047708e+02
5.000000e-01 3.070000e-01  2.790909e-01  1.000000e-01 4.055346e-04 8.000000e-04 2.558100e+03 3.177640e+01 2.272828e+01 6.913587e+01 5.470460e-01 1.390504e+00 2.872795e+00 3.638191e+01 2.158289e+02
5.000000e-01 3.070000e-01  2.790909e-01  1.000000e-01 4.163405e-04 8.000000e-04 2.558100e+03 3.177267e+01 2.271882e+01 6.912668e+01 5.823995e-01 1.464141e+00 3.027933e+00 3.834662e+01 2.274841e+02
5.000000e-01 3.070000e-01  2.790909e-01  1.000000e-01 4.274344e-04 8.000000e-04 2.558100e+03 3.177205e+01 2.271587e+01 6.912366e+01 6.091474e-01 1.549221e+00 3.191448e+00 4.041743e+01 2.397688e+02
5.000000e-01 3.070000e-01  2.790909e-01  1.000000e-01 4.388239e-04 8.000000e-04 2.558100e+03 3.177188e+01 2.270027e+01 6.911909e+01 6.367405e-01 1.622727e+00 3.363794e+00 4.260006e+01 2.527169e+02
5.000000e-01 3.070000e-01  2.790909e-01  1.000000e-01 4.505168e-04 8.000000e-04 2.558100e+03 3.176939e+01 2.268791e+01 6.911130e+01 6.792848e-01 1.718565e+00 3.545446e+00 4.490057e+01 2.663642e+02
5.000000e-01 3.070000e-01  2.790909e-01  1.000000e-01 4.625214e-04 8.000000e-04 2.558100e+03 3.176717e+01 2.268231e+01 6.910470e+01 7.185139e-01 1.801502e+00 3.736909e+00 4.732530e+01 2.807485e+02
5.000000e-01 3.070000e-01  2.790909e-01  1.000000e-01 4.748458e-04 8.000000e-04 2.558100e+03 3.176487e+01 2.266997e+01 6.909898e+01 7.403728e-01 1.913054e+00 3.938710e+00 4.988098e+01 2.959095e+02
5.000000e-01 3.070000e-01  2.790909e-01  1.000000e-01 4.874986e-04 8.000000e-04 2.558100e+03 3.176383e+01 2.265751e+01 6.909335e+01 8.091318e-01 2.023760e+00 4.151410e+00 5.257466e+01 3.118893e+02
5.000000e-01 3.070000e-01  2.790909e-01  1.000000e-01 5.004886e-04 8.000000e-04 2.558100e+03 3.176087e+01 2.264445e+01 6.908369e+01 8.213087e-01 2.127966e+00 4.375596e+00 5.541382e+01 3.287321e+02
5.000000e-01 3.070000e-01  2.790909e-01  1.000000e-01 5.138247e-04 8.000000e-04 2.558100e+03 3.175950e+01 2.263533e+01 6.907502e+01 8.729271e-01 2.215139e+00 4.611888e+00 5.840629e+01 3.464844e+02
5.000000e-01 3.070000e-01  2.790909e-01  1.000000e-01 5.275161e-04 8.000000e-04 2.558100e+03 3.175837e+01 2.262206e+01 6.906927e+01 9.088739e-01 2.325625e+00 4.860941e+00 6.156037e+01 3.651953e+02
5.000000e-01 3.070000e-01  2.790909e-01  1.000000e-01 5.415724e-04 8.000000e-04 2.558100e+03 3.175477e+01 2.260120e+01 6.905924e+01 9.865035e-01 2.486850e+00 5.123443e+00 6.488477e+01 3.849167e+02
5.000000e-01 3.070000e-01  2.790909e-01  1.000000e-01 5.560032e-04 8.000000e-04 2.558100e+03 3.175425e+01 2.258769e+01 6.905366e+01 1.019584e+00 2.597138e+00 5.400121e+00 6.838870e+01 4.057031e+02
5.000000e-01 3.070000e-01  2.790909e-01  1.000000e-01 5.708185e-04 8.000000e-04 2.558100e+03 3.174858e+01 2.256752e+01 6.903584e+01 1.102448e+00 2.771103e+00 5.691740e+00 7.208185e+01 4.276120e+02
5.000000e-01 3.070000e-01  2.790909e-01  1.000000e-01 5.860287e-04 8.000000e-04 2.558100e+03 3.174479e+01 2.255638e+01 6.902661e+01 1.143107e+00 2.900604e+00 5.999107e+00 7.597443e+01 4.507041e+02
5.000000e-01 3.070000e-01  2.790909e-01  1.000000e-01 6.016441e-04 8.000000e-04 2.558100e+03 3.174300e+01 2.253426e+01 6.901780e+01 1.228052e+00 3.062948e+00 6.323072e+00 8.007723e+01 4.750431e+02
5.000000e-01 3.070000e-01  2.790909e-01  1.000000e-01 6.176756e-04 8.000000e-04 2.558100e+03 3.173885e+01 2.252034e+01 6.900287e+01 1.293097e+00 3.223703e+00 6.664533e+00 8.440159e+01 5.006966e+02
5.000000e-01 3.070000e-01  2.790909e-01  1.000000e-01 6.341342e-04 8.000000e-04 2.558100e+03 3.173604e+01 2.249628e+01 6.899495e+01 1.342580e+00 3.401403e+00 7.024433e+00 8.895947e+01 5.277353e+02
5.000000e-01 3.070000e-01  2.790909e-01  1.000000e-01 6.510315e-04 8.000000e-04 2.558100e+03 3.173304e+01 2.247971e+01 6.898290e+01 1.445249e+00 3.594610e+00 7.403769e+00 9.376349e+01 5.562343e+02
5.000000e-01 3.070000e-01  2.790909e-01  1.000000e-01 6.683790e-04 8.000000e-04 2.558100e+03 3.172804e+01 2.245207e+01 6.896508e+01 1.499250e+00 3.774948e+00 7.803590e+00 9.882693e+01 5.862722e+02
5.000000e-01 3.070000e-01  2.790909e-01  1.000000e-01 6.861887e-04 8.000000e-04 2.558100e+03 3.172309e+01 2.243647e+01 6.895313e+01 1.579587e+00 4.002798e+00 8.225002e+00 1.041638e+02 6.179323e+02
5.000000e-01 3.070000e-01  2.790909e-01  1.000000e-01 7.044730e-04 8.000000e-04 2.558100e+03 3.172093e+01 2.241929e+01 6.894695e+01 1.667234e+00 4.175830e+00 8.669171e+00 1.097889e+02 6.513021e+02
5.000000e-01 3.070000e-01  2.790909e-01  1.000000e-01 7.232445e-04 8.000000e-04 2.558100e+03 3.172181e+01 2.238925e+01 6.893809e+01 1.692353e+00 4.406166e+00 9.137326e+00 1.157178e+02 6.864739e+02
5.000000e-01 3.070000e-01  2.790909e-01  1.000000e-01 7.425162e-04 8.000000e-04 2.558100e+03 3.171086e+01 2.236230e+01 6.891263e+01 1.837688e+00 4.664627e+00 9.630763e+00 1.219668e+02 7.235451e+02
5.000000e-01 3.070000e-01  2.790909e-01  1.000000e-01 7.623014e-04 8.000000e-04 2.558100e+03 3.170406e+01 2.233996e+01 6.889264e+01 1.939083e+00 4.878388e+00 1.015085e+01 1.285533e+02 7.626182e+02
5.000000e-01 3.070000e-01  2.790909e-01  1.000000e-01 7.826138e-04 8.000000e-04 2.558100e+03 3.170116e+01 2.230327e+01 6.887929e+01 2.087525e+00 5.161036e+00 1.069902e+01 1.354955e+02 8.038014e+02
5.000000e-01 3.070000e-01  2.790909e-01  1.000000e-01 8.034674e-04 8.000000e-04 2.558100e+03 3.169632e+01 2.227545e+01 6.886173e+01 2.150333e+00 5.516407e+00 1.127679e+01 1.428125e+02 8.472085e+02
5.000000e-01 3.070000e-01  2.790909e-01  1.000000e-01 8.248767e-04 8.000000e-04 2.558100e+03 3.169162e+01 2.224530e+01 6.884446e+01 2.233309e+00 5.766939e+00 1.188576e+01 1.505247e+02 8.929597e+02
5.000000e-01 3.070000e-01  2.790909e-01  1.000000e-01 8.468565e-04 8.000000e-04 2.558100e+03 3.167711e+01 2.220738e+01 6.881158e+01 2.429824e+00 6.007785e+00 1.252762e+01 1.586534e+02 9.411816e+02
5.000000e-01 3.070000e-01  2.790909e-01  1.000000e-01 8.694220e-04 8.000000e-04 2.558100e+03 3.166884e+01 2.217852e+01 6.878602e+01 2.615151e+00 6.354702e+00 1.320414e+01 1.672211e+02 9.920076e+02
5.000000e-01 3.070000e-01  2.790909e-01  1.000000e-01 8.925887e-04 8.000000e-04 2.558100e+03 3.167609e+01 2.214746e+01 6.878884e+01 2.677695e+00 6.728830e+00 1.391719e+01 1.762514e+02 1.045578e+03
5.000000e-01 3.070000e-01  2.790909e-01  1.000000e-01 9.163728e-04 8.000000e-04 2.558100e+03 3.167120e+01 2.209065e+01 6.877291e+01 2.788105e+00 7.155504e+00 1.466876e+01 1.857694e+02 1.102042e+03
5.000000e-01 3.070000e-01  2.790909e-01  1.000000e-01 9.407906e-04 8.000000e-04 2.558100e+03 3.166206e+01 2.206443e+01 6.875182e+01 2.944305e+00 7.477192e+00 1.546090e+01 1.958014e+02 1.161555e+03
5.000000e-01 3.070000e-01  2.790909e-01  1.000000e-01 9.658591e-04 8.000000e-04 2.558100e+03 3.165185e+01 2.200908e+01 6.871309e+01 3.066223e+00 7.856593e+00 1.629583e+01 2.063751e+02 1.224282e+03
5.000000e-01 3.070000e-01  2.790909e-01  1.000000e-01 9.915955e-04 8.000000e-04 2.558100e+03 3.164017e+01 2.196493e+01 6.868696e+01 3.271252e+00 8.343865e+00 1.717584e+01 2.175198e+02 1.290396e+03
5.000000e-01 3.070000e-01  2.790909e-01  1.000000e-01 1.018018e-03 8.000000e-04 2.558100e+03 3.162949e+01 2.193098e+01 6.865646e+01 3.465535e+00 8.739103e+00 1.810338e+01 2.292664e+02 1.360080e+03
5.000000e-01 3.070000e-01  2.790909e-01  1.000000e-01 1.045144e-03 8.000000e-04 2.558100e+03 3.162313e+01 2.186375e+01 6.862795e+01 3.640014e+00 9.254885e+00 1.908100e+01 2.416473e+02 1.433528e+03
5.000000e-01 3.070000e-01  2.790909e-01  1.000000e-01 1.072993e-03 8.000000e-04 2.558100e+03 3.160598e+01 2.183354e+01 6.859219e+01 3.810856e+00 9.581807e+00 2.011142e+01 2.546969e+02 1.510941e+03
5.000000e-01 3.070000e-01  2.790909e-01  1.000000e-01 1.101584e-03 8.000000e-04 2.558100e+03 3.159996e+01 2.176195e+01 6.857049e+01 4.030183e+00 1.028262e+01 2.119748e+01 2.684511e+02 1.592536e+03
5.000000e-01 3.070000e-01  2.790909e-01  1.000000e-01 1.130937e-03 8.000000e-04 2.558100e+03 3.158973e+01 2.170642e+01 6.854913e+01 4.223303e+00 1.083266e+01 2.234220e+01 2.829481e+02 1.678536e+03
5.000000e-01 3.070000e-01  2.790909e-01  1.000000e-01 1.161072e-03 8.000000e-04 2.558100e+03 3.157479e+01 2.164193e+01 6.850708e+01 4.430319e+00 1.146991e+01 2.354873e+01 2.982279e+02 1.769181e+03
5.000000e-01 3.070000e-01  2.790909e-01  1.000000e-01 1.192010e-03 8.000000e-04 2.558100e+03 3.156902e+01 2.159353e+01 6.849371e+01 4.713605e+00 1.197992e+01 2.482041e+01 3.143330e+02 1.864721e+03
5.000000e-01 3.070000e-01  2.790909e-01  1.000000e-01 1.223773e-03 8.000000e-04 2.558100e+03 3.156754e+01 2.151691e+01 6.847932e+01 4.912147e+00 1.266681e+01 2.616078e+01 3.313077e+02 1.965421e+03
5.000000e-01 3.070000e-01  2.790909e-01  1.000000e-01 1.256382e-03 8.000000e-04 2.558100e+03 3.155187e+01 2.144058e+01 6.842723e+01 5.200170e+00 1.327168e+01 2.757352e+01 3.491991e+02 2.071558e+03
5.000000e-01 3.070000e-01  2.790909e-01  1.000000e-01 1.289860e-03 8.000000e-04 2.558100e+03 3.152577e+01 2.139083e+01 6.836838e+01 5.606437e+00 1.406597e+01 2.906255e+01 3.680566e+02 2.183427e+03
5.000000e-01 3.070000e-01  2.790909e-01  1.000000e-01 1.324229e-03 8.000000e-04 2.558100e+03 3.151188e+01 2.131819e+01 6.834744e+01 5.950243e+00 1.486362e+01 3.063200e+01 3.879326e+02 2.301337e+03
5.000000e-01 3.070000e-01  2.790909e-01  1.000000e-01 1.359515e-03 8.000000e-04 2.558100e+03 3.150987e+01 2.122856e+01 6.834489e+01 6.089201e+00 1.576546e+01 3.228620e+01 4.088818e+02 2.425615e+03
5.000000e-01 3.070000e-01  2.790909e-01  1.000000e-01 1.395741e-03 8.000000e-04 2.558100e+03 3.147972e+01 2.117386e+01 6.828435e+01 6.507046e+00 1.649540e+01 3.402973e+01 4.309624e+02 2.556604e+03
5.000000e-01 3.070000e-01  2.790909e-01  1.000000e-01 1.432932e-03 8.000000e-04 2.558100e+03 3.146940e+01 2.106519e+01 6.824439e+01 6.802265e+00 1.745718e+01 3.586742e+01 4.542354e+02 2.694666e+03
5.000000e-01 3.070000e-01  2.790909e-01  1.000000e-01 1.471114e-03 8.000000e-04 2.558100e+03 3.144996e+01 2.101463e+01 6.820173e+01 7.112480e+00 1.831647e+01 3.780434e+01 4.787652e+02 2.840185e+03
5.000000e-01 3.070000e-01  2.790909e-01  1.000000e-01 1.510314e-03 8.000000e-04 2.558100e+03 3.143590e+01 2.091275e+01 6.816601e+01 7.602722e+00 1.937375e+01 3.984587e+01 5.046197e+02 2.993561e+03
5.000000e-01 3.070000e-01  2.790909e-01  1.000000e-01 1.550558e-03 8.000000e-04 2.558100e+03 3.141014e+01 2.078860e+01 6.811642e+01 8.069649e+00 2.029326e+01 4.199764e+01 5.318703e+02 3.155221e+03
5.000000e-01 3.070000e-01  2.790909e-01  1.000000e-01 1.591874e-03 8.000000e-04 2.558100e+03 3.137910e+01 2.071608e+01 6.804474e+01 8.747744e+00 2.147524e+01 4.426561e+01 5.605926e+02 3.325610e+03
5.000000e-01 3.070000e-01  2.790909e-01  1.000000e-01 1.634292e-03 8.000000e-04 2.558100e+03 3.136025e+01 2.060059e+01 6.803528e+01 8.940904e+00 2.262073e+01 4.665606e+01 5.908659e+02 3.505201e+03
5.000000e-01 3.070000e-01  2.790909e-01  1.000000e-01 1.677839e-03 8.000000e-04 2.558100e+03 3.134479e+01 2.047449e+01 6.800721e+01 9.262695e+00 2.386879e+01 4.917560e+01 6.227741e+02 3.694490e+03
5.000000e-01 3.070000e-01  2.790909e-01  1.000000e-01 1.722547e-03 8.000000e-04 2.558100e+03 3.131188e+01 2.043227e+01 6.795383e+01 9.762476e+00 2.515275e+01 5.183120e+01 6.564054e+02 3.894002e+03
5.000000e-01 3.070000e-01  2.790909e-01  1.000000e-01 1.768447e-03 8.000000e-04 2.558100e+03 3.130297e+01 2.027418e+01 6.792708e+01 1.030828e+01 2.671383e+01 5.463021e+01 6.918528e+02 4.104287e+03
5.000000e-01 3.070000e-01  2.790909e-01  1.000000e-01 1.815569e-03 8.000000e-04 2.558100e+03 3.125698e+01 2.015092e+01 6.788299e+01 1.101980e+01 2.794364e+01 5.758037e+01 7.292146e+02 4.325929e+03
5.000000e-01 3.070000e-01  2.790909e-01  1.000000e-01 1.863947e-03 8.000000e-04 2.558100e+03 3.121164e+01 2.003109e+01 6.782166e+01 1.148332e+01 2.943484e+01 6.068985e+01 7.685939e+02 4.559539e+03
5.000000e-01 3.070000e-01  2.790909e-01  1.000000e-01 1.913614e-03 8.000000e-04 2.558100e+03 3.120710e+01 1.990212e+01 6.781978e+01 1.218030e+01 3.105241e+01 6.396725e+01 8.100998e+02 4.805765e+03
5.000000e-01 3.070000e-01  2.790909e-01  1.000000e-01 1.964605e-03 8.000000e-04 2.558100e+03 3.119098e+01 1.981422e+01 6.781250e+01 1.273514e+01 3.274141e+01 6.742163e+01 8.538472e+02 5.065288e+03
5.000000e-01 3.070000e-01  2.790909e-01  1.000000e-01 2.016954e-03 8.000000e-04 2.558100e+03 3.113257e+01 1.968820e+01 6.770695e+01 1.337415e+01 3.392887e+01 7.106256e+01 8.999570e+02 5.338826e+03
5.000000e-01 3.070000e-01  2.790909e-01  1.000000e-01 2.070698e-03 8.000000e-04 2.558100e+03 3.111191e+01 1.957578e+01 6.774203e+01 1.415572e+01 3.612641e+01 7.490011e+01 9.485568e+02 5.627135e+03
5.000000e-01 3.070000e-01  2.790909e-01  1.000000e-01 2.125874e-03 8.000000e-04 2.558100e+03 3.109649e+01 1.936906e+01 6.775206e+01 1.491982e+01 3.854664e+01 7.894490e+01 9.997812e+02 5.931014e+03
5.000000e-01 3.070000e-01  2.790909e-01  1.000000e-01 2.182521e-03 8.000000e-04 2.558100e+03 3.105381e+01 1.928173e+01 6.773671e+01 1.564388e+01 4.000989e+01 8.320812e+01 1.053772e+03 6.251304e+03
5.000000e-01 3.070000e-01  2.790909e-01  1.000000e-01 2.240677e-03 8.000000e-04 2.558100e+03 3.095599e+01 1.917629e+01 6.756611e+01 1.681260e+01 4.254147e+01 8.770156e+01 1.110678e+03 6.588889e+03
5.000000e-01 3.070000e-01  2.790909e-01  1.000000e-01 2.300382e-03 8.000000e-04 2.558100e+03 3.091671e+01 1.900563e+01 6.754616e+01 1.807545e+01 4.468832e+01 9.243766e+01 1.170657e+03 6.944706e+03
5.000000e-01 3.070000e-01  2.790909e-01  1.000000e-01 2.361679e-03 8.000000e-04 2.558100e+03 3.088211e+01 1.885591e+01 6.759290e+01 1.835244e+01 4.752281e+01 9.742952e+01 1.233876e+03 7.319737e+03
5.000000e-01 3.070000e-01  2.790909e-01  1.000000e-01 2.424609e-03 8.000000e-04 2.558100e+03 3.086333e+01 1.878174e+01 6.765145e+01 1.962926e+01 4.960444e+01 1.026910e+02 1.300508e+03 7.715021e+03
5.000000e-01 3.070000e-01  2.790909e-01  1.000000e-01 2.489215e-03 8.000000e-04 2.558100e+03 3.082155e+01 1.859421e+01 6.776937e+01 2.052480e+01 5.188461e+01 1.082365e+02 1.370739e+03 8.131651e+03
5.000000e-01 3.070000e-01  2.790909e-01  1.000000e-01 2.555544e-03 8.000000e-04 2.558100e+03 3.077698e+01 1.852315e+01 6.778472e+01 2.167689e+01 5.494975e+01 1.140816e+02 1.444762e+03 8.570780e+03
5.000000e-01 3.070000e-01  2.790909e-01  1.000000e-01 2.623639e-03 8.000000e-04 2.558100e+03 3.070353e+01 1.835384e+01 6.776326e+01 2.351235e+01 5.782909e+01 1.202423e+02 1.522783e+03 9.033624e+03
5.000000e-01 3.070000e-01  2.790909e-01  1.000000e-01 2.693549e-03 8.000000e-04 2.558100e+03 3.062042e+01 1.813590e+01 6.788294e+01 2.461537e+01 6.155710e+01 1.267356e+02 1.605017e+03 9.521462e+03
5.000000e-01 3.070000e-01  2.790909e-01  1.000000e-01 2.765322e-03 8.000000e-04 2.558100e+03 3.058419e+01 1.808081e+01 6.785580e+01 2.544707e+01 6.418355e+01 1.335797e+02 1.691692e+03 1.003565e+04
5.000000e-01 3.070000e-01  2.790909e-01  1.000000e-01 2.839008e-03 8.000000e-04 2.558100e+03 3.052153e+01 1.791020e+01 6.804263e+01 2.644869e+01 6.809651e+01 1.407933e+02 1.783048e+03 1.057760e+04
5.000000e-01 3.070000e-01  2.790909e-01  1.000000e-01 2.914657e-03 8.000000e-04 2.558100e+03 3.035979e+01 1.780081e+01 6.791809e+01 2.866136e+01 7.191713e+01 1.483965e+02 1.879337e+03 1.114881e+04
