2.000000e-01 9.427000e-02  8.570000e-02  1.000000e-01 2.000000e-06 8.000000e-04 2.459923e+04 3.180203e+01 2.288802e+01 6.923341e+01 3.404523e-05 2.990516e-05 1.646398e-04 3.132413e-03 1.168501e-02
2.000000e-01 9.427000e-02  8.570000e-02  1.000000e-01 2.053292e-06 8.000000e-04 2.459923e+04 3.180203e+01 2.288802e+01 6.923341e+01 3.299683e-05 3.154141e-05 1.735307e-04 3.301570e-03 1.231603e-02
2.000000e-01 9.427000e-02  8.570000e-02  1.000000e-01 2.108005e-06 8.000000e-04 2.459923e+04 3.180203e+01 2.288802e+01 6.923341e+01 3.673928e-05 3.332269e-05 1.829018e-04 3.479863e-03 1.298112e-02
2.000000e-01 9.427000e-02  8.570000e-02  1.000000e-01 2.164175e-06 8.000000e-04 2.459923e+04 3.180203e+01 2.288802e+01 6.923341e+01 3.690740e-05 3.512231e-05 1.927789e-04 3.667783e-03 1.368213e-02
2.000000e-01 9.427000e-02  8.570000e-02  1.000000e-01 2.221842e-06 8.000000e-04 2.459923e+04 3.180203e+01 2.288802e+01 6.923341e+01 3.963271e-05 3.762156e-05 2.031894e-04 3.865852e-03 1.442100e-02
2.000000e-01 9.427000e-02  8.570000e-02  1.000000e-01 2.281045e-06 8.000000e-04 2.459923e+04 3.180203e+01 2.288802e+01 6.923341e+01 4.260954e-05 3.952977e-05 2.141621e-04 4.074617e-03 1.519976e-02
2.000000e-01 9.427000e-02  8.570000e-02  1.000000e-01 2.341826e-06 8.000000e-04 2.459923e+04 3.180203e+01 2.288802e+01 6.923341e+01 4.415972e-05 4.061892e-05 2.257274e-04 4.294656e-03 1.602059e-02
2.000000e-01 9.427000e-02  8.570000e-02  1.000000e-01 2.404227e-06 8.000000e-04 2.459923e+04 3.180203e+01 2.288802e+01 6.923341e+01 4.621273e-05 4.318811e-05 2.379172e-04 4.526577e-03 1.688574e-02
2.000000e-01 9.427000e-02  8.570000e-02  1.000000e-01 2.468290e-06 8.000000e-04 2.459923e+04 3.180203e+01 2.288802e+01 6.923341e+01 4.915456e-05 4.554952e-05 2.507652e-04 4.771023e-03 1.779760e-02
2.000000e-01 9.427000e-02  8.570000e-02  1.000000e-01 2.534061e-06 8.000000e-04 2.459923e+04 3.180203e+01 2.288801e+01 6.923341e+01 5.484584e-05 4.840859e-05 2.643071e-04 5.028669e-03 1.875872e-02
2.000000e-01 9.427000e-02  8.570000e-02  1.000000e-01 2.601584e-06 8.000000e-04 2.459923e+04 3.180203e+01 2.288801e+01 6.923341e+01 5.511875e-05 5.051796e-05 2.785803e-04 5.300229e-03 1.977173e-02
2.000000e-01 9.427000e-02  8.570000e-02  1.000000e-01 2.670906e-06 8.000000e-04 2.459923e+04 3.180203e+01 2.288801e+01 6.923341e+01 5.802324e-05 5.369169e-05 2.936243e-04 5.586453e-03 2.083945e-02
2.000000e-01 9.427000e-02  8.570000e-02  1.000000e-01 2.742075e-06 8.000000e-04 2.459923e+04 3.180203e+01 2.288801e+01 6.923340e+01 5.887112e-05 5.607896e-05 3.094807e-04 5.888135e-03 2.196483e-02
2.000000e-01 9.427000e-02  8.570000e-02  1.000000e-01 2.815141e-06 8.000000e-04 2.459923e+04 3.180203e+01 2.288801e+01 6.923340e+01 6.614167e-05 5.828107e-05 3.261934e-04 6.206108e-03 2.315098e-02
2.000000e-01 9.427000e-02  8.570000e-02  1.000000e-01 2.890154e-06 8.000000e-04 2.459923e+04 3.180203e+01 2.288801e+01 6.923340e+01 6.696196e-05 6.285292e-05 3.438086e-04 6.541252e-03 2.440118e-02
2.000000e-01 9.427000e-02  8.570000e-02  1.000000e-01 2.967165e-06 8.000000e-04 2.459923e+04 3.180203e+01 2.288801e+01 6.923340e+01 7.278648e-05 6.569454e-05 3.623750e-04 6.894495e-03 2.571891e-02
2.000000e-01 9.427000e-02  8.570000e-02  1.000000e-01 3.046229e-06 8.000000e-04 2.459923e+04 3.180203e+01 2.288801e+01 6.923340e+01 7.486406e-05 6.991034e-05 3.819441e-04 7.266813e-03 2.710779e-02
2.000000e-01 9.427000e-02  8.570000e-02  1.000000e-01 3.127399e-06 8.000000e-04 2.459923e+04 3.180203e+01 2.288801e+01 6.923340e+01 7.766844e-05 7.308838e-05 4.025700e-04 7.659238e-03 2.857167e-02
2.000000e-01 9.427000e-02  8.570000e-02  1.000000e-01 3.210732e-06 8.000000e-04 2.459923e+04 3.180203e+01 2.288801e+01 6.923340e+01 8.067711e-05 7.649502e-05 4.243097e-04 8.072855e-03 3.011460e-02
2.000000e-01 9.427000e-02  8.570000e-02  1.000000e-01 3.296286e-06 8.000000e-04 2.459923e+04 3.180203e+01 2.288801e+01 6.923340e+01 8.604489e-05 8.063457e-05 4.472234e-04 8.508807e-03 3.174086e-02
2.000000e-01 9.427000e-02  8.570000e-02  1.000000e-01 3.384119e-06 8.000000e-04 2.459923e+04 3.180203e+01 2.288801e+01 6.923340e+01 9.378485e-05 8.560878e-05 4.713745e-04 8.968303e-03 3.345494e-02
2.000000e-01 9.427000e-02  8.570000e-02  1.000000e-01 3.474293e-06 8.000000e-04 2.459923e+04 3.180203e+01 2.288801e+01 6.923340e+01 9.614790e-05 8.927367e-05 4.968298e-04 9.452612e-03 3.526159e-02
2.000000e-01 9.427000e-02  8.570000e-02  1.000000e-01 3.566869e-06 8.000000e-04 2.459923e+04 3.180203e+01 2.288801e+01 6.923340e+01 9.874896e-05 9.510403e-05 5.236598e-04 9.963075e-03 3.716579e-02
2.000000e-01 9.427000e-02  8.570000e-02  1.000000e-01 3.661913e-06 8.000000e-04 2.459923e+04 3.180203e+01 2.288801e+01 6.923340e+01 1.086571e-04 1.001793e-04 5.519386e-04 1.050110e-02 3.917283e-02
2.000000e-01 9.427000e-02  8.570000e-02  1.000000e-01 3.759488e-06 8.000000e-04 2.459923e+04 3.180203e+01 2.288801e+01 6.923340e+01 1.105967e-04 1.049805e-04 5.817446e-04 1.106819e-02 4.128826e-02
2.000000e-01 9.427000e-02  8.570000e-02  1.000000e-01 3.859664e-06 8.000000e-04 2.459923e+04 3.180203e+01 2.288801e+01 6.923340e+01 1.207490e-04 1.101928e-04 6.131601e-04 1.166590e-02 4.351792e-02
2.000000e-01 9.427000e-02  8.570000e-02  1.000000e-01 3.962510e-06 8.000000e-04 2.459923e+04 3.180203e+01 2.288801e+01 6.923340e+01 1.271728e-04 1.185974e-04 6.462722e-04 1.229588e-02 4.586799e-02
2.000000e-01 9.427000e-02  8.570000e-02  1.000000e-01 4.068095e-06 8.000000e-04 2.459923e+04 3.180202e+01 2.288801e+01 6.923340e+01 1.376020e-04 1.232011e-04 6.811724e-04 1.295989e-02 4.834496e-02
2.000000e-01 9.427000e-02  8.570000e-02  1.000000e-01 4.176494e-06 8.000000e-04 2.459923e+04 3.180202e+01 2.288801e+01 6.923340e+01 1.396104e-04 1.316044e-04 7.179572e-04 1.365975e-02 5.095570e-02
2.000000e-01 9.427000e-02  8.570000e-02  1.000000e-01 4.287782e-06 8.000000e-04 2.459923e+04 3.180202e+01 2.288801e+01 6.923339e+01 1.453243e-04 1.364612e-04 7.567286e-04 1.439741e-02 5.370743e-02
2.000000e-01 9.427000e-02  8.570000e-02  1.000000e-01 4.402035e-06 8.000000e-04 2.459923e+04 3.180202e+01 2.288800e+01 6.923339e+01 1.568599e-04 1.448098e-04 7.975937e-04 1.517490e-02 5.660775e-02
2.000000e-01 9.427000e-02  8.570000e-02  1.000000e-01 4.519332e-06 8.000000e-04 2.459923e+04 3.180202e+01 2.288800e+01 6.923339e+01 1.625004e-04 1.551089e-04 8.406656e-04 1.599438e-02 5.966470e-02
2.000000e-01 9.427000e-02  8.570000e-02  1.000000e-01 4.639755e-06 8.000000e-04 2.459923e+04 3.180202e+01 2.288800e+01 6.923339e+01 1.739899e-04 1.604399e-04 8.860635e-04 1.685812e-02 6.288674e-02
2.000000e-01 9.427000e-02  8.570000e-02  1.000000e-01 4.763386e-06 8.000000e-04 2.459923e+04 3.180202e+01 2.288800e+01 6.923339e+01 1.834584e-04 1.687329e-04 9.339129e-04 1.776849e-02 6.628276e-02
2.000000e-01 9.427000e-02  8.570000e-02  1.000000e-01 4.890312e-06 8.000000e-04 2.459923e+04 3.180202e+01 2.288800e+01 6.923339e+01 1.927832e-04 1.777394e-04 9.843464e-04 1.872803e-02 6.986219e-02
2.000000e-01 9.427000e-02  8.570000e-02  1.000000e-01 5.020620e-06 8.000000e-04 2.459923e+04 3.180202e+01 2.288800e+01 6.923339e+01 1.971685e-04 1.904646e-04 1.037503e-03 1.973939e-02 7.363491e-02
2.000000e-01 9.427000e-02  8.570000e-02  1.000000e-01 5.154400e-06 8.000000e-04 2.459923e+04 3.180202e+01 2.288800e+01 6.923339e+01 2.120098e-04 1.967232e-04 1.093531e-03 2.080536e-02 7.761136e-02
2.000000e-01 9.427000e-02  8.570000e-02  1.000000e-01 5.291745e-06 8.000000e-04 2.459923e+04 3.180202e+01 2.288800e+01 6.923338e+01 2.355336e-04 2.108289e-04 1.152584e-03 2.192890e-02 8.180255e-02
2.000000e-01 9.427000e-02  8.570000e-02  1.000000e-01 5.432750e-06 8.000000e-04 2.459923e+04 3.180202e+01 2.288800e+01 6.923338e+01 2.480682e-04 2.231869e-04 1.214826e-03 2.311311e-02 8.622008e-02
2.000000e-01 9.427000e-02  8.570000e-02  1.000000e-01 5.577512e-06 8.000000e-04 2.459923e+04 3.180202e+01 2.288799e+01 6.923338e+01 2.530169e-04 2.347230e-04 1.280430e-03 2.436127e-02 9.087617e-02
2.000000e-01 9.427000e-02  8.570000e-02  1.000000e-01 5.726131e-06 8.000000e-04 2.459923e+04 3.180202e+01 2.288799e+01 6.923338e+01 2.680059e-04 2.453651e-04 1.349576e-03 2.567684e-02 9.578369e-02
2.000000e-01 9.427000e-02  8.570000e-02  1.000000e-01 5.878710e-06 8.000000e-04 2.459923e+04 3.180202e+01 2.288799e+01 6.923338e+01 2.767561e-04 2.624204e-04 1.422456e-03 2.706345e-02 1.009562e-01
2.000000e-01 9.427000e-02  8.570000e-02  1.000000e-01 6.035355e-06 8.000000e-04 2.459923e+04 3.180202e+01 2.288799e+01 6.923338e+01 3.075183e-04 2.725400e-04 1.499272e-03 2.852493e-02 1.064081e-01
2.000000e-01 9.427000e-02  8.570000e-02  1.000000e-01 6.196174e-06 8.000000e-04 2.459923e+04 3.180202e+01 2.288799e+01 6.923338e+01 2.980582e-04 2.899201e-04 1.580236e-03 3.006535e-02 1.121544e-01
2.000000e-01 9.427000e-02  8.570000e-02  1.000000e-01 6.361278e-06 8.000000e-04 2.459923e+04 3.180202e+01 2.288799e+01 6.923337e+01 3.336015e-04 3.028312e-04 1.665573e-03 3.168894e-02 1.182110e-01
2.000000e-01 9.427000e-02  8.570000e-02  1.000000e-01 6.530782e-06 8.000000e-04 2.459923e+04 3.180202e+01 2.288799e+01 6.923337e+01 3.459737e-04 3.148817e-04 1.755517e-03 3.340022e-02 1.245946e-01
2.000000e-01 9.427000e-02  8.570000e-02  1.000000e-01 6.704802e-06 8.000000e-04 2.459923e+04 3.180201e+01 2.288798e+01 6.923337e+01 3.694697e-04 3.363794e-04 1.850319e-03 3.520391e-02 1.313230e-01
2.000000e-01 9.427000e-02  8.570000e-02  1.000000e-01 6.883459e-06 8.000000e-04 2.459923e+04 3.180201e+01 2.288798e+01 6.923337e+01 3.820162e-04 3.562153e-04 1.950241e-03 3.710500e-02 1.384148e-01
2.000000e-01 9.427000e-02  8.570000e-02  1.000000e-01 7.066877e-06 8.000000e-04 2.459923e+04 3.180201e+01 2.288798e+01 6.923336e+01 4.138858e-04 3.785185e-04 2.055558e-03 3.910876e-02 1.458895e-01
2.000000e-01 9.427000e-02  8.570000e-02  1.000000e-01 7.255182e-06 8.000000e-04 2.459923e+04 3.180201e+01 2.288798e+01 6.923336e+01 4.296650e-04 3.932446e-04 2.166563e-03 4.122072e-02 1.537679e-01
2.000000e-01 9.427000e-02  8.570000e-02  1.000000e-01 7.448504e-06 8.000000e-04 2.459923e+04 3.180201e+01 2.288798e+01 6.923336e+01 4.464666e-04 4.134577e-04 2.283563e-03 4.344674e-02 1.620717e-01
2.000000e-01 9.427000e-02  8.570000e-02  1.000000e-01 7.646978e-06 8.000000e-04 2.459923e+04 3.180201e+01 2.288797e+01 6.923336e+01 4.780777e-04 4.394380e-04 2.406881e-03 4.579296e-02 1.708239e-01
2.000000e-01 9.427000e-02  8.570000e-02  1.000000e-01 7.850741e-06 8.000000e-04 2.459923e+04 3.180201e+01 2.288797e+01 6.923335e+01 5.018821e-04 4.593915e-04 2.536858e-03 4.826589e-02 1.800488e-01
2.000000e-01 9.427000e-02  8.570000e-02  1.000000e-01 8.059933e-06 8.000000e-04 2.459923e+04 3.180201e+01 2.288797e+01 6.923335e+01 5.273743e-04 4.816235e-04 2.673854e-03 5.087235e-02 1.897719e-01
2.000000e-01 9.427000e-02  8.570000e-02  1.000000e-01 8.274699e-06 8.000000e-04 2.459923e+04 3.180201e+01 2.288796e+01 6.923335e+01 5.474230e-04 5.106343e-04 2.818248e-03 5.361958e-02 2.000200e-01
2.000000e-01 9.427000e-02  8.570000e-02  1.000000e-01 8.495188e-06 8.000000e-04 2.459923e+04 3.180201e+01 2.288796e+01 6.923334e+01 5.798124e-04 5.419602e-04 2.970440e-03 5.651516e-02 2.108216e-01
2.000000e-01 9.427000e-02  8.570000e-02  1.000000e-01 8.721552e-06 8.000000e-04 2.459923e+04 3.180200e+01 2.288796e+01 6.923334e+01 6.119812e-04 5.718299e-04 3.130851e-03 5.956711e-02 2.222064e-01
2.000000e-01 9.427000e-02  8.570000e-02  1.000000e-01 8.953948e-06 8.000000e-04 2.459923e+04 3.180200e+01 2.288795e+01 6.923334e+01 6.321083e-04 5.944252e-04 3.299924e-03 6.278387e-02 2.342061e-01
2.000000e-01 9.427000e-02  8.570000e-02  1.000000e-01 9.192536e-06 8.000000e-04 2.459923e+04 3.180200e+01 2.288795e+01 6.923333e+01 6.695476e-04 6.346765e-04 3.478127e-03 6.617435e-02 2.468537e-01
2.000000e-01 9.427000e-02  8.570000e-02  1.000000e-01 9.437481e-06 8.000000e-04 2.459923e+04 3.180200e+01 2.288795e+01 6.923333e+01 7.260127e-04 6.690788e-04 3.665954e-03 6.974791e-02 2.601844e-01
2.000000e-01 9.427000e-02  8.570000e-02  1.000000e-01 9.688954e-06 8.000000e-04 2.459923e+04 3.180200e+01 2.288794e+01 6.923332e+01 7.690958e-04 7.011878e-04 3.863924e-03 7.351446e-02 2.742350e-01
2.000000e-01 9.427000e-02  8.570000e-02  1.000000e-01 9.947127e-06 8.000000e-04 2.459923e+04 3.180199e+01 2.288794e+01 6.923332e+01 8.119437e-04 7.387839e-04 4.072585e-03 7.748441e-02 2.890443e-01
2.000000e-01 9.427000e-02  8.570000e-02  1.000000e-01 1.021218e-05 8.000000e-04 2.459923e+04 3.180199e+01 2.288794e+01 6.923331e+01 8.776152e-04 7.712046e-04 4.292514e-03 8.166875e-02 3.046533e-01
2.000000e-01 9.427000e-02  8.570000e-02  1.000000e-01 1.048430e-05 8.000000e-04 2.459923e+04 3.180200e+01 2.288793e+01 6.923331e+01 9.184773e-04 8.188113e-04 4.524320e-03 8.607905e-02 3.211053e-01
2.000000e-01 9.427000e-02  8.570000e-02  1.000000e-01 1.076366e-05 8.000000e-04 2.459923e+04 3.180199e+01 2.288793e+01 6.923330e+01 9.646198e-04 8.657325e-04 4.768643e-03 9.072752e-02 3.384458e-01
2.000000e-01 9.427000e-02  8.570000e-02  1.000000e-01 1.105047e-05 8.000000e-04 2.459923e+04 3.180199e+01 2.288792e+01 6.923330e+01 9.851883e-04 9.072796e-04 5.026161e-03 9.562701e-02 3.567226e-01
2.000000e-01 9.427000e-02  8.570000e-02  1.000000e-01 1.134492e-05 8.000000e-04 2.459923e+04 3.180199e+01 2.288792e+01 6.923329e+01 1.075139e-03 9.635696e-04 5.297586e-03 1.007911e-01 3.759865e-01
2.000000e-01 9.427000e-02  8.570000e-02  1.000000e-01 1.164722e-05 8.000000e-04 2.459923e+04 3.180198e+01 2.288791e+01 6.923328e+01 1.083841e-03 1.019843e-03 5.583667e-03 1.062340e-01 3.962906e-01
2.000000e-01 9.427000e-02  8.570000e-02  1.000000e-01 1.195758e-05 8.000000e-04 2.459923e+04 3.180198e+01 2.288790e+01 6.923327e+01 1.185198e-03 1.065933e-03 5.885198e-03 1.119709e-01 4.176912e-01
2.000000e-01 9.427000e-02  8.570000e-02  1.000000e-01 1.227620e-05 8.000000e-04 2.459923e+04 3.180197e+01 2.288790e+01 6.923326e+01 1.242518e-03 1.134103e-03 6.203013e-03 1.180176e-01 4.402475e-01
2.000000e-01 9.427000e-02  8.570000e-02  1.000000e-01 1.260331e-05 8.000000e-04 2.459923e+04 3.180197e+01 2.288789e+01 6.923326e+01 1.262211e-03 1.190244e-03 6.537990e-03 1.243908e-01 4.640219e-01
2.000000e-01 9.427000e-02  8.570000e-02  1.000000e-01 1.293914e-05 8.000000e-04 2.459923e+04 3.180197e+01 2.288789e+01 6.923326e+01 1.360285e-03 1.245044e-03 6.891056e-03 1.311082e-01 4.890801e-01
2.000000e-01 9.427000e-02  8.570000e-02  1.000000e-01 1.328392e-05 8.000000e-04 2.459923e+04 3.180197e+01 2.288788e+01 6.923325e+01 1.391363e-03 1.324526e-03 7.263189e-03 1.381884e-01 5.154916e-01
2.000000e-01 9.427000e-02  8.570000e-02  1.000000e-01 1.363789e-05 8.000000e-04 2.459923e+04 3.180197e+01 2.288787e+01 6.923324e+01 1.568377e-03 1.401002e-03 7.655418e-03 1.456509e-01 5.433293e-01
2.000000e-01 9.427000e-02  8.570000e-02  1.000000e-01 1.400128e-05 8.000000e-04 2.459923e+04 3.180196e+01 2.288786e+01 6.923322e+01 1.581261e-03 1.456596e-03 8.068828e-03 1.535164e-01 5.726704e-01
2.000000e-01 9.427000e-02  8.570000e-02  1.000000e-01 1.437436e-05 8.000000e-04 2.459923e+04 3.180196e+01 2.288786e+01 6.923322e+01 1.688379e-03 1.538541e-03 8.504564e-03 1.618066e-01 6.035959e-01
2.000000e-01 9.427000e-02  8.570000e-02  1.000000e-01 1.475738e-05 8.000000e-04 2.459923e+04 3.180196e+01 2.288784e+01 6.923321e+01 1.743688e-03 1.631148e-03 8.963830e-03 1.705445e-01 6.361915e-01
2.000000e-01 9.427000e-02  8.570000e-02  1.000000e-01 1.515061e-05 8.000000e-04 2.459923e+04 3.180194e+01 2.288783e+01 6.923319e+01 1.893247e-03 1.734971e-03 9.447897e-03 1.797543e-01 6.705473e-01
2.000000e-01 9.427000e-02  8.570000e-02  1.000000e-01 1.555432e-05 8.000000e-04 2.459923e+04 3.180195e+01 2.288782e+01 6.923319e+01 1.953480e-03 1.804580e-03 9.958106e-03 1.894615e-01 7.067584e-01
2.000000e-01 9.427000e-02  8.570000e-02  1.000000e-01 1.596878e-05 8.000000e-04 2.459923e+04 3.180194e+01 2.288781e+01 6.923317e+01 2.041237e-03 1.890607e-03 1.049587e-02 1.996928e-01 7.449249e-01
2.000000e-01 9.427000e-02  8.570000e-02  1.000000e-01 1.639429e-05 8.000000e-04 2.459923e+04 3.180194e+01 2.288780e+01 6.923316e+01 2.099317e-03 2.007089e-03 1.106267e-02 2.104767e-01 7.851526e-01
2.000000e-01 9.427000e-02  8.570000e-02  1.000000e-01 1.683113e-05 8.000000e-04 2.459923e+04 3.180194e+01 2.288779e+01 6.923316e+01 2.305633e-03 2.146785e-03 1.166008e-02 2.218429e-01 8.275527e-01
2.000000e-01 9.427000e-02  8.570000e-02  1.000000e-01 1.727962e-05 8.000000e-04 2.459923e+04 3.180192e+01 2.288778e+01 6.923312e+01 2.390858e-03 2.201206e-03 1.228975e-02 2.338230e-01 8.722424e-01
2.000000e-01 9.427000e-02  8.570000e-02  1.000000e-01 1.774005e-05 8.000000e-04 2.459923e+04 3.180192e+01 2.288777e+01 6.923311e+01 2.606547e-03 2.327637e-03 1.295342e-02 2.464499e-01 9.193455e-01
2.000000e-01 9.427000e-02  8.570000e-02  1.000000e-01 1.821276e-05 8.000000e-04 2.459923e+04 3.180190e+01 2.288775e+01 6.923308e+01 2.709379e-03 2.443433e-03 1.365294e-02 2.597588e-01 9.689923e-01
2.000000e-01 9.427000e-02  8.570000e-02  1.000000e-01 1.869805e-05 8.000000e-04 2.459923e+04 3.180190e+01 2.288773e+01 6.923307e+01 2.866208e-03 2.608128e-03 1.439023e-02 2.737864e-01 1.021320e+00
2.000000e-01 9.427000e-02  8.570000e-02  1.000000e-01 1.919629e-05 8.000000e-04 2.459923e+04 3.180190e+01 2.288772e+01 6.923307e+01 2.947471e-03 2.756014e-03 1.516733e-02 2.885715e-01 1.076474e+00
2.000000e-01 9.427000e-02  8.570000e-02  1.000000e-01 1.970779e-05 8.000000e-04 2.459923e+04 3.180188e+01 2.288771e+01 6.923302e+01 3.126924e-03 2.896029e-03 1.598640e-02 3.041550e-01 1.134606e+00
2.000000e-01 9.427000e-02  8.570000e-02  1.000000e-01 2.023293e-05 8.000000e-04 2.459923e+04 3.180189e+01 2.288769e+01 6.923304e+01 3.356158e-03 3.082565e-03 1.684971e-02 3.205801e-01 1.195877e+00
2.000000e-01 9.427000e-02  8.570000e-02  1.000000e-01 2.077206e-05 8.000000e-04 2.459923e+04 3.180187e+01 2.288768e+01 6.923299e+01 3.539163e-03 3.186108e-03 1.775963e-02 3.378922e-01 1.260457e+00
2.000000e-01 9.427000e-02  8.570000e-02  1.000000e-01 2.132555e-05 8.000000e-04 2.459923e+04 3.180187e+01 2.288764e+01 6.923299e+01 3.492337e-03 3.404350e-03 1.871869e-02 3.561391e-01 1.328525e+00
2.000000e-01 9.427000e-02  8.570000e-02  1.000000e-01 2.189380e-05 8.000000e-04 2.459923e+04 3.180186e+01 2.288762e+01 6.923296e+01 3.938051e-03 3.587153e-03 1.972954e-02 3.753715e-01 1.400268e+00
2.000000e-01 9.427000e-02  8.570000e-02  1.000000e-01 2.247718e-05 8.000000e-04 2.459923e+04 3.180184e+01 2.288761e+01 6.923291e+01 4.152379e-03 3.781347e-03 2.079499e-02 3.956424e-01 1.475886e+00
2.000000e-01 9.427000e-02  8.570000e-02  1.000000e-01 2.307611e-05 8.000000e-04 2.459923e+04 3.180184e+01 2.288759e+01 6.923291e+01 4.368268e-03 3.958843e-03 2.191796e-02 4.170080e-01 1.555587e+00
2.000000e-01 9.427000e-02  8.570000e-02  1.000000e-01 2.369100e-05 8.000000e-04 2.459923e+04 3.180185e+01 2.288757e+01 6.923293e+01 4.484698e-03 4.235736e-03 2.310158e-02 4.395274e-01 1.639593e+00
2.000000e-01 9.427000e-02  8.570000e-02  1.000000e-01 2.432228e-05 8.000000e-04 2.459923e+04 3.180183e+01 2.288752e+01 6.923287e+01 4.676292e-03 4.481893e-03 2.434912e-02 4.632629e-01 1.728134e+00
2.000000e-01 9.427000e-02  8.570000e-02  1.000000e-01 2.497037e-05 8.000000e-04 2.459923e+04 3.180180e+01 2.288752e+01 6.923281e+01 5.177244e-03 4.645021e-03 2.566403e-02 4.882801e-01 1.821458e+00
2.000000e-01 9.427000e-02  8.570000e-02  1.000000e-01 2.563574e-05 8.000000e-04 2.459923e+04 3.180180e+01 2.288749e+01 6.923280e+01 5.339189e-03 4.915238e-03 2.704995e-02 5.146484e-01 1.919821e+00
2.000000e-01 9.427000e-02  8.570000e-02  1.000000e-01 2.631883e-05 8.000000e-04 2.459923e+04 3.180179e+01 2.288745e+01 6.923277e+01 5.545343e-03 5.184779e-03 2.851071e-02 5.424406e-01 2.023495e+00
2.000000e-01 9.427000e-02  8.570000e-02  1.000000e-01 2.702013e-05 8.000000e-04 2.459923e+04 3.180177e+01 2.288742e+01 6.923272e+01 5.886284e-03 5.468302e-03 3.005035e-02 5.717336e-01 2.132769e+00
2.000000e-01 9.427000e-02  8.570000e-02  1.000000e-01 2.774011e-05 8.000000e-04 2.459923e+04 3.180177e+01 2.288739e+01 6.923270e+01 6.318641e-03 5.832431e-03 3.167314e-02 6.026086e-01 2.247943e+00
2.000000e-01 9.427000e-02  8.570000e-02  1.000000e-01 2.847928e-05 8.000000e-04 2.459923e+04 3.180174e+01 2.288738e+01 6.923264e+01 6.453792e-03 5.956034e-03 3.338356e-02 6.351508e-01 2.369337e+00
2.000000e-01 9.427000e-02  8.570000e-02  1.000000e-01 2.923814e-05 8.000000e-04 2.459923e+04 3.180175e+01 2.288732e+01 6.923266e+01 6.741938e-03 6.521626e-03 3.518635e-02 6.694504e-01 2.497287e+00
2.000000e-01 9.427000e-02  8.570000e-02  1.000000e-01 3.001722e-05 8.000000e-04 2.459923e+04 3.180169e+01 2.288727e+01 6.923252e+01 7.603715e-03 6.813075e-03 3.708650e-02 7.056023e-01 2.632146e+00
2.000000e-01 9.427000e-02  8.570000e-02  1.000000e-01 3.081707e-05 8.000000e-04 2.459923e+04 3.180171e+01 2.288725e+01 6.923256e+01 7.611681e-03 7.114635e-03 3.908925e-02 7.437065e-01 2.774288e+00
2.000000e-01 9.427000e-02  8.570000e-02  1.000000e-01 3.163822e-05 8.000000e-04 2.459923e+04 3.180166e+01 2.288721e+01 6.923246e+01 8.263637e-03 7.407773e-03 4.120016e-02 7.838683e-01 2.924106e+00
2.000000e-01 9.427000e-02  8.570000e-02  1.000000e-01 3.248126e-05 8.000000e-04 2.459923e+04 3.180168e+01 2.288718e+01 6.923245e+01 8.428289e-03 7.890981e-03 4.342507e-02 8.261990e-01 3.082015e+00
2.000000e-01 9.427000e-02  8.570000e-02  1.000000e-01 3.334676e-05 8.000000e-04 2.459923e+04 3.180161e+01 2.288713e+01 6.923231e+01 8.976218e-03 8.193566e-03 4.577012e-02 8.708157e-01 3.248451e+00
2.000000e-01 9.427000e-02  8.570000e-02  1.000000e-01 3.423532e-05 8.000000e-04 2.459923e+04 3.180158e+01 2.288708e+01 6.923223e+01 9.639102e-03 8.792266e-03 4.824181e-02 9.178418e-01 3.423875e+00
2.000000e-01 9.427000e-02  8.570000e-02  1.000000e-01 3.514756e-05 8.000000e-04 2.459923e+04 3.180160e+01 2.288699e+01 6.923226e+01 9.769801e-03 9.310520e-03 5.084698e-02 9.674073e-01 3.608772e+00
2.000000e-01 9.427000e-02  8.570000e-02  1.000000e-01 3.608411e-05 8.000000e-04 2.459923e+04 3.180154e+01 2.288695e+01 6.923215e+01 1.076177e-02 9.721647e-03 5.359284e-02 1.019650e+00 3.803654e+00
2.000000e-01 9.427000e-02  8.570000e-02  1.000000e-01 3.704561e-05 8.000000e-04 2.459923e+04 3.180151e+01 2.288690e+01 6.923209e+01 1.136290e-02 1.032370e-02 5.648698e-02 1.074713e+00 4.009060e+00
2.000000e-01 9.427000e-02  8.570000e-02  1.000000e-01 3.803273e-05 8.000000e-04 2.459923e+04 3.180156e+01 2.288685e+01 6.923216e+01 1.133885e-02 1.083565e-02 5.953740e-02 1.132750e+00 4.225558e+00
2.000000e-01 9.427000e-02  8.570000e-02  1.000000e-01 3.904616e-05 8.000000e-04 2.459923e+04 3.180145e+01 2.288680e+01 6.923188e+01 1.232229e-02 1.143442e-02 6.275256e-02 1.193921e+00 4.453748e+00
2.000000e-01 9.427000e-02  8.570000e-02  1.000000e-01 4.008659e-05 8.000000e-04 2.459923e+04 3.180146e+01 2.288673e+01 6.923190e+01 1.306580e-02 1.188060e-02 6.614134e-02 1.258396e+00 4.694261e+00
2.000000e-01 9.427000e-02  8.570000e-02  1.000000e-01 4.115474e-05 8.000000e-04 2.459923e+04 3.180143e+01 2.288670e+01 6.923185e+01 1.360999e-02 1.254922e-02 6.971313e-02 1.326352e+00 4.947762e+00
2.000000e-01 9.427000e-02  8.570000e-02  1.000000e-01 4.225136e-05 8.000000e-04 2.459923e+04 3.180140e+01 2.288659e+01 6.923179e+01 1.438115e-02 1.349085e-02 7.347780e-02 1.397978e+00 5.214952e+00
2.000000e-01 9.427000e-02  8.570000e-02  1.000000e-01 4.337719e-05 8.000000e-04 2.459923e+04 3.180138e+01 2.288647e+01 6.923166e+01 1.539467e-02 1.408273e-02 7.744577e-02 1.473472e+00 5.496572e+00
2.000000e-01 9.427000e-02  8.570000e-02  1.000000e-01 4.453303e-05 8.000000e-04 2.459923e+04 3.180135e+01 2.288640e+01 6.923162e+01 1.621730e-02 1.492070e-02 8.162802e-02 1.553043e+00 5.793400e+00
2.000000e-01 9.427000e-02  8.570000e-02  1.000000e-01 4.571966e-05 8.000000e-04 2.459923e+04 3.180127e+01 2.288628e+01 6.923143e+01 1.664065e-02 1.570563e-02 8.603612e-02 1.636911e+00 6.106257e+00
2.000000e-01 9.427000e-02  8.570000e-02  1.000000e-01 4.693791e-05 8.000000e-04 2.459923e+04 3.180129e+01 2.288623e+01 6.923142e+01 1.744341e-02 1.656038e-02 9.068227e-02 1.725308e+00 6.436009e+00
2.000000e-01 9.427000e-02  8.570000e-02  1.000000e-01 4.818863e-05 8.000000e-04 2.459923e+04 3.180124e+01 2.288617e+01 6.923134e+01 1.852801e-02 1.735648e-02 9.557932e-02 1.818478e+00 6.783568e+00
2.000000e-01 9.427000e-02  8.570000e-02  1.000000e-01 4.947267e-05 8.000000e-04 2.459923e+04 3.180114e+01 2.288601e+01 6.923103e+01 2.000094e-02 1.816852e-02 1.007408e-01 1.916680e+00 7.149896e+00
2.000000e-01 9.427000e-02  8.570000e-02  1.000000e-01 5.079093e-05 8.000000e-04 2.459923e+04 3.180105e+01 2.288595e+01 6.923088e+01 2.157096e-02 1.941478e-02 1.061811e-01 2.020186e+00 7.536007e+00
2.000000e-01 9.427000e-02  8.570000e-02  1.000000e-01 5.214431e-05 8.000000e-04 2.459923e+04 3.180108e+01 2.288580e+01 6.923091e+01 2.244724e-02 2.034741e-02 1.119151e-01 2.129280e+00 7.942969e+00
2.000000e-01 9.427000e-02  8.570000e-02  1.000000e-01 5.353375e-05 8.000000e-04 2.459923e+04 3.180098e+01 2.288564e+01 6.923064e+01 2.255077e-02 2.133672e-02 1.179588e-01 2.244266e+00 8.371908e+00
2.000000e-01 9.427000e-02  8.570000e-02  1.000000e-01 5.496022e-05 8.000000e-04 2.459923e+04 3.180103e+01 2.288550e+01 6.923066e+01 2.468351e-02 2.277581e-02 1.243288e-01 2.365462e+00 8.824010e+00
2.000000e-01 9.427000e-02  8.570000e-02  1.000000e-01 5.642470e-05 8.000000e-04 2.459923e+04 3.180094e+01 2.288544e+01 6.923050e+01 2.568150e-02 2.366557e-02 1.310428e-01 2.493202e+00 9.300527e+00
2.000000e-01 9.427000e-02  8.570000e-02  1.000000e-01 5.792820e-05 8.000000e-04 2.459923e+04 3.180084e+01 2.288533e+01 6.923029e+01 2.752191e-02 2.511442e-02 1.381195e-01 2.627841e+00 9.802777e+00
2.000000e-01 9.427000e-02  8.570000e-02  1.000000e-01 5.947176e-05 8.000000e-04 2.459923e+04 3.180067e+01 2.288526e+01 6.922988e+01 2.959738e-02 2.629394e-02 1.455782e-01 2.769750e+00 1.033215e+01
2.000000e-01 9.427000e-02  8.570000e-02  1.000000e-01 6.105646e-05 8.000000e-04 2.459923e+04 3.180067e+01 2.288507e+01 6.922987e+01 2.979412e-02 2.801269e-02 1.534398e-01 2.919323e+00 1.089011e+01
2.000000e-01 9.427000e-02  8.570000e-02  1.000000e-01 6.268338e-05 8.000000e-04 2.459923e+04 3.180059e+01 2.288491e+01 6.922962e+01 3.106314e-02 2.924852e-02 1.617259e-01 3.076974e+00 1.147820e+01
2.000000e-01 9.427000e-02  8.570000e-02  1.000000e-01 6.435365e-05 8.000000e-04 2.459923e+04 3.180054e+01 2.288463e+01 6.922948e+01 3.266299e-02 3.099197e-02 1.704595e-01 3.243137e+00 1.209805e+01
2.000000e-01 9.427000e-02  8.570000e-02  1.000000e-01 6.606842e-05 8.000000e-04 2.459923e+04 3.180041e+01 2.288452e+01 6.922917e+01 3.586736e-02 3.276811e-02 1.796647e-01 3.418274e+00 1.275137e+01
2.000000e-01 9.427000e-02  8.570000e-02  1.000000e-01 6.782889e-05 8.000000e-04 2.459923e+04 3.180034e+01 2.288427e+01 6.922900e+01 3.754222e-02 3.441803e-02 1.893670e-01 3.602869e+00 1.343998e+01
2.000000e-01 9.427000e-02  8.570000e-02  1.000000e-01 6.963627e-05 8.000000e-04 2.459923e+04 3.180031e+01 2.288412e+01 6.922888e+01 3.888552e-02 3.644096e-02 1.995932e-01 3.797432e+00 1.416577e+01
2.000000e-01 9.427000e-02  8.570000e-02  1.000000e-01 7.149181e-05 8.000000e-04 2.459923e+04 3.180019e+01 2.288392e+01 6.922859e+01 4.123756e-02 3.843179e-02 2.103717e-01 4.002502e+00 1.493075e+01
2.000000e-01 9.427000e-02  8.570000e-02  1.000000e-01 7.339679e-05 8.000000e-04 2.459923e+04 3.180022e+01 2.288344e+01 6.922845e+01 4.208104e-02 4.038096e-02 2.217323e-01 4.218647e+00 1.573704e+01
2.000000e-01 9.427000e-02  8.570000e-02  1.000000e-01 7.535253e-05 8.000000e-04 2.459923e+04 3.180005e+01 2.288329e+01 6.922813e+01 4.564768e-02 4.231844e-02 2.337064e-01 4.446463e+00 1.658688e+01
2.000000e-01 9.427000e-02  8.570000e-02  1.000000e-01 7.736039e-05 8.000000e-04 2.459923e+04 3.179956e+01 2.288318e+01 6.922711e+01 5.096328e-02 4.524616e-02 2.463270e-01 4.686583e+00 1.748261e+01
2.000000e-01 9.427000e-02  8.570000e-02  1.000000e-01 7.942174e-05 8.000000e-04 2.459923e+04 3.179968e+01 2.288302e+01 6.922724e+01 5.048344e-02 4.662527e-02 2.596293e-01 4.939669e+00 1.842671e+01
2.000000e-01 9.427000e-02  8.570000e-02  1.000000e-01 8.153803e-05 8.000000e-04 2.459923e+04 3.179964e+01 2.288263e+01 6.922713e+01 5.520608e-02 5.006731e-02 2.736498e-01 5.206422e+00 1.942180e+01
2.000000e-01 9.427000e-02  8.570000e-02  1.000000e-01 8.371070e-05 8.000000e-04 2.459923e+04 3.179977e+01 2.288225e+01 6.922716e+01 5.391967e-02 5.206220e-02 2.884276e-01 5.487581e+00 2.047062e+01
2.000000e-01 9.427000e-02  8.570000e-02  1.000000e-01 8.594127e-05 8.000000e-04 2.459923e+04 3.179953e+01 2.288215e+01 6.922670e+01 5.863475e-02 5.545704e-02 3.040033e-01 5.783923e+00 2.157608e+01
2.000000e-01 9.427000e-02  8.570000e-02  1.000000e-01 8.823127e-05 8.000000e-04 2.459923e+04 3.179934e+01 2.288182e+01 6.922642e+01 6.105763e-02 5.911678e-02 3.204202e-01 6.096268e+00 2.274124e+01
2.000000e-01 9.427000e-02  8.570000e-02  1.000000e-01 9.058230e-05 8.000000e-04 2.459923e+04 3.179921e+01 2.288135e+01 6.922592e+01 6.479636e-02 6.184145e-02 3.377236e-01 6.425481e+00 2.396932e+01
2.000000e-01 9.427000e-02  8.570000e-02  1.000000e-01 9.299597e-05 8.000000e-04 2.459923e+04 3.179911e+01 2.288115e+01 6.922566e+01 6.887245e-02 6.335254e-02 3.559615e-01 6.772472e+00 2.526372e+01
2.000000e-01 9.427000e-02  8.570000e-02  1.000000e-01 9.547395e-05 8.000000e-04 2.459923e+04 3.179902e+01 2.288069e+01 6.922534e+01 7.213001e-02 6.702420e-02 3.751842e-01 7.138201e+00 2.662802e+01
2.000000e-01 9.427000e-02  8.570000e-02  1.000000e-01 9.801796e-05 8.000000e-04 2.459923e+04 3.179844e+01 2.288017e+01 6.922404e+01 8.196124e-02 7.195107e-02 3.954451e-01 7.523680e+00 2.806599e+01
2.000000e-01 9.427000e-02  8.570000e-02  1.000000e-01 1.006298e-04 8.000000e-04 2.459923e+04 3.179866e+01 2.287975e+01 6.922428e+01 8.111608e-02 7.611218e-02 4.168000e-01 7.929977e+00 2.958162e+01
2.000000e-01 9.427000e-02  8.570000e-02  1.000000e-01 1.033112e-04 8.000000e-04 2.459923e+04 3.179824e+01 2.287969e+01 6.922350e+01 8.561434e-02 7.902481e-02 4.393082e-01 8.358214e+00 3.117910e+01
2.000000e-01 9.427000e-02  8.570000e-02  1.000000e-01 1.060640e-04 8.000000e-04 2.459923e+04 3.179801e+01 2.287907e+01 6.922293e+01 9.255665e-02 8.402852e-02 4.630318e-01 8.809576e+00 3.286284e+01
2.000000e-01 9.427000e-02  8.570000e-02  1.000000e-01 1.088902e-04 8.000000e-04 2.459923e+04 3.179802e+01 2.287823e+01 6.922272e+01 9.681459e-02 8.882199e-02 4.880366e-01 9.285314e+00 3.463751e+01
2.000000e-01 9.427000e-02  8.570000e-02  1.000000e-01 1.117917e-04 8.000000e-04 2.459923e+04 3.179777e+01 2.287809e+01 6.922234e+01 9.747369e-02 9.273193e-02 5.143917e-01 9.786742e+00 3.650801e+01
2.000000e-01 9.427000e-02  8.570000e-02  1.000000e-01 1.147705e-04 8.000000e-04 2.459923e+04 3.179722e+01 2.287761e+01 6.922088e+01 1.113568e-01 9.788808e-02 5.421701e-01 1.031525e+01 3.847953e+01
2.000000e-01 9.427000e-02  8.570000e-02  1.000000e-01 1.178287e-04 8.000000e-04 2.459923e+04 3.179728e+01 2.287664e+01 6.922073e+01 1.136024e-01 1.056219e-01 5.714485e-01 1.087230e+01 4.055751e+01
2.000000e-01 9.427000e-02  8.570000e-02  1.000000e-01 1.209684e-04 8.000000e-04 2.459923e+04 3.179618e+01 2.287609e+01 6.921839e+01 1.180374e-01 1.083338e-01 6.023080e-01 1.145943e+01 4.274771e+01
2.000000e-01 9.427000e-02  8.570000e-02  1.000000e-01 1.241917e-04 8.000000e-04 2.459923e+04 3.179680e+01 2.287499e+01 6.921929e+01 1.236929e-01 1.174231e-01 6.348341e-01 1.207826e+01 4.505619e+01
2.000000e-01 9.427000e-02  8.570000e-02  1.000000e-01 1.275010e-04 8.000000e-04 2.459923e+04 3.179592e+01 2.287499e+01 6.921778e+01 1.316896e-01 1.219733e-01 6.691166e-01 1.273051e+01 4.748933e+01
2.000000e-01 9.427000e-02  8.570000e-02  1.000000e-01 1.308984e-04 8.000000e-04 2.459923e+04 3.179601e+01 2.287453e+01 6.921760e+01 1.333115e-01 1.277951e-01 7.052504e-01 1.341799e+01 5.005386e+01
2.000000e-01 9.427000e-02  8.570000e-02  1.000000e-01 1.343863e-04 8.000000e-04 2.459923e+04 3.179570e+01 2.287339e+01 6.921649e+01 1.443400e-01 1.349051e-01 7.433356e-01 1.414259e+01 5.275688e+01
2.000000e-01 9.427000e-02  8.570000e-02  1.000000e-01 1.379672e-04 8.000000e-04 2.459923e+04 3.179421e+01 2.287336e+01 6.921361e+01 1.571311e-01 1.406650e-01 7.834774e-01 1.490633e+01 5.560588e+01
2.000000e-01 9.427000e-02  8.570000e-02  1.000000e-01 1.416435e-04 8.000000e-04 2.459923e+04 3.179485e+01 2.287200e+01 6.921452e+01 1.601280e-01 1.484374e-01 8.257870e-01 1.571130e+01 5.860872e+01
2.000000e-01 9.427000e-02  8.570000e-02  1.000000e-01 1.454177e-04 8.000000e-04 2.459923e+04 3.179366e+01 2.287031e+01 6.921151e+01 1.759562e-01 1.611155e-01 8.703814e-01 1.655975e+01 6.177373e+01
2.000000e-01 9.427000e-02  8.570000e-02  1.000000e-01 1.492926e-04 8.000000e-04 2.459923e+04 3.179431e+01 2.287014e+01 6.921293e+01 1.824737e-01 1.665865e-01 9.173840e-01 1.745402e+01 6.510965e+01
2.000000e-01 9.427000e-02  8.570000e-02  1.000000e-01 1.532706e-04 8.000000e-04 2.459923e+04 3.179385e+01 2.286927e+01 6.921198e+01 1.852505e-01 1.755097e-01 9.669249e-01 1.839657e+01 6.862573e+01
2.000000e-01 9.427000e-02  8.570000e-02  1.000000e-01 1.573547e-04 8.000000e-04 2.459923e+04 3.179321e+01 2.286762e+01 6.920993e+01 1.982546e-01 1.867323e-01 1.019141e+00 1.939003e+01 7.233167e+01
2.000000e-01 9.427000e-02  8.570000e-02  1.000000e-01 1.615476e-04 8.000000e-04 2.459923e+04 3.179270e+01 2.286662e+01 6.920856e+01 2.166535e-01 1.961666e-01 1.074177e+00 2.043714e+01 7.623775e+01
2.000000e-01 9.427000e-02  8.570000e-02  1.000000e-01 1.658522e-04 8.000000e-04 2.459923e+04 3.179179e+01 2.286601e+01 6.920679e+01 2.266954e-01 2.056129e-01 1.132185e+00 2.154079e+01 8.035477e+01
2.000000e-01 9.427000e-02  8.570000e-02  1.000000e-01 1.702715e-04 8.000000e-04 2.459923e+04 3.179164e+01 2.286479e+01 6.920637e+01 2.403208e-01 2.174723e-01 1.193326e+00 2.270404e+01 8.469411e+01
2.000000e-01 9.427000e-02  8.570000e-02  1.000000e-01 1.748086e-04 8.000000e-04 2.459923e+04 3.179110e+01 2.286353e+01 6.920503e+01 2.355770e-01 2.261998e-01 1.257768e+00 2.393011e+01 8.926779e+01
2.000000e-01 9.427000e-02  8.570000e-02  1.000000e-01 1.794666e-04 8.000000e-04 2.459923e+04 3.179070e+01 2.286172e+01 6.920364e+01 2.577296e-01 2.412786e-01 1.325690e+00 2.522239e+01 9.408845e+01
2.000000e-01 9.427000e-02  8.570000e-02  1.000000e-01 1.842487e-04 8.000000e-04 2.459923e+04 3.179067e+01 2.286088e+01 6.920301e+01 2.697160e-01 2.514259e-01 1.397281e+00 2.658446e+01 9.916945e+01
2.000000e-01 9.427000e-02  8.570000e-02  1.000000e-01 1.891582e-04 8.000000e-04 2.459923e+04 3.178901e+01 2.285942e+01 6.919972e+01 2.977240e-01 2.666160e-01 1.472737e+00 2.802008e+01 1.045248e+02
2.000000e-01 9.427000e-02  8.570000e-02  1.000000e-01 1.941986e-04 8.000000e-04 2.459923e+04 3.178801e+01 2.285688e+01 6.919657e+01 3.128932e-01 2.846403e-01 1.552268e+00 2.953323e+01 1.101694e+02
2.000000e-01 9.427000e-02  8.570000e-02  1.000000e-01 1.993732e-04 8.000000e-04 2.459923e+04 3.178755e+01 2.285585e+01 6.919555e+01 3.208323e-01 2.980399e-01 1.636094e+00 3.112810e+01 1.161188e+02
2.000000e-01 9.427000e-02  8.570000e-02  1.000000e-01 2.046857e-04 8.000000e-04 2.459923e+04 3.178578e+01 2.285422e+01 6.919196e+01 3.563804e-01 3.134663e-01 1.724447e+00 3.280908e+01 1.223895e+02
2.000000e-01 9.427000e-02  8.570000e-02  1.000000e-01 2.101398e-04 8.000000e-04 2.459923e+04 3.178627e+01 2.285192e+01 6.919187e+01 3.479697e-01 3.300172e-01 1.817571e+00 3.458085e+01 1.289988e+02
2.000000e-01 9.427000e-02  8.570000e-02  1.000000e-01 2.157392e-04 8.000000e-04 2.459923e+04 3.178543e+01 2.284977e+01 6.918858e+01 3.712641e-01 3.513010e-01 1.915725e+00 3.644830e+01 1.359650e+02
2.000000e-01 9.427000e-02  8.570000e-02  1.000000e-01 2.214878e-04 8.000000e-04 2.459923e+04 3.178577e+01 2.284865e+01 6.918997e+01 4.008056e-01 3.684912e-01 2.019178e+00 3.841659e+01 1.433075e+02
2.000000e-01 9.427000e-02  8.570000e-02  1.000000e-01 2.273896e-04 8.000000e-04 2.459923e+04 3.178356e+01 2.284645e+01 6.918399e+01 4.253387e-01 3.847980e-01 2.128218e+00 4.049117e+01 1.510464e+02
2.000000e-01 9.427000e-02  8.570000e-02  1.000000e-01 2.334487e-04 8.000000e-04 2.459923e+04 3.178151e+01 2.284383e+01 6.918062e+01 4.460908e-01 4.067974e-01 2.243147e+00 4.267779e+01 1.592033e+02
2.000000e-01 9.427000e-02  8.570000e-02  1.000000e-01 2.396692e-04 8.000000e-04 2.459923e+04 3.178392e+01 2.284199e+01 6.918359e+01 4.524696e-01 4.304064e-01 2.364282e+00 4.498249e+01 1.678006e+02
2.000000e-01 9.427000e-02  8.570000e-02  1.000000e-01 2.460555e-04 8.000000e-04 2.459923e+04 3.178006e+01 2.283866e+01 6.917661e+01 5.074874e-01 4.527843e-01 2.491959e+00 4.741165e+01 1.768622e+02
2.000000e-01 9.427000e-02  8.570000e-02  1.000000e-01 2.526119e-04 8.000000e-04 2.459923e+04 3.177908e+01 2.283697e+01 6.917277e+01 5.339225e-01 4.779139e-01 2.626530e+00 4.997199e+01 1.864132e+02
2.000000e-01 9.427000e-02  8.570000e-02  1.000000e-01 2.593430e-04 8.000000e-04 2.459923e+04 3.177851e+01 2.283231e+01 6.917053e+01 5.224386e-01 5.059534e-01 2.768369e+00 5.267059e+01 1.964799e+02
2.000000e-01 9.427000e-02  8.570000e-02  1.000000e-01 2.662535e-04 8.000000e-04 2.459923e+04 3.177848e+01 2.283204e+01 6.917139e+01 5.765727e-01 5.255835e-01 2.917868e+00 5.551492e+01 2.070903e+02
2.000000e-01 9.427000e-02  8.570000e-02  1.000000e-01 2.733482e-04 8.000000e-04 2.459923e+04 3.177685e+01 2.282625e+01 6.916558e+01 5.970371e-01 5.635410e-01 3.075439e+00 5.851286e+01 2.182737e+02
2.000000e-01 9.427000e-02  8.570000e-02  1.000000e-01 2.806318e-04 8.000000e-04 2.459923e+04 3.177436e+01 2.282252e+01 6.916058e+01 6.520713e-01 5.916043e-01 3.241520e+00 6.167269e+01 2.300610e+02
2.000000e-01 9.427000e-02  8.570000e-02  1.000000e-01 2.881096e-04 8.000000e-04 2.459923e+04 3.177355e+01 2.281999e+01 6.915740e+01 6.648442e-01 6.194889e-01 3.416570e+00 6.500316e+01 2.424848e+02
2.000000e-01 9.427000e-02  8.570000e-02  1.000000e-01 2.957866e-04 8.000000e-04 2.459923e+04 3.177090e+01 2.281894e+01 6.915177e+01 6.928422e-01 6.556790e-01 3.601072e+00 6.851348e+01 2.555795e+02
2.000000e-01 9.427000e-02  8.570000e-02  1.000000e-01 3.036682e-04 8.000000e-04 2.459923e+04 3.176972e+01 2.281309e+01 6.914826e+01 7.374592e-01 6.918127e-01 3.795538e+00 7.221336e+01 2.693814e+02
2.000000e-01 9.427000e-02  8.570000e-02  1.000000e-01 3.117598e-04 8.000000e-04 2.459923e+04 3.176744e+01 2.280715e+01 6.914041e+01 8.135148e-01 7.408814e-01 4.000506e+00 7.611305e+01 2.839286e+02
2.000000e-01 9.427000e-02  8.570000e-02  1.000000e-01 3.200670e-04 8.000000e-04 2.459923e+04 3.176365e+01 2.280694e+01 6.913477e+01 8.237647e-01 7.603020e-01 4.216543e+00 8.022333e+01 2.992614e+02
2.000000e-01 9.427000e-02  8.570000e-02  1.000000e-01 3.285955e-04 8.000000e-04 2.459923e+04 3.176471e+01 2.279899e+01 6.913378e+01 9.250091e-01 8.072868e-01 4.444246e+00 8.455558e+01 3.154222e+02
2.000000e-01 9.427000e-02  8.570000e-02  1.000000e-01 3.373513e-04 8.000000e-04 2.459923e+04 3.176201e+01 2.279568e+01 6.912710e+01 9.374159e-01 8.639543e-01 4.684245e+00 8.912178e+01 3.324558e+02
2.000000e-01 9.427000e-02  8.570000e-02  1.000000e-01 3.463404e-04 8.000000e-04 2.459923e+04 3.175620e+01 2.279408e+01 6.911609e+01 9.826407e-01 8.931989e-01 4.937206e+00 9.393456e+01 3.504091e+02
2.000000e-01 9.427000e-02  8.570000e-02  1.000000e-01 3.555691e-04 8.000000e-04 2.459923e+04 3.176120e+01 2.278640e+01 6.912384e+01 9.954165e-01 9.387352e-01 5.203826e+00 9.900724e+01 3.693321e+02
2.000000e-01 9.427000e-02  8.570000e-02  1.000000e-01 3.650436e-04 8.000000e-04 2.459923e+04 3.175671e+01 2.277840e+01 6.911259e+01 1.076471e+00 9.985314e-01 5.484845e+00 1.043539e+02 3.892768e+02
2.000000e-01 9.427000e-02  8.570000e-02  1.000000e-01 3.747706e-04 8.000000e-04 2.459923e+04 3.175464e+01 2.277308e+01 6.910522e+01 1.128495e+00 1.045545e+00 5.781039e+00 1.099892e+02 4.102987e+02
2.000000e-01 9.427000e-02  8.570000e-02  1.000000e-01 3.847568e-04 8.000000e-04 2.459923e+04 3.175010e+01 2.276478e+01 6.909604e+01 1.161641e+00 1.108354e+00 6.093229e+00 1.159289e+02 4.324558e+02
2.000000e-01 9.427000e-02  8.570000e-02  1.000000e-01 3.950091e-04 8.000000e-04 2.459923e+04 3.174946e+01 2.276155e+01 6.908918e+01 1.293238e+00 1.167351e+00 6.422277e+00 1.221893e+02 4.558094e+02
2.000000e-01 9.427000e-02  8.570000e-02  1.000000e-01 4.055346e-04 8.000000e-04 2.459923e+04 3.174115e+01 2.276062e+01 6.907697e+01 1.358282e+00 1.210526e+00 6.769095e+00 1.287878e+02 4.804241e+02
2.000000e-01 9.427000e-02  8.570000e-02  1.000000e-01 4.163405e-04 8.000000e-04 2.459923e+04 3.173813e+01 2.275141e+01 6.906906e+01 1.402814e+00 1.299754e+00 7.134642e+00 1.357427e+02 5.063682e+02
2.000000e-01 9.427000e-02  8.570000e-02  1.000000e-01 4.274344e-04 8.000000e-04 2.459923e+04 3.173730e+01 2.274129e+01 6.906434e+01 1.514908e+00 1.374628e+00 7.519929e+00 1.430731e+02 5.337132e+02
2.000000e-01 9.427000e-02  8.570000e-02  1.000000e-01 4.388239e-04 8.000000e-04 2.459923e+04 3.173627e+01 2.272838e+01 6.905970e+01 1.553778e+00 1.437401e+00 7.926022e+00 1.507994e+02 5.625350e+02
2.000000e-01 9.427000e-02  8.570000e-02  1.000000e-01 4.505168e-04 8.000000e-04 2.459923e+04 3.173406e+01 2.272999e+01 6.905212e+01 1.619250e+00 1.510126e+00 8.354046e+00 1.589429e+02 5.929132e+02
2.000000e-01 9.427000e-02  8.570000e-02  1.000000e-01 4.625214e-04 8.000000e-04 2.459923e+04 3.172228e+01 2.271285e+01 6.902729e+01 1.752051e+00 1.614606e+00 8.805184e+00 1.675262e+02 6.249318e+02
2.000000e-01 9.427000e-02  8.570000e-02  1.000000e-01 4.748458e-04 8.000000e-04 2.459923e+04 3.171949e+01 2.271153e+01 6.902055e+01 1.796312e+00 1.692140e+00 9.280684e+00 1.765730e+02 6.586796e+02
2.000000e-01 9.427000e-02  8.570000e-02  1.000000e-01 4.874986e-04 8.000000e-04 2.459923e+04 3.171362e+01 2.269759e+01 6.900308e+01 1.965207e+00 1.778744e+00 9.781863e+00 1.861083e+02 6.942498e+02
2.000000e-01 9.427000e-02  8.570000e-02  1.000000e-01 5.004886e-04 8.000000e-04 2.459923e+04 3.171206e+01 2.268890e+01 6.899765e+01 1.961972e+00 1.876744e+00 1.031011e+01 1.961586e+02 7.317409e+02
2.000000e-01 9.427000e-02  8.570000e-02  1.000000e-01 5.138247e-04 8.000000e-04 2.459923e+04 3.171020e+01 2.268025e+01 6.899157e+01 2.165208e+00 1.965375e+00 1.086688e+01 2.067516e+02 7.712566e+02
2.000000e-01 9.427000e-02  8.570000e-02  1.000000e-01 5.275161e-04 8.000000e-04 2.459923e+04 3.169798e+01 2.266098e+01 6.896582e+01 2.303851e+00 2.076990e+00 1.145371e+01 2.179167e+02 8.129063e+02
2.000000e-01 9.427000e-02  8.570000e-02  1.000000e-01 5.415724e-04 8.000000e-04 2.459923e+04 3.170056e+01 2.264617e+01 6.896538e+01 2.294570e+00 2.206835e+00 1.207224e+01 2.296847e+02 8.568051e+02
2.000000e-01 9.427000e-02  8.570000e-02  1.000000e-01 5.560032e-04 8.000000e-04 2.459923e+04 3.169527e+01 2.263679e+01 6.894780e+01 2.556465e+00 2.326551e+00 1.272417e+01 2.420882e+02 9.030746e+02
2.000000e-01 9.427000e-02  8.570000e-02  1.000000e-01 5.708185e-04 8.000000e-04 2.459923e+04 3.168938e+01 2.262536e+01 6.893832e+01 2.740854e+00 2.459461e+00 1.341130e+01 2.551615e+02 9.518427e+02
2.000000e-01 9.427000e-02  8.570000e-02  1.000000e-01 5.860287e-04 8.000000e-04 2.459923e+04 3.168296e+01 2.261057e+01 6.891862e+01 2.858161e+00 2.593047e+00 1.413554e+01 2.689408e+02 1.003244e+03
2.000000e-01 9.427000e-02  8.570000e-02  1.000000e-01 6.016441e-04 8.000000e-04 2.459923e+04 3.166430e+01 2.259140e+01 6.887676e+01 2.918136e+00 2.729454e+00 1.489890e+01 2.834642e+02 1.057422e+03
2.000000e-01 9.427000e-02  8.570000e-02  1.000000e-01 6.176756e-04 8.000000e-04 2.459923e+04 3.166572e+01 2.257179e+01 6.887783e+01 3.198848e+00 2.859413e+00 1.570347e+01 2.987720e+02 1.114525e+03
2.000000e-01 9.427000e-02  8.570000e-02  1.000000e-01 6.341342e-04 8.000000e-04 2.459923e+04 3.165818e+01 2.256671e+01 6.885771e+01 3.357258e+00 2.984673e+00 1.655149e+01 3.149063e+02 1.174712e+03
2.000000e-01 9.427000e-02  8.570000e-02  1.000000e-01 6.510315e-04 8.000000e-04 2.459923e+04 3.166451e+01 2.255289e+01 6.886647e+01 3.436966e+00 3.133744e+00 1.744531e+01 3.319120e+02 1.238149e+03
2.000000e-01 9.427000e-02  8.570000e-02  1.000000e-01 6.683790e-04 8.000000e-04 2.459923e+04 3.163403e+01 2.253709e+01 6.880382e+01 3.834344e+00 3.350085e+00 1.838740e+01 3.498360e+02 1.305012e+03
2.000000e-01 9.427000e-02  8.570000e-02  1.000000e-01 6.861887e-04 8.000000e-04 2.459923e+04 3.164422e+01 2.251221e+01 6.881276e+01 3.688283e+00 3.559232e+00 1.938036e+01 3.687280e+02 1.375486e+03
2.000000e-01 9.427000e-02  8.570000e-02  1.000000e-01 7.044730e-04 8.000000e-04 2.459923e+04 3.162416e+01 2.249682e+01 6.877798e+01 3.867723e+00 3.757238e+00 2.042695e+01 3.886402e+02 1.449765e+03
2.000000e-01 9.427000e-02  8.570000e-02  1.000000e-01 7.232445e-04 8.000000e-04 2.459923e+04 3.161393e+01 2.248187e+01 6.876163e+01 4.228791e+00 3.897730e+00 2.153005e+01 4.096276e+02 1.528056e+03
2.000000e-01 9.427000e-02  8.570000e-02  1.000000e-01 7.425162e-04 8.000000e-04 2.459923e+04 3.161834e+01 2.246308e+01 6.875607e+01 4.442792e+00 4.074805e+00 2.269272e+01 4.317485e+02 1.610575e+03
2.000000e-01 9.427000e-02  8.570000e-02  1.000000e-01 7.623014e-04 8.000000e-04 2.459923e+04 3.159366e+01 2.243330e+01 6.870961e+01 4.627750e+00 4.383189e+00 2.391818e+01 4.550639e+02 1.697549e+03
2.000000e-01 9.427000e-02  8.570000e-02  1.000000e-01 7.826138e-04 8.000000e-04 2.459923e+04 3.159344e+01 2.239431e+01 6.868851e+01 4.858602e+00 4.611822e+00 2.520982e+01 4.796384e+02 1.789221e+03
2.000000e-01 9.427000e-02  8.570000e-02  1.000000e-01 8.034674e-04 8.000000e-04 2.459923e+04 3.156863e+01 2.236904e+01 6.863729e+01 5.226185e+00 4.781947e+00 2.657121e+01 5.055400e+02 1.885843e+03
2.000000e-01 9.427000e-02  8.570000e-02  1.000000e-01 8.248767e-04 8.000000e-04 2.459923e+04 3.157359e+01 2.234545e+01 6.863035e+01 5.452136e+00 5.092450e+00 2.800612e+01 5.328403e+02 1.987683e+03
2.000000e-01 9.427000e-02  8.570000e-02  1.000000e-01 8.468565e-04 8.000000e-04 2.459923e+04 3.153669e+01 2.232581e+01 6.855983e+01 5.922671e+00 5.365948e+00 2.951851e+01 5.616150e+02 2.095023e+03
2.000000e-01 9.427000e-02  8.570000e-02  1.000000e-01 8.694220e-04 8.000000e-04 2.459923e+04 3.154235e+01 2.229338e+01 6.856011e+01 6.174651e+00 5.619386e+00 3.111258e+01 5.919435e+02 2.208159e+03
2.000000e-01 9.427000e-02  8.570000e-02  1.000000e-01 8.925887e-04 8.000000e-04 2.459923e+04 3.150609e+01 2.225446e+01 6.848097e+01 6.561724e+00 5.978739e+00 3.279273e+01 6.239098e+02 2.327404e+03
2.000000e-01 9.427000e-02  8.570000e-02  1.000000e-01 9.163728e-04 8.000000e-04 2.459923e+04 3.150865e+01 2.222302e+01 6.848611e+01 6.586362e+00 6.226621e+00 3.456362e+01 6.576024e+02 2.453090e+03
2.000000e-01 9.427000e-02  8.570000e-02  1.000000e-01 9.407906e-04 8.000000e-04 2.459923e+04 3.149028e+01 2.218401e+01 6.843292e+01 7.202490e+00 6.697571e+00 3.643013e+01 6.931145e+02 2.585562e+03
2.000000e-01 9.427000e-02  8.570000e-02  1.000000e-01 9.658591e-04 8.000000e-04 2.459923e+04 3.146642e+01 2.214611e+01 6.838876e+01 7.650265e+00 7.002646e+00 3.839745e+01 7.305443e+02 2.725189e+03
2.000000e-01 9.427000e-02  8.570000e-02  1.000000e-01 9.915955e-04 8.000000e-04 2.459923e+04 3.148473e+01 2.213909e+01 6.840737e+01 7.752849e+00 7.205608e+00 4.047100e+01 7.699954e+02 2.872355e+03
2.000000e-01 9.427000e-02  8.570000e-02  1.000000e-01 1.018018e-03 8.000000e-04 2.459923e+04 3.142711e+01 2.207101e+01 6.829986e+01 8.474225e+00 7.797057e+00 4.265653e+01 8.115769e+02 3.027469e+03
2.000000e-01 9.427000e-02  8.570000e-02  1.000000e-01 1.045144e-03 8.000000e-04 2.459923e+04 3.144779e+01 2.204544e+01 6.831458e+01 8.671191e+00 8.256347e+00 4.496008e+01 8.554040e+02 3.190960e+03
2.000000e-01 9.427000e-02  8.570000e-02  1.000000e-01 1.072993e-03 8.000000e-04 2.459923e+04 3.139187e+01 2.200482e+01 6.820953e+01 9.554622e+00 8.588346e+00 4.738803e+01 9.015978e+02 3.363279e+03
2.000000e-01 9.427000e-02  8.570000e-02  1.000000e-01 1.101584e-03 8.000000e-04 2.459923e+04 3.137217e+01 2.197144e+01 6.814794e+01 9.599669e+00 9.130087e+00 4.994709e+01 9.502862e+02 3.544904e+03
2.000000e-01 9.427000e-02  8.570000e-02  1.000000e-01 1.130937e-03 8.000000e-04 2.459923e+04 3.134220e+01 2.190841e+01 6.809822e+01 1.028207e+01 9.554765e+00 5.264435e+01 1.001604e+03 3.736337e+03
2.000000e-01 9.427000e-02  8.570000e-02  1.000000e-01 1.161072e-03 8.000000e-04 2.459923e+04 3.132257e+01 2.186700e+01 6.803627e+01 1.089651e+01 1.005200e+01 5.548727e+01 1.055693e+03 3.938108e+03
2.000000e-01 9.427000e-02  8.570000e-02  1.000000e-01 1.192010e-03 8.000000e-04 2.459923e+04 3.126346e+01 2.179602e+01 6.790094e+01 1.180982e+01 1.075982e+01 5.848372e+01 1.112703e+03 4.150775e+03
2.000000e-01 9.427000e-02  8.570000e-02  1.000000e-01 1.223773e-03 8.000000e-04 2.459923e+04 3.126414e+01 2.173496e+01 6.788460e+01 1.214201e+01 1.116814e+01 6.164197e+01 1.172791e+03 4.374927e+03
2.000000e-01 9.427000e-02  8.570000e-02  1.000000e-01 1.256382e-03 8.000000e-04 2.459923e+04 3.118827e+01 2.166029e+01 6.769696e+01 1.289655e+01 1.183656e+01 6.497079e+01 1.236125e+03 4.611183e+03
2.000000e-01 9.427000e-02  8.570000e-02  1.000000e-01 1.289860e-03 8.000000e-04 2.459923e+04 3.124717e+01 2.160017e+01 6.784952e+01 1.314488e+01 1.240658e+01 6.847936e+01 1.302878e+03 4.860198e+03
2.000000e-01 9.427000e-02  8.570000e-02  1.000000e-01 1.324229e-03 8.000000e-04 2.459923e+04 3.119688e+01 2.158790e+01 6.775719e+01 1.403044e+01 1.309817e+01 7.217741e+01 1.373237e+03 5.122660e+03
2.000000e-01 9.427000e-02  8.570000e-02  1.000000e-01 1.359515e-03 8.000000e-04 2.459923e+04 3.115632e+01 2.152098e+01 6.763788e+01 1.504402e+01 1.387032e+01 7.607516e+01 1.447395e+03 5.399295e+03
2.000000e-01 9.427000e-02  8.570000e-02  1.000000e-01 1.395741e-03 8.000000e-04 2.459923e+04 3.115094e+01 2.141467e+01 6.762326e+01 1.573946e+01 1.452346e+01 8.018340e+01 1.525558e+03 5.690870e+03
2.000000e-01 9.427000e-02  8.570000e-02  1.000000e-01 1.432932e-03 8.000000e-04 2.459923e+04 3.100847e+01 2.133805e+01 6.735325e+01 1.724702e+01 1.539387e+01 8.451349e+01 1.607941e+03 5.998191e+03
2.000000e-01 9.427000e-02  8.570000e-02  1.000000e-01 1.471114e-03 8.000000e-04 2.459923e+04 3.099161e+01 2.129711e+01 6.728063e+01 1.813066e+01 1.620609e+01 8.907742e+01 1.694774e+03 6.322107e+03
2.000000e-01 9.427000e-02  8.570000e-02  1.000000e-01 1.510314e-03 8.000000e-04 2.459923e+04 3.099509e+01 2.119383e+01 6.727818e+01 1.862182e+01 1.706201e+01 9.388781e+01 1.786296e+03 6.663516e+03
2.000000e-01 9.427000e-02  8.570000e-02  1.000000e-01 1.550558e-03 8.000000e-04 2.459923e+04 3.090397e+01 2.113357e+01 6.710020e+01 1.940806e+01 1.787370e+01 9.895798e+01 1.882760e+03 7.023362e+03
2.000000e-01 9.427000e-02  8.570000e-02  1.000000e-01 1.591874e-03 8.000000e-04 2.459923e+04 3.094754e+01 2.104399e+01 6.717708e+01 2.069598e+01 1.897717e+01 1.043019e+02 1.984434e+03 7.402640e+03
2.000000e-01 9.427000e-02  8.570000e-02  1.000000e-01 1.634292e-03 8.000000e-04 2.459923e+04 3.082859e+01 2.100214e+01 6.692715e+01 2.238743e+01 1.988941e+01 1.099345e+02 2.091598e+03 7.802400e+03
2.000000e-01 9.427000e-02  8.570000e-02  1.000000e-01 1.677839e-03 8.000000e-04 2.459923e+04 3.082312e+01 2.087563e+01 6.683838e+01 2.366460e+01 2.102192e+01 1.158712e+02 2.204549e+03 8.223748e+03
2.000000e-01 9.427000e-02  8.570000e-02  1.000000e-01 1.722547e-03 8.000000e-04 2.459923e+04 3.075316e+01 2.075940e+01 6.682762e+01 2.389876e+01 2.205161e+01 1.221285e+02 2.323600e+03 8.667850e+03
2.000000e-01 9.427000e-02  8.570000e-02  1.000000e-01 1.768447e-03 8.000000e-04 2.459923e+04 3.066903e+01 2.066201e+01 6.665222e+01 2.537448e+01 2.330289e+01 1.287238e+02 2.449080e+03 9.135935e+03
2.000000e-01 9.427000e-02  8.570000e-02  1.000000e-01 1.815569e-03 8.000000e-04 2.459923e+04 3.060995e+01 2.054281e+01 6.648646e+01 2.756279e+01 2.474655e+01 1.356752e+02 2.581336e+03 9.629297e+03
2.000000e-01 9.427000e-02  8.570000e-02  1.000000e-01 1.863947e-03 8.000000e-04 2.459923e+04 3.069080e+01 2.048939e+01 6.666885e+01 2.728384e+01 2.577947e+01 1.430020e+02 2.720735e+03 1.014930e+04
2.000000e-01 9.427000e-02  8.570000e-02  1.000000e-01 1.913614e-03 8.000000e-04 2.459923e+04 3.059332e+01 2.034377e+01 6.642147e+01 2.951709e+01 2.713254e+01 1.507244e+02 2.867661e+03 1.069739e+04
2.000000e-01 9.427000e-02  8.570000e-02  1.000000e-01 1.964605e-03 8.000000e-04 2.459923e+04 3.048641e+01 2.027323e+01 6.618558e+01 3.052008e+01 2.866654e+01 1.588639e+02 3.022521e+03 1.127507e+04
2.000000e-01 9.427000e-02  8.570000e-02  1.000000e-01 2.016954e-03 8.000000e-04 2.459923e+04 3.044706e+01 2.010612e+01 6.614501e+01 3.276484e+01 3.052120e+01 1.674429e+02 3.185745e+03 1.188396e+04
2.000000e-01 9.427000e-02  8.570000e-02  1.000000e-01 2.070698e-03 8.000000e-04 2.459923e+04 3.039030e+01 1.995503e+01 6.601463e+01 3.333632e+01 3.211759e+01 1.764852e+02 3.357783e+03 1.252572e+04
2.000000e-01 9.427000e-02  8.570000e-02  1.000000e-01 2.125874e-03 8.000000e-04 2.459923e+04 3.028215e+01 1.987321e+01 6.584546e+01 3.711917e+01 3.365792e+01 1.860159e+02 3.539111e+03 1.320214e+04
2.000000e-01 9.427000e-02  8.570000e-02  1.000000e-01 2.182521e-03 8.000000e-04 2.459923e+04 3.024432e+01 1.973410e+01 6.579944e+01 3.856021e+01 3.618619e+01 1.960612e+02 3.730232e+03 1.391508e+04
2.000000e-01 9.427000e-02  8.570000e-02  1.000000e-01 2.240677e-03 8.000000e-04 2.459923e+04 3.000348e+01 1.960206e+01 6.534523e+01 3.993098e+01 3.785526e+01 2.066490e+02 3.931673e+03 1.466653e+04
2.000000e-01 9.427000e-02  8.570000e-02  1.000000e-01 2.300382e-03 8.000000e-04 2.459923e+04 3.001615e+01 1.944693e+01 6.536391e+01 4.308651e+01 3.993937e+01 2.178085e+02 4.143993e+03 1.545856e+04
