2.000000e-01 2.285000e-02  2.077273e-02  1.000000e-01 2.000000e-06 8.000000e-04 4.854526e+07 3.180203e+01 2.288802e+01 6.923341e+01 4.627297e-09 3.924677e-09 2.147369e-08 4.150228e-07 1.504667e-06
2.000000e-01 2.285000e-02  2.077273e-02  1.000000e-01 2.053292e-06 8.000000e-04 4.854526e+07 3.180203e+01 2.288802e+01 6.923341e+01 4.948495e-09 4.165070e-09 2.263332e-08 4.374349e-07 1.585923e-06
2.000000e-01 2.285000e-02  2.077273e-02  1.000000e-01 2.108005e-06 8.000000e-04 4.854526e+07 3.180203e+01 2.288802e+01 6.923341e+01 4.985983e-09 4.336416e-09 2.385558e-08 4.610574e-07 1.671566e-06
2.000000e-01 2.285000e-02  2.077273e-02  1.000000e-01 2.164175e-06 8.000000e-04 4.854526e+07 3.180203e+01 2.288802e+01 6.923341e+01 5.454303e-09 4.657427e-09 2.514383e-08 4.859556e-07 1.761835e-06
2.000000e-01 2.285000e-02  2.077273e-02  1.000000e-01 2.221842e-06 8.000000e-04 4.854526e+07 3.180203e+01 2.288802e+01 6.923341e+01 5.637258e-09 4.853654e-09 2.650166e-08 5.121983e-07 1.856978e-06
2.000000e-01 2.285000e-02  2.077273e-02  1.000000e-01 2.281045e-06 8.000000e-04 4.854526e+07 3.180203e+01 2.288802e+01 6.923341e+01 5.932695e-09 5.170016e-09 2.793281e-08 5.398582e-07 1.957259e-06
2.000000e-01 2.285000e-02  2.077273e-02  1.000000e-01 2.341826e-06 8.000000e-04 4.854526e+07 3.180203e+01 2.288802e+01 6.923341e+01 6.300444e-09 5.426527e-09 2.944124e-08 5.690118e-07 2.062955e-06
2.000000e-01 2.285000e-02  2.077273e-02  1.000000e-01 2.404227e-06 8.000000e-04 4.854526e+07 3.180203e+01 2.288802e+01 6.923341e+01 6.773835e-09 5.694482e-09 3.103114e-08 5.997398e-07 2.174360e-06
2.000000e-01 2.285000e-02  2.077273e-02  1.000000e-01 2.468290e-06 8.000000e-04 4.854526e+07 3.180203e+01 2.288802e+01 6.923341e+01 6.699136e-09 5.975439e-09 3.270689e-08 6.321271e-07 2.291780e-06
2.000000e-01 2.285000e-02  2.077273e-02  1.000000e-01 2.534061e-06 8.000000e-04 4.854526e+07 3.180203e+01 2.288802e+01 6.923341e+01 7.128565e-09 6.335592e-09 3.447314e-08 6.662634e-07 2.415541e-06
2.000000e-01 2.285000e-02  2.077273e-02  1.000000e-01 2.601584e-06 8.000000e-04 4.854526e+07 3.180203e+01 2.288802e+01 6.923341e+01 7.702754e-09 6.610264e-09 3.633477e-08 7.022432e-07 2.545986e-06
2.000000e-01 2.285000e-02  2.077273e-02  1.000000e-01 2.670906e-06 8.000000e-04 4.854526e+07 3.180203e+01 2.288802e+01 6.923341e+01 7.789411e-09 7.020523e-09 3.829693e-08 7.401660e-07 2.683475e-06
2.000000e-01 2.285000e-02  2.077273e-02  1.000000e-01 2.742075e-06 8.000000e-04 4.854526e+07 3.180203e+01 2.288802e+01 6.923341e+01 8.721979e-09 7.379164e-09 4.036505e-08 7.801366e-07 2.828389e-06
2.000000e-01 2.285000e-02  2.077273e-02  1.000000e-01 2.815141e-06 8.000000e-04 4.854526e+07 3.180203e+01 2.288802e+01 6.923341e+01 9.013856e-09 7.771619e-09 4.254486e-08 8.222658e-07 2.981129e-06
2.000000e-01 2.285000e-02  2.077273e-02  1.000000e-01 2.890154e-06 8.000000e-04 4.854526e+07 3.180203e+01 2.288802e+01 6.923341e+01 9.458804e-09 8.221120e-09 4.484238e-08 8.666701e-07 3.142117e-06
2.000000e-01 2.285000e-02  2.077273e-02  1.000000e-01 2.967165e-06 8.000000e-04 4.854526e+07 3.180203e+01 2.288802e+01 6.923341e+01 9.889683e-09 8.598100e-09 4.726397e-08 9.134723e-07 3.311798e-06
2.000000e-01 2.285000e-02  2.077273e-02  1.000000e-01 3.046229e-06 8.000000e-04 4.854526e+07 3.180203e+01 2.288802e+01 6.923341e+01 1.062724e-08 9.175884e-09 4.981634e-08 9.628019e-07 3.490643e-06
2.000000e-01 2.285000e-02  2.077273e-02  1.000000e-01 3.127399e-06 8.000000e-04 4.854526e+07 3.180203e+01 2.288802e+01 6.923341e+01 1.085257e-08 9.607649e-09 5.250653e-08 1.014795e-06 3.679146e-06
2.000000e-01 2.285000e-02  2.077273e-02  1.000000e-01 3.210732e-06 8.000000e-04 4.854526e+07 3.180203e+01 2.288802e+01 6.923341e+01 1.218603e-08 1.010522e-08 5.534201e-08 1.069597e-06 3.877828e-06
2.000000e-01 2.285000e-02  2.077273e-02  1.000000e-01 3.296286e-06 8.000000e-04 4.854526e+07 3.180203e+01 2.288802e+01 6.923341e+01 1.251602e-08 1.078398e-08 5.833060e-08 1.127357e-06 4.087240e-06
2.000000e-01 2.285000e-02  2.077273e-02  1.000000e-01 3.384119e-06 8.000000e-04 4.854526e+07 3.180203e+01 2.288802e+01 6.923341e+01 1.210370e-08 1.121793e-08 6.148059e-08 1.188237e-06 4.307960e-06
2.000000e-01 2.285000e-02  2.077273e-02  1.000000e-01 3.474293e-06 8.000000e-04 4.854526e+07 3.180203e+01 2.288802e+01 6.923341e+01 1.412525e-08 1.188554e-08 6.480068e-08 1.252405e-06 4.540600e-06
2.000000e-01 2.285000e-02  2.077273e-02  1.000000e-01 3.566869e-06 8.000000e-04 4.854526e+07 3.180203e+01 2.288802e+01 6.923341e+01 1.416032e-08 1.264738e-08 6.830007e-08 1.320038e-06 4.785803e-06
2.000000e-01 2.285000e-02  2.077273e-02  1.000000e-01 3.661913e-06 8.000000e-04 4.854526e+07 3.180203e+01 2.288802e+01 6.923341e+01 1.512384e-08 1.321795e-08 7.198843e-08 1.391323e-06 5.044247e-06
2.000000e-01 2.285000e-02  2.077273e-02  1.000000e-01 3.759488e-06 8.000000e-04 4.854526e+07 3.180203e+01 2.288802e+01 6.923341e+01 1.506443e-08 1.380805e-08 7.587597e-08 1.466457e-06 5.316648e-06
2.000000e-01 2.285000e-02  2.077273e-02  1.000000e-01 3.859664e-06 8.000000e-04 4.854526e+07 3.180203e+01 2.288802e+01 6.923341e+01 1.705783e-08 1.462977e-08 7.997345e-08 1.545649e-06 5.603760e-06
2.000000e-01 2.285000e-02  2.077273e-02  1.000000e-01 3.962510e-06 8.000000e-04 4.854526e+07 3.180203e+01 2.288802e+01 6.923341e+01 1.837719e-08 1.576292e-08 8.429220e-08 1.629118e-06 5.906376e-06
2.000000e-01 2.285000e-02  2.077273e-02  1.000000e-01 4.068095e-06 8.000000e-04 4.854526e+07 3.180203e+01 2.288802e+01 6.923341e+01 1.888206e-08 1.623599e-08 8.884418e-08 1.717094e-06 6.225334e-06
2.000000e-01 2.285000e-02  2.077273e-02  1.000000e-01 4.176494e-06 8.000000e-04 4.854526e+07 3.180203e+01 2.288802e+01 6.923341e+01 1.949978e-08 1.742136e-08 9.364197e-08 1.809821e-06 6.561516e-06
2.000000e-01 2.285000e-02  2.077273e-02  1.000000e-01 4.287782e-06 8.000000e-04 4.854526e+07 3.180203e+01 2.288802e+01 6.923341e+01 2.057581e-08 1.796236e-08 9.869885e-08 1.907556e-06 6.915853e-06
2.000000e-01 2.285000e-02  2.077273e-02  1.000000e-01 4.402035e-06 8.000000e-04 4.854526e+07 3.180203e+01 2.288802e+01 6.923341e+01 2.272569e-08 1.873323e-08 1.040288e-07 2.010568e-06 7.289325e-06
2.000000e-01 2.285000e-02  2.077273e-02  1.000000e-01 4.519332e-06 8.000000e-04 4.854526e+07 3.180203e+01 2.288802e+01 6.923341e+01 2.352294e-08 2.002657e-08 1.096466e-07 2.119144e-06 7.682965e-06
2.000000e-01 2.285000e-02  2.077273e-02  1.000000e-01 4.639755e-06 8.000000e-04 4.854526e+07 3.180203e+01 2.288802e+01 6.923341e+01 2.463687e-08 2.132203e-08 1.155678e-07 2.233582e-06 8.097863e-06
2.000000e-01 2.285000e-02  2.077273e-02  1.000000e-01 4.763386e-06 8.000000e-04 4.854526e+07 3.180203e+01 2.288802e+01 6.923341e+01 2.561239e-08 2.217603e-08 1.218087e-07 2.354201e-06 8.535167e-06
2.000000e-01 2.285000e-02  2.077273e-02  1.000000e-01 4.890312e-06 8.000000e-04 4.854526e+07 3.180203e+01 2.288802e+01 6.923341e+01 2.697383e-08 2.399065e-08 1.283867e-07 2.481333e-06 8.996085e-06
2.000000e-01 2.285000e-02  2.077273e-02  1.000000e-01 5.020620e-06 8.000000e-04 4.854526e+07 3.180203e+01 2.288802e+01 6.923341e+01 2.789395e-08 2.532540e-08 1.353198e-07 2.615331e-06 9.481895e-06
2.000000e-01 2.285000e-02  2.077273e-02  1.000000e-01 5.154400e-06 8.000000e-04 4.854526e+07 3.180203e+01 2.288802e+01 6.923341e+01 3.127989e-08 2.621281e-08 1.426274e-07 2.756565e-06 9.993939e-06
2.000000e-01 2.285000e-02  2.077273e-02  1.000000e-01 5.291745e-06 8.000000e-04 4.854526e+07 3.180203e+01 2.288802e+01 6.923341e+01 3.125490e-08 2.762542e-08 1.503296e-07 2.905426e-06 1.053363e-05
2.000000e-01 2.285000e-02  2.077273e-02  1.000000e-01 5.432750e-06 8.000000e-04 4.854526e+07 3.180203e+01 2.288802e+01 6.923341e+01 3.511363e-08 2.885738e-08 1.584478e-07 3.062325e-06 1.110248e-05
2.000000e-01 2.285000e-02  2.077273e-02  1.000000e-01 5.577512e-06 8.000000e-04 4.854526e+07 3.180203e+01 2.288802e+01 6.923341e+01 3.451838e-08 3.031494e-08 1.670043e-07 3.227698e-06 1.170203e-05
2.000000e-01 2.285000e-02  2.077273e-02  1.000000e-01 5.726131e-06 8.000000e-04 4.854526e+07 3.180203e+01 2.288802e+01 6.923341e+01 3.731768e-08 3.214316e-08 1.760229e-07 3.402001e-06 1.233397e-05
2.000000e-01 2.285000e-02  2.077273e-02  1.000000e-01 5.878710e-06 8.000000e-04 4.854526e+07 3.180203e+01 2.288802e+01 6.923341e+01 3.800043e-08 3.368341e-08 1.855286e-07 3.585717e-06 1.300003e-05
2.000000e-01 2.285000e-02  2.077273e-02  1.000000e-01 6.035355e-06 8.000000e-04 4.854526e+07 3.180203e+01 2.288802e+01 6.923341e+01 4.202006e-08 3.550594e-08 1.955476e-07 3.779354e-06 1.370207e-05
2.000000e-01 2.285000e-02  2.077273e-02  1.000000e-01 6.196174e-06 8.000000e-04 4.854526e+07 3.180203e+01 2.288802e+01 6.923341e+01 4.330034e-08 3.813735e-08 2.061076e-07 3.983448e-06 1.444201e-05
2.000000e-01 2.285000e-02  2.077273e-02  1.000000e-01 6.361278e-06 8.000000e-04 4.854526e+07 3.180203e+01 2.288802e+01 6.923341e+01 4.471946e-08 3.972159e-08 2.172379e-07 4.198563e-06 1.522191e-05
2.000000e-01 2.285000e-02  2.077273e-02  1.000000e-01 6.530782e-06 8.000000e-04 4.854526e+07 3.180203e+01 2.288802e+01 6.923341e+01 4.803904e-08 4.200631e-08 2.289692e-07 4.425295e-06 1.604393e-05
2.000000e-01 2.285000e-02  2.077273e-02  1.000000e-01 6.704802e-06 8.000000e-04 4.854526e+07 3.180203e+01 2.288802e+01 6.923341e+01 5.068954e-08 4.419696e-08 2.413341e-07 4.664271e-06 1.691034e-05
2.000000e-01 2.285000e-02  2.077273e-02  1.000000e-01 6.883459e-06 8.000000e-04 4.854526e+07 3.180203e+01 2.288802e+01 6.923341e+01 5.166775e-08 4.699377e-08 2.543667e-07 4.916153e-06 1.782354e-05
2.000000e-01 2.285000e-02  2.077273e-02  1.000000e-01 7.066877e-06 8.000000e-04 4.854526e+07 3.180203e+01 2.288802e+01 6.923341e+01 5.999328e-08 4.947468e-08 2.681031e-07 5.181637e-06 1.878605e-05
2.000000e-01 2.285000e-02  2.077273e-02  1.000000e-01 7.255182e-06 8.000000e-04 4.854526e+07 3.180203e+01 2.288802e+01 6.923341e+01 5.709564e-08 5.221974e-08 2.825813e-07 5.461457e-06 1.980054e-05
2.000000e-01 2.285000e-02  2.077273e-02  1.000000e-01 7.448504e-06 8.000000e-04 4.854526e+07 3.180203e+01 2.288802e+01 6.923341e+01 6.314172e-08 5.531822e-08 2.978413e-07 5.756388e-06 2.086981e-05
2.000000e-01 2.285000e-02  2.077273e-02  1.000000e-01 7.646978e-06 8.000000e-04 4.854526e+07 3.180203e+01 2.288802e+01 6.923341e+01 6.812004e-08 5.733034e-08 3.139254e-07 6.067246e-06 2.199683e-05
2.000000e-01 2.285000e-02  2.077273e-02  1.000000e-01 7.850741e-06 8.000000e-04 4.854526e+07 3.180203e+01 2.288802e+01 6.923341e+01 7.350020e-08 5.972224e-08 3.308781e-07 6.394892e-06 2.318471e-05
2.000000e-01 2.285000e-02  2.077273e-02  1.000000e-01 8.059933e-06 8.000000e-04 4.854526e+07 3.180203e+01 2.288802e+01 6.923341e+01 7.279865e-08 6.399235e-08 3.487463e-07 6.740231e-06 2.443674e-05
2.000000e-01 2.285000e-02  2.077273e-02  1.000000e-01 8.274699e-06 8.000000e-04 4.854526e+07 3.180203e+01 2.288802e+01 6.923341e+01 8.148508e-08 6.702715e-08 3.675794e-07 7.104219e-06 2.575638e-05
2.000000e-01 2.285000e-02  2.077273e-02  1.000000e-01 8.495188e-06 8.000000e-04 4.854526e+07 3.180203e+01 2.288802e+01 6.923341e+01 7.947100e-08 7.120348e-08 3.874295e-07 7.487863e-06 2.714728e-05
2.000000e-01 2.285000e-02  2.077273e-02  1.000000e-01 8.721552e-06 8.000000e-04 4.854526e+07 3.180203e+01 2.288802e+01 6.923341e+01 8.524923e-08 7.463007e-08 4.083516e-07 7.892225e-06 2.861330e-05
2.000000e-01 2.285000e-02  2.077273e-02  1.000000e-01 8.953948e-06 8.000000e-04 4.854526e+07 3.180203e+01 2.288802e+01 6.923341e+01 8.687273e-08 7.858017e-08 4.304036e-07 8.318423e-06 3.015849e-05
2.000000e-01 2.285000e-02  2.077273e-02  1.000000e-01 9.192536e-06 8.000000e-04 4.854526e+07 3.180203e+01 2.288802e+01 6.923341e+01 9.682103e-08 8.297021e-08 4.536464e-07 8.767637e-06 3.178711e-05
2.000000e-01 2.285000e-02  2.077273e-02  1.000000e-01 9.437481e-06 8.000000e-04 4.854526e+07 3.180203e+01 2.288802e+01 6.923341e+01 1.014405e-07 8.851763e-08 4.781443e-07 9.241110e-06 3.350369e-05
2.000000e-01 2.285000e-02  2.077273e-02  1.000000e-01 9.688954e-06 8.000000e-04 4.854526e+07 3.180203e+01 2.288802e+01 6.923341e+01 1.043795e-07 9.292622e-08 5.039652e-07 9.740151e-06 3.531297e-05
2.000000e-01 2.285000e-02  2.077273e-02  1.000000e-01 9.947127e-06 8.000000e-04 4.854526e+07 3.180203e+01 2.288802e+01 6.923341e+01 1.120052e-07 9.850891e-08 5.311805e-07 1.026614e-05 3.721995e-05
2.000000e-01 2.285000e-02  2.077273e-02  1.000000e-01 1.021218e-05 8.000000e-04 4.854526e+07 3.180203e+01 2.288802e+01 6.923341e+01 1.181593e-07 1.026852e-07 5.598655e-07 1.082054e-05 3.922991e-05
2.000000e-01 2.285000e-02  2.077273e-02  1.000000e-01 1.048430e-05 8.000000e-04 4.854526e+07 3.180203e+01 2.288802e+01 6.923341e+01 1.252552e-07 1.079734e-07 5.900995e-07 1.140487e-05 4.134842e-05
2.000000e-01 2.285000e-02  2.077273e-02  1.000000e-01 1.076366e-05 8.000000e-04 4.854526e+07 3.180203e+01 2.288802e+01 6.923341e+01 1.315574e-07 1.165497e-07 6.219662e-07 1.202076e-05 4.358133e-05
2.000000e-01 2.285000e-02  2.077273e-02  1.000000e-01 1.105047e-05 8.000000e-04 4.854526e+07 3.180203e+01 2.288802e+01 6.923341e+01 1.334913e-07 1.196557e-07 6.555538e-07 1.266991e-05 4.593482e-05
2.000000e-01 2.285000e-02  2.077273e-02  1.000000e-01 1.134492e-05 8.000000e-04 4.854526e+07 3.180203e+01 2.288802e+01 6.923341e+01 1.518306e-07 1.263967e-07 6.909553e-07 1.335411e-05 4.841541e-05
2.000000e-01 2.285000e-02  2.077273e-02  1.000000e-01 1.164722e-05 8.000000e-04 4.854526e+07 3.180203e+01 2.288802e+01 6.923341e+01 1.497891e-07 1.349174e-07 7.282685e-07 1.407527e-05 5.102995e-05
2.000000e-01 2.285000e-02  2.077273e-02  1.000000e-01 1.195758e-05 8.000000e-04 4.854526e+07 3.180203e+01 2.288802e+01 6.923341e+01 1.651793e-07 1.390410e-07 7.675966e-07 1.483536e-05 5.378569e-05
2.000000e-01 2.285000e-02  2.077273e-02  1.000000e-01 1.227620e-05 8.000000e-04 4.854526e+07 3.180203e+01 2.288802e+01 6.923341e+01 1.768586e-07 1.472545e-07 8.090486e-07 1.563651e-05 5.669024e-05
2.000000e-01 2.285000e-02  2.077273e-02  1.000000e-01 1.260331e-05 8.000000e-04 4.854526e+07 3.180203e+01 2.288802e+01 6.923341e+01 1.767707e-07 1.557722e-07 8.527391e-07 1.648092e-05 5.975164e-05
2.000000e-01 2.285000e-02  2.077273e-02  1.000000e-01 1.293914e-05 8.000000e-04 4.854526e+07 3.180203e+01 2.288802e+01 6.923341e+01 1.904586e-07 1.672664e-07 8.987890e-07 1.737092e-05 6.297837e-05
2.000000e-01 2.285000e-02  2.077273e-02  1.000000e-01 1.328392e-05 8.000000e-04 4.854526e+07 3.180203e+01 2.288802e+01 6.923341e+01 1.864599e-07 1.744417e-07 9.473257e-07 1.830899e-05 6.637935e-05
2.000000e-01 2.285000e-02  2.077273e-02  1.000000e-01 1.363789e-05 8.000000e-04 4.854526e+07 3.180203e+01 2.288802e+01 6.923341e+01 2.233405e-07 1.842609e-07 9.984835e-07 1.929772e-05 6.996398e-05
2.000000e-01 2.285000e-02  2.077273e-02  1.000000e-01 1.400128e-05 8.000000e-04 4.854526e+07 3.180203e+01 2.288802e+01 6.923341e+01 2.200020e-07 1.897374e-07 1.052404e-06 2.033984e-05 7.374220e-05
2.000000e-01 2.285000e-02  2.077273e-02  1.000000e-01 1.437436e-05 8.000000e-04 4.854526e+07 3.180203e+01 2.288802e+01 6.923341e+01 2.421082e-07 2.018124e-07 1.109236e-06 2.143824e-05 7.772445e-05
2.000000e-01 2.285000e-02  2.077273e-02  1.000000e-01 1.475738e-05 8.000000e-04 4.854526e+07 3.180203e+01 2.288802e+01 6.923341e+01 2.484785e-07 2.128927e-07 1.169137e-06 2.259596e-05 8.192175e-05
2.000000e-01 2.285000e-02  2.077273e-02  1.000000e-01 1.515061e-05 8.000000e-04 4.854526e+07 3.180203e+01 2.288802e+01 6.923341e+01 2.667518e-07 2.262817e-07 1.232274e-06 2.381619e-05 8.634571e-05
2.000000e-01 2.285000e-02  2.077273e-02  1.000000e-01 1.555432e-05 8.000000e-04 4.854526e+07 3.180203e+01 2.288802e+01 6.923341e+01 2.718338e-07 2.409599e-07 1.298819e-06 2.510232e-05 9.100858e-05
2.000000e-01 2.285000e-02  2.077273e-02  1.000000e-01 1.596878e-05 8.000000e-04 4.854526e+07 3.180203e+01 2.288802e+01 6.923341e+01 2.781352e-07 2.463081e-07 1.368958e-06 2.645790e-05 9.592326e-05
2.000000e-01 2.285000e-02  2.077273e-02  1.000000e-01 1.639429e-05 8.000000e-04 4.854526e+07 3.180203e+01 2.288802e+01 6.923341e+01 2.926247e-07 2.619052e-07 1.442885e-06 2.788669e-05 1.011033e-04
2.000000e-01 2.285000e-02  2.077273e-02  1.000000e-01 1.683113e-05 8.000000e-04 4.854526e+07 3.180203e+01 2.288802e+01 6.923341e+01 3.314711e-07 2.775880e-07 1.520804e-06 2.939264e-05 1.065631e-04
2.000000e-01 2.285000e-02  2.077273e-02  1.000000e-01 1.727962e-05 8.000000e-04 4.854526e+07 3.180203e+01 2.288802e+01 6.923341e+01 3.354032e-07 2.911953e-07 1.602931e-06 3.097991e-05 1.123178e-04
2.000000e-01 2.285000e-02  2.077273e-02  1.000000e-01 1.774005e-05 8.000000e-04 4.854526e+07 3.180203e+01 2.288802e+01 6.923341e+01 3.551311e-07 3.100862e-07 1.689493e-06 3.265289e-05 1.183832e-04
2.000000e-01 2.285000e-02  2.077273e-02  1.000000e-01 1.821276e-05 8.000000e-04 4.854526e+07 3.180203e+01 2.288802e+01 6.923341e+01 3.712869e-07 3.292396e-07 1.780730e-06 3.441622e-05 1.247762e-04
2.000000e-01 2.285000e-02  2.077273e-02  1.000000e-01 1.869805e-05 8.000000e-04 4.854526e+07 3.180203e+01 2.288802e+01 6.923341e+01 4.026508e-07 3.482556e-07 1.876894e-06 3.627478e-05 1.315144e-04
2.000000e-01 2.285000e-02  2.077273e-02  1.000000e-01 1.919629e-05 8.000000e-04 4.854526e+07 3.180203e+01 2.288802e+01 6.923341e+01 4.101123e-07 3.614138e-07 1.978250e-06 3.823370e-05 1.386165e-04
2.000000e-01 2.285000e-02  2.077273e-02  1.000000e-01 1.970779e-05 8.000000e-04 4.854526e+07 3.180203e+01 2.288802e+01 6.923341e+01 4.568360e-07 3.833903e-07 2.085080e-06 4.029841e-05 1.461021e-04
2.000000e-01 2.285000e-02  2.077273e-02  1.000000e-01 2.023293e-05 8.000000e-04 4.854526e+07 3.180203e+01 2.288802e+01 6.923341e+01 4.493303e-07 4.099627e-07 2.197679e-06 4.247462e-05 1.539919e-04
2.000000e-01 2.285000e-02  2.077273e-02  1.000000e-01 2.077206e-05 8.000000e-04 4.854526e+07 3.180203e+01 2.288802e+01 6.923341e+01 5.110787e-07 4.209980e-07 2.316359e-06 4.476834e-05 1.623079e-04
2.000000e-01 2.285000e-02  2.077273e-02  1.000000e-01 2.132555e-05 8.000000e-04 4.854526e+07 3.180203e+01 2.288802e+01 6.923341e+01 5.395863e-07 4.505777e-07 2.441448e-06 4.718594e-05 1.710729e-04
2.000000e-01 2.285000e-02  2.077273e-02  1.000000e-01 2.189380e-05 8.000000e-04 4.854526e+07 3.180203e+01 2.288802e+01 6.923341e+01 5.189385e-07 4.724132e-07 2.573292e-06 4.973409e-05 1.803112e-04
2.000000e-01 2.285000e-02  2.077273e-02  1.000000e-01 2.247718e-05 8.000000e-04 4.854526e+07 3.180203e+01 2.288802e+01 6.923341e+01 6.004028e-07 4.989163e-07 2.712255e-06 5.241984e-05 1.900484e-04
2.000000e-01 2.285000e-02  2.077273e-02  1.000000e-01 2.307611e-05 8.000000e-04 4.854526e+07 3.180203e+01 2.288802e+01 6.923341e+01 5.754701e-07 5.264274e-07 2.858723e-06 5.525064e-05 2.003115e-04
2.000000e-01 2.285000e-02  2.077273e-02  1.000000e-01 2.369100e-05 8.000000e-04 4.854526e+07 3.180203e+01 2.288802e+01 6.923341e+01 6.279198e-07 5.513458e-07 3.013101e-06 5.823430e-05 2.111287e-04
2.000000e-01 2.285000e-02  2.077273e-02  1.000000e-01 2.432228e-05 8.000000e-04 4.854526e+07 3.180203e+01 2.288802e+01 6.923341e+01 6.635304e-07 5.866577e-07 3.175816e-06 6.137909e-05 2.225302e-04
2.000000e-01 2.285000e-02  2.077273e-02  1.000000e-01 2.497037e-05 8.000000e-04 4.854526e+07 3.180203e+01 2.288802e+01 6.923341e+01 7.073970e-07 6.151553e-07 3.347317e-06 6.469370e-05 2.345473e-04
2.000000e-01 2.285000e-02  2.077273e-02  1.000000e-01 2.563574e-05 8.000000e-04 4.854526e+07 3.180203e+01 2.288802e+01 6.923341e+01 7.321550e-07 6.473534e-07 3.528080e-06 6.818731e-05 2.472134e-04
2.000000e-01 2.285000e-02  2.077273e-02  1.000000e-01 2.631883e-05 8.000000e-04 4.854526e+07 3.180203e+01 2.288802e+01 6.923341e+01 8.009039e-07 6.875160e-07 3.718604e-06 7.186958e-05 2.605635e-04
2.000000e-01 2.285000e-02  2.077273e-02  1.000000e-01 2.702013e-05 8.000000e-04 4.854526e+07 3.180203e+01 2.288802e+01 6.923341e+01 8.595092e-07 7.212785e-07 3.919417e-06 7.575070e-05 2.746346e-04
2.000000e-01 2.285000e-02  2.077273e-02  1.000000e-01 2.774011e-05 8.000000e-04 4.854526e+07 3.180203e+01 2.288802e+01 6.923341e+01 9.206072e-07 7.563599e-07 4.131075e-06 7.984142e-05 2.894655e-04
2.000000e-01 2.285000e-02  2.077273e-02  1.000000e-01 2.847928e-05 8.000000e-04 4.854526e+07 3.180203e+01 2.288802e+01 6.923341e+01 9.164316e-07 7.944680e-07 4.354163e-06 8.415304e-05 3.050973e-04
2.000000e-01 2.285000e-02  2.077273e-02  1.000000e-01 2.923814e-05 8.000000e-04 4.854526e+07 3.180203e+01 2.288802e+01 6.923341e+01 9.860283e-07 8.515514e-07 4.589297e-06 8.869749e-05 3.215732e-04
2.000000e-01 2.285000e-02  2.077273e-02  1.000000e-01 3.001722e-05 8.000000e-04 4.854526e+07 3.180203e+01 2.288802e+01 6.923341e+01 1.028354e-06 8.788488e-07 4.837130e-06 9.348736e-05 3.389389e-04
2.000000e-01 2.285000e-02  2.077273e-02  1.000000e-01 3.081707e-05 8.000000e-04 4.854526e+07 3.180203e+01 2.288802e+01 6.923341e+01 1.117887e-06 9.212516e-07 5.098346e-06 9.853590e-05 3.572424e-04
2.000000e-01 2.285000e-02  2.077273e-02  1.000000e-01 3.163822e-05 8.000000e-04 4.854526e+07 3.180203e+01 2.288802e+01 6.923341e+01 1.102963e-06 9.796433e-07 5.373669e-06 1.038571e-04 3.765343e-04
2.000000e-01 2.285000e-02  2.077273e-02  1.000000e-01 3.248126e-05 8.000000e-04 4.854526e+07 3.180203e+01 2.288802e+01 6.923341e+01 1.211349e-06 1.032601e-06 5.663859e-06 1.094656e-04 3.968680e-04
2.000000e-01 2.285000e-02  2.077273e-02  1.000000e-01 3.334676e-05 8.000000e-04 4.854526e+07 3.180203e+01 2.288802e+01 6.923341e+01 1.265262e-06 1.116077e-06 5.969721e-06 1.153770e-04 4.182998e-04
2.000000e-01 2.285000e-02  2.077273e-02  1.000000e-01 3.423532e-05 8.000000e-04 4.854526e+07 3.180203e+01 2.288802e+01 6.923341e+01 1.282472e-06 1.168309e-06 6.292100e-06 1.216076e-04 4.408890e-04
2.000000e-01 2.285000e-02  2.077273e-02  1.000000e-01 3.514756e-05 8.000000e-04 4.854526e+07 3.180203e+01 2.288802e+01 6.923341e+01 1.460315e-06 1.220965e-06 6.631887e-06 1.281747e-04 4.646980e-04
2.000000e-01 2.285000e-02  2.077273e-02  1.000000e-01 3.608411e-05 8.000000e-04 4.854526e+07 3.180203e+01 2.288802e+01 6.923341e+01 1.519124e-06 1.285942e-06 6.990025e-06 1.350964e-04 4.897928e-04
2.000000e-01 2.285000e-02  2.077273e-02  1.000000e-01 3.704561e-05 8.000000e-04 4.854526e+07 3.180203e+01 2.288802e+01 6.923341e+01 1.583880e-06 1.345965e-06 7.367502e-06 1.423919e-04 5.162427e-04
2.000000e-01 2.285000e-02  2.077273e-02  1.000000e-01 3.803273e-05 8.000000e-04 4.854526e+07 3.180203e+01 2.288802e+01 6.923341e+01 1.607418e-06 1.424836e-06 7.765364e-06 1.500814e-04 5.441210e-04
2.000000e-01 2.285000e-02  2.077273e-02  1.000000e-01 3.904616e-05 8.000000e-04 4.854526e+07 3.180203e+01 2.288802e+01 6.923341e+01 1.809631e-06 1.490999e-06 8.184712e-06 1.581862e-04 5.735048e-04
2.000000e-01 2.285000e-02  2.077273e-02  1.000000e-01 4.008659e-05 8.000000e-04 4.854526e+07 3.180203e+01 2.288802e+01 6.923341e+01 1.801886e-06 1.578272e-06 8.626705e-06 1.667286e-04 6.044754e-04
2.000000e-01 2.285000e-02  2.077273e-02  1.000000e-01 4.115474e-05 8.000000e-04 4.854526e+07 3.180203e+01 2.288802e+01 6.923341e+01 1.879833e-06 1.679212e-06 9.092567e-06 1.757323e-04 6.371185e-04
2.000000e-01 2.285000e-02  2.077273e-02  1.000000e-01 4.225136e-05 8.000000e-04 4.854526e+07 3.180203e+01 2.288802e+01 6.923341e+01 1.999505e-06 1.738523e-06 9.583587e-06 1.852223e-04 6.715243e-04
2.000000e-01 2.285000e-02  2.077273e-02  1.000000e-01 4.337719e-05 8.000000e-04 4.854526e+07 3.180203e+01 2.288802e+01 6.923341e+01 2.176732e-06 1.859537e-06 1.010112e-05 1.952247e-04 7.077882e-04
2.000000e-01 2.285000e-02  2.077273e-02  1.000000e-01 4.453303e-05 8.000000e-04 4.854526e+07 3.180203e+01 2.288802e+01 6.923341e+01 2.300397e-06 1.943130e-06 1.064661e-05 2.057673e-04 7.460104e-04
2.000000e-01 2.285000e-02  2.077273e-02  1.000000e-01 4.571966e-05 8.000000e-04 4.854526e+07 3.180203e+01 2.288802e+01 6.923341e+01 2.402525e-06 2.066994e-06 1.122155e-05 2.168792e-04 7.862967e-04
2.000000e-01 2.285000e-02  2.077273e-02  1.000000e-01 4.693791e-05 8.000000e-04 4.854526e+07 3.180203e+01 2.288802e+01 6.923341e+01 2.337992e-06 2.161563e-06 1.182754e-05 2.285912e-04 8.287585e-04
2.000000e-01 2.285000e-02  2.077273e-02  1.000000e-01 4.818863e-05 8.000000e-04 4.854526e+07 3.180203e+01 2.288802e+01 6.923341e+01 2.484965e-06 2.294619e-06 1.246625e-05 2.409356e-04 8.735134e-04
2.000000e-01 2.285000e-02  2.077273e-02  1.000000e-01 4.947267e-05 8.000000e-04 4.854526e+07 3.180203e+01 2.288802e+01 6.923341e+01 2.645455e-06 2.417487e-06 1.313946e-05 2.539467e-04 9.206851e-04
2.000000e-01 2.285000e-02  2.077273e-02  1.000000e-01 5.079093e-05 8.000000e-04 4.854526e+07 3.180203e+01 2.288802e+01 6.923341e+01 3.073897e-06 2.550181e-06 1.384902e-05 2.676604e-04 9.704043e-04
2.000000e-01 2.285000e-02  2.077273e-02  1.000000e-01 5.214431e-05 8.000000e-04 4.854526e+07 3.180203e+01 2.288802e+01 6.923341e+01 2.958887e-06 2.646654e-06 1.459690e-05 2.821147e-04 1.022808e-03
2.000000e-01 2.285000e-02  2.077273e-02  1.000000e-01 5.353375e-05 8.000000e-04 4.854526e+07 3.180203e+01 2.288802e+01 6.923341e+01 3.195185e-06 2.857090e-06 1.538517e-05 2.973496e-04 1.078042e-03
2.000000e-01 2.285000e-02  2.077273e-02  1.000000e-01 5.496022e-05 8.000000e-04 4.854526e+07 3.180203e+01 2.288802e+01 6.923341e+01 3.233503e-06 2.993693e-06 1.621600e-05 3.134071e-04 1.136259e-03
2.000000e-01 2.285000e-02  2.077273e-02  1.000000e-01 5.642470e-05 8.000000e-04 4.854526e+07 3.180203e+01 2.288802e+01 6.923341e+01 3.690899e-06 3.146651e-06 1.709170e-05 3.303318e-04 1.197620e-03
2.000000e-01 2.285000e-02  2.077273e-02  1.000000e-01 5.792820e-05 8.000000e-04 4.854526e+07 3.180203e+01 2.288802e+01 6.923341e+01 3.948009e-06 3.302271e-06 1.801469e-05 3.481705e-04 1.262294e-03
2.000000e-01 2.285000e-02  2.077273e-02  1.000000e-01 5.947176e-05 8.000000e-04 4.854526e+07 3.180203e+01 2.288802e+01 6.923341e+01 4.016601e-06 3.455103e-06 1.898753e-05 3.669725e-04 1.330461e-03
2.000000e-01 2.285000e-02  2.077273e-02  1.000000e-01 6.105646e-05 8.000000e-04 4.854526e+07 3.180203e+01 2.288802e+01 6.923341e+01 4.199813e-06 3.703249e-06 2.001290e-05 3.867899e-04 1.402309e-03
2.000000e-01 2.285000e-02  2.077273e-02  1.000000e-01 6.268338e-05 8.000000e-04 4.854526e+07 3.180203e+01 2.288802e+01 6.923341e+01 4.179418e-06 3.847010e-06 2.109364e-05 4.076774e-04 1.478037e-03
2.000000e-01 2.285000e-02  2.077273e-02  1.000000e-01 6.435365e-05 8.000000e-04 4.854526e+07 3.180203e+01 2.288802e+01 6.923341e+01 4.676162e-06 4.042197e-06 2.223275e-05 4.296930e-04 1.557854e-03
2.000000e-01 2.285000e-02  2.077273e-02  1.000000e-01 6.606842e-05 8.000000e-04 4.854526e+07 3.180203e+01 2.288802e+01 6.923341e+01 5.088063e-06 4.329158e-06 2.343337e-05 4.528974e-04 1.641982e-03
2.000000e-01 2.285000e-02  2.077273e-02  1.000000e-01 6.782889e-05 8.000000e-04 4.854526e+07 3.180203e+01 2.288802e+01 6.923341e+01 5.303841e-06 4.535868e-06 2.469882e-05 4.773549e-04 1.730653e-03
2.000000e-01 2.285000e-02  2.077273e-02  1.000000e-01 6.963627e-05 8.000000e-04 4.854526e+07 3.180203e+01 2.288802e+01 6.923341e+01 5.780056e-06 4.818766e-06 2.603261e-05 5.031332e-04 1.824112e-03
2.000000e-01 2.285000e-02  2.077273e-02  1.000000e-01 7.149181e-05 8.000000e-04 4.854526e+07 3.180203e+01 2.288802e+01 6.923341e+01 5.732461e-06 5.012045e-06 2.743844e-05 5.303035e-04 1.922618e-03
2.000000e-01 2.285000e-02  2.077273e-02  1.000000e-01 7.339679e-05 8.000000e-04 4.854526e+07 3.180203e+01 2.288802e+01 6.923341e+01 5.800382e-06 5.331413e-06 2.892018e-05 5.589411e-04 2.026444e-03
2.000000e-01 2.285000e-02  2.077273e-02  1.000000e-01 7.535253e-05 8.000000e-04 4.854526e+07 3.180203e+01 2.288802e+01 6.923341e+01 6.642936e-06 5.526948e-06 3.048193e-05 5.891252e-04 2.135877e-03
2.000000e-01 2.285000e-02  2.077273e-02  1.000000e-01 7.736039e-05 8.000000e-04 4.854526e+07 3.180203e+01 2.288802e+01 6.923341e+01 6.732934e-06 5.868863e-06 3.212803e-05 6.209394e-04 2.251219e-03
2.000000e-01 2.285000e-02  2.077273e-02  1.000000e-01 7.942174e-05 8.000000e-04 4.854526e+07 3.180203e+01 2.288802e+01 6.923341e+01 6.900598e-06 6.178497e-06 3.386301e-05 6.544715e-04 2.372790e-03
2.000000e-01 2.285000e-02  2.077273e-02  1.000000e-01 8.153803e-05 8.000000e-04 4.854526e+07 3.180203e+01 2.288802e+01 6.923341e+01 7.680099e-06 6.478840e-06 3.569169e-05 6.898145e-04 2.500926e-03
2.000000e-01 2.285000e-02  2.077273e-02  1.000000e-01 8.371070e-05 8.000000e-04 4.854526e+07 3.180203e+01 2.288802e+01 6.923341e+01 7.782198e-06 6.918344e-06 3.761913e-05 7.270661e-04 2.635982e-03
2.000000e-01 2.285000e-02  2.077273e-02  1.000000e-01 8.594127e-05 8.000000e-04 4.854526e+07 3.180203e+01 2.288802e+01 6.923341e+01 8.630138e-06 7.334947e-06 3.965065e-05 7.663293e-04 2.778331e-03
2.000000e-01 2.285000e-02  2.077273e-02  1.000000e-01 8.823127e-05 8.000000e-04 4.854526e+07 3.180203e+01 2.288802e+01 6.923341e+01 9.191176e-06 7.664836e-06 4.179188e-05 8.077129e-04 2.928367e-03
2.000000e-01 2.285000e-02  2.077273e-02  1.000000e-01 9.058230e-05 8.000000e-04 4.854526e+07 3.180203e+01 2.288802e+01 6.923341e+01 9.423689e-06 8.066148e-06 4.404873e-05 8.513312e-04 3.086506e-03
2.000000e-01 2.285000e-02  2.077273e-02  1.000000e-01 9.299597e-05 8.000000e-04 4.854526e+07 3.180203e+01 2.288802e+01 6.923341e+01 9.461396e-06 8.512305e-06 4.642747e-05 8.973051e-04 3.253184e-03
2.000000e-01 2.285000e-02  2.077273e-02  1.000000e-01 9.547395e-05 8.000000e-04 4.854526e+07 3.180203e+01 2.288802e+01 6.923341e+01 1.053292e-05 8.952299e-06 4.893466e-05 9.457616e-04 3.428864e-03
2.000000e-01 2.285000e-02  2.077273e-02  1.000000e-01 9.801796e-05 8.000000e-04 4.854526e+07 3.180203e+01 2.288802e+01 6.923341e+01 1.110623e-05 9.499873e-06 5.157724e-05 9.968350e-04 3.614030e-03
2.000000e-01 2.285000e-02  2.077273e-02  1.000000e-01 1.006298e-04 8.000000e-04 4.854526e+07 3.180203e+01 2.288802e+01 6.923341e+01 1.152377e-05 9.930032e-06 5.436253e-05 1.050666e-03 3.809196e-03
2.000000e-01 2.285000e-02  2.077273e-02  1.000000e-01 1.033112e-04 8.000000e-04 4.854526e+07 3.180203e+01 2.288802e+01 6.923341e+01 1.165549e-05 1.039043e-05 5.729823e-05 1.107405e-03 4.014902e-03
2.000000e-01 2.285000e-02  2.077273e-02  1.000000e-01 1.060640e-04 8.000000e-04 4.854526e+07 3.180203e+01 2.288802e+01 6.923341e+01 1.285370e-05 1.105085e-05 6.039247e-05 1.167207e-03 4.231716e-03
2.000000e-01 2.285000e-02  2.077273e-02  1.000000e-01 1.088902e-04 8.000000e-04 4.854526e+07 3.180203e+01 2.288802e+01 6.923341e+01 1.419905e-05 1.152119e-05 6.365380e-05 1.230239e-03 4.460238e-03
2.000000e-01 2.285000e-02  2.077273e-02  1.000000e-01 1.117917e-04 8.000000e-04 4.854526e+07 3.180203e+01 2.288802e+01 6.923341e+01 1.395419e-05 1.215227e-05 6.709126e-05 1.296675e-03 4.701101e-03
2.000000e-01 2.285000e-02  2.077273e-02  1.000000e-01 1.147705e-04 8.000000e-04 4.854526e+07 3.180203e+01 2.288802e+01 6.923341e+01 1.474173e-05 1.293363e-05 7.071434e-05 1.366698e-03 4.954971e-03
2.000000e-01 2.285000e-02  2.077273e-02  1.000000e-01 1.178287e-04 8.000000e-04 4.854526e+07 3.180203e+01 2.288802e+01 6.923341e+01 1.616110e-05 1.357792e-05 7.453308e-05 1.440503e-03 5.222551e-03
2.000000e-01 2.285000e-02  2.077273e-02  1.000000e-01 1.209684e-04 8.000000e-04 4.854526e+07 3.180203e+01 2.288802e+01 6.923341e+01 1.607857e-05 1.419993e-05 7.855804e-05 1.518294e-03 5.504581e-03
2.000000e-01 2.285000e-02  2.077273e-02  1.000000e-01 1.241917e-04 8.000000e-04 4.854526e+07 3.180203e+01 2.288802e+01 6.923341e+01 1.798601e-05 1.514702e-05 8.280035e-05 1.600285e-03 5.801841e-03
2.000000e-01 2.285000e-02  2.077273e-02  1.000000e-01 1.275010e-04 8.000000e-04 4.854526e+07 3.180203e+01 2.288802e+01 6.923341e+01 1.818626e-05 1.616170e-05 8.727176e-05 1.686704e-03 6.115154e-03
2.000000e-01 2.285000e-02  2.077273e-02  1.000000e-01 1.308984e-04 8.000000e-04 4.854526e+07 3.180203e+01 2.288802e+01 6.923341e+01 1.894969e-05 1.694203e-05 9.198464e-05 1.777790e-03 6.445387e-03
2.000000e-01 2.285000e-02  2.077273e-02  1.000000e-01 1.343863e-04 8.000000e-04 4.854526e+07 3.180203e+01 2.288802e+01 6.923341e+01 2.067416e-05 1.774284e-05 9.695202e-05 1.873795e-03 6.793452e-03
2.000000e-01 2.285000e-02  2.077273e-02  1.000000e-01 1.379672e-04 8.000000e-04 4.854526e+07 3.180203e+01 2.288802e+01 6.923341e+01 2.109778e-05 1.864319e-05 1.021877e-04 1.974984e-03 7.160314e-03
2.000000e-01 2.285000e-02  2.077273e-02  1.000000e-01 1.416435e-04 8.000000e-04 4.854526e+07 3.180203e+01 2.288802e+01 6.923341e+01 2.326683e-05 1.971932e-05 1.077060e-04 2.081638e-03 7.546988e-03
2.000000e-01 2.285000e-02  2.077273e-02  1.000000e-01 1.454177e-04 8.000000e-04 4.854526e+07 3.180203e+01 2.288802e+01 6.923341e+01 2.459918e-05 2.094776e-05 1.135224e-04 2.194051e-03 7.954543e-03
2.000000e-01 2.285000e-02  2.077273e-02  1.000000e-01 1.492926e-04 8.000000e-04 4.854526e+07 3.180203e+01 2.288802e+01 6.923341e+01 2.694880e-05 2.156571e-05 1.196529e-04 2.312535e-03 8.384106e-03
2.000000e-01 2.285000e-02  2.077273e-02  1.000000e-01 1.532706e-04 8.000000e-04 4.854526e+07 3.180203e+01 2.288802e+01 6.923341e+01 2.646954e-05 2.316855e-05 1.261144e-04 2.437417e-03 8.836868e-03
2.000000e-01 2.285000e-02  2.077273e-02  1.000000e-01 1.573547e-04 8.000000e-04 4.854526e+07 3.180203e+01 2.288802e+01 6.923341e+01 2.833849e-05 2.430434e-05 1.329249e-04 2.569043e-03 9.314079e-03
2.000000e-01 2.285000e-02  2.077273e-02  1.000000e-01 1.615476e-04 8.000000e-04 4.854526e+07 3.180203e+01 2.288802e+01 6.923341e+01 2.917874e-05 2.530433e-05 1.401031e-04 2.707777e-03 9.817061e-03
2.000000e-01 2.285000e-02  2.077273e-02  1.000000e-01 1.658522e-04 8.000000e-04 4.854526e+07 3.180203e+01 2.288802e+01 6.923341e+01 3.312284e-05 2.691605e-05 1.476690e-04 2.854004e-03 1.034720e-02
2.000000e-01 2.285000e-02  2.077273e-02  1.000000e-01 1.702715e-04 8.000000e-04 4.854526e+07 3.180203e+01 2.288802e+01 6.923341e+01 3.254316e-05 2.927778e-05 1.556435e-04 3.008126e-03 1.090598e-02
2.000000e-01 2.285000e-02  2.077273e-02  1.000000e-01 1.748086e-04 8.000000e-04 4.854526e+07 3.180203e+01 2.288802e+01 6.923341e+01 3.681256e-05 2.995672e-05 1.640486e-04 3.170572e-03 1.149493e-02
2.000000e-01 2.285000e-02  2.077273e-02  1.000000e-01 1.794666e-04 8.000000e-04 4.854526e+07 3.180203e+01 2.288802e+01 6.923341e+01 3.629462e-05 3.160861e-05 1.729076e-04 3.341790e-03 1.211568e-02
2.000000e-01 2.285000e-02  2.077273e-02  1.000000e-01 1.842487e-04 8.000000e-04 4.854526e+07 3.180203e+01 2.288802e+01 6.923341e+01 3.879740e-05 3.309813e-05 1.822450e-04 3.522255e-03 1.276995e-02
2.000000e-01 2.285000e-02  2.077273e-02  1.000000e-01 1.891582e-04 8.000000e-04 4.854526e+07 3.180203e+01 2.288802e+01 6.923341e+01 3.994199e-05 3.517785e-05 1.920867e-04 3.712465e-03 1.345956e-02
2.000000e-01 2.285000e-02  2.077273e-02  1.000000e-01 1.941986e-04 8.000000e-04 4.854526e+07 3.180203e+01 2.288802e+01 6.923341e+01 4.204874e-05 3.739543e-05 2.024598e-04 3.912946e-03 1.418641e-02
2.000000e-01 2.285000e-02  2.077273e-02  1.000000e-01 1.993732e-04 8.000000e-04 4.854526e+07 3.180203e+01 2.288802e+01 6.923341e+01 4.440849e-05 3.952913e-05 2.133931e-04 4.124255e-03 1.495251e-02
2.000000e-01 2.285000e-02  2.077273e-02  1.000000e-01 2.046857e-04 8.000000e-04 4.854526e+07 3.180203e+01 2.288802e+01 6.923341e+01 4.870956e-05 4.159941e-05 2.249168e-04 4.346974e-03 1.575998e-02
2.000000e-01 2.285000e-02  2.077273e-02  1.000000e-01 2.101398e-04 8.000000e-04 4.854526e+07 3.180203e+01 2.288802e+01 6.923341e+01 5.133389e-05 4.373044e-05 2.370628e-04 4.581721e-03 1.661105e-02
2.000000e-01 2.285000e-02  2.077273e-02  1.000000e-01 2.157392e-04 8.000000e-04 4.854526e+07 3.180203e+01 2.288802e+01 6.923341e+01 5.399033e-05 4.545731e-05 2.498648e-04 4.829144e-03 1.750809e-02
2.000000e-01 2.285000e-02  2.077273e-02  1.000000e-01 2.214878e-04 8.000000e-04 4.854526e+07 3.180203e+01 2.288802e+01 6.923341e+01 5.385949e-05 4.803353e-05 2.633580e-04 5.089929e-03 1.845356e-02
2.000000e-01 2.285000e-02  2.077273e-02  1.000000e-01 2.273896e-04 8.000000e-04 4.854526e+07 3.180203e+01 2.288802e+01 6.923341e+01 6.182712e-05 5.023534e-05 2.775800e-04 5.364797e-03 1.945010e-02
2.000000e-01 2.285000e-02  2.077273e-02  1.000000e-01 2.334487e-04 8.000000e-04 4.854526e+07 3.180203e+01 2.288802e+01 6.923341e+01 6.478671e-05 5.339514e-05 2.925699e-04 5.654508e-03 2.050045e-02
2.000000e-01 2.285000e-02  2.077273e-02  1.000000e-01 2.396692e-04 8.000000e-04 4.854526e+07 3.180203e+01 2.288801e+01 6.923341e+01 6.632002e-05 5.627796e-05 3.083694e-04 5.959865e-03 2.160752e-02
2.000000e-01 2.285000e-02  2.077273e-02  1.000000e-01 2.460555e-04 8.000000e-04 4.854526e+07 3.180203e+01 2.288801e+01 6.923340e+01 7.277712e-05 6.036252e-05 3.250221e-04 6.281711e-03 2.277438e-02
2.000000e-01 2.285000e-02  2.077273e-02  1.000000e-01 2.526119e-04 8.000000e-04 4.854526e+07 3.180203e+01 2.288801e+01 6.923340e+01 7.142906e-05 6.252359e-05 3.425740e-04 6.620938e-03 2.400425e-02
2.000000e-01 2.285000e-02  2.077273e-02  1.000000e-01 2.593430e-04 8.000000e-04 4.854526e+07 3.180203e+01 2.288801e+01 6.923341e+01 7.084133e-05 6.616838e-05 3.610738e-04 6.978484e-03 2.530053e-02
2.000000e-01 2.285000e-02  2.077273e-02  1.000000e-01 2.662535e-04 8.000000e-04 4.854526e+07 3.180203e+01 2.288801e+01 6.923340e+01 7.789722e-05 6.965515e-05 3.805726e-04 7.355339e-03 2.666682e-02
2.000000e-01 2.285000e-02  2.077273e-02  1.000000e-01 2.733482e-04 8.000000e-04 4.854526e+07 3.180203e+01 2.288801e+01 6.923340e+01 8.741716e-05 7.403317e-05 4.011244e-04 7.752544e-03 2.810689e-02
2.000000e-01 2.285000e-02  2.077273e-02  1.000000e-01 2.806318e-04 8.000000e-04 4.854526e+07 3.180203e+01 2.288801e+01 6.923340e+01 9.332312e-05 7.651813e-05 4.227861e-04 8.171199e-03 2.962472e-02
2.000000e-01 2.285000e-02  2.077273e-02  1.000000e-01 2.881096e-04 8.000000e-04 4.854526e+07 3.180203e+01 2.288801e+01 6.923340e+01 9.192896e-05 8.216362e-05 4.456175e-04 8.612463e-03 3.122453e-02
2.000000e-01 2.285000e-02  2.077273e-02  1.000000e-01 2.957866e-04 8.000000e-04 4.854526e+07 3.180203e+01 2.288801e+01 6.923340e+01 9.584956e-05 8.571552e-05 4.696819e-04 9.077556e-03 3.291072e-02
2.000000e-01 2.285000e-02  2.077273e-02  1.000000e-01 3.036682e-04 8.000000e-04 4.854526e+07 3.180203e+01 2.288801e+01 6.923340e+01 1.063331e-04 9.005077e-05 4.950458e-04 9.567765e-03 3.468798e-02
2.000000e-01 2.285000e-02  2.077273e-02  1.000000e-01 3.117598e-04 8.000000e-04 4.854526e+07 3.180203e+01 2.288801e+01 6.923340e+01 1.068507e-04 9.599621e-05 5.217794e-04 1.008445e-02 3.656121e-02
2.000000e-01 2.285000e-02  2.077273e-02  1.000000e-01 3.200670e-04 8.000000e-04 4.854526e+07 3.180203e+01 2.288801e+01 6.923340e+01 1.250414e-04 1.018610e-04 5.499567e-04 1.062903e-02 3.853560e-02
2.000000e-01 2.285000e-02  2.077273e-02  1.000000e-01 3.285955e-04 8.000000e-04 4.854526e+07 3.180203e+01 2.288801e+01 6.923340e+01 1.153089e-04 1.063381e-04 5.796556e-04 1.120302e-02 4.061661e-02
2.000000e-01 2.285000e-02  2.077273e-02  1.000000e-01 3.373513e-04 8.000000e-04 4.854526e+07 3.180203e+01 2.288801e+01 6.923340e+01 1.342516e-04 1.120827e-04 6.109583e-04 1.180801e-02 4.281000e-02
2.000000e-01 2.285000e-02  2.077273e-02  1.000000e-01 3.463404e-04 8.000000e-04 4.854526e+07 3.180203e+01 2.288801e+01 6.923340e+01 1.381573e-04 1.163592e-04 6.439515e-04 1.244567e-02 4.512184e-02
2.000000e-01 2.285000e-02  2.077273e-02  1.000000e-01 3.555691e-04 8.000000e-04 4.854526e+07 3.180203e+01 2.288801e+01 6.923340e+01 1.428816e-04 1.247442e-04 6.787264e-04 1.311777e-02 4.755853e-02
2.000000e-01 2.285000e-02  2.077273e-02  1.000000e-01 3.650436e-04 8.000000e-04 4.854526e+07 3.180203e+01 2.288801e+01 6.923340e+01 1.509004e-04 1.300190e-04 7.153792e-04 1.382616e-02 5.012680e-02
2.000000e-01 2.285000e-02  2.077273e-02  1.000000e-01 3.747706e-04 8.000000e-04 4.854526e+07 3.180202e+01 2.288801e+01 6.923340e+01 1.562948e-04 1.377232e-04 7.540113e-04 1.457280e-02 5.283376e-02
2.000000e-01 2.285000e-02  2.077273e-02  1.000000e-01 3.847568e-04 8.000000e-04 4.854526e+07 3.180202e+01 2.288801e+01 6.923339e+01 1.666806e-04 1.433680e-04 7.947297e-04 1.535977e-02 5.568691e-02
2.000000e-01 2.285000e-02  2.077273e-02  1.000000e-01 3.950091e-04 8.000000e-04 4.854526e+07 3.180202e+01 2.288801e+01 6.923339e+01 1.772166e-04 1.551189e-04 8.376469e-04 1.618923e-02 5.869413e-02
2.000000e-01 2.285000e-02  2.077273e-02  1.000000e-01 4.055346e-04 8.000000e-04 4.854526e+07 3.180202e+01 2.288801e+01 6.923339e+01 1.819366e-04 1.602954e-04 8.828818e-04 1.706348e-02 6.186375e-02
2.000000e-01 2.285000e-02  2.077273e-02  1.000000e-01 4.163405e-04 8.000000e-04 4.854526e+07 3.180202e+01 2.288800e+01 6.923339e+01 1.878918e-04 1.688202e-04 9.305594e-04 1.798495e-02 6.520453e-02
2.000000e-01 2.285000e-02  2.077273e-02  1.000000e-01 4.274344e-04 8.000000e-04 4.854526e+07 3.180202e+01 2.288800e+01 6.923339e+01 2.087653e-04 1.819256e-04 9.808118e-04 1.895618e-02 6.872573e-02
2.000000e-01 2.285000e-02  2.077273e-02  1.000000e-01 4.388239e-04 8.000000e-04 4.854526e+07 3.180202e+01 2.288800e+01 6.923339e+01 2.195509e-04 1.891602e-04 1.033778e-03 1.997986e-02 7.243708e-02
2.000000e-01 2.285000e-02  2.077273e-02  1.000000e-01 4.505168e-04 8.000000e-04 4.854526e+07 3.180202e+01 2.288800e+01 6.923339e+01 2.219405e-04 2.008426e-04 1.089604e-03 2.105882e-02 7.634885e-02
2.000000e-01 2.285000e-02  2.077273e-02  1.000000e-01 4.625214e-04 8.000000e-04 4.854526e+07 3.180202e+01 2.288800e+01 6.923339e+01 2.295534e-04 2.123968e-04 1.148445e-03 2.219604e-02 8.047186e-02
2.000000e-01 2.285000e-02  2.077273e-02  1.000000e-01 4.748458e-04 8.000000e-04 4.854526e+07 3.180202e+01 2.288800e+01 6.923339e+01 2.604733e-04 2.225241e-04 1.210464e-03 2.339468e-02 8.481753e-02
2.000000e-01 2.285000e-02  2.077273e-02  1.000000e-01 4.874986e-04 8.000000e-04 4.854526e+07 3.180202e+01 2.288800e+01 6.923339e+01 2.682508e-04 2.319330e-04 1.275832e-03 2.465805e-02 8.939787e-02
2.000000e-01 2.285000e-02  2.077273e-02  1.000000e-01 5.004886e-04 8.000000e-04 4.854526e+07 3.180202e+01 2.288800e+01 6.923338e+01 2.876376e-04 2.500745e-04 1.344730e-03 2.598964e-02 9.422556e-02
2.000000e-01 2.285000e-02  2.077273e-02  1.000000e-01 5.138247e-04 8.000000e-04 4.854526e+07 3.180202e+01 2.288800e+01 6.923338e+01 3.123504e-04 2.588161e-04 1.417348e-03 2.739314e-02 9.931396e-02
2.000000e-01 2.285000e-02  2.077273e-02  1.000000e-01 5.275161e-04 8.000000e-04 4.854526e+07 3.180202e+01 2.288800e+01 6.923338e+01 3.161692e-04 2.709991e-04 1.493889e-03 2.887243e-02 1.046771e-01
2.000000e-01 2.285000e-02  2.077273e-02  1.000000e-01 5.415724e-04 8.000000e-04 4.854526e+07 3.180202e+01 2.288799e+01 6.923338e+01 3.385687e-04 2.867756e-04 1.574562e-03 3.043161e-02 1.103300e-01
2.000000e-01 2.285000e-02  2.077273e-02  1.000000e-01 5.560032e-04 8.000000e-04 4.854526e+07 3.180202e+01 2.288799e+01 6.923338e+01 3.551493e-04 3.032949e-04 1.659592e-03 3.207499e-02 1.162880e-01
2.000000e-01 2.285000e-02  2.077273e-02  1.000000e-01 5.708185e-04 8.000000e-04 4.854526e+07 3.180202e+01 2.288799e+01 6.923338e+01 3.737421e-04 3.145852e-04 1.749214e-03 3.380711e-02 1.225679e-01
2.000000e-01 2.285000e-02  2.077273e-02  1.000000e-01 5.860287e-04 8.000000e-04 4.854526e+07 3.180202e+01 2.288799e+01 6.923337e+01 3.930122e-04 3.388539e-04 1.843675e-03 3.563277e-02 1.291868e-01
2.000000e-01 2.285000e-02  2.077273e-02  1.000000e-01 6.016441e-04 8.000000e-04 4.854526e+07 3.180202e+01 2.288799e+01 6.923337e+01 3.980238e-04 3.605994e-04 1.943238e-03 3.755703e-02 1.361632e-01
2.000000e-01 2.285000e-02  2.077273e-02  1.000000e-01 6.176756e-04 8.000000e-04 4.854526e+07 3.180201e+01 2.288799e+01 6.923337e+01 4.548872e-04 3.754796e-04 2.048178e-03 3.958519e-02 1.435163e-01
2.000000e-01 2.285000e-02  2.077273e-02  1.000000e-01 6.341342e-04 8.000000e-04 4.854526e+07 3.180201e+01 2.288798e+01 6.923337e+01 4.476367e-04 3.998139e-04 2.158784e-03 4.172288e-02 1.512665e-01
2.000000e-01 2.285000e-02  2.077273e-02  1.000000e-01 6.510315e-04 8.000000e-04 4.854526e+07 3.180201e+01 2.288798e+01 6.923337e+01 4.827116e-04 4.192344e-04 2.275363e-03 4.397602e-02 1.594353e-01
2.000000e-01 2.285000e-02  2.077273e-02  1.000000e-01 6.683790e-04 8.000000e-04 4.854526e+07 3.180201e+01 2.288798e+01 6.923336e+01 5.332781e-04 4.388541e-04 2.398238e-03 4.635082e-02 1.680451e-01
2.000000e-01 2.285000e-02  2.077273e-02  1.000000e-01 6.861887e-04 8.000000e-04 4.854526e+07 3.180201e+01 2.288798e+01 6.923336e+01 5.489726e-04 4.699254e-04 2.527749e-03 4.885388e-02 1.771200e-01
2.000000e-01 2.285000e-02  2.077273e-02  1.000000e-01 7.044730e-04 8.000000e-04 4.854526e+07 3.180201e+01 2.288798e+01 6.923335e+01 5.582986e-04 4.864255e-04 2.664253e-03 5.149210e-02 1.866849e-01
2.000000e-01 2.285000e-02  2.077273e-02  1.000000e-01 7.232445e-04 8.000000e-04 4.854526e+07 3.180201e+01 2.288797e+01 6.923335e+01 6.239189e-04 5.188674e-04 2.808129e-03 5.427279e-02 1.967663e-01
2.000000e-01 2.285000e-02  2.077273e-02  1.000000e-01 7.425162e-04 8.000000e-04 4.854526e+07 3.180201e+01 2.288797e+01 6.923335e+01 6.105343e-04 5.468849e-04 2.959774e-03 5.720365e-02 2.073921e-01
2.000000e-01 2.285000e-02  2.077273e-02  1.000000e-01 7.623014e-04 8.000000e-04 4.854526e+07 3.180200e+01 2.288797e+01 6.923335e+01 6.534928e-04 5.808020e-04 3.119609e-03 6.029278e-02 2.185918e-01
2.000000e-01 2.285000e-02  2.077273e-02  1.000000e-01 7.826138e-04 8.000000e-04 4.854526e+07 3.180200e+01 2.288797e+01 6.923334e+01 7.436032e-04 6.037717e-04 3.288075e-03 6.354873e-02 2.303962e-01
2.000000e-01 2.285000e-02  2.077273e-02  1.000000e-01 8.034674e-04 8.000000e-04 4.854526e+07 3.180200e+01 2.288796e+01 6.923334e+01 6.957065e-04 6.313977e-04 3.465639e-03 6.698051e-02 2.428382e-01
2.000000e-01 2.285000e-02  2.077273e-02  1.000000e-01 8.248767e-04 8.000000e-04 4.854526e+07 3.180200e+01 2.288796e+01 6.923333e+01 7.700723e-04 6.625945e-04 3.652791e-03 7.059761e-02 2.559520e-01
2.000000e-01 2.285000e-02  2.077273e-02  1.000000e-01 8.468565e-04 8.000000e-04 4.854526e+07 3.180200e+01 2.288796e+01 6.923333e+01 8.351170e-04 7.113249e-04 3.850051e-03 7.441005e-02 2.697740e-01
2.000000e-01 2.285000e-02  2.077273e-02  1.000000e-01 8.694220e-04 8.000000e-04 4.854526e+07 3.180200e+01 2.288795e+01 6.923333e+01 8.377698e-04 7.503408e-04 4.057962e-03 7.842837e-02 2.843424e-01
2.000000e-01 2.285000e-02  2.077273e-02  1.000000e-01 8.925887e-04 8.000000e-04 4.854526e+07 3.180199e+01 2.288795e+01 6.923332e+01 8.954379e-04 7.714813e-04 4.277102e-03 8.266368e-02 2.996976e-01
2.000000e-01 2.285000e-02  2.077273e-02  1.000000e-01 9.163728e-04 8.000000e-04 4.854526e+07 3.180200e+01 2.288795e+01 6.923332e+01 9.623500e-04 8.205486e-04 4.508075e-03 8.712771e-02 3.158820e-01
2.000000e-01 2.285000e-02  2.077273e-02  1.000000e-01 9.407906e-04 8.000000e-04 4.854526e+07 3.180199e+01 2.288794e+01 6.923331e+01 9.801363e-04 8.575225e-04 4.751522e-03 9.183281e-02 3.329403e-01
2.000000e-01 2.285000e-02  2.077273e-02  1.000000e-01 9.658591e-04 8.000000e-04 4.854526e+07 3.180199e+01 2.288794e+01 6.923330e+01 1.075214e-03 9.130329e-04 5.008115e-03 9.679200e-02 3.509199e-01
2.000000e-01 2.285000e-02  2.077273e-02  1.000000e-01 9.915955e-04 8.000000e-04 4.854526e+07 3.180199e+01 2.288793e+01 6.923330e+01 1.108074e-03 9.677702e-04 5.278565e-03 1.020190e-01 3.698704e-01
2.000000e-01 2.285000e-02  2.077273e-02  1.000000e-01 1.018018e-03 8.000000e-04 4.854526e+07 3.180199e+01 2.288793e+01 6.923330e+01 1.167279e-03 1.014591e-03 5.563620e-03 1.075283e-01 3.898442e-01
2.000000e-01 2.285000e-02  2.077273e-02  1.000000e-01 1.045144e-03 8.000000e-04 4.854526e+07 3.180199e+01 2.288792e+01 6.923330e+01 1.215247e-03 1.066631e-03 5.864068e-03 1.133350e-01 4.108967e-01
2.000000e-01 2.285000e-02  2.077273e-02  1.000000e-01 1.072993e-03 8.000000e-04 4.854526e+07 3.180198e+01 2.288792e+01 6.923328e+01 1.328487e-03 1.130782e-03 6.180742e-03 1.194554e-01 4.330861e-01
2.000000e-01 2.285000e-02  2.077273e-02  1.000000e-01 1.101584e-03 8.000000e-04 4.854526e+07 3.180198e+01 2.288791e+01 6.923328e+01 1.343013e-03 1.198914e-03 6.514516e-03 1.259063e-01 4.564738e-01
2.000000e-01 2.285000e-02  2.077273e-02  1.000000e-01 1.130937e-03 8.000000e-04 4.854526e+07 3.180197e+01 2.288790e+01 6.923327e+01 1.475672e-03 1.252983e-03 6.866316e-03 1.327055e-01 4.811244e-01
2.000000e-01 2.285000e-02  2.077273e-02  1.000000e-01 1.161072e-03 8.000000e-04 4.854526e+07 3.180197e+01 2.288790e+01 6.923325e+01 1.554372e-03 1.331095e-03 7.237113e-03 1.398719e-01 5.071063e-01
2.000000e-01 2.285000e-02  2.077273e-02  1.000000e-01 1.192010e-03 8.000000e-04 4.854526e+07 3.180196e+01 2.288790e+01 6.923324e+01 1.617075e-03 1.376445e-03 7.627934e-03 1.474253e-01 5.344912e-01
2.000000e-01 2.285000e-02  2.077273e-02  1.000000e-01 1.223773e-03 8.000000e-04 4.854526e+07 3.180196e+01 2.288788e+01 6.923323e+01 1.651116e-03 1.489814e-03 8.039860e-03 1.553866e-01 5.633550e-01
2.000000e-01 2.285000e-02  2.077273e-02  1.000000e-01 1.256382e-03 8.000000e-04 4.854526e+07 3.180197e+01 2.288788e+01 6.923325e+01 1.756859e-03 1.567119e-03 8.474032e-03 1.637779e-01 5.937775e-01
2.000000e-01 2.285000e-02  2.077273e-02  1.000000e-01 1.289860e-03 8.000000e-04 4.854526e+07 3.180196e+01 2.288787e+01 6.923324e+01 1.889827e-03 1.656378e-03 8.931649e-03 1.726223e-01 6.258429e-01
2.000000e-01 2.285000e-02  2.077273e-02  1.000000e-01 1.324229e-03 8.000000e-04 4.854526e+07 3.180195e+01 2.288786e+01 6.923322e+01 1.980944e-03 1.717585e-03 9.413979e-03 1.819443e-01 6.596399e-01
2.000000e-01 2.285000e-02  2.077273e-02  1.000000e-01 1.359515e-03 8.000000e-04 4.854526e+07 3.180194e+01 2.288786e+01 6.923319e+01 2.109448e-03 1.819458e-03 9.922357e-03 1.917697e-01 6.952620e-01
2.000000e-01 2.285000e-02  2.077273e-02  1.000000e-01 1.395741e-03 8.000000e-04 4.854526e+07 3.180195e+01 2.288784e+01 6.923320e+01 2.360140e-03 1.927681e-03 1.045819e-02 2.021257e-01 7.328078e-01
2.000000e-01 2.285000e-02  2.077273e-02  1.000000e-01 1.432932e-03 8.000000e-04 4.854526e+07 3.180193e+01 2.288784e+01 6.923317e+01 2.335637e-03 1.999886e-03 1.102295e-02 2.130410e-01 7.723811e-01
2.000000e-01 2.285000e-02  2.077273e-02  1.000000e-01 1.471114e-03 8.000000e-04 4.854526e+07 3.180193e+01 2.288782e+01 6.923316e+01 2.365620e-03 2.151205e-03 1.161822e-02 2.245457e-01 8.140915e-01
2.000000e-01 2.285000e-02  2.077273e-02  1.000000e-01 1.510314e-03 8.000000e-04 4.854526e+07 3.180193e+01 2.288782e+01 6.923316e+01 2.586959e-03 2.223779e-03 1.224563e-02 2.366717e-01 8.580544e-01
2.000000e-01 2.285000e-02  2.077273e-02  1.000000e-01 1.550558e-03 8.000000e-04 4.854526e+07 3.180192e+01 2.288780e+01 6.923314e+01 2.720687e-03 2.382439e-03 1.290692e-02 2.494525e-01 9.043914e-01
2.000000e-01 2.285000e-02  2.077273e-02  1.000000e-01 1.591874e-03 8.000000e-04 4.854526e+07 3.180192e+01 2.288780e+01 6.923315e+01 2.827927e-03 2.465533e-03 1.360393e-02 2.629236e-01 9.532307e-01
2.000000e-01 2.285000e-02  2.077273e-02  1.000000e-01 1.634292e-03 8.000000e-04 4.854526e+07 3.180189e+01 2.288778e+01 6.923308e+01 3.316499e-03 2.620967e-03 1.433857e-02 2.771221e-01 1.004707e+00
2.000000e-01 2.285000e-02  2.077273e-02  1.000000e-01 1.677839e-03 8.000000e-04 4.854526e+07 3.180188e+01 2.288777e+01 6.923305e+01 3.262148e-03 2.794927e-03 1.511289e-02 2.920873e-01 1.058964e+00
2.000000e-01 2.285000e-02  2.077273e-02  1.000000e-01 1.722547e-03 8.000000e-04 4.854526e+07 3.180186e+01 2.288775e+01 6.923300e+01 3.655435e-03 2.902001e-03 1.592902e-02 3.078607e-01 1.116151e+00
2.000000e-01 2.285000e-02  2.077273e-02  1.000000e-01 1.768447e-03 8.000000e-04 4.854526e+07 3.180189e+01 2.288775e+01 6.923307e+01 3.613464e-03 3.073117e-03 1.678923e-02 3.244859e-01 1.176425e+00
2.000000e-01 2.285000e-02  2.077273e-02  1.000000e-01 1.815569e-03 8.000000e-04 4.854526e+07 3.180186e+01 2.288772e+01 6.923302e+01 3.905943e-03 3.244653e-03 1.769589e-02 3.420090e-01 1.239955e+00
2.000000e-01 2.285000e-02  2.077273e-02  1.000000e-01 1.863947e-03 8.000000e-04 4.854526e+07 3.180188e+01 2.288771e+01 6.923303e+01 3.906426e-03 3.421596e-03 1.865151e-02 3.604783e-01 1.306916e+00
2.000000e-01 2.285000e-02  2.077273e-02  1.000000e-01 1.913614e-03 8.000000e-04 4.854526e+07 3.180188e+01 2.288768e+01 6.923302e+01 4.186527e-03 3.636950e-03 1.965873e-02 3.799450e-01 1.377492e+00
2.000000e-01 2.285000e-02  2.077273e-02  1.000000e-01 1.964605e-03 8.000000e-04 4.854526e+07 3.180184e+01 2.288767e+01 6.923293e+01 4.590003e-03 3.831329e-03 2.072035e-02 4.004629e-01 1.451880e+00
2.000000e-01 2.285000e-02  2.077273e-02  1.000000e-01 2.016954e-03 8.000000e-04 4.854526e+07 3.180186e+01 2.288766e+01 6.923298e+01 4.444424e-03 4.004090e-03 2.183930e-02 4.220889e-01 1.530285e+00
2.000000e-01 2.285000e-02  2.077273e-02  1.000000e-01 2.070698e-03 8.000000e-04 4.854526e+07 3.180182e+01 2.288763e+01 6.923290e+01 4.891829e-03 4.185607e-03 2.301868e-02 4.448827e-01 1.612924e+00
2.000000e-01 2.285000e-02  2.077273e-02  1.000000e-01 2.125874e-03 8.000000e-04 4.854526e+07 3.180183e+01 2.288760e+01 6.923292e+01 5.166051e-03 4.506283e-03 2.426174e-02 4.689074e-01 1.700026e+00
2.000000e-01 2.285000e-02  2.077273e-02  1.000000e-01 2.182521e-03 8.000000e-04 4.854526e+07 3.180184e+01 2.288759e+01 6.923291e+01 5.363011e-03 4.681358e-03 2.557194e-02 4.942296e-01 1.791832e+00
2.000000e-01 2.285000e-02  2.077273e-02  1.000000e-01 2.240677e-03 8.000000e-04 4.854526e+07 3.180182e+01 2.288758e+01 6.923287e+01 5.623845e-03 4.912528e-03 2.695288e-02 5.209192e-01 1.888595e+00
2.000000e-01 2.285000e-02  2.077273e-02  1.000000e-01 2.300382e-03 8.000000e-04 4.854526e+07 3.180179e+01 2.288757e+01 6.923281e+01 5.864639e-03 5.197418e-03 2.840840e-02 5.490501e-01 1.990584e+00
