8.000000e-01 2.894000e-02  2.630909e-02  1.000000e-01 2.000000e-06 8.000000e-04 3.068246e+09 3.180203e+01 2.288802e+01 6.923341e+01 4.855059e-13 6.695328e-13 2.110570e-12 4.239008e-11 1.665801e-10
8.000000e-01 2.894000e-02  2.630909e-02  1.000000e-01 2.053292e-06 8.000000e-04 3.068246e+09 3.180203e+01 2.288802e+01 6.923341e+01 5.023452e-13 7.057642e-13 2.224545e-12 4.467924e-11 1.755759e-10
8.000000e-01 2.894000e-02  2.630909e-02  1.000000e-01 2.108005e-06 8.000000e-04 3.068246e+09 3.180203e+01 2.288802e+01 6.923341e+01 5.109061e-13 7.422000e-13 2.344676e-12 4.709203e-11 1.850574e-10
8.000000e-01 2.894000e-02  2.630909e-02  1.000000e-01 2.164175e-06 8.000000e-04 3.068246e+09 3.180203e+01 2.288802e+01 6.923341e+01 5.594111e-13 7.933289e-13 2.471294e-12 4.963511e-11 1.950509e-10
8.000000e-01 2.894000e-02  2.630909e-02  1.000000e-01 2.221842e-06 8.000000e-04 3.068246e+09 3.180203e+01 2.288802e+01 6.923341e+01 5.970228e-13 8.300141e-13 2.604749e-12 5.231552e-11 2.055841e-10
8.000000e-01 2.894000e-02  2.630909e-02  1.000000e-01 2.281045e-06 8.000000e-04 3.068246e+09 3.180203e+01 2.288802e+01 6.923341e+01 5.931767e-13 8.778518e-13 2.745412e-12 5.514067e-11 2.166861e-10
8.000000e-01 2.894000e-02  2.630909e-02  1.000000e-01 2.341826e-06 8.000000e-04 3.068246e+09 3.180203e+01 2.288802e+01 6.923341e+01 6.589303e-13 9.076226e-13 2.893670e-12 5.811840e-11 2.283876e-10
8.000000e-01 2.894000e-02  2.630909e-02  1.000000e-01 2.404227e-06 8.000000e-04 3.068246e+09 3.180203e+01 2.288802e+01 6.923341e+01 6.997189e-13 9.665200e-13 3.049935e-12 6.125693e-11 2.407211e-10
8.000000e-01 2.894000e-02  2.630909e-02  1.000000e-01 2.468290e-06 8.000000e-04 3.068246e+09 3.180203e+01 2.288802e+01 6.923341e+01 7.288296e-13 1.023855e-12 3.214639e-12 6.456494e-11 2.537206e-10
8.000000e-01 2.894000e-02  2.630909e-02  1.000000e-01 2.534061e-06 8.000000e-04 3.068246e+09 3.180203e+01 2.288802e+01 6.923341e+01 7.499970e-13 1.084127e-12 3.388237e-12 6.805160e-11 2.674221e-10
8.000000e-01 2.894000e-02  2.630909e-02  1.000000e-01 2.601584e-06 8.000000e-04 3.068246e+09 3.180203e+01 2.288802e+01 6.923341e+01 8.133625e-13 1.121922e-12 3.571209e-12 7.172654e-11 2.818635e-10
8.000000e-01 2.894000e-02  2.630909e-02  1.000000e-01 2.670906e-06 8.000000e-04 3.068246e+09 3.180203e+01 2.288802e+01 6.923341e+01 8.385216e-13 1.181249e-12 3.764063e-12 7.559994e-11 2.970848e-10
8.000000e-01 2.894000e-02  2.630909e-02  1.000000e-01 2.742075e-06 8.000000e-04 3.068246e+09 3.180203e+01 2.288802e+01 6.923341e+01 8.762269e-13 1.269085e-12 3.967331e-12 7.968251e-11 3.131281e-10
8.000000e-01 2.894000e-02  2.630909e-02  1.000000e-01 2.815141e-06 8.000000e-04 3.068246e+09 3.180203e+01 2.288802e+01 6.923341e+01 9.285957e-13 1.329913e-12 4.181576e-12 8.398555e-11 3.300377e-10
8.000000e-01 2.894000e-02  2.630909e-02  1.000000e-01 2.890154e-06 8.000000e-04 3.068246e+09 3.180203e+01 2.288802e+01 6.923341e+01 1.025365e-12 1.395270e-12 4.407391e-12 8.852097e-11 3.478605e-10
8.000000e-01 2.894000e-02  2.630909e-02  1.000000e-01 2.967165e-06 8.000000e-04 3.068246e+09 3.180203e+01 2.288802e+01 6.923341e+01 9.936094e-13 1.494050e-12 4.645400e-12 9.330130e-11 3.666458e-10
8.000000e-01 2.894000e-02  2.630909e-02  1.000000e-01 3.046229e-06 8.000000e-04 3.068246e+09 3.180203e+01 2.288802e+01 6.923341e+01 1.078107e-12 1.572158e-12 4.896262e-12 9.833979e-11 3.864455e-10
8.000000e-01 2.894000e-02  2.630909e-02  1.000000e-01 3.127399e-06 8.000000e-04 3.068246e+09 3.180203e+01 2.288802e+01 6.923341e+01 1.149062e-12 1.638639e-12 5.160672e-12 1.036504e-10 4.073144e-10
8.000000e-01 2.894000e-02  2.630909e-02  1.000000e-01 3.210732e-06 8.000000e-04 3.068246e+09 3.180203e+01 2.288802e+01 6.923341e+01 1.231301e-12 1.722087e-12 5.439360e-12 1.092477e-10 4.293104e-10
8.000000e-01 2.894000e-02  2.630909e-02  1.000000e-01 3.296286e-06 8.000000e-04 3.068246e+09 3.180203e+01 2.288802e+01 6.923341e+01 1.292285e-12 1.793974e-12 5.733098e-12 1.151474e-10 4.524941e-10
8.000000e-01 2.894000e-02  2.630909e-02  1.000000e-01 3.384119e-06 8.000000e-04 3.068246e+09 3.180203e+01 2.288802e+01 6.923341e+01 1.291985e-12 1.938420e-12 6.042699e-12 1.213656e-10 4.769298e-10
8.000000e-01 2.894000e-02  2.630909e-02  1.000000e-01 3.474293e-06 8.000000e-04 3.068246e+09 3.180203e+01 2.288802e+01 6.923341e+01 1.437335e-12 2.029538e-12 6.369018e-12 1.279196e-10 5.026852e-10
8.000000e-01 2.894000e-02  2.630909e-02  1.000000e-01 3.566869e-06 8.000000e-04 3.068246e+09 3.180203e+01 2.288802e+01 6.923341e+01 1.515037e-12 2.144002e-12 6.712960e-12 1.348276e-10 5.298313e-10
8.000000e-01 2.894000e-02  2.630909e-02  1.000000e-01 3.661913e-06 8.000000e-04 3.068246e+09 3.180203e+01 2.288802e+01 6.923341e+01 1.601607e-12 2.267398e-12 7.075475e-12 1.421086e-10 5.584434e-10
8.000000e-01 2.894000e-02  2.630909e-02  1.000000e-01 3.759488e-06 8.000000e-04 3.068246e+09 3.180203e+01 2.288802e+01 6.923341e+01 1.576534e-12 2.350445e-12 7.457567e-12 1.497827e-10 5.886007e-10
8.000000e-01 2.894000e-02  2.630909e-02  1.000000e-01 3.859664e-06 8.000000e-04 3.068246e+09 3.180203e+01 2.288802e+01 6.923341e+01 1.706910e-12 2.500403e-12 7.860293e-12 1.578714e-10 6.203865e-10
8.000000e-01 2.894000e-02  2.630909e-02  1.000000e-01 3.962510e-06 8.000000e-04 3.068246e+09 3.180203e+01 2.288802e+01 6.923341e+01 1.813012e-12 2.666752e-12 8.284767e-12 1.663968e-10 6.538888e-10
8.000000e-01 2.894000e-02  2.630909e-02  1.000000e-01 4.068095e-06 8.000000e-04 3.068246e+09 3.180203e+01 2.288802e+01 6.923341e+01 1.980523e-12 2.774101e-12 8.732164e-12 1.753826e-10 6.892003e-10
8.000000e-01 2.894000e-02  2.630909e-02  1.000000e-01 4.176494e-06 8.000000e-04 3.068246e+09 3.180203e+01 2.288802e+01 6.923341e+01 2.037099e-12 2.951245e-12 9.203721e-12 1.848536e-10 7.264187e-10
8.000000e-01 2.894000e-02  2.630909e-02  1.000000e-01 4.287782e-06 8.000000e-04 3.068246e+09 3.180203e+01 2.288802e+01 6.923341e+01 2.195350e-12 3.083387e-12 9.700743e-12 1.948362e-10 7.656470e-10
8.000000e-01 2.894000e-02  2.630909e-02  1.000000e-01 4.402035e-06 8.000000e-04 3.068246e+09 3.180203e+01 2.288802e+01 6.923341e+01 2.288695e-12 3.236678e-12 1.022461e-11 2.053578e-10 8.069937e-10
8.000000e-01 2.894000e-02  2.630909e-02  1.000000e-01 4.519332e-06 8.000000e-04 3.068246e+09 3.180203e+01 2.288802e+01 6.923341e+01 2.445521e-12 3.480663e-12 1.077676e-11 2.164476e-10 8.505732e-10
8.000000e-01 2.894000e-02  2.630909e-02  1.000000e-01 4.639755e-06 8.000000e-04 3.068246e+09 3.180203e+01 2.288802e+01 6.923341e+01 2.592933e-12 3.581854e-12 1.135873e-11 2.281362e-10 8.965061e-10
8.000000e-01 2.894000e-02  2.630909e-02  1.000000e-01 4.763386e-06 8.000000e-04 3.068246e+09 3.180203e+01 2.288802e+01 6.923341e+01 2.798522e-12 3.771569e-12 1.197213e-11 2.404561e-10 9.449195e-10
8.000000e-01 2.894000e-02  2.630909e-02  1.000000e-01 4.890312e-06 8.000000e-04 3.068246e+09 3.180203e+01 2.288802e+01 6.923341e+01 2.820697e-12 4.068443e-12 1.261865e-11 2.534413e-10 9.959473e-10
8.000000e-01 2.894000e-02  2.630909e-02  1.000000e-01 5.020620e-06 8.000000e-04 3.068246e+09 3.180203e+01 2.288802e+01 6.923341e+01 3.002875e-12 4.219915e-12 1.330008e-11 2.671277e-10 1.049731e-09
8.000000e-01 2.894000e-02  2.630909e-02  1.000000e-01 5.154400e-06 8.000000e-04 3.068246e+09 3.180203e+01 2.288802e+01 6.923341e+01 3.042961e-12 4.500741e-12 1.401832e-11 2.815532e-10 1.106419e-09
8.000000e-01 2.894000e-02  2.630909e-02  1.000000e-01 5.291745e-06 8.000000e-04 3.068246e+09 3.180203e+01 2.288802e+01 6.923341e+01 3.358303e-12 4.707978e-12 1.477534e-11 2.967578e-10 1.166168e-09
8.000000e-01 2.894000e-02  2.630909e-02  1.000000e-01 5.432750e-06 8.000000e-04 3.068246e+09 3.180203e+01 2.288802e+01 6.923341e+01 3.379313e-12 4.955970e-12 1.557324e-11 3.127834e-10 1.229144e-09
8.000000e-01 2.894000e-02  2.630909e-02  1.000000e-01 5.577512e-06 8.000000e-04 3.068246e+09 3.180203e+01 2.288802e+01 6.923341e+01 3.703365e-12 5.256656e-12 1.641423e-11 3.296744e-10 1.295520e-09
8.000000e-01 2.894000e-02  2.630909e-02  1.000000e-01 5.726131e-06 8.000000e-04 3.068246e+09 3.180203e+01 2.288802e+01 6.923341e+01 3.744711e-12 5.576854e-12 1.730064e-11 3.474776e-10 1.365481e-09
8.000000e-01 2.894000e-02  2.630909e-02  1.000000e-01 5.878710e-06 8.000000e-04 3.068246e+09 3.180203e+01 2.288802e+01 6.923341e+01 4.180015e-12 5.792372e-12 1.823492e-11 3.662422e-10 1.439220e-09
8.000000e-01 2.894000e-02  2.630909e-02  1.000000e-01 6.035355e-06 8.000000e-04 3.068246e+09 3.180203e+01 2.288802e+01 6.923341e+01 4.227159e-12 6.079912e-12 1.921964e-11 3.860201e-10 1.516942e-09
8.000000e-01 2.894000e-02  2.630909e-02  1.000000e-01 6.196174e-06 8.000000e-04 3.068246e+09 3.180203e+01 2.288802e+01 6.923341e+01 4.429710e-12 6.405898e-12 2.025755e-11 4.068661e-10 1.598860e-09
8.000000e-01 2.894000e-02  2.630909e-02  1.000000e-01 6.361278e-06 8.000000e-04 3.068246e+09 3.180203e+01 2.288802e+01 6.923341e+01 4.742361e-12 6.753841e-12 2.135150e-11 4.288378e-10 1.685202e-09
8.000000e-01 2.894000e-02  2.630909e-02  1.000000e-01 6.530782e-06 8.000000e-04 3.068246e+09 3.180203e+01 2.288802e+01 6.923341e+01 5.123898e-12 7.059487e-12 2.250453e-11 4.519960e-10 1.776207e-09
8.000000e-01 2.894000e-02  2.630909e-02  1.000000e-01 6.704802e-06 8.000000e-04 3.068246e+09 3.180203e+01 2.288802e+01 6.923341e+01 5.368244e-12 7.594421e-12 2.371983e-11 4.764048e-10 1.872126e-09
8.000000e-01 2.894000e-02  2.630909e-02  1.000000e-01 6.883459e-06 8.000000e-04 3.068246e+09 3.180203e+01 2.288802e+01 6.923341e+01 5.459838e-12 7.973413e-12 2.500076e-11 5.021318e-10 1.973225e-09
8.000000e-01 2.894000e-02  2.630909e-02  1.000000e-01 7.066877e-06 8.000000e-04 3.068246e+09 3.180203e+01 2.288802e+01 6.923341e+01 5.860429e-12 8.328601e-12 2.635085e-11 5.292481e-10 2.079784e-09
8.000000e-01 2.894000e-02  2.630909e-02  1.000000e-01 7.255182e-06 8.000000e-04 3.068246e+09 3.180203e+01 2.288802e+01 6.923341e+01 6.251390e-12 8.779243e-12 2.777386e-11 5.578287e-10 2.192097e-09
8.000000e-01 2.894000e-02  2.630909e-02  1.000000e-01 7.448504e-06 8.000000e-04 3.068246e+09 3.180203e+01 2.288802e+01 6.923341e+01 6.462869e-12 9.243727e-12 2.927371e-11 5.879527e-10 2.310476e-09
8.000000e-01 2.894000e-02  2.630909e-02  1.000000e-01 7.646978e-06 8.000000e-04 3.068246e+09 3.180203e+01 2.288802e+01 6.923341e+01 6.833023e-12 9.825716e-12 3.085456e-11 6.197035e-10 2.435247e-09
8.000000e-01 2.894000e-02  2.630909e-02  1.000000e-01 7.850741e-06 8.000000e-04 3.068246e+09 3.180203e+01 2.288802e+01 6.923341e+01 7.334474e-12 1.039793e-11 3.252078e-11 6.531690e-10 2.566756e-09
8.000000e-01 2.894000e-02  2.630909e-02  1.000000e-01 8.059933e-06 8.000000e-04 3.068246e+09 3.180203e+01 2.288802e+01 6.923341e+01 7.908957e-12 1.093216e-11 3.427698e-11 6.884416e-10 2.705366e-09
8.000000e-01 2.894000e-02  2.630909e-02  1.000000e-01 8.274699e-06 8.000000e-04 3.068246e+09 3.180203e+01 2.288802e+01 6.923341e+01 8.266291e-12 1.143743e-11 3.612801e-11 7.256190e-10 2.851462e-09
8.000000e-01 2.894000e-02  2.630909e-02  1.000000e-01 8.495188e-06 8.000000e-04 3.068246e+09 3.180203e+01 2.288802e+01 6.923341e+01 8.963407e-12 1.197310e-11 3.807901e-11 7.648041e-10 3.005448e-09
8.000000e-01 2.894000e-02  2.630909e-02  1.000000e-01 8.721552e-06 8.000000e-04 3.068246e+09 3.180203e+01 2.288802e+01 6.923341e+01 8.869998e-12 1.297348e-11 4.013536e-11 8.061053e-10 3.167749e-09
8.000000e-01 2.894000e-02  2.630909e-02  1.000000e-01 8.953948e-06 8.000000e-04 3.068246e+09 3.180203e+01 2.288802e+01 6.923341e+01 9.454550e-12 1.344129e-11 4.230277e-11 8.496369e-10 3.338815e-09
8.000000e-01 2.894000e-02  2.630909e-02  1.000000e-01 9.192536e-06 8.000000e-04 3.068246e+09 3.180203e+01 2.288802e+01 6.923341e+01 9.782193e-12 1.417159e-11 4.458721e-11 8.955192e-10 3.519119e-09
8.000000e-01 2.894000e-02  2.630909e-02  1.000000e-01 9.437481e-06 8.000000e-04 3.068246e+09 3.180203e+01 2.288802e+01 6.923341e+01 1.043831e-11 1.488289e-11 4.699503e-11 9.438793e-10 3.709159e-09
8.000000e-01 2.894000e-02  2.630909e-02  1.000000e-01 9.688954e-06 8.000000e-04 3.068246e+09 3.180203e+01 2.288802e+01 6.923341e+01 1.099414e-11 1.612626e-11 4.953287e-11 9.948510e-10 3.909462e-09
8.000000e-01 2.894000e-02  2.630909e-02  1.000000e-01 9.947127e-06 8.000000e-04 3.068246e+09 3.180203e+01 2.288802e+01 6.923341e+01 1.155727e-11 1.688502e-11 5.220776e-11 1.048575e-09 4.120582e-09
8.000000e-01 2.894000e-02  2.630909e-02  1.000000e-01 1.021218e-05 8.000000e-04 3.068246e+09 3.180203e+01 2.288802e+01 6.923341e+01 1.261484e-11 1.727092e-11 5.502709e-11 1.105201e-09 4.343103e-09
8.000000e-01 2.894000e-02  2.630909e-02  1.000000e-01 1.048430e-05 8.000000e-04 3.068246e+09 3.180203e+01 2.288802e+01 6.923341e+01 1.270890e-11 1.834481e-11 5.799869e-11 1.164884e-09 4.577641e-09
8.000000e-01 2.894000e-02  2.630909e-02  1.000000e-01 1.076366e-05 8.000000e-04 3.068246e+09 3.180203e+01 2.288802e+01 6.923341e+01 1.373868e-11 1.931058e-11 6.113075e-11 1.227791e-09 4.824844e-09
8.000000e-01 2.894000e-02  2.630909e-02  1.000000e-01 1.105047e-05 8.000000e-04 3.068246e+09 3.180203e+01 2.288802e+01 6.923341e+01 1.395313e-11 2.052317e-11 6.443195e-11 1.294094e-09 5.085397e-09
8.000000e-01 2.894000e-02  2.630909e-02  1.000000e-01 1.134492e-05 8.000000e-04 3.068246e+09 3.180203e+01 2.288802e+01 6.923341e+01 1.496238e-11 2.123783e-11 6.791142e-11 1.363978e-09 5.360020e-09
8.000000e-01 2.894000e-02  2.630909e-02  1.000000e-01 1.164722e-05 8.000000e-04 3.068246e+09 3.180203e+01 2.288802e+01 6.923341e+01 1.593516e-11 2.254433e-11 7.157880e-11 1.437636e-09 5.649473e-09
8.000000e-01 2.894000e-02  2.630909e-02  1.000000e-01 1.195758e-05 8.000000e-04 3.068246e+09 3.180203e+01 2.288802e+01 6.923341e+01 1.702266e-11 2.368827e-11 7.544422e-11 1.515272e-09 5.954558e-09
8.000000e-01 2.894000e-02  2.630909e-02  1.000000e-01 1.227620e-05 8.000000e-04 3.068246e+09 3.180203e+01 2.288802e+01 6.923341e+01 1.833584e-11 2.528376e-11 7.951838e-11 1.597100e-09 6.276118e-09
8.000000e-01 2.894000e-02  2.630909e-02  1.000000e-01 1.260331e-05 8.000000e-04 3.068246e+09 3.180203e+01 2.288802e+01 6.923341e+01 1.931181e-11 2.651461e-11 8.381256e-11 1.683347e-09 6.615043e-09
8.000000e-01 2.894000e-02  2.630909e-02  1.000000e-01 1.293914e-05 8.000000e-04 3.068246e+09 3.180203e+01 2.288802e+01 6.923341e+01 2.003973e-11 2.798751e-11 8.833863e-11 1.774252e-09 6.972270e-09
8.000000e-01 2.894000e-02  2.630909e-02  1.000000e-01 1.328392e-05 8.000000e-04 3.068246e+09 3.180203e+01 2.288802e+01 6.923341e+01 2.036771e-11 2.966345e-11 9.310912e-11 1.870065e-09 7.348789e-09
8.000000e-01 2.894000e-02  2.630909e-02  1.000000e-01 1.363789e-05 8.000000e-04 3.068246e+09 3.180203e+01 2.288802e+01 6.923341e+01 2.132988e-11 3.137857e-11 9.813723e-11 1.971053e-09 7.745641e-09
8.000000e-01 2.894000e-02  2.630909e-02  1.000000e-01 1.400128e-05 8.000000e-04 3.068246e+09 3.180203e+01 2.288802e+01 6.923341e+01 2.354989e-11 3.268157e-11 1.034369e-10 2.077495e-09 8.163923e-09
8.000000e-01 2.894000e-02  2.630909e-02  1.000000e-01 1.437436e-05 8.000000e-04 3.068246e+09 3.180203e+01 2.288802e+01 6.923341e+01 2.466963e-11 3.484038e-11 1.090227e-10 2.189684e-09 8.604794e-09
8.000000e-01 2.894000e-02  2.630909e-02  1.000000e-01 1.475738e-05 8.000000e-04 3.068246e+09 3.180203e+01 2.288802e+01 6.923341e+01 2.624665e-11 3.724694e-11 1.149102e-10 2.307932e-09 9.069473e-09
8.000000e-01 2.894000e-02  2.630909e-02  1.000000e-01 1.515061e-05 8.000000e-04 3.068246e+09 3.180203e+01 2.288802e+01 6.923341e+01 2.684054e-11 3.863152e-11 1.211156e-10 2.432566e-09 9.559245e-09
8.000000e-01 2.894000e-02  2.630909e-02  1.000000e-01 1.555432e-05 8.000000e-04 3.068246e+09 3.180203e+01 2.288802e+01 6.923341e+01 2.926775e-11 4.036967e-11 1.276561e-10 2.563930e-09 1.007547e-08
8.000000e-01 2.894000e-02  2.630909e-02  1.000000e-01 1.596878e-05 8.000000e-04 3.068246e+09 3.180203e+01 2.288802e+01 6.923341e+01 3.195719e-11 4.230124e-11 1.345498e-10 2.702388e-09 1.061956e-08
8.000000e-01 2.894000e-02  2.630909e-02  1.000000e-01 1.639429e-05 8.000000e-04 3.068246e+09 3.180203e+01 2.288802e+01 6.923341e+01 3.240907e-11 4.468602e-11 1.418158e-10 2.848323e-09 1.119305e-08
8.000000e-01 2.894000e-02  2.630909e-02  1.000000e-01 1.683113e-05 8.000000e-04 3.068246e+09 3.180203e+01 2.288802e+01 6.923341e+01 3.260684e-11 4.743186e-11 1.494742e-10 3.002140e-09 1.179750e-08
8.000000e-01 2.894000e-02  2.630909e-02  1.000000e-01 1.727962e-05 8.000000e-04 3.068246e+09 3.180203e+01 2.288802e+01 6.923341e+01 3.440183e-11 5.023868e-11 1.575462e-10 3.164262e-09 1.243459e-08
8.000000e-01 2.894000e-02  2.630909e-02  1.000000e-01 1.774005e-05 8.000000e-04 3.068246e+09 3.180203e+01 2.288802e+01 6.923341e+01 3.765077e-11 5.310180e-11 1.660540e-10 3.335139e-09 1.310608e-08
8.000000e-01 2.894000e-02  2.630909e-02  1.000000e-01 1.821276e-05 8.000000e-04 3.068246e+09 3.180203e+01 2.288802e+01 6.923341e+01 4.003015e-11 5.623333e-11 1.750213e-10 3.515245e-09 1.381384e-08
8.000000e-01 2.894000e-02  2.630909e-02  1.000000e-01 1.869805e-05 8.000000e-04 3.068246e+09 3.180203e+01 2.288802e+01 6.923341e+01 4.255925e-11 5.875507e-11 1.844729e-10 3.705076e-09 1.455982e-08
8.000000e-01 2.894000e-02  2.630909e-02  1.000000e-01 1.919629e-05 8.000000e-04 3.068246e+09 3.180203e+01 2.288802e+01 6.923341e+01 4.357567e-11 6.205169e-11 1.944348e-10 3.905159e-09 1.534609e-08
8.000000e-01 2.894000e-02  2.630909e-02  1.000000e-01 1.970779e-05 8.000000e-04 3.068246e+09 3.180203e+01 2.288802e+01 6.923341e+01 4.668756e-11 6.473389e-11 2.049348e-10 4.116046e-09 1.617481e-08
8.000000e-01 2.894000e-02  2.630909e-02  1.000000e-01 2.023293e-05 8.000000e-04 3.068246e+09 3.180203e+01 2.288802e+01 6.923341e+01 4.904803e-11 6.833783e-11 2.160017e-10 4.338322e-09 1.704829e-08
8.000000e-01 2.894000e-02  2.630909e-02  1.000000e-01 2.077206e-05 8.000000e-04 3.068246e+09 3.180203e+01 2.288802e+01 6.923341e+01 5.291320e-11 7.293984e-11 2.276663e-10 4.572602e-09 1.796894e-08
8.000000e-01 2.894000e-02  2.630909e-02  1.000000e-01 2.132555e-05 8.000000e-04 3.068246e+09 3.180203e+01 2.288802e+01 6.923341e+01 5.351893e-11 7.643036e-11 2.399608e-10 4.819533e-09 1.893930e-08
8.000000e-01 2.894000e-02  2.630909e-02  1.000000e-01 2.189380e-05 8.000000e-04 3.068246e+09 3.180203e+01 2.288802e+01 6.923341e+01 5.575905e-11 8.029546e-11 2.529193e-10 5.079799e-09 1.996207e-08
8.000000e-01 2.894000e-02  2.630909e-02  1.000000e-01 2.247718e-05 8.000000e-04 3.068246e+09 3.180203e+01 2.288802e+01 6.923341e+01 5.895116e-11 8.476146e-11 2.665775e-10 5.354120e-09 2.104006e-08
8.000000e-01 2.894000e-02  2.630909e-02  1.000000e-01 2.307611e-05 8.000000e-04 3.068246e+09 3.180203e+01 2.288802e+01 6.923341e+01 6.416015e-11 8.841541e-11 2.809733e-10 5.643254e-09 2.217628e-08
8.000000e-01 2.894000e-02  2.630909e-02  1.000000e-01 2.369100e-05 8.000000e-04 3.068246e+09 3.180203e+01 2.288802e+01 6.923341e+01 6.548176e-11 9.494635e-11 2.961465e-10 5.948003e-09 2.337385e-08
8.000000e-01 2.894000e-02  2.630909e-02  1.000000e-01 2.432228e-05 8.000000e-04 3.068246e+09 3.180203e+01 2.288802e+01 6.923341e+01 6.803594e-11 9.850357e-11 3.121391e-10 6.269209e-09 2.463609e-08
8.000000e-01 2.894000e-02  2.630909e-02  1.000000e-01 2.497037e-05 8.000000e-04 3.068246e+09 3.180203e+01 2.288802e+01 6.923341e+01 7.332188e-11 1.035535e-10 3.289953e-10 6.607761e-09 2.596649e-08
8.000000e-01 2.894000e-02  2.630909e-02  1.000000e-01 2.563574e-05 8.000000e-04 3.068246e+09 3.180203e+01 2.288802e+01 6.923341e+01 7.762281e-11 1.109608e-10 3.467618e-10 6.964595e-09 2.736874e-08
8.000000e-01 2.894000e-02  2.630909e-02  1.000000e-01 2.631883e-05 8.000000e-04 3.068246e+09 3.180203e+01 2.288802e+01 6.923341e+01 7.833499e-11 1.169893e-10 3.654878e-10 7.340700e-09 2.884672e-08
8.000000e-01 2.894000e-02  2.630909e-02  1.000000e-01 2.702013e-05 8.000000e-04 3.068246e+09 3.180203e+01 2.288802e+01 6.923341e+01 8.587654e-11 1.220870e-10 3.852250e-10 7.737114e-09 3.040451e-08
8.000000e-01 2.894000e-02  2.630909e-02  1.000000e-01 2.774011e-05 8.000000e-04 3.068246e+09 3.180203e+01 2.288802e+01 6.923341e+01 9.068529e-11 1.294872e-10 4.060280e-10 8.154936e-09 3.204642e-08
8.000000e-01 2.894000e-02  2.630909e-02  1.000000e-01 2.847928e-05 8.000000e-04 3.068246e+09 3.180203e+01 2.288802e+01 6.923341e+01 1.024368e-10 1.366705e-10 4.279545e-10 8.595322e-09 3.377700e-08
8.000000e-01 2.894000e-02  2.630909e-02  1.000000e-01 2.923814e-05 8.000000e-04 3.068246e+09 3.180203e+01 2.288802e+01 6.923341e+01 1.007097e-10 1.421040e-10 4.510650e-10 9.059489e-09 3.560104e-08
8.000000e-01 2.894000e-02  2.630909e-02  1.000000e-01 3.001722e-05 8.000000e-04 3.068246e+09 3.180203e+01 2.288802e+01 6.923341e+01 1.082646e-10 1.503049e-10 4.754235e-10 9.548722e-09 3.752358e-08
8.000000e-01 2.894000e-02  2.630909e-02  1.000000e-01 3.081707e-05 8.000000e-04 3.068246e+09 3.180203e+01 2.288802e+01 6.923341e+01 1.124117e-10 1.585173e-10 5.010975e-10 1.006438e-08 3.954994e-08
8.000000e-01 2.894000e-02  2.630909e-02  1.000000e-01 3.163822e-05 8.000000e-04 3.068246e+09 3.180203e+01 2.288802e+01 6.923341e+01 1.144359e-10 1.676907e-10 5.281579e-10 1.060787e-08 4.168573e-08
8.000000e-01 2.894000e-02  2.630909e-02  1.000000e-01 3.248126e-05 8.000000e-04 3.068246e+09 3.180203e+01 2.288802e+01 6.923341e+01 1.276960e-10 1.787517e-10 5.566797e-10 1.118072e-08 4.393685e-08
8.000000e-01 2.894000e-02  2.630909e-02  1.000000e-01 3.334676e-05 8.000000e-04 3.068246e+09 3.180203e+01 2.288802e+01 6.923341e+01 1.320642e-10 1.851688e-10 5.867417e-10 1.178451e-08 4.630954e-08
8.000000e-01 2.894000e-02  2.630909e-02  1.000000e-01 3.423532e-05 8.000000e-04 3.068246e+09 3.180203e+01 2.288802e+01 6.923341e+01 1.357472e-10 1.954213e-10 6.184271e-10 1.242090e-08 4.881036e-08
8.000000e-01 2.894000e-02  2.630909e-02  1.000000e-01 3.514756e-05 8.000000e-04 3.068246e+09 3.180203e+01 2.288802e+01 6.923341e+01 1.521816e-10 2.103156e-10 6.518236e-10 1.309166e-08 5.144624e-08
8.000000e-01 2.894000e-02  2.630909e-02  1.000000e-01 3.608411e-05 8.000000e-04 3.068246e+09 3.180203e+01 2.288802e+01 6.923341e+01 1.504942e-10 2.168474e-10 6.870235e-10 1.379864e-08 5.422445e-08
8.000000e-01 2.894000e-02  2.630909e-02  1.000000e-01 3.704561e-05 8.000000e-04 3.068246e+09 3.180203e+01 2.288802e+01 6.923341e+01 1.598895e-10 2.287728e-10 7.241244e-10 1.454380e-08 5.715270e-08
8.000000e-01 2.894000e-02  2.630909e-02  1.000000e-01 3.803273e-05 8.000000e-04 3.068246e+09 3.180203e+01 2.288802e+01 6.923341e+01 1.764865e-10 2.445498e-10 7.632288e-10 1.532919e-08 6.023908e-08
8.000000e-01 2.894000e-02  2.630909e-02  1.000000e-01 3.904616e-05 8.000000e-04 3.068246e+09 3.180203e+01 2.288802e+01 6.923341e+01 1.769388e-10 2.544421e-10 8.044449e-10 1.615701e-08 6.349213e-08
8.000000e-01 2.894000e-02  2.630909e-02  1.000000e-01 4.008659e-05 8.000000e-04 3.068246e+09 3.180203e+01 2.288802e+01 6.923341e+01 1.943544e-10 2.681060e-10 8.478868e-10 1.702952e-08 6.692085e-08
8.000000e-01 2.894000e-02  2.630909e-02  1.000000e-01 4.115474e-05 8.000000e-04 3.068246e+09 3.180203e+01 2.288802e+01 6.923341e+01 2.087196e-10 2.855362e-10 8.936746e-10 1.794916e-08 7.053473e-08
8.000000e-01 2.894000e-02  2.630909e-02  1.000000e-01 4.225136e-05 8.000000e-04 3.068246e+09 3.180203e+01 2.288802e+01 6.923341e+01 2.071143e-10 3.022596e-10 9.419351e-10 1.891845e-08 7.434377e-08
8.000000e-01 2.894000e-02  2.630909e-02  1.000000e-01 4.337719e-05 8.000000e-04 3.068246e+09 3.180203e+01 2.288802e+01 6.923341e+01 2.173620e-10 3.179739e-10 9.928018e-10 1.994009e-08 7.835850e-08
8.000000e-01 2.894000e-02  2.630909e-02  1.000000e-01 4.453303e-05 8.000000e-04 3.068246e+09 3.180203e+01 2.288802e+01 6.923341e+01 2.468771e-10 3.289241e-10 1.046415e-09 2.101690e-08 8.259004e-08
8.000000e-01 2.894000e-02  2.630909e-02  1.000000e-01 4.571966e-05 8.000000e-04 3.068246e+09 3.180203e+01 2.288802e+01 6.923341e+01 2.442022e-10 3.540105e-10 1.102924e-09 2.215186e-08 8.705009e-08
8.000000e-01 2.894000e-02  2.630909e-02  1.000000e-01 4.693791e-05 8.000000e-04 3.068246e+09 3.180203e+01 2.288802e+01 6.923341e+01 2.513482e-10 3.668756e-10 1.162485e-09 2.334812e-08 9.175100e-08
8.000000e-01 2.894000e-02  2.630909e-02  1.000000e-01 4.818863e-05 8.000000e-04 3.068246e+09 3.180203e+01 2.288802e+01 6.923341e+01 2.698387e-10 3.893593e-10 1.225262e-09 2.460897e-08 9.670577e-08
8.000000e-01 2.894000e-02  2.630909e-02  1.000000e-01 4.947267e-05 8.000000e-04 3.068246e+09 3.180203e+01 2.288802e+01 6.923341e+01 2.920227e-10 4.064917e-10 1.291429e-09 2.593791e-08 1.019281e-07
8.000000e-01 2.894000e-02  2.630909e-02  1.000000e-01 5.079093e-05 8.000000e-04 3.068246e+09 3.180203e+01 2.288802e+01 6.923341e+01 3.044127e-10 4.270010e-10 1.361169e-09 2.733862e-08 1.074325e-07
8.000000e-01 2.894000e-02  2.630909e-02  1.000000e-01 5.214431e-05 8.000000e-04 3.068246e+09 3.180203e+01 2.288802e+01 6.923341e+01 3.230004e-10 4.596238e-10 1.434675e-09 2.881496e-08 1.132341e-07
8.000000e-01 2.894000e-02  2.630909e-02  1.000000e-01 5.353375e-05 8.000000e-04 3.068246e+09 3.180203e+01 2.288802e+01 6.923341e+01 3.269448e-10 4.799562e-10 1.512151e-09 3.037104e-08 1.193490e-07
8.000000e-01 2.894000e-02  2.630909e-02  1.000000e-01 5.496022e-05 8.000000e-04 3.068246e+09 3.180203e+01 2.288802e+01 6.923341e+01 3.570319e-10 5.097047e-10 1.593810e-09 3.201115e-08 1.257941e-07
8.000000e-01 2.894000e-02  2.630909e-02  1.000000e-01 5.642470e-05 8.000000e-04 3.068246e+09 3.180203e+01 2.288802e+01 6.923341e+01 3.892224e-10 5.305415e-10 1.679880e-09 3.373982e-08 1.325872e-07
8.000000e-01 2.894000e-02  2.630909e-02  1.000000e-01 5.792820e-05 8.000000e-04 3.068246e+09 3.180203e+01 2.288802e+01 6.923341e+01 3.900557e-10 5.672081e-10 1.770597e-09 3.556185e-08 1.397473e-07
8.000000e-01 2.894000e-02  2.630909e-02  1.000000e-01 5.947176e-05 8.000000e-04 3.068246e+09 3.180203e+01 2.288802e+01 6.923341e+01 4.059281e-10 5.917621e-10 1.866213e-09 3.748227e-08 1.472939e-07
8.000000e-01 2.894000e-02  2.630909e-02  1.000000e-01 6.105646e-05 8.000000e-04 3.068246e+09 3.180203e+01 2.288802e+01 6.923341e+01 4.262511e-10 6.194618e-10 1.966993e-09 3.950640e-08 1.552482e-07
8.000000e-01 2.894000e-02  2.630909e-02  1.000000e-01 6.268338e-05 8.000000e-04 3.068246e+09 3.180203e+01 2.288802e+01 6.923341e+01 4.454478e-10 6.517565e-10 2.073215e-09 4.163984e-08 1.636319e-07
8.000000e-01 2.894000e-02  2.630909e-02  1.000000e-01 6.435365e-05 8.000000e-04 3.068246e+09 3.180203e+01 2.288802e+01 6.923341e+01 4.991477e-10 6.973842e-10 2.185174e-09 4.388849e-08 1.724684e-07
8.000000e-01 2.894000e-02  2.630909e-02  1.000000e-01 6.606842e-05 8.000000e-04 3.068246e+09 3.180203e+01 2.288802e+01 6.923341e+01 5.161346e-10 7.323408e-10 2.303178e-09 4.625857e-08 1.817821e-07
8.000000e-01 2.894000e-02  2.630909e-02  1.000000e-01 6.782889e-05 8.000000e-04 3.068246e+09 3.180203e+01 2.288802e+01 6.923341e+01 5.511992e-10 7.702161e-10 2.427555e-09 4.875663e-08 1.915988e-07
8.000000e-01 2.894000e-02  2.630909e-02  1.000000e-01 6.963627e-05 8.000000e-04 3.068246e+09 3.180203e+01 2.288802e+01 6.923341e+01 5.602380e-10 8.098094e-10 2.558649e-09 5.138961e-08 2.019455e-07
8.000000e-01 2.894000e-02  2.630909e-02  1.000000e-01 7.149181e-05 8.000000e-04 3.068246e+09 3.180203e+01 2.288802e+01 6.923341e+01 6.267484e-10 8.559724e-10 2.696822e-09 5.416476e-08 2.128511e-07
8.000000e-01 2.894000e-02  2.630909e-02  1.000000e-01 7.339679e-05 8.000000e-04 3.068246e+09 3.180203e+01 2.288802e+01 6.923341e+01 6.311838e-10 8.998113e-10 2.842456e-09 5.708979e-08 2.243455e-07
8.000000e-01 2.894000e-02  2.630909e-02  1.000000e-01 7.535253e-05 8.000000e-04 3.068246e+09 3.180203e+01 2.288802e+01 6.923341e+01 6.694317e-10 9.502628e-10 2.995956e-09 6.017277e-08 2.364607e-07
8.000000e-01 2.894000e-02  2.630909e-02  1.000000e-01 7.736039e-05 8.000000e-04 3.068246e+09 3.180203e+01 2.288802e+01 6.923341e+01 7.161554e-10 1.006132e-09 3.157744e-09 6.342223e-08 2.492301e-07
8.000000e-01 2.894000e-02  2.630909e-02  1.000000e-01 7.942174e-05 8.000000e-04 3.068246e+09 3.180203e+01 2.288802e+01 6.923341e+01 7.110534e-10 1.049012e-09 3.328270e-09 6.684718e-08 2.626891e-07
8.000000e-01 2.894000e-02  2.630909e-02  1.000000e-01 8.153803e-05 8.000000e-04 3.068246e+09 3.180203e+01 2.288802e+01 6.923341e+01 7.559039e-10 1.115113e-09 3.508004e-09 7.045708e-08 2.768749e-07
8.000000e-01 2.894000e-02  2.630909e-02  1.000000e-01 8.371070e-05 8.000000e-04 3.068246e+09 3.180203e+01 2.288802e+01 6.923341e+01 8.177187e-10 1.177558e-09 3.697444e-09 7.426193e-08 2.918268e-07
8.000000e-01 2.894000e-02  2.630909e-02  1.000000e-01 8.594127e-05 8.000000e-04 3.068246e+09 3.180203e+01 2.288802e+01 6.923341e+01 8.581984e-10 1.234518e-09 3.897115e-09 7.827224e-08 3.075861e-07
8.000000e-01 2.894000e-02  2.630909e-02  1.000000e-01 8.823127e-05 8.000000e-04 3.068246e+09 3.180203e+01 2.288802e+01 6.923341e+01 9.388064e-10 1.308169e-09 4.107568e-09 8.249913e-08 3.241965e-07
8.000000e-01 2.894000e-02  2.630909e-02  1.000000e-01 9.058230e-05 8.000000e-04 3.068246e+09 3.180203e+01 2.288802e+01 6.923341e+01 9.871532e-10 1.367323e-09 4.329386e-09 8.695427e-08 3.417039e-07
8.000000e-01 2.894000e-02  2.630909e-02  1.000000e-01 9.299597e-05 8.000000e-04 3.068246e+09 3.180203e+01 2.288802e+01 6.923341e+01 9.777970e-10 1.458315e-09 4.563183e-09 9.165000e-08 3.601567e-07
8.000000e-01 2.894000e-02  2.630909e-02  1.000000e-01 9.547395e-05 8.000000e-04 3.068246e+09 3.180203e+01 2.288802e+01 6.923341e+01 1.018074e-09 1.520745e-09 4.809605e-09 9.659931e-08 3.796060e-07
8.000000e-01 2.894000e-02  2.630909e-02  1.000000e-01 9.801796e-05 8.000000e-04 3.068246e+09 3.180203e+01 2.288802e+01 6.923341e+01 1.174220e-09 1.611178e-09 5.069335e-09 1.018159e-07 4.001056e-07
8.000000e-01 2.894000e-02  2.630909e-02  1.000000e-01 1.006298e-04 8.000000e-04 3.068246e+09 3.180203e+01 2.288802e+01 6.923341e+01 1.142327e-09 1.685139e-09 5.343091e-09 1.073142e-07 4.217122e-07
8.000000e-01 2.894000e-02  2.630909e-02  1.000000e-01 1.033112e-04 8.000000e-04 3.068246e+09 3.180203e+01 2.288802e+01 6.923341e+01 1.227367e-09 1.787796e-09 5.631630e-09 1.131094e-07 4.444856e-07
8.000000e-01 2.894000e-02  2.630909e-02  1.000000e-01 1.060640e-04 8.000000e-04 3.068246e+09 3.180203e+01 2.288802e+01 6.923341e+01 1.328938e-09 1.883956e-09 5.935751e-09 1.192176e-07 4.684889e-07
8.000000e-01 2.894000e-02  2.630909e-02  1.000000e-01 1.088902e-04 8.000000e-04 3.068246e+09 3.180203e+01 2.288802e+01 6.923341e+01 1.427293e-09 1.976374e-09 6.256296e-09 1.256556e-07 4.937883e-07
8.000000e-01 2.894000e-02  2.630909e-02  1.000000e-01 1.117917e-04 8.000000e-04 3.068246e+09 3.180203e+01 2.288802e+01 6.923341e+01 1.498895e-09 2.089510e-09 6.594150e-09 1.324413e-07 5.204541e-07
8.000000e-01 2.894000e-02  2.630909e-02  1.000000e-01 1.147705e-04 8.000000e-04 3.068246e+09 3.180203e+01 2.288802e+01 6.923341e+01 1.577723e-09 2.237525e-09 6.950250e-09 1.395934e-07 5.485598e-07
8.000000e-01 2.894000e-02  2.630909e-02  1.000000e-01 1.178287e-04 8.000000e-04 3.068246e+09 3.180203e+01 2.288802e+01 6.923341e+01 1.597200e-09 2.316352e-09 7.325579e-09 1.471318e-07 5.781833e-07
8.000000e-01 2.894000e-02  2.630909e-02  1.000000e-01 1.209684e-04 8.000000e-04 3.068246e+09 3.180203e+01 2.288802e+01 6.923341e+01 1.673583e-09 2.465673e-09 7.721177e-09 1.550773e-07 6.094065e-07
8.000000e-01 2.894000e-02  2.630909e-02  1.000000e-01 1.241917e-04 8.000000e-04 3.068246e+09 3.180203e+01 2.288802e+01 6.923341e+01 1.795860e-09 2.580189e-09 8.138139e-09 1.634518e-07 6.423159e-07
8.000000e-01 2.894000e-02  2.630909e-02  1.000000e-01 1.275010e-04 8.000000e-04 3.068246e+09 3.180203e+01 2.288802e+01 6.923341e+01 1.920792e-09 2.732109e-09 8.577617e-09 1.722786e-07 6.770024e-07
8.000000e-01 2.894000e-02  2.630909e-02  1.000000e-01 1.308984e-04 8.000000e-04 3.068246e+09 3.180203e+01 2.288802e+01 6.923341e+01 2.011669e-09 2.881595e-09 9.040828e-09 1.815820e-07 7.135621e-07
8.000000e-01 2.894000e-02  2.630909e-02  1.000000e-01 1.343863e-04 8.000000e-04 3.068246e+09 3.180203e+01 2.288802e+01 6.923341e+01 2.245516e-09 3.063963e-09 9.529054e-09 1.913879e-07 7.520961e-07
8.000000e-01 2.894000e-02  2.630909e-02  1.000000e-01 1.379672e-04 8.000000e-04 3.068246e+09 3.180203e+01 2.288802e+01 6.923341e+01 2.154817e-09 3.192561e-09 1.004364e-08 2.017232e-07 7.927110e-07
8.000000e-01 2.894000e-02  2.630909e-02  1.000000e-01 1.416435e-04 8.000000e-04 3.068246e+09 3.180203e+01 2.288802e+01 6.923341e+01 2.369450e-09 3.347226e-09 1.058602e-08 2.126168e-07 8.355193e-07
8.000000e-01 2.894000e-02  2.630909e-02  1.000000e-01 1.454177e-04 8.000000e-04 3.068246e+09 3.180203e+01 2.288802e+01 6.923341e+01 2.458197e-09 3.567742e-09 1.115769e-08 2.240986e-07 8.806392e-07
8.000000e-01 2.894000e-02  2.630909e-02  1.000000e-01 1.492926e-04 8.000000e-04 3.068246e+09 3.180203e+01 2.288802e+01 6.923341e+01 2.479672e-09 3.732570e-09 1.176024e-08 2.362004e-07 9.281958e-07
8.000000e-01 2.894000e-02  2.630909e-02  1.000000e-01 1.532706e-04 8.000000e-04 3.068246e+09 3.180203e+01 2.288802e+01 6.923341e+01 2.703548e-09 3.987824e-09 1.239532e-08 2.489558e-07 9.783205e-07
8.000000e-01 2.894000e-02  2.630909e-02  1.000000e-01 1.573547e-04 8.000000e-04 3.068246e+09 3.180203e+01 2.288802e+01 6.923341e+01 2.967271e-09 4.192742e-09 1.306469e-08 2.623999e-07 1.031152e-06
8.000000e-01 2.894000e-02  2.630909e-02  1.000000e-01 1.615476e-04 8.000000e-04 3.068246e+09 3.180203e+01 2.288802e+01 6.923341e+01 3.062332e-09 4.368035e-09 1.377021e-08 2.765702e-07 1.086837e-06
8.000000e-01 2.894000e-02  2.630909e-02  1.000000e-01 1.658522e-04 8.000000e-04 3.068246e+09 3.180203e+01 2.288802e+01 6.923341e+01 3.446568e-09 4.618786e-09 1.451384e-08 2.915056e-07 1.145528e-06
8.000000e-01 2.894000e-02  2.630909e-02  1.000000e-01 1.702715e-04 8.000000e-04 3.068246e+09 3.180203e+01 2.288802e+01 6.923341e+01 3.544628e-09 4.832314e-09 1.529762e-08 3.072476e-07 1.207390e-06
8.000000e-01 2.894000e-02  2.630909e-02  1.000000e-01 1.748086e-04 8.000000e-04 3.068246e+09 3.180203e+01 2.288802e+01 6.923341e+01 3.479681e-09 5.106957e-09 1.612373e-08 3.238396e-07 1.272591e-06
8.000000e-01 2.894000e-02  2.630909e-02  1.000000e-01 1.794666e-04 8.000000e-04 3.068246e+09 3.180203e+01 2.288802e+01 6.923341e+01 3.898236e-09 5.397881e-09 1.699444e-08 3.413277e-07 1.341314e-06
8.000000e-01 2.894000e-02  2.630909e-02  1.000000e-01 1.842487e-04 8.000000e-04 3.068246e+09 3.180203e+01 2.288802e+01 6.923341e+01 4.025195e-09 5.781853e-09 1.791218e-08 3.597602e-07 1.413748e-06
8.000000e-01 2.894000e-02  2.630909e-02  1.000000e-01 1.891582e-04 8.000000e-04 3.068246e+09 3.180203e+01 2.288802e+01 6.923341e+01 4.346984e-09 5.985531e-09 1.887948e-08 3.791881e-07 1.490094e-06
8.000000e-01 2.894000e-02  2.630909e-02  1.000000e-01 1.941986e-04 8.000000e-04 3.068246e+09 3.180203e+01 2.288802e+01 6.923341e+01 4.370717e-09 6.288551e-09 1.989902e-08 3.996651e-07 1.570563e-06
8.000000e-01 2.894000e-02  2.630909e-02  1.000000e-01 1.993732e-04 8.000000e-04 3.068246e+09 3.180203e+01 2.288802e+01 6.923341e+01 4.600640e-09 6.647759e-09 2.097361e-08 4.212480e-07 1.655377e-06
8.000000e-01 2.894000e-02  2.630909e-02  1.000000e-01 2.046857e-04 8.000000e-04 3.068246e+09 3.180203e+01 2.288802e+01 6.923341e+01 4.902129e-09 7.057978e-09 2.210624e-08 4.439963e-07 1.744771e-06
8.000000e-01 2.894000e-02  2.630909e-02  1.000000e-01 2.101398e-04 8.000000e-04 3.068246e+09 3.180203e+01 2.288802e+01 6.923341e+01 5.201555e-09 7.347969e-09 2.330002e-08 4.679732e-07 1.838992e-06
8.000000e-01 2.894000e-02  2.630909e-02  1.000000e-01 2.157392e-04 8.000000e-04 3.068246e+09 3.180203e+01 2.288802e+01 6.923341e+01 5.719618e-09 7.827425e-09 2.455828e-08 4.932448e-07 1.938302e-06
8.000000e-01 2.894000e-02  2.630909e-02  1.000000e-01 2.214878e-04 8.000000e-04 3.068246e+09 3.180203e+01 2.288802e+01 6.923341e+01 5.912680e-09 8.198065e-09 2.588448e-08 5.198812e-07 2.042975e-06
8.000000e-01 2.894000e-02  2.630909e-02  1.000000e-01 2.273896e-04 8.000000e-04 3.068246e+09 3.180203e+01 2.288802e+01 6.923341e+01 5.922488e-09 8.541572e-09 2.728230e-08 5.479559e-07 2.153300e-06
8.000000e-01 2.894000e-02  2.630909e-02  1.000000e-01 2.334487e-04 8.000000e-04 3.068246e+09 3.180203e+01 2.288802e+01 6.923341e+01 6.416468e-09 9.079540e-09 2.875561e-08 5.775468e-07 2.269584e-06
8.000000e-01 2.894000e-02  2.630909e-02  1.000000e-01 2.396692e-04 8.000000e-04 3.068246e+09 3.180203e+01 2.288802e+01 6.923341e+01 6.492512e-09 9.615161e-09 3.030848e-08 6.087357e-07 2.392146e-06
8.000000e-01 2.894000e-02  2.630909e-02  1.000000e-01 2.460555e-04 8.000000e-04 3.068246e+09 3.180203e+01 2.288802e+01 6.923341e+01 7.184826e-09 1.005528e-08 3.194521e-08 6.416088e-07 2.521328e-06
8.000000e-01 2.894000e-02  2.630909e-02  1.000000e-01 2.526119e-04 8.000000e-04 3.068246e+09 3.180203e+01 2.288802e+01 6.923341e+01 7.583512e-09 1.063213e-08 3.367032e-08 6.762572e-07 2.657485e-06
8.000000e-01 2.894000e-02  2.630909e-02  1.000000e-01 2.593430e-04 8.000000e-04 3.068246e+09 3.180203e+01 2.288802e+01 6.923341e+01 8.060303e-09 1.124284e-08 3.548860e-08 7.127766e-07 2.800996e-06
8.000000e-01 2.894000e-02  2.630909e-02  1.000000e-01 2.662535e-04 8.000000e-04 3.068246e+09 3.180203e+01 2.288802e+01 6.923341e+01 8.409513e-09 1.194146e-08 3.740507e-08 7.512682e-07 2.952256e-06
8.000000e-01 2.894000e-02  2.630909e-02  1.000000e-01 2.733482e-04 8.000000e-04 3.068246e+09 3.180203e+01 2.288802e+01 6.923341e+01 8.681437e-09 1.259221e-08 3.942503e-08 7.918384e-07 3.111684e-06
8.000000e-01 2.894000e-02  2.630909e-02  1.000000e-01 2.806318e-04 8.000000e-04 3.068246e+09 3.180203e+01 2.288802e+01 6.923341e+01 9.114598e-09 1.322815e-08 4.155407e-08 8.345996e-07 3.279723e-06
8.000000e-01 2.894000e-02  2.630909e-02  1.000000e-01 2.881096e-04 8.000000e-04 3.068246e+09 3.180203e+01 2.288802e+01 6.923341e+01 9.738565e-09 1.394538e-08 4.379809e-08 8.796699e-07 3.456835e-06
8.000000e-01 2.894000e-02  2.630909e-02  1.000000e-01 2.957866e-04 8.000000e-04 3.068246e+09 3.180203e+01 2.288802e+01 6.923341e+01 1.056926e-08 1.466967e-08 4.616328e-08 9.271741e-07 3.643512e-06
8.000000e-01 2.894000e-02  2.630909e-02  1.000000e-01 3.036682e-04 8.000000e-04 3.068246e+09 3.180203e+01 2.288802e+01 6.923341e+01 1.088699e-08 1.542085e-08 4.865621e-08 9.772436e-07 3.840270e-06
8.000000e-01 2.894000e-02  2.630909e-02  1.000000e-01 3.117598e-04 8.000000e-04 3.068246e+09 3.180203e+01 2.288802e+01 6.923341e+01 1.154757e-08 1.645528e-08 5.128375e-08 1.030017e-06 4.047654e-06
8.000000e-01 2.894000e-02  2.630909e-02  1.000000e-01 3.200670e-04 8.000000e-04 3.068246e+09 3.180203e+01 2.288802e+01 6.923341e+01 1.193568e-08 1.686666e-08 5.405320e-08 1.085640e-06 4.266237e-06
8.000000e-01 2.894000e-02  2.630909e-02  1.000000e-01 3.285955e-04 8.000000e-04 3.068246e+09 3.180203e+01 2.288802e+01 6.923341e+01 1.302849e-08 1.806926e-08 5.697219e-08 1.144267e-06 4.496623e-06
8.000000e-01 2.894000e-02  2.630909e-02  1.000000e-01 3.373513e-04 8.000000e-04 3.068246e+09 3.180203e+01 2.288802e+01 6.923341e+01 1.397650e-08 1.897078e-08 6.004882e-08 1.206061e-06 4.739451e-06
8.000000e-01 2.894000e-02  2.630909e-02  1.000000e-01 3.463404e-04 8.000000e-04 3.068246e+09 3.180203e+01 2.288802e+01 6.923341e+01 1.376725e-08 2.032515e-08 6.329160e-08 1.271191e-06 4.995393e-06
8.000000e-01 2.894000e-02  2.630909e-02  1.000000e-01 3.555691e-04 8.000000e-04 3.068246e+09 3.180203e+01 2.288802e+01 6.923341e+01 1.507057e-08 2.107316e-08 6.670949e-08 1.339838e-06 5.265155e-06
8.000000e-01 2.894000e-02  2.630909e-02  1.000000e-01 3.650436e-04 8.000000e-04 3.068246e+09 3.180203e+01 2.288802e+01 6.923341e+01 1.559277e-08 2.245892e-08 7.031196e-08 1.412192e-06 5.549486e-06
8.000000e-01 2.894000e-02  2.630909e-02  1.000000e-01 3.747706e-04 8.000000e-04 3.068246e+09 3.180203e+01 2.288802e+01 6.923341e+01 1.597575e-08 2.326150e-08 7.410897e-08 1.488454e-06 5.849171e-06
8.000000e-01 2.894000e-02  2.630909e-02  1.000000e-01 3.847568e-04 8.000000e-04 3.068246e+09 3.180203e+01 2.288802e+01 6.923341e+01 1.752311e-08 2.485975e-08 7.811102e-08 1.568834e-06 6.165040e-06
8.000000e-01 2.894000e-02  2.630909e-02  1.000000e-01 3.950091e-04 8.000000e-04 3.068246e+09 3.180203e+01 2.288802e+01 6.923341e+01 1.766095e-08 2.616522e-08 8.232920e-08 1.653554e-06 6.497966e-06
8.000000e-01 2.894000e-02  2.630909e-02  1.000000e-01 4.055346e-04 8.000000e-04 3.068246e+09 3.180203e+01 2.288802e+01 6.923341e+01 1.911612e-08 2.713221e-08 8.677517e-08 1.742850e-06 6.848872e-06
8.000000e-01 2.894000e-02  2.630909e-02  1.000000e-01 4.163405e-04 8.000000e-04 3.068246e+09 3.180203e+01 2.288802e+01 6.923341e+01 1.979326e-08 2.939698e-08 9.146123e-08 1.836968e-06 7.218726e-06
8.000000e-01 2.894000e-02  2.630909e-02  1.000000e-01 4.274344e-04 8.000000e-04 3.068246e+09 3.180203e+01 2.288802e+01 6.923341e+01 2.203725e-08 3.092889e-08 9.640035e-08 1.936169e-06 7.608554e-06
8.000000e-01 2.894000e-02  2.630909e-02  1.000000e-01 4.388239e-04 8.000000e-04 3.068246e+09 3.180203e+01 2.288802e+01 6.923341e+01 2.242130e-08 3.236979e-08 1.016062e-07 2.040726e-06 8.019434e-06
8.000000e-01 2.894000e-02  2.630909e-02  1.000000e-01 4.505168e-04 8.000000e-04 3.068246e+09 3.180203e+01 2.288802e+01 6.923341e+01 2.530670e-08 3.391169e-08 1.070932e-07 2.150930e-06 8.452502e-06
