2.000000e-01 2.572000e-02  2.338182e-02  1.000000e-01 2.000000e-06 8.000000e-04 2.370239e+07 3.180203e+01 2.288802e+01 6.923341e+01 9.967921e-09 8.999300e-09 4.977137e-08 9.747394e-07 3.456245e-06
2.000000e-01 2.572000e-02  2.338182e-02  1.000000e-01 2.053292e-06 8.000000e-04 2.370239e+07 3.180203e+01 2.288802e+01 6.923341e+01 1.140533e-08 9.521316e-09 5.245914e-08 1.027378e-06 3.642890e-06
2.000000e-01 2.572000e-02  2.338182e-02  1.000000e-01 2.108005e-06 8.000000e-04 2.370239e+07 3.180203e+01 2.288802e+01 6.923341e+01 1.145812e-08 9.967068e-09 5.529206e-08 1.082858e-06 3.839614e-06
2.000000e-01 2.572000e-02  2.338182e-02  1.000000e-01 2.164175e-06 8.000000e-04 2.370239e+07 3.180203e+01 2.288802e+01 6.923341e+01 1.209950e-08 1.058768e-08 5.827796e-08 1.141335e-06 4.046962e-06
2.000000e-01 2.572000e-02  2.338182e-02  1.000000e-01 2.221842e-06 8.000000e-04 2.370239e+07 3.180203e+01 2.288802e+01 6.923341e+01 1.264520e-08 1.103991e-08 6.142510e-08 1.202970e-06 4.265508e-06
2.000000e-01 2.572000e-02  2.338182e-02  1.000000e-01 2.281045e-06 8.000000e-04 2.370239e+07 3.180203e+01 2.288802e+01 6.923341e+01 1.320374e-08 1.168787e-08 6.474220e-08 1.267933e-06 4.495855e-06
2.000000e-01 2.572000e-02  2.338182e-02  1.000000e-01 2.341826e-06 8.000000e-04 2.370239e+07 3.180203e+01 2.288802e+01 6.923341e+01 1.469909e-08 1.238619e-08 6.823843e-08 1.336404e-06 4.738642e-06
2.000000e-01 2.572000e-02  2.338182e-02  1.000000e-01 2.404227e-06 8.000000e-04 2.370239e+07 3.180203e+01 2.288802e+01 6.923341e+01 1.552894e-08 1.301124e-08 7.192346e-08 1.408573e-06 4.994539e-06
2.000000e-01 2.572000e-02  2.338182e-02  1.000000e-01 2.468290e-06 8.000000e-04 2.370239e+07 3.180203e+01 2.288802e+01 6.923341e+01 1.558386e-08 1.368956e-08 7.580749e-08 1.484639e-06 5.264256e-06
2.000000e-01 2.572000e-02  2.338182e-02  1.000000e-01 2.534061e-06 8.000000e-04 2.370239e+07 3.180203e+01 2.288802e+01 6.923341e+01 1.712202e-08 1.457014e-08 7.990127e-08 1.564813e-06 5.548538e-06
2.000000e-01 2.572000e-02  2.338182e-02  1.000000e-01 2.601584e-06 8.000000e-04 2.370239e+07 3.180203e+01 2.288802e+01 6.923341e+01 1.791668e-08 1.528828e-08 8.421613e-08 1.649317e-06 5.848172e-06
2.000000e-01 2.572000e-02  2.338182e-02  1.000000e-01 2.670906e-06 8.000000e-04 2.370239e+07 3.180203e+01 2.288802e+01 6.923341e+01 1.892162e-08 1.626710e-08 8.876399e-08 1.738384e-06 6.163987e-06
2.000000e-01 2.572000e-02  2.338182e-02  1.000000e-01 2.742075e-06 8.000000e-04 2.370239e+07 3.180203e+01 2.288802e+01 6.923341e+01 1.957408e-08 1.726175e-08 9.355745e-08 1.832261e-06 6.496856e-06
2.000000e-01 2.572000e-02  2.338182e-02  1.000000e-01 2.815141e-06 8.000000e-04 2.370239e+07 3.180203e+01 2.288802e+01 6.923341e+01 2.072090e-08 1.783092e-08 9.860977e-08 1.931207e-06 6.847701e-06
2.000000e-01 2.572000e-02  2.338182e-02  1.000000e-01 2.890154e-06 8.000000e-04 2.370239e+07 3.180203e+01 2.288802e+01 6.923341e+01 2.211683e-08 1.877616e-08 1.039349e-07 2.035497e-06 7.217493e-06
2.000000e-01 2.572000e-02  2.338182e-02  1.000000e-01 2.967165e-06 8.000000e-04 2.370239e+07 3.180203e+01 2.288802e+01 6.923341e+01 2.233946e-08 1.993963e-08 1.095477e-07 2.145418e-06 7.607254e-06
2.000000e-01 2.572000e-02  2.338182e-02  1.000000e-01 3.046229e-06 8.000000e-04 2.370239e+07 3.180203e+01 2.288802e+01 6.923341e+01 2.438345e-08 2.094884e-08 1.154635e-07 2.261276e-06 8.018064e-06
2.000000e-01 2.572000e-02  2.338182e-02  1.000000e-01 3.127399e-06 8.000000e-04 2.370239e+07 3.180203e+01 2.288802e+01 6.923341e+01 2.556361e-08 2.219294e-08 1.216988e-07 2.383390e-06 8.451058e-06
2.000000e-01 2.572000e-02  2.338182e-02  1.000000e-01 3.210732e-06 8.000000e-04 2.370239e+07 3.180203e+01 2.288802e+01 6.923341e+01 2.921392e-08 2.333907e-08 1.282708e-07 2.512098e-06 8.907434e-06
2.000000e-01 2.572000e-02  2.338182e-02  1.000000e-01 3.296286e-06 8.000000e-04 2.370239e+07 3.180203e+01 2.288802e+01 6.923341e+01 2.820205e-08 2.466707e-08 1.351977e-07 2.647757e-06 9.388456e-06
2.000000e-01 2.572000e-02  2.338182e-02  1.000000e-01 3.384119e-06 8.000000e-04 2.370239e+07 3.180203e+01 2.288802e+01 6.923341e+01 3.022529e-08 2.614553e-08 1.424987e-07 2.790742e-06 9.895455e-06
2.000000e-01 2.572000e-02  2.338182e-02  1.000000e-01 3.474293e-06 8.000000e-04 2.370239e+07 3.180203e+01 2.288802e+01 6.923341e+01 3.157819e-08 2.759476e-08 1.501940e-07 2.941449e-06 1.042983e-05
2.000000e-01 2.572000e-02  2.338182e-02  1.000000e-01 3.566869e-06 8.000000e-04 2.370239e+07 3.180203e+01 2.288802e+01 6.923341e+01 3.407191e-08 2.894893e-08 1.583048e-07 3.100294e-06 1.099307e-05
2.000000e-01 2.572000e-02  2.338182e-02  1.000000e-01 3.661913e-06 8.000000e-04 2.370239e+07 3.180203e+01 2.288802e+01 6.923341e+01 3.504409e-08 3.067221e-08 1.668536e-07 3.267717e-06 1.158672e-05
2.000000e-01 2.572000e-02  2.338182e-02  1.000000e-01 3.759488e-06 8.000000e-04 2.370239e+07 3.180203e+01 2.288802e+01 6.923341e+01 3.755792e-08 3.155635e-08 1.758641e-07 3.444181e-06 1.221243e-05
2.000000e-01 2.572000e-02  2.338182e-02  1.000000e-01 3.859664e-06 8.000000e-04 2.370239e+07 3.180203e+01 2.288802e+01 6.923341e+01 4.059266e-08 3.365257e-08 1.853611e-07 3.630175e-06 1.287193e-05
2.000000e-01 2.572000e-02  2.338182e-02  1.000000e-01 3.962510e-06 8.000000e-04 2.370239e+07 3.180203e+01 2.288802e+01 6.923341e+01 4.097905e-08 3.543097e-08 1.953711e-07 3.826213e-06 1.356704e-05
2.000000e-01 2.572000e-02  2.338182e-02  1.000000e-01 4.068095e-06 8.000000e-04 2.370239e+07 3.180203e+01 2.288802e+01 6.923341e+01 4.384376e-08 3.782132e-08 2.059216e-07 4.032837e-06 1.429969e-05
2.000000e-01 2.572000e-02  2.338182e-02  1.000000e-01 4.176494e-06 8.000000e-04 2.370239e+07 3.180203e+01 2.288802e+01 6.923341e+01 4.532230e-08 3.935460e-08 2.170418e-07 4.250620e-06 1.507191e-05
2.000000e-01 2.572000e-02  2.338182e-02  1.000000e-01 4.287782e-06 8.000000e-04 2.370239e+07 3.180203e+01 2.288802e+01 6.923341e+01 4.713779e-08 4.133623e-08 2.287626e-07 4.480163e-06 1.588583e-05
2.000000e-01 2.572000e-02  2.338182e-02  1.000000e-01 4.402035e-06 8.000000e-04 2.370239e+07 3.180203e+01 2.288802e+01 6.923341e+01 4.895664e-08 4.360484e-08 2.411163e-07 4.722102e-06 1.674370e-05
2.000000e-01 2.572000e-02  2.338182e-02  1.000000e-01 4.519332e-06 8.000000e-04 2.370239e+07 3.180203e+01 2.288802e+01 6.923341e+01 5.117134e-08 4.547809e-08 2.541371e-07 4.977107e-06 1.764790e-05
2.000000e-01 2.572000e-02  2.338182e-02  1.000000e-01 4.639755e-06 8.000000e-04 2.370239e+07 3.180203e+01 2.288802e+01 6.923341e+01 5.512795e-08 4.863192e-08 2.678611e-07 5.245882e-06 1.860092e-05
2.000000e-01 2.572000e-02  2.338182e-02  1.000000e-01 4.763386e-06 8.000000e-04 2.370239e+07 3.180203e+01 2.288802e+01 6.923341e+01 5.882176e-08 5.126734e-08 2.823262e-07 5.529172e-06 1.960542e-05
2.000000e-01 2.572000e-02  2.338182e-02  1.000000e-01 4.890312e-06 8.000000e-04 2.370239e+07 3.180203e+01 2.288802e+01 6.923341e+01 6.145184e-08 5.298746e-08 2.975725e-07 5.827760e-06 2.066415e-05
2.000000e-01 2.572000e-02  2.338182e-02  1.000000e-01 5.020620e-06 8.000000e-04 2.370239e+07 3.180203e+01 2.288802e+01 6.923341e+01 6.672195e-08 5.666572e-08 3.136421e-07 6.142472e-06 2.178007e-05
2.000000e-01 2.572000e-02  2.338182e-02  1.000000e-01 5.154400e-06 8.000000e-04 2.370239e+07 3.180203e+01 2.288802e+01 6.923341e+01 6.583603e-08 5.937114e-08 3.305795e-07 6.474180e-06 2.295624e-05
2.000000e-01 2.572000e-02  2.338182e-02  1.000000e-01 5.291745e-06 8.000000e-04 2.370239e+07 3.180203e+01 2.288802e+01 6.923341e+01 7.080226e-08 6.286582e-08 3.484315e-07 6.823801e-06 2.419593e-05
2.000000e-01 2.572000e-02  2.338182e-02  1.000000e-01 5.432750e-06 8.000000e-04 2.370239e+07 3.180203e+01 2.288802e+01 6.923341e+01 7.388302e-08 6.678405e-08 3.672477e-07 7.192302e-06 2.550257e-05
2.000000e-01 2.572000e-02  2.338182e-02  1.000000e-01 5.577512e-06 8.000000e-04 2.370239e+07 3.180203e+01 2.288802e+01 6.923341e+01 7.764387e-08 6.964134e-08 3.870799e-07 7.580703e-06 2.687976e-05
2.000000e-01 2.572000e-02  2.338182e-02  1.000000e-01 5.726131e-06 8.000000e-04 2.370239e+07 3.180203e+01 2.288802e+01 6.923341e+01 8.586846e-08 7.503367e-08 4.079831e-07 7.990078e-06 2.833133e-05
2.000000e-01 2.572000e-02  2.338182e-02  1.000000e-01 5.878710e-06 8.000000e-04 2.370239e+07 3.180203e+01 2.288802e+01 6.923341e+01 9.651219e-08 7.812113e-08 4.300151e-07 8.421561e-06 2.986129e-05
2.000000e-01 2.572000e-02  2.338182e-02  1.000000e-01 6.035355e-06 8.000000e-04 2.370239e+07 3.180203e+01 2.288802e+01 6.923341e+01 9.540113e-08 8.295111e-08 4.532369e-07 8.876345e-06 3.147387e-05
2.000000e-01 2.572000e-02  2.338182e-02  1.000000e-01 6.196174e-06 8.000000e-04 2.370239e+07 3.180203e+01 2.288802e+01 6.923341e+01 9.866522e-08 8.670690e-08 4.777128e-07 9.355688e-06 3.317353e-05
2.000000e-01 2.572000e-02  2.338182e-02  1.000000e-01 6.361278e-06 8.000000e-04 2.370239e+07 3.180203e+01 2.288802e+01 6.923341e+01 1.012042e-07 9.131006e-08 5.035104e-07 9.860916e-06 3.496498e-05
2.000000e-01 2.572000e-02  2.338182e-02  1.000000e-01 6.530782e-06 8.000000e-04 2.370239e+07 3.180203e+01 2.288802e+01 6.923341e+01 1.045861e-07 9.562430e-08 5.307011e-07 1.039343e-05 3.685317e-05
2.000000e-01 2.572000e-02  2.338182e-02  1.000000e-01 6.704802e-06 8.000000e-04 2.370239e+07 3.180203e+01 2.288802e+01 6.923341e+01 1.157935e-07 1.013855e-07 5.593602e-07 1.095470e-05 3.884332e-05
2.000000e-01 2.572000e-02  2.338182e-02  1.000000e-01 6.883459e-06 8.000000e-04 2.370239e+07 3.180203e+01 2.288802e+01 6.923341e+01 1.238604e-07 1.073618e-07 5.895669e-07 1.154628e-05 4.094095e-05
2.000000e-01 2.572000e-02  2.338182e-02  1.000000e-01 7.066877e-06 8.000000e-04 2.370239e+07 3.180203e+01 2.288802e+01 6.923341e+01 1.329261e-07 1.116514e-07 6.214049e-07 1.216980e-05 4.315186e-05
2.000000e-01 2.572000e-02  2.338182e-02  1.000000e-01 7.255182e-06 8.000000e-04 2.370239e+07 3.180203e+01 2.288802e+01 6.923341e+01 1.355162e-07 1.166212e-07 6.549622e-07 1.282700e-05 4.548216e-05
2.000000e-01 2.572000e-02  2.338182e-02  1.000000e-01 7.448504e-06 8.000000e-04 2.370239e+07 3.180203e+01 2.288802e+01 6.923341e+01 1.436228e-07 1.252709e-07 6.903317e-07 1.351969e-05 4.793830e-05
2.000000e-01 2.572000e-02  2.338182e-02  1.000000e-01 7.646978e-06 8.000000e-04 2.370239e+07 3.180203e+01 2.288802e+01 6.923341e+01 1.551930e-07 1.319665e-07 7.276112e-07 1.424978e-05 5.052708e-05
2.000000e-01 2.572000e-02  2.338182e-02  1.000000e-01 7.850741e-06 8.000000e-04 2.370239e+07 3.180203e+01 2.288802e+01 6.923341e+01 1.593429e-07 1.371637e-07 7.669038e-07 1.501930e-05 5.325566e-05
2.000000e-01 2.572000e-02  2.338182e-02  1.000000e-01 8.059933e-06 8.000000e-04 2.370239e+07 3.180203e+01 2.288802e+01 6.923341e+01 1.608726e-07 1.465672e-07 8.083184e-07 1.583038e-05 5.613159e-05
2.000000e-01 2.572000e-02  2.338182e-02  1.000000e-01 8.274699e-06 8.000000e-04 2.370239e+07 3.180203e+01 2.288802e+01 6.923341e+01 1.672751e-07 1.561306e-07 8.519695e-07 1.668526e-05 5.916282e-05
2.000000e-01 2.572000e-02  2.338182e-02  1.000000e-01 8.495188e-06 8.000000e-04 2.370239e+07 3.180203e+01 2.288802e+01 6.923341e+01 1.788934e-07 1.656478e-07 8.979778e-07 1.758630e-05 6.235775e-05
2.000000e-01 2.572000e-02  2.338182e-02  1.000000e-01 8.721552e-06 8.000000e-04 2.370239e+07 3.180203e+01 2.288802e+01 6.923341e+01 2.012320e-07 1.721753e-07 9.464707e-07 1.853600e-05 6.572522e-05
2.000000e-01 2.572000e-02  2.338182e-02  1.000000e-01 8.953948e-06 8.000000e-04 2.370239e+07 3.180203e+01 2.288802e+01 6.923341e+01 2.069633e-07 1.832272e-07 9.975823e-07 1.953699e-05 6.927453e-05
2.000000e-01 2.572000e-02  2.338182e-02  1.000000e-01 9.192536e-06 8.000000e-04 2.370239e+07 3.180203e+01 2.288802e+01 6.923341e+01 2.129988e-07 1.931183e-07 1.051454e-06 2.059203e-05 7.301551e-05
2.000000e-01 2.572000e-02  2.338182e-02  1.000000e-01 9.437481e-06 8.000000e-04 2.370239e+07 3.180203e+01 2.288802e+01 6.923341e+01 2.289433e-07 2.040041e-07 1.108235e-06 2.170405e-05 7.695852e-05
2.000000e-01 2.572000e-02  2.338182e-02  1.000000e-01 9.688954e-06 8.000000e-04 2.370239e+07 3.180203e+01 2.288802e+01 6.923341e+01 2.488377e-07 2.125760e-07 1.168082e-06 2.287612e-05 8.111446e-05
2.000000e-01 2.572000e-02  2.338182e-02  1.000000e-01 9.947127e-06 8.000000e-04 2.370239e+07 3.180203e+01 2.288802e+01 6.923341e+01 2.310838e-07 2.285918e-07 1.231161e-06 2.411148e-05 8.549483e-05
2.000000e-01 2.572000e-02  2.338182e-02  1.000000e-01 1.021218e-05 8.000000e-04 2.370239e+07 3.180203e+01 2.288802e+01 6.923341e+01 2.705044e-07 2.369588e-07 1.297647e-06 2.541355e-05 9.011175e-05
2.000000e-01 2.572000e-02  2.338182e-02  1.000000e-01 1.048430e-05 8.000000e-04 2.370239e+07 3.180203e+01 2.288802e+01 6.923341e+01 2.975289e-07 2.482518e-07 1.367723e-06 2.678595e-05 9.497799e-05
2.000000e-01 2.572000e-02  2.338182e-02  1.000000e-01 1.076366e-05 8.000000e-04 2.370239e+07 3.180203e+01 2.288802e+01 6.923341e+01 3.007872e-07 2.661398e-07 1.441583e-06 2.823245e-05 1.001070e-04
2.000000e-01 2.572000e-02  2.338182e-02  1.000000e-01 1.105047e-05 8.000000e-04 2.370239e+07 3.180203e+01 2.288802e+01 6.923341e+01 3.148819e-07 2.774351e-07 1.519432e-06 2.975707e-05 1.055130e-04
2.000000e-01 2.572000e-02  2.338182e-02  1.000000e-01 1.134492e-05 8.000000e-04 2.370239e+07 3.180203e+01 2.288802e+01 6.923341e+01 3.349810e-07 2.923058e-07 1.601485e-06 3.136402e-05 1.112110e-04
2.000000e-01 2.572000e-02  2.338182e-02  1.000000e-01 1.164722e-05 8.000000e-04 2.370239e+07 3.180203e+01 2.288802e+01 6.923341e+01 3.533172e-07 3.115340e-07 1.687969e-06 3.305775e-05 1.172166e-04
2.000000e-01 2.572000e-02  2.338182e-02  1.000000e-01 1.195758e-05 8.000000e-04 2.370239e+07 3.180203e+01 2.288802e+01 6.923341e+01 3.724167e-07 3.240285e-07 1.779123e-06 3.484294e-05 1.235466e-04
2.000000e-01 2.572000e-02  2.338182e-02  1.000000e-01 1.227620e-05 8.000000e-04 2.370239e+07 3.180203e+01 2.288802e+01 6.923341e+01 3.815602e-07 3.420010e-07 1.875200e-06 3.672454e-05 1.302184e-04
2.000000e-01 2.572000e-02  2.338182e-02  1.000000e-01 1.260331e-05 8.000000e-04 2.370239e+07 3.180203e+01 2.288802e+01 6.923341e+01 4.238704e-07 3.601506e-07 1.976465e-06 3.870775e-05 1.372505e-04
2.000000e-01 2.572000e-02  2.338182e-02  1.000000e-01 1.293914e-05 8.000000e-04 2.370239e+07 3.180203e+01 2.288802e+01 6.923341e+01 4.533812e-07 3.780777e-07 2.083198e-06 4.079806e-05 1.446623e-04
2.000000e-01 2.572000e-02  2.338182e-02  1.000000e-01 1.328392e-05 8.000000e-04 2.370239e+07 3.180203e+01 2.288802e+01 6.923341e+01 4.597860e-07 4.068352e-07 2.195696e-06 4.300125e-05 1.524744e-04
2.000000e-01 2.572000e-02  2.338182e-02  1.000000e-01 1.363789e-05 8.000000e-04 2.370239e+07 3.180203e+01 2.288802e+01 6.923341e+01 4.767353e-07 4.218028e-07 2.314268e-06 4.532341e-05 1.607084e-04
2.000000e-01 2.572000e-02  2.338182e-02  1.000000e-01 1.400128e-05 8.000000e-04 2.370239e+07 3.180203e+01 2.288802e+01 6.923341e+01 5.137384e-07 4.372834e-07 2.439244e-06 4.777098e-05 1.693870e-04
2.000000e-01 2.572000e-02  2.338182e-02  1.000000e-01 1.437436e-05 8.000000e-04 2.370239e+07 3.180203e+01 2.288802e+01 6.923341e+01 5.121766e-07 4.649911e-07 2.570969e-06 5.035073e-05 1.785343e-04
2.000000e-01 2.572000e-02  2.338182e-02  1.000000e-01 1.475738e-05 8.000000e-04 2.370239e+07 3.180203e+01 2.288802e+01 6.923341e+01 5.330244e-07 4.935047e-07 2.709807e-06 5.306978e-05 1.881756e-04
2.000000e-01 2.572000e-02  2.338182e-02  1.000000e-01 1.515061e-05 8.000000e-04 2.370239e+07 3.180203e+01 2.288802e+01 6.923341e+01 5.895314e-07 5.221083e-07 2.856143e-06 5.593567e-05 1.983375e-04
2.000000e-01 2.572000e-02  2.338182e-02  1.000000e-01 1.555432e-05 8.000000e-04 2.370239e+07 3.180203e+01 2.288802e+01 6.923341e+01 6.097314e-07 5.534311e-07 3.010382e-06 5.895633e-05 2.090482e-04
2.000000e-01 2.572000e-02  2.338182e-02  1.000000e-01 1.596878e-05 8.000000e-04 2.370239e+07 3.180203e+01 2.288802e+01 6.923341e+01 6.576429e-07 5.830579e-07 3.172949e-06 6.214011e-05 2.203373e-04
2.000000e-01 2.572000e-02  2.338182e-02  1.000000e-01 1.639429e-05 8.000000e-04 2.370239e+07 3.180203e+01 2.288802e+01 6.923341e+01 7.371135e-07 6.035389e-07 3.344296e-06 6.549582e-05 2.322360e-04
2.000000e-01 2.572000e-02  2.338182e-02  1.000000e-01 1.683113e-05 8.000000e-04 2.370239e+07 3.180203e+01 2.288802e+01 6.923341e+01 7.455053e-07 6.445441e-07 3.524895e-06 6.903274e-05 2.447773e-04
2.000000e-01 2.572000e-02  2.338182e-02  1.000000e-01 1.727962e-05 8.000000e-04 2.370239e+07 3.180203e+01 2.288802e+01 6.923341e+01 7.905619e-07 6.756834e-07 3.715248e-06 7.276067e-05 2.579958e-04
2.000000e-01 2.572000e-02  2.338182e-02  1.000000e-01 1.774005e-05 8.000000e-04 2.370239e+07 3.180203e+01 2.288802e+01 6.923341e+01 7.796364e-07 7.190405e-07 3.915880e-06 7.668991e-05 2.719282e-04
2.000000e-01 2.572000e-02  2.338182e-02  1.000000e-01 1.821276e-05 8.000000e-04 2.370239e+07 3.180203e+01 2.288802e+01 6.923341e+01 8.351658e-07 7.383146e-07 4.127347e-06 8.083135e-05 2.866129e-04
2.000000e-01 2.572000e-02  2.338182e-02  1.000000e-01 1.869805e-05 8.000000e-04 2.370239e+07 3.180203e+01 2.288802e+01 6.923341e+01 8.721014e-07 7.925621e-07 4.350233e-06 8.519642e-05 3.020907e-04
2.000000e-01 2.572000e-02  2.338182e-02  1.000000e-01 1.919629e-05 8.000000e-04 2.370239e+07 3.180203e+01 2.288802e+01 6.923341e+01 9.808902e-07 8.307132e-07 4.585155e-06 8.979723e-05 3.184043e-04
2.000000e-01 2.572000e-02  2.338182e-02  1.000000e-01 1.970779e-05 8.000000e-04 2.370239e+07 3.180203e+01 2.288802e+01 6.923341e+01 1.049820e-06 8.726759e-07 4.832764e-06 9.464649e-05 3.355989e-04
2.000000e-01 2.572000e-02  2.338182e-02  1.000000e-01 2.023293e-05 8.000000e-04 2.370239e+07 3.180203e+01 2.288802e+01 6.923341e+01 1.090318e-06 9.260564e-07 5.093745e-06 9.975762e-05 3.537220e-04
2.000000e-01 2.572000e-02  2.338182e-02  1.000000e-01 2.077206e-05 8.000000e-04 2.370239e+07 3.180203e+01 2.288802e+01 6.923341e+01 1.125494e-06 9.584506e-07 5.368819e-06 1.051448e-04 3.728238e-04
2.000000e-01 2.572000e-02  2.338182e-02  1.000000e-01 2.132555e-05 8.000000e-04 2.370239e+07 3.180203e+01 2.288802e+01 6.923341e+01 1.083569e-06 1.015372e-06 5.658747e-06 1.108228e-04 3.929571e-04
2.000000e-01 2.572000e-02  2.338182e-02  1.000000e-01 2.189380e-05 8.000000e-04 2.370239e+07 3.180203e+01 2.288802e+01 6.923341e+01 1.238824e-06 1.079048e-06 5.964333e-06 1.168075e-04 4.141777e-04
2.000000e-01 2.572000e-02  2.338182e-02  1.000000e-01 2.247718e-05 8.000000e-04 2.370239e+07 3.180203e+01 2.288802e+01 6.923341e+01 1.357714e-06 1.157464e-06 6.286421e-06 1.231154e-04 4.365443e-04
2.000000e-01 2.572000e-02  2.338182e-02  1.000000e-01 2.307611e-05 8.000000e-04 2.370239e+07 3.180203e+01 2.288802e+01 6.923341e+01 1.389108e-06 1.204671e-06 6.625902e-06 1.297639e-04 4.601187e-04
2.000000e-01 2.572000e-02  2.338182e-02  1.000000e-01 2.369100e-05 8.000000e-04 2.370239e+07 3.180203e+01 2.288802e+01 6.923341e+01 1.429923e-06 1.287716e-06 6.983716e-06 1.367714e-04 4.849661e-04
2.000000e-01 2.572000e-02  2.338182e-02  1.000000e-01 2.432228e-05 8.000000e-04 2.370239e+07 3.180203e+01 2.288802e+01 6.923341e+01 1.532810e-06 1.329892e-06 7.360853e-06 1.441574e-04 5.111554e-04
2.000000e-01 2.572000e-02  2.338182e-02  1.000000e-01 2.497037e-05 8.000000e-04 2.370239e+07 3.180203e+01 2.288802e+01 6.923341e+01 1.611844e-06 1.411366e-06 7.758356e-06 1.519423e-04 5.387590e-04
2.000000e-01 2.572000e-02  2.338182e-02  1.000000e-01 2.563574e-05 8.000000e-04 2.370239e+07 3.180203e+01 2.288802e+01 6.923341e+01 1.675113e-06 1.482364e-06 8.177325e-06 1.601475e-04 5.678532e-04
2.000000e-01 2.572000e-02  2.338182e-02  1.000000e-01 2.631883e-05 8.000000e-04 2.370239e+07 3.180203e+01 2.288802e+01 6.923341e+01 1.770698e-06 1.558066e-06 8.618919e-06 1.687958e-04 5.985186e-04
2.000000e-01 2.572000e-02  2.338182e-02  1.000000e-01 2.702013e-05 8.000000e-04 2.370239e+07 3.180203e+01 2.288802e+01 6.923341e+01 1.897177e-06 1.641042e-06 9.084361e-06 1.779112e-04 6.308400e-04
2.000000e-01 2.572000e-02  2.338182e-02  1.000000e-01 2.774011e-05 8.000000e-04 2.370239e+07 3.180203e+01 2.288802e+01 6.923341e+01 1.950210e-06 1.751539e-06 9.574937e-06 1.875188e-04 6.649068e-04
2.000000e-01 2.572000e-02  2.338182e-02  1.000000e-01 2.847928e-05 8.000000e-04 2.370239e+07 3.180203e+01 2.288802e+01 6.923341e+01 2.154004e-06 1.847431e-06 1.009201e-05 1.976452e-04 7.008133e-04
2.000000e-01 2.572000e-02  2.338182e-02  1.000000e-01 2.923814e-05 8.000000e-04 2.370239e+07 3.180203e+01 2.288802e+01 6.923341e+01 2.294396e-06 1.944033e-06 1.063700e-05 2.083185e-04 7.386589e-04
2.000000e-01 2.572000e-02  2.338182e-02  1.000000e-01 3.001722e-05 8.000000e-04 2.370239e+07 3.180203e+01 2.288802e+01 6.923341e+01 2.337211e-06 2.072761e-06 1.121142e-05 2.195682e-04 7.785482e-04
2.000000e-01 2.572000e-02  2.338182e-02  1.000000e-01 3.081707e-05 8.000000e-04 2.370239e+07 3.180203e+01 2.288802e+01 6.923341e+01 2.473416e-06 2.170086e-06 1.181686e-05 2.314254e-04 8.205916e-04
2.000000e-01 2.572000e-02  2.338182e-02  1.000000e-01 3.163822e-05 8.000000e-04 2.370239e+07 3.180203e+01 2.288802e+01 6.923341e+01 2.596290e-06 2.266555e-06 1.245500e-05 2.439229e-04 8.649054e-04
2.000000e-01 2.572000e-02  2.338182e-02  1.000000e-01 3.248126e-05 8.000000e-04 2.370239e+07 3.180203e+01 2.288802e+01 6.923341e+01 2.727459e-06 2.359814e-06 1.312760e-05 2.570953e-04 9.116123e-04
2.000000e-01 2.572000e-02  2.338182e-02  1.000000e-01 3.334676e-05 8.000000e-04 2.370239e+07 3.180203e+01 2.288802e+01 6.923341e+01 3.176455e-06 2.479974e-06 1.383652e-05 2.709791e-04 9.608415e-04
2.000000e-01 2.572000e-02  2.338182e-02  1.000000e-01 3.423532e-05 8.000000e-04 2.370239e+07 3.180203e+01 2.288802e+01 6.923341e+01 3.170605e-06 2.649489e-06 1.458372e-05 2.856126e-04 1.012729e-03
2.000000e-01 2.572000e-02  2.338182e-02  1.000000e-01 3.514756e-05 8.000000e-04 2.370239e+07 3.180203e+01 2.288802e+01 6.923341e+01 3.268422e-06 2.804522e-06 1.537128e-05 3.010363e-04 1.067419e-03
2.000000e-01 2.572000e-02  2.338182e-02  1.000000e-01 3.608411e-05 8.000000e-04 2.370239e+07 3.180203e+01 2.288802e+01 6.923341e+01 3.383604e-06 2.934230e-06 1.620136e-05 3.172930e-04 1.125062e-03
2.000000e-01 2.572000e-02  2.338182e-02  1.000000e-01 3.704561e-05 8.000000e-04 2.370239e+07 3.180203e+01 2.288802e+01 6.923341e+01 3.629491e-06 3.108953e-06 1.707627e-05 3.344275e-04 1.185818e-03
2.000000e-01 2.572000e-02  2.338182e-02  1.000000e-01 3.803273e-05 8.000000e-04 2.370239e+07 3.180203e+01 2.288802e+01 6.923341e+01 3.606758e-06 3.288588e-06 1.799843e-05 3.524874e-04 1.249855e-03
2.000000e-01 2.572000e-02  2.338182e-02  1.000000e-01 3.904616e-05 8.000000e-04 2.370239e+07 3.180203e+01 2.288802e+01 6.923341e+01 4.168833e-06 3.457409e-06 1.897039e-05 3.715225e-04 1.317350e-03
2.000000e-01 2.572000e-02  2.338182e-02  1.000000e-01 4.008659e-05 8.000000e-04 2.370239e+07 3.180203e+01 2.288802e+01 6.923341e+01 4.283307e-06 3.682827e-06 1.999484e-05 3.915856e-04 1.388490e-03
2.000000e-01 2.572000e-02  2.338182e-02  1.000000e-01 4.115474e-05 8.000000e-04 2.370239e+07 3.180203e+01 2.288802e+01 6.923341e+01 4.346631e-06 3.887278e-06 2.107460e-05 4.127321e-04 1.463471e-03
2.000000e-01 2.572000e-02  2.338182e-02  1.000000e-01 4.225136e-05 8.000000e-04 2.370239e+07 3.180203e+01 2.288802e+01 6.923341e+01 4.615785e-06 4.044903e-06 2.221268e-05 4.350206e-04 1.542502e-03
2.000000e-01 2.572000e-02  2.338182e-02  1.000000e-01 4.337719e-05 8.000000e-04 2.370239e+07 3.180203e+01 2.288802e+01 6.923341e+01 4.857276e-06 4.216007e-06 2.341222e-05 4.585127e-04 1.625801e-03
2.000000e-01 2.572000e-02  2.338182e-02  1.000000e-01 4.453303e-05 8.000000e-04 2.370239e+07 3.180203e+01 2.288802e+01 6.923341e+01 5.126710e-06 4.458102e-06 2.467653e-05 4.832735e-04 1.713598e-03
2.000000e-01 2.572000e-02  2.338182e-02  1.000000e-01 4.571966e-05 8.000000e-04 2.370239e+07 3.180203e+01 2.288802e+01 6.923341e+01 5.302816e-06 4.637437e-06 2.600912e-05 5.093714e-04 1.806136e-03
2.000000e-01 2.572000e-02  2.338182e-02  1.000000e-01 4.693791e-05 8.000000e-04 2.370239e+07 3.180203e+01 2.288802e+01 6.923341e+01 5.589894e-06 4.969074e-06 2.741367e-05 5.368786e-04 1.903672e-03
2.000000e-01 2.572000e-02  2.338182e-02  1.000000e-01 4.818863e-05 8.000000e-04 2.370239e+07 3.180203e+01 2.288802e+01 6.923341e+01 5.800786e-06 5.282952e-06 2.889407e-05 5.658713e-04 2.006474e-03
2.000000e-01 2.572000e-02  2.338182e-02  1.000000e-01 4.947267e-05 8.000000e-04 2.370239e+07 3.180203e+01 2.288802e+01 6.923341e+01 6.146598e-06 5.532363e-06 3.045442e-05 5.964296e-04 2.114829e-03
2.000000e-01 2.572000e-02  2.338182e-02  1.000000e-01 5.079093e-05 8.000000e-04 2.370239e+07 3.180203e+01 2.288802e+01 6.923341e+01 6.379133e-06 5.799472e-06 3.209903e-05 6.286382e-04 2.229034e-03
2.000000e-01 2.572000e-02  2.338182e-02  1.000000e-01 5.214431e-05 8.000000e-04 2.370239e+07 3.180203e+01 2.288802e+01 6.923341e+01 7.003151e-06 6.227207e-06 3.383245e-05 6.625861e-04 2.349407e-03
2.000000e-01 2.572000e-02  2.338182e-02  1.000000e-01 5.353375e-05 8.000000e-04 2.370239e+07 3.180203e+01 2.288802e+01 6.923341e+01 7.396145e-06 6.615776e-06 3.565948e-05 6.983673e-04 2.476281e-03
2.000000e-01 2.572000e-02  2.338182e-02  1.000000e-01 5.496022e-05 8.000000e-04 2.370239e+07 3.180203e+01 2.288802e+01 6.923341e+01 7.883871e-06 6.836677e-06 3.758518e-05 7.360807e-04 2.610006e-03
2.000000e-01 2.572000e-02  2.338182e-02  1.000000e-01 5.642470e-05 8.000000e-04 2.370239e+07 3.180203e+01 2.288802e+01 6.923341e+01 7.789413e-06 7.297538e-06 3.961486e-05 7.758308e-04 2.750952e-03
2.000000e-01 2.572000e-02  2.338182e-02  1.000000e-01 5.792820e-05 8.000000e-04 2.370239e+07 3.180203e+01 2.288802e+01 6.923341e+01 8.562475e-06 7.518051e-06 4.175416e-05 8.177275e-04 2.899510e-03
2.000000e-01 2.572000e-02  2.338182e-02  1.000000e-01 5.947176e-05 8.000000e-04 2.370239e+07 3.180203e+01 2.288802e+01 6.923341e+01 8.730544e-06 7.972572e-06 4.400898e-05 8.618866e-04 3.056090e-03
2.000000e-01 2.572000e-02  2.338182e-02  1.000000e-01 6.105646e-05 8.000000e-04 2.370239e+07 3.180203e+01 2.288802e+01 6.923341e+01 9.595122e-06 8.326308e-06 4.638556e-05 9.084305e-04 3.221126e-03
2.000000e-01 2.572000e-02  2.338182e-02  1.000000e-01 6.268338e-05 8.000000e-04 2.370239e+07 3.180203e+01 2.288802e+01 6.923341e+01 1.067095e-05 8.801447e-06 4.889049e-05 9.574879e-04 3.395074e-03
2.000000e-01 2.572000e-02  2.338182e-02  1.000000e-01 6.435365e-05 8.000000e-04 2.370239e+07 3.180203e+01 2.288802e+01 6.923341e+01 1.044944e-05 9.233506e-06 5.153069e-05 1.009194e-03 3.578416e-03
2.000000e-01 2.572000e-02  2.338182e-02  1.000000e-01 6.606842e-05 8.000000e-04 2.370239e+07 3.180203e+01 2.288802e+01 6.923341e+01 1.146649e-05 9.854299e-06 5.431347e-05 1.063693e-03 3.771659e-03
2.000000e-01 2.572000e-02  2.338182e-02  1.000000e-01 6.782889e-05 8.000000e-04 2.370239e+07 3.180203e+01 2.288802e+01 6.923341e+01 1.261083e-05 1.033437e-05 5.724652e-05 1.121135e-03 3.975337e-03
2.000000e-01 2.572000e-02  2.338182e-02  1.000000e-01 6.963627e-05 8.000000e-04 2.370239e+07 3.180203e+01 2.288802e+01 6.923341e+01 1.186853e-05 1.092633e-05 6.033796e-05 1.181679e-03 4.190014e-03
2.000000e-01 2.572000e-02  2.338182e-02  1.000000e-01 7.149181e-05 8.000000e-04 2.370239e+07 3.180203e+01 2.288802e+01 6.923341e+01 1.314471e-05 1.156071e-05 6.359635e-05 1.245492e-03 4.416285e-03
2.000000e-01 2.572000e-02  2.338182e-02  1.000000e-01 7.339679e-05 8.000000e-04 2.370239e+07 3.180203e+01 2.288802e+01 6.923341e+01 1.373374e-05 1.207884e-05 6.703070e-05 1.312752e-03 4.654774e-03
2.000000e-01 2.572000e-02  2.338182e-02  1.000000e-01 7.535253e-05 8.000000e-04 2.370239e+07 3.180203e+01 2.288802e+01 6.923341e+01 1.481404e-05 1.303131e-05 7.065052e-05 1.383644e-03 4.906143e-03
2.000000e-01 2.572000e-02  2.338182e-02  1.000000e-01 7.736039e-05 8.000000e-04 2.370239e+07 3.180203e+01 2.288802e+01 6.923341e+01 1.516385e-05 1.333152e-05 7.446581e-05 1.458363e-03 5.171086e-03
2.000000e-01 2.572000e-02  2.338182e-02  1.000000e-01 7.942174e-05 8.000000e-04 2.370239e+07 3.180203e+01 2.288802e+01 6.923341e+01 1.728592e-05 1.440425e-05 7.848713e-05 1.537118e-03 5.450337e-03
2.000000e-01 2.572000e-02  2.338182e-02  1.000000e-01 8.153803e-05 8.000000e-04 2.370239e+07 3.180203e+01 2.288802e+01 6.923341e+01 1.680586e-05 1.498588e-05 8.272562e-05 1.620126e-03 5.744667e-03
2.000000e-01 2.572000e-02  2.338182e-02  1.000000e-01 8.371070e-05 8.000000e-04 2.370239e+07 3.180203e+01 2.288802e+01 6.923341e+01 1.803226e-05 1.600777e-05 8.719300e-05 1.707617e-03 6.054893e-03
2.000000e-01 2.572000e-02  2.338182e-02  1.000000e-01 8.594127e-05 8.000000e-04 2.370239e+07 3.180203e+01 2.288802e+01 6.923341e+01 1.936161e-05 1.665876e-05 9.190162e-05 1.799832e-03 6.381871e-03
2.000000e-01 2.572000e-02  2.338182e-02  1.000000e-01 8.823127e-05 8.000000e-04 2.370239e+07 3.180203e+01 2.288802e+01 6.923341e+01 1.966078e-05 1.777104e-05 9.686452e-05 1.897027e-03 6.726507e-03
2.000000e-01 2.572000e-02  2.338182e-02  1.000000e-01 9.058230e-05 8.000000e-04 2.370239e+07 3.180203e+01 2.288802e+01 6.923341e+01 2.021655e-05 1.852724e-05 1.020954e-04 1.999471e-03 7.089754e-03
2.000000e-01 2.572000e-02  2.338182e-02  1.000000e-01 9.299597e-05 8.000000e-04 2.370239e+07 3.180203e+01 2.288802e+01 6.923341e+01 2.192753e-05 1.945490e-05 1.076088e-04 2.107447e-03 7.472617e-03
2.000000e-01 2.572000e-02  2.338182e-02  1.000000e-01 9.547395e-05 8.000000e-04 2.370239e+07 3.180203e+01 2.288802e+01 6.923341e+01 2.296958e-05 2.046381e-05 1.134199e-04 2.221254e-03 7.876155e-03
2.000000e-01 2.572000e-02  2.338182e-02  1.000000e-01 9.801796e-05 8.000000e-04 2.370239e+07 3.180203e+01 2.288802e+01 6.923341e+01 2.450328e-05 2.172561e-05 1.195449e-04 2.341207e-03 8.301486e-03
2.000000e-01 2.572000e-02  2.338182e-02  1.000000e-01 1.006298e-04 8.000000e-04 2.370239e+07 3.180203e+01 2.288802e+01 6.923341e+01 2.595534e-05 2.281576e-05 1.260006e-04 2.467638e-03 8.749785e-03
2.000000e-01 2.572000e-02  2.338182e-02  1.000000e-01 1.033112e-04 8.000000e-04 2.370239e+07 3.180203e+01 2.288802e+01 6.923341e+01 2.736857e-05 2.413725e-05 1.328049e-04 2.600896e-03 9.222294e-03
2.000000e-01 2.572000e-02  2.338182e-02  1.000000e-01 1.060640e-04 8.000000e-04 2.370239e+07 3.180203e+01 2.288802e+01 6.923341e+01 3.055012e-05 2.540854e-05 1.399767e-04 2.741350e-03 9.720319e-03
2.000000e-01 2.572000e-02  2.338182e-02  1.000000e-01 1.088902e-04 8.000000e-04 2.370239e+07 3.180203e+01 2.288802e+01 6.923341e+01 2.961403e-05 2.666662e-05 1.475357e-04 2.889390e-03 1.024524e-02
2.000000e-01 2.572000e-02  2.338182e-02  1.000000e-01 1.117917e-04 8.000000e-04 2.370239e+07 3.180203e+01 2.288802e+01 6.923341e+01 3.391214e-05 2.847762e-05 1.555030e-04 3.045423e-03 1.079851e-02
2.000000e-01 2.572000e-02  2.338182e-02  1.000000e-01 1.147705e-04 8.000000e-04 2.370239e+07 3.180203e+01 2.288802e+01 6.923341e+01 3.314466e-05 2.948091e-05 1.639005e-04 3.209883e-03 1.138165e-02
2.000000e-01 2.572000e-02  2.338182e-02  1.000000e-01 1.178287e-04 8.000000e-04 2.370239e+07 3.180203e+01 2.288802e+01 6.923341e+01 3.697599e-05 3.114299e-05 1.727515e-04 3.383224e-03 1.199629e-02
2.000000e-01 2.572000e-02  2.338182e-02  1.000000e-01 1.209684e-04 8.000000e-04 2.370239e+07 3.180203e+01 2.288802e+01 6.923341e+01 3.623627e-05 3.308362e-05 1.820805e-04 3.565926e-03 1.264411e-02
2.000000e-01 2.572000e-02  2.338182e-02  1.000000e-01 1.241917e-04 8.000000e-04 2.370239e+07 3.180203e+01 2.288802e+01 6.923341e+01 4.009425e-05 3.444715e-05 1.919133e-04 3.758494e-03 1.332692e-02
2.000000e-01 2.572000e-02  2.338182e-02  1.000000e-01 1.275010e-04 8.000000e-04 2.370239e+07 3.180203e+01 2.288802e+01 6.923341e+01 4.126476e-05 3.704248e-05 2.022770e-04 3.961462e-03 1.404661e-02
2.000000e-01 2.572000e-02  2.338182e-02  1.000000e-01 1.308984e-04 8.000000e-04 2.370239e+07 3.180203e+01 2.288802e+01 6.923341e+01 4.510522e-05 3.882851e-05 2.132005e-04 4.175390e-03 1.480516e-02
2.000000e-01 2.572000e-02  2.338182e-02  1.000000e-01 1.343863e-04 8.000000e-04 2.370239e+07 3.180203e+01 2.288802e+01 6.923341e+01 4.661741e-05 4.033406e-05 2.247138e-04 4.400871e-03 1.560467e-02
2.000000e-01 2.572000e-02  2.338182e-02  1.000000e-01 1.379672e-04 8.000000e-04 2.370239e+07 3.180203e+01 2.288802e+01 6.923341e+01 4.873629e-05 4.229958e-05 2.368489e-04 4.638528e-03 1.644736e-02
2.000000e-01 2.572000e-02  2.338182e-02  1.000000e-01 1.416435e-04 8.000000e-04 2.370239e+07 3.180203e+01 2.288802e+01 6.923341e+01 5.066044e-05 4.576476e-05 2.496392e-04 4.889019e-03 1.733555e-02
2.000000e-01 2.572000e-02  2.338182e-02  1.000000e-01 1.454177e-04 8.000000e-04 2.370239e+07 3.180203e+01 2.288802e+01 6.923341e+01 5.202075e-05 4.835756e-05 2.631203e-04 5.153037e-03 1.827171e-02
2.000000e-01 2.572000e-02  2.338182e-02  1.000000e-01 1.492926e-04 8.000000e-04 2.370239e+07 3.180203e+01 2.288802e+01 6.923341e+01 5.686847e-05 5.053881e-05 2.773295e-04 5.431313e-03 1.925843e-02
2.000000e-01 2.572000e-02  2.338182e-02  1.000000e-01 1.532706e-04 8.000000e-04 2.370239e+07 3.180203e+01 2.288802e+01 6.923341e+01 6.280237e-05 5.343959e-05 2.923059e-04 5.724617e-03 2.029843e-02
2.000000e-01 2.572000e-02  2.338182e-02  1.000000e-01 1.573547e-04 8.000000e-04 2.370239e+07 3.180203e+01 2.288801e+01 6.923340e+01 6.764101e-05 5.552634e-05 3.080911e-04 6.033759e-03 2.139459e-02
2.000000e-01 2.572000e-02  2.338182e-02  1.000000e-01 1.615476e-04 8.000000e-04 2.370239e+07 3.180203e+01 2.288801e+01 6.923340e+01 6.865120e-05 5.869672e-05 3.247287e-04 6.359596e-03 2.254995e-02
2.000000e-01 2.572000e-02  2.338182e-02  1.000000e-01 1.658522e-04 8.000000e-04 2.370239e+07 3.180203e+01 2.288801e+01 6.923340e+01 7.444186e-05 6.198687e-05 3.422648e-04 6.703029e-03 2.376770e-02
2.000000e-01 2.572000e-02  2.338182e-02  1.000000e-01 1.702715e-04 8.000000e-04 2.370239e+07 3.180203e+01 2.288801e+01 6.923340e+01 7.990909e-05 6.538106e-05 3.607479e-04 7.065008e-03 2.505121e-02
2.000000e-01 2.572000e-02  2.338182e-02  1.000000e-01 1.748086e-04 8.000000e-04 2.370239e+07 3.180203e+01 2.288801e+01 6.923340e+01 7.860892e-05 6.844667e-05 3.802291e-04 7.446535e-03 2.640403e-02
2.000000e-01 2.572000e-02  2.338182e-02  1.000000e-01 1.794666e-04 8.000000e-04 2.370239e+07 3.180203e+01 2.288801e+01 6.923340e+01 8.432377e-05 7.322275e-05 4.007624e-04 7.848665e-03 2.782991e-02
2.000000e-01 2.572000e-02  2.338182e-02  1.000000e-01 1.842487e-04 8.000000e-04 2.370239e+07 3.180203e+01 2.288801e+01 6.923340e+01 8.770320e-05 7.614698e-05 4.224045e-04 8.272511e-03 2.933279e-02
2.000000e-01 2.572000e-02  2.338182e-02  1.000000e-01 1.891582e-04 8.000000e-04 2.370239e+07 3.180203e+01 2.288801e+01 6.923340e+01 8.718097e-05 8.194586e-05 4.452153e-04 8.719246e-03 3.091683e-02
2.000000e-01 2.572000e-02  2.338182e-02  1.000000e-01 1.941986e-04 8.000000e-04 2.370239e+07 3.180203e+01 2.288801e+01 6.923340e+01 9.403219e-05 8.473407e-05 4.692579e-04 9.190105e-03 3.258641e-02
2.000000e-01 2.572000e-02  2.338182e-02  1.000000e-01 1.993732e-04 8.000000e-04 2.370239e+07 3.180203e+01 2.288801e+01 6.923340e+01 1.005827e-04 9.020979e-05 4.945989e-04 9.686392e-03 3.434615e-02
2.000000e-01 2.572000e-02  2.338182e-02  1.000000e-01 2.046857e-04 8.000000e-04 2.370239e+07 3.180203e+01 2.288801e+01 6.923340e+01 1.121086e-04 9.406266e-05 5.213084e-04 1.020948e-02 3.620092e-02
2.000000e-01 2.572000e-02  2.338182e-02  1.000000e-01 2.101398e-04 8.000000e-04 2.370239e+07 3.180203e+01 2.288801e+01 6.923340e+01 1.230982e-04 9.897482e-05 5.494603e-04 1.076082e-02 3.815585e-02
2.000000e-01 2.572000e-02  2.338182e-02  1.000000e-01 2.157392e-04 8.000000e-04 2.370239e+07 3.180203e+01 2.288801e+01 6.923340e+01 1.188706e-04 1.055986e-04 5.791324e-04 1.134192e-02 4.021636e-02
2.000000e-01 2.572000e-02  2.338182e-02  1.000000e-01 2.214878e-04 8.000000e-04 2.370239e+07 3.180203e+01 2.288801e+01 6.923340e+01 1.336625e-04 1.103817e-04 6.104069e-04 1.195441e-02 4.238813e-02
2.000000e-01 2.572000e-02  2.338182e-02  1.000000e-01 2.273896e-04 8.000000e-04 2.370239e+07 3.180203e+01 2.288801e+01 6.923340e+01 1.274897e-04 1.171504e-04 6.433703e-04 1.259998e-02 4.467719e-02
2.000000e-01 2.572000e-02  2.338182e-02  1.000000e-01 2.334487e-04 8.000000e-04 2.370239e+07 3.180203e+01 2.288801e+01 6.923340e+01 1.309503e-04 1.227845e-04 6.781138e-04 1.328041e-02 4.708986e-02
2.000000e-01 2.572000e-02  2.338182e-02  1.000000e-01 2.396692e-04 8.000000e-04 2.370239e+07 3.180202e+01 2.288801e+01 6.923340e+01 1.460401e-04 1.305029e-04 7.147335e-04 1.399758e-02 4.963282e-02
2.000000e-01 2.572000e-02  2.338182e-02  1.000000e-01 2.460555e-04 8.000000e-04 2.370239e+07 3.180203e+01 2.288801e+01 6.923340e+01 1.546567e-04 1.354646e-04 7.533308e-04 1.475348e-02 5.231311e-02
2.000000e-01 2.572000e-02  2.338182e-02  1.000000e-01 2.526119e-04 8.000000e-04 2.370239e+07 3.180202e+01 2.288801e+01 6.923339e+01 1.666158e-04 1.448376e-04 7.940124e-04 1.555021e-02 5.513814e-02
2.000000e-01 2.572000e-02  2.338182e-02  1.000000e-01 2.593430e-04 8.000000e-04 2.370239e+07 3.180202e+01 2.288801e+01 6.923339e+01 1.846157e-04 1.515895e-04 8.368909e-04 1.638995e-02 5.811573e-02
2.000000e-01 2.572000e-02  2.338182e-02  1.000000e-01 2.662535e-04 8.000000e-04 2.370239e+07 3.180202e+01 2.288800e+01 6.923339e+01 1.848017e-04 1.622015e-04 8.820849e-04 1.727505e-02 6.125411e-02
2.000000e-01 2.572000e-02  2.338182e-02  1.000000e-01 2.733482e-04 8.000000e-04 2.370239e+07 3.180202e+01 2.288800e+01 6.923339e+01 1.919434e-04 1.661172e-04 9.297195e-04 1.820794e-02 6.456198e-02
2.000000e-01 2.572000e-02  2.338182e-02  1.000000e-01 2.806318e-04 8.000000e-04 2.370239e+07 3.180202e+01 2.288800e+01 6.923339e+01 1.988959e-04 1.777268e-04 9.799265e-04 1.919121e-02 6.804847e-02
2.000000e-01 2.572000e-02  2.338182e-02  1.000000e-01 2.881096e-04 8.000000e-04 2.370239e+07 3.180202e+01 2.288800e+01 6.923339e+01 2.207800e-04 1.860454e-04 1.032845e-03 2.022758e-02 7.172325e-02
2.000000e-01 2.572000e-02  2.338182e-02  1.000000e-01 2.957866e-04 8.000000e-04 2.370239e+07 3.180202e+01 2.288800e+01 6.923339e+01 2.236003e-04 1.974084e-04 1.088621e-03 2.131992e-02 7.559647e-02
2.000000e-01 2.572000e-02  2.338182e-02  1.000000e-01 3.036682e-04 8.000000e-04 2.370239e+07 3.180202e+01 2.288800e+01 6.923339e+01 2.333731e-04 2.110157e-04 1.147409e-03 2.247124e-02 7.967885e-02
2.000000e-01 2.572000e-02  2.338182e-02  1.000000e-01 3.117598e-04 8.000000e-04 2.370239e+07 3.180202e+01 2.288800e+01 6.923338e+01 2.693289e-04 2.180724e-04 1.209372e-03 2.368474e-02 8.398169e-02
2.000000e-01 2.572000e-02  2.338182e-02  1.000000e-01 3.200670e-04 8.000000e-04 2.370239e+07 3.180202e+01 2.288800e+01 6.923338e+01 2.714092e-04 2.363405e-04 1.274680e-03 2.496377e-02 8.851690e-02
2.000000e-01 2.572000e-02  2.338182e-02  1.000000e-01 3.285955e-04 8.000000e-04 2.370239e+07 3.180202e+01 2.288800e+01 6.923338e+01 2.782549e-04 2.437739e-04 1.343516e-03 2.631187e-02 9.329702e-02
2.000000e-01 2.572000e-02  2.338182e-02  1.000000e-01 3.373513e-04 8.000000e-04 2.370239e+07 3.180202e+01 2.288800e+01 6.923338e+01 2.840341e-04 2.596621e-04 1.416069e-03 2.773278e-02 9.833527e-02
2.000000e-01 2.572000e-02  2.338182e-02  1.000000e-01 3.463404e-04 8.000000e-04 2.370239e+07 3.180202e+01 2.288799e+01 6.923338e+01 3.230497e-04 2.714478e-04 1.492540e-03 2.923041e-02 1.036456e-01
2.000000e-01 2.572000e-02  2.338182e-02  1.000000e-01 3.555691e-04 8.000000e-04 2.370239e+07 3.180202e+01 2.288799e+01 6.923338e+01 3.292247e-04 2.862651e-04 1.573141e-03 3.080892e-02 1.092427e-01
2.000000e-01 2.572000e-02  2.338182e-02  1.000000e-01 3.650436e-04 8.000000e-04 2.370239e+07 3.180202e+01 2.288799e+01 6.923338e+01 3.644417e-04 3.028013e-04 1.658094e-03 3.247267e-02 1.151421e-01
2.000000e-01 2.572000e-02  2.338182e-02  1.000000e-01 3.747706e-04 8.000000e-04 2.370239e+07 3.180202e+01 2.288799e+01 6.923337e+01 3.754743e-04 3.176290e-04 1.747635e-03 3.422627e-02 1.213600e-01
2.000000e-01 2.572000e-02  2.338182e-02  1.000000e-01 3.847568e-04 8.000000e-04 2.370239e+07 3.180202e+01 2.288799e+01 6.923337e+01 3.761586e-04 3.398413e-04 1.842011e-03 3.607457e-02 1.279137e-01
2.000000e-01 2.572000e-02  2.338182e-02  1.000000e-01 3.950091e-04 8.000000e-04 2.370239e+07 3.180201e+01 2.288799e+01 6.923337e+01 4.296864e-04 3.534062e-04 1.941484e-03 3.802268e-02 1.348214e-01
2.000000e-01 2.572000e-02  2.338182e-02  1.000000e-01 4.055346e-04 8.000000e-04 2.370239e+07 3.180202e+01 2.288798e+01 6.923337e+01 4.191733e-04 3.766700e-04 2.046329e-03 4.007599e-02 1.421020e-01
2.000000e-01 2.572000e-02  2.338182e-02  1.000000e-01 4.163405e-04 8.000000e-04 2.370239e+07 3.180201e+01 2.288798e+01 6.923337e+01 4.230412e-04 3.902071e-04 2.156835e-03 4.224019e-02 1.497759e-01
2.000000e-01 2.572000e-02  2.338182e-02  1.000000e-01 4.274344e-04 8.000000e-04 2.370239e+07 3.180201e+01 2.288798e+01 6.923337e+01 4.869982e-04 4.190823e-04 2.273309e-03 4.452126e-02 1.578641e-01
2.000000e-01 2.572000e-02  2.338182e-02  1.000000e-01 4.388239e-04 8.000000e-04 2.370239e+07 3.180201e+01 2.288798e+01 6.923336e+01 4.949882e-04 4.357133e-04 2.396073e-03 4.692551e-02 1.663891e-01
2.000000e-01 2.572000e-02  2.338182e-02  1.000000e-01 4.505168e-04 8.000000e-04 2.370239e+07 3.180201e+01 2.288798e+01 6.923336e+01 5.129933e-04 4.576973e-04 2.525467e-03 4.945959e-02 1.753745e-01
2.000000e-01 2.572000e-02  2.338182e-02  1.000000e-01 4.625214e-04 8.000000e-04 2.370239e+07 3.180201e+01 2.288797e+01 6.923335e+01 5.409546e-04 4.800878e-04 2.661848e-03 5.213053e-02 1.848452e-01
2.000000e-01 2.572000e-02  2.338182e-02  1.000000e-01 4.748458e-04 8.000000e-04 2.370239e+07 3.180201e+01 2.288797e+01 6.923335e+01 5.650561e-04 5.072152e-04 2.805594e-03 5.494570e-02 1.948272e-01
2.000000e-01 2.572000e-02  2.338182e-02  1.000000e-01 4.874986e-04 8.000000e-04 2.370239e+07 3.180201e+01 2.288797e+01 6.923335e+01 6.249858e-04 5.384727e-04 2.957103e-03 5.791289e-02 2.053484e-01
2.000000e-01 2.572000e-02  2.338182e-02  1.000000e-01 5.004886e-04 8.000000e-04 2.370239e+07 3.180200e+01 2.288797e+01 6.923333e+01 6.586531e-04 5.668545e-04 3.116793e-03 6.104032e-02 2.164376e-01
2.000000e-01 2.572000e-02  2.338182e-02  1.000000e-01 5.138247e-04 8.000000e-04 2.370239e+07 3.180200e+01 2.288797e+01 6.923334e+01 7.075696e-04 6.061606e-04 3.285107e-03 6.433664e-02 2.281258e-01
2.000000e-01 2.572000e-02  2.338182e-02  1.000000e-01 5.275161e-04 8.000000e-04 2.370239e+07 3.180200e+01 2.288796e+01 6.923334e+01 7.136402e-04 6.345188e-04 3.462510e-03 6.781097e-02 2.404451e-01
2.000000e-01 2.572000e-02  2.338182e-02  1.000000e-01 5.415724e-04 8.000000e-04 2.370239e+07 3.180200e+01 2.288796e+01 6.923333e+01 8.312058e-04 6.575264e-04 3.649494e-03 7.147292e-02 2.534297e-01
2.000000e-01 2.572000e-02  2.338182e-02  1.000000e-01 5.560032e-04 8.000000e-04 2.370239e+07 3.180200e+01 2.288795e+01 6.923333e+01 7.759982e-04 7.024467e-04 3.846575e-03 7.533262e-02 2.671155e-01
2.000000e-01 2.572000e-02  2.338182e-02  1.000000e-01 5.708185e-04 8.000000e-04 2.370239e+07 3.180200e+01 2.288795e+01 6.923333e+01 8.130324e-04 7.417381e-04 4.054299e-03 7.940076e-02 2.815403e-01
2.000000e-01 2.572000e-02  2.338182e-02  1.000000e-01 5.860287e-04 8.000000e-04 2.370239e+07 3.180200e+01 2.288794e+01 6.923332e+01 8.644914e-04 7.851953e-04 4.273241e-03 8.368858e-02 2.967442e-01
2.000000e-01 2.572000e-02  2.338182e-02  1.000000e-01 6.016441e-04 8.000000e-04 2.370239e+07 3.180200e+01 2.288794e+01 6.923332e+01 9.309133e-04 8.174283e-04 4.504005e-03 8.820796e-02 3.127690e-01
2.000000e-01 2.572000e-02  2.338182e-02  1.000000e-01 6.176756e-04 8.000000e-04 2.370239e+07 3.180199e+01 2.288794e+01 6.923330e+01 1.032687e-03 8.655767e-04 4.747232e-03 9.297140e-02 3.296593e-01
2.000000e-01 2.572000e-02  2.338182e-02  1.000000e-01 6.341342e-04 8.000000e-04 2.370239e+07 3.180199e+01 2.288793e+01 6.923331e+01 1.068931e-03 9.031248e-04 5.003594e-03 9.799207e-02 3.474617e-01
2.000000e-01 2.572000e-02  2.338182e-02  1.000000e-01 6.510315e-04 8.000000e-04 2.370239e+07 3.180198e+01 2.288793e+01 6.923329e+01 1.075277e-03 9.590787e-04 5.273799e-03 1.032839e-01 3.662254e-01
2.000000e-01 2.572000e-02  2.338182e-02  1.000000e-01 6.683790e-04 8.000000e-04 2.370239e+07 3.180199e+01 2.288793e+01 6.923329e+01 1.222479e-03 1.007533e-03 5.558597e-03 1.088614e-01 3.860024e-01
2.000000e-01 2.572000e-02  2.338182e-02  1.000000e-01 6.861887e-04 8.000000e-04 2.370239e+07 3.180198e+01 2.288792e+01 6.923329e+01 1.236801e-03 1.079431e-03 5.858774e-03 1.147402e-01 4.068475e-01
2.000000e-01 2.572000e-02  2.338182e-02  1.000000e-01 7.044730e-04 8.000000e-04 2.370239e+07 3.180198e+01 2.288791e+01 6.923328e+01 1.263319e-03 1.130555e-03 6.175161e-03 1.209364e-01 4.288182e-01
2.000000e-01 2.572000e-02  2.338182e-02  1.000000e-01 7.232445e-04 8.000000e-04 2.370239e+07 3.180197e+01 2.288791e+01 6.923327e+01 1.426053e-03 1.188110e-03 6.508635e-03 1.274673e-01 4.519753e-01
2.000000e-01 2.572000e-02  2.338182e-02  1.000000e-01 7.425162e-04 8.000000e-04 2.370239e+07 3.180198e+01 2.288790e+01 6.923327e+01 1.441831e-03 1.244949e-03 6.860116e-03 1.343508e-01 4.763831e-01
2.000000e-01 2.572000e-02  2.338182e-02  1.000000e-01 7.623014e-04 8.000000e-04 2.370239e+07 3.180198e+01 2.288790e+01 6.923327e+01 1.482516e-03 1.316835e-03 7.230578e-03 1.416061e-01 5.021089e-01
2.000000e-01 2.572000e-02  2.338182e-02  1.000000e-01 7.826138e-04 8.000000e-04 2.370239e+07 3.180197e+01 2.288789e+01 6.923326e+01 1.582948e-03 1.384308e-03 7.621046e-03 1.492531e-01 5.292239e-01
2.000000e-01 2.572000e-02  2.338182e-02  1.000000e-01 8.034674e-04 8.000000e-04 2.370239e+07 3.180196e+01 2.288788e+01 6.923324e+01 1.645239e-03 1.474986e-03 8.032600e-03 1.573132e-01 5.578032e-01
2.000000e-01 2.572000e-02  2.338182e-02  1.000000e-01 8.248767e-04 8.000000e-04 2.370239e+07 3.180197e+01 2.288788e+01 6.923324e+01 1.693143e-03 1.533825e-03 8.466380e-03 1.658084e-01 5.879259e-01
2.000000e-01 2.572000e-02  2.338182e-02  1.000000e-01 8.468565e-04 8.000000e-04 2.370239e+07 3.180196e+01 2.288787e+01 6.923323e+01 1.788674e-03 1.607798e-03 8.923584e-03 1.747625e-01 6.196753e-01
2.000000e-01 2.572000e-02  2.338182e-02  1.000000e-01 8.694220e-04 8.000000e-04 2.370239e+07 3.180195e+01 2.288786e+01 6.923321e+01 1.939684e-03 1.696371e-03 9.405478e-03 1.842001e-01 6.531392e-01
2.000000e-01 2.572000e-02  2.338182e-02  1.000000e-01 8.925887e-04 8.000000e-04 2.370239e+07 3.180195e+01 2.288785e+01 6.923321e+01 2.014170e-03 1.751706e-03 9.913396e-03 1.941473e-01 6.884102e-01
2.000000e-01 2.572000e-02  2.338182e-02  1.000000e-01 9.163728e-04 8.000000e-04 2.370239e+07 3.180195e+01 2.288784e+01 6.923319e+01 2.220909e-03 1.876616e-03 1.044874e-02 2.046317e-01 7.255860e-01
2.000000e-01 2.572000e-02  2.338182e-02  1.000000e-01 9.407906e-04 8.000000e-04 2.370239e+07 3.180195e+01 2.288783e+01 6.923319e+01 2.267083e-03 1.997715e-03 1.101300e-02 2.156823e-01 7.647693e-01
2.000000e-01 2.572000e-02  2.338182e-02  1.000000e-01 9.658591e-04 8.000000e-04 2.370239e+07 3.180194e+01 2.288781e+01 6.923317e+01 2.330231e-03 2.105109e-03 1.160773e-02 2.273296e-01 8.060686e-01
2.000000e-01 2.572000e-02  2.338182e-02  1.000000e-01 9.915955e-04 8.000000e-04 2.370239e+07 3.180193e+01 2.288781e+01 6.923314e+01 2.515160e-03 2.202846e-03 1.223457e-02 2.396060e-01 8.495982e-01
2.000000e-01 2.572000e-02  2.338182e-02  1.000000e-01 1.018018e-03 8.000000e-04 2.370239e+07 3.180192e+01 2.288780e+01 6.923314e+01 2.674540e-03 2.331012e-03 1.289527e-02 2.525452e-01 8.954785e-01
2.000000e-01 2.572000e-02  2.338182e-02  1.000000e-01 1.045144e-03 8.000000e-04 2.370239e+07 3.180194e+01 2.288778e+01 6.923317e+01 2.674747e-03 2.477014e-03 1.359164e-02 2.661833e-01 9.438365e-01
2.000000e-01 2.572000e-02  2.338182e-02  1.000000e-01 1.072993e-03 8.000000e-04 2.370239e+07 3.180191e+01 2.288778e+01 6.923311e+01 2.916430e-03 2.579278e-03 1.432562e-02 2.805578e-01 9.948058e-01
2.000000e-01 2.572000e-02  2.338182e-02  1.000000e-01 1.101584e-03 8.000000e-04 2.370239e+07 3.180192e+01 2.288776e+01 6.923312e+01 3.062354e-03 2.767500e-03 1.509924e-02 2.957086e-01 1.048528e+00
2.000000e-01 2.572000e-02  2.338182e-02  1.000000e-01 1.130937e-03 8.000000e-04 2.370239e+07 3.180190e+01 2.288774e+01 6.923308e+01 3.375935e-03 2.888959e-03 1.591463e-02 3.116775e-01 1.105151e+00
2.000000e-01 2.572000e-02  2.338182e-02  1.000000e-01 1.161072e-03 8.000000e-04 2.370239e+07 3.180189e+01 2.288774e+01 6.923304e+01 3.831431e-03 3.004261e-03 1.677406e-02 3.285089e-01 1.164831e+00
2.000000e-01 2.572000e-02  2.338182e-02  1.000000e-01 1.192010e-03 8.000000e-04 2.370239e+07 3.180189e+01 2.288771e+01 6.923305e+01 3.757333e-03 3.263619e-03 1.767990e-02 3.462491e-01 1.227735e+00
2.000000e-01 2.572000e-02  2.338182e-02  1.000000e-01 1.223773e-03 8.000000e-04 2.370239e+07 3.180188e+01 2.288769e+01 6.923301e+01 3.983362e-03 3.376433e-03 1.863466e-02 3.649474e-01 1.294036e+00
2.000000e-01 2.572000e-02  2.338182e-02  1.000000e-01 1.256382e-03 8.000000e-04 2.370239e+07 3.180187e+01 2.288769e+01 6.923299e+01 3.991835e-03 3.572819e-03 1.964097e-02 3.846554e-01 1.363917e+00
2.000000e-01 2.572000e-02  2.338182e-02  1.000000e-01 1.289860e-03 8.000000e-04 2.370239e+07 3.180187e+01 2.288766e+01 6.923300e+01 4.197021e-03 3.734853e-03 2.070163e-02 4.054277e-01 1.437571e+00
2.000000e-01 2.572000e-02  2.338182e-02  1.000000e-01 1.324229e-03 8.000000e-04 2.370239e+07 3.180186e+01 2.288765e+01 6.923298e+01 4.406010e-03 3.949761e-03 2.181957e-02 4.273217e-01 1.515203e+00
2.000000e-01 2.572000e-02  2.338182e-02  1.000000e-01 1.359515e-03 8.000000e-04 2.370239e+07 3.180183e+01 2.288762e+01 6.923291e+01 4.976548e-03 4.155350e-03 2.299787e-02 4.503981e-01 1.597028e+00
2.000000e-01 2.572000e-02  2.338182e-02  1.000000e-01 1.395741e-03 8.000000e-04 2.370239e+07 3.180185e+01 2.288759e+01 6.923293e+01 5.175319e-03 4.368325e-03 2.423981e-02 4.747207e-01 1.683271e+00
2.000000e-01 2.572000e-02  2.338182e-02  1.000000e-01 1.432932e-03 8.000000e-04 2.370239e+07 3.180183e+01 2.288758e+01 6.923288e+01 5.233417e-03 4.655771e-03 2.554882e-02 5.003567e-01 1.774172e+00
2.000000e-01 2.572000e-02  2.338182e-02  1.000000e-01 1.471114e-03 8.000000e-04 2.370239e+07 3.180182e+01 2.288754e+01 6.923285e+01 5.467957e-03 4.899723e-03 2.692852e-02 5.273772e-01 1.869981e+00
2.000000e-01 2.572000e-02  2.338182e-02  1.000000e-01 1.510314e-03 8.000000e-04 2.370239e+07 3.180179e+01 2.288753e+01 6.923280e+01 5.798315e-03 5.221546e-03 2.838272e-02 5.558568e-01 1.970965e+00
2.000000e-01 2.572000e-02  2.338182e-02  1.000000e-01 1.550558e-03 8.000000e-04 2.370239e+07 3.180178e+01 2.288750e+01 6.923276e+01 6.246572e-03 5.446206e-03 2.991546e-02 5.858744e-01 2.077402e+00
2.000000e-01 2.572000e-02  2.338182e-02  1.000000e-01 1.591874e-03 8.000000e-04 2.370239e+07 3.180178e+01 2.288747e+01 6.923276e+01 6.532642e-03 5.711164e-03 3.153096e-02 6.175130e-01 2.189586e+00
2.000000e-01 2.572000e-02  2.338182e-02  1.000000e-01 1.634292e-03 8.000000e-04 2.370239e+07 3.180175e+01 2.288743e+01 6.923271e+01 6.645272e-03 6.025100e-03 3.323371e-02 6.508602e-01 2.307829e+00
2.000000e-01 2.572000e-02  2.338182e-02  1.000000e-01 1.677839e-03 8.000000e-04 2.370239e+07 3.180175e+01 2.288740e+01 6.923267e+01 7.192656e-03 6.353419e-03 3.502841e-02 6.860082e-01 2.432458e+00
