1.250000e+00 6.615000e-02  6.013637e-02  1.000000e-01 2.000000e-06 8.000000e-04 2.274304e+08 3.180203e+01 2.288802e+01 6.923341e+01 2.387401e-12 3.733051e-12 1.095032e-11 2.284054e-10 8.649241e-10
1.250000e+00 6.615000e-02  6.013637e-02  1.000000e-01 2.053292e-06 8.000000e-04 2.274304e+08 3.180203e+01 2.288802e+01 6.923341e+01 2.500492e-12 3.890249e-12 1.154167e-11 2.407398e-10 9.116320e-10
1.250000e+00 6.615000e-02  6.013637e-02  1.000000e-01 2.108005e-06 8.000000e-04 2.274304e+08 3.180203e+01 2.288802e+01 6.923341e+01 2.775248e-12 4.073556e-12 1.216494e-11 2.537403e-10 9.608623e-10
1.250000e+00 6.615000e-02  6.013637e-02  1.000000e-01 2.164175e-06 8.000000e-04 2.274304e+08 3.180203e+01 2.288802e+01 6.923341e+01 2.919392e-12 4.322935e-12 1.282188e-11 2.674429e-10 1.012751e-09
1.250000e+00 6.615000e-02  6.013637e-02  1.000000e-01 2.221842e-06 8.000000e-04 2.274304e+08 3.180203e+01 2.288802e+01 6.923341e+01 2.930546e-12 4.671946e-12 1.351429e-11 2.818854e-10 1.067442e-09
1.250000e+00 6.615000e-02  6.013637e-02  1.000000e-01 2.281045e-06 8.000000e-04 2.274304e+08 3.180203e+01 2.288802e+01 6.923341e+01 3.114795e-12 4.894058e-12 1.424409e-11 2.971079e-10 1.125086e-09
1.250000e+00 6.615000e-02  6.013637e-02  1.000000e-01 2.341826e-06 8.000000e-04 2.274304e+08 3.180203e+01 2.288802e+01 6.923341e+01 3.211231e-12 5.089078e-12 1.501331e-11 3.131524e-10 1.185844e-09
1.250000e+00 6.615000e-02  6.013637e-02  1.000000e-01 2.404227e-06 8.000000e-04 2.274304e+08 3.180203e+01 2.288802e+01 6.923341e+01 3.574493e-12 5.414372e-12 1.582406e-11 3.300633e-10 1.249882e-09
1.250000e+00 6.615000e-02  6.013637e-02  1.000000e-01 2.468290e-06 8.000000e-04 2.274304e+08 3.180203e+01 2.288802e+01 6.923341e+01 3.641418e-12 5.676322e-12 1.667859e-11 3.478875e-10 1.317378e-09
1.250000e+00 6.615000e-02  6.013637e-02  1.000000e-01 2.534061e-06 8.000000e-04 2.274304e+08 3.180203e+01 2.288802e+01 6.923341e+01 3.801608e-12 6.029096e-12 1.757928e-11 3.666742e-10 1.388520e-09
1.250000e+00 6.615000e-02  6.013637e-02  1.000000e-01 2.601584e-06 8.000000e-04 2.274304e+08 3.180203e+01 2.288802e+01 6.923341e+01 4.121092e-12 6.370731e-12 1.852860e-11 3.864755e-10 1.463503e-09
1.250000e+00 6.615000e-02  6.013637e-02  1.000000e-01 2.670906e-06 8.000000e-04 2.274304e+08 3.180203e+01 2.288802e+01 6.923341e+01 4.134068e-12 6.593090e-12 1.952919e-11 4.073461e-10 1.542536e-09
1.250000e+00 6.615000e-02  6.013637e-02  1.000000e-01 2.742075e-06 8.000000e-04 2.274304e+08 3.180203e+01 2.288802e+01 6.923341e+01 4.618831e-12 7.100121e-12 2.058381e-11 4.293437e-10 1.625836e-09
1.250000e+00 6.615000e-02  6.013637e-02  1.000000e-01 2.815141e-06 8.000000e-04 2.274304e+08 3.180203e+01 2.288802e+01 6.923341e+01 4.758933e-12 7.435114e-12 2.169538e-11 4.525292e-10 1.713635e-09
1.250000e+00 6.615000e-02  6.013637e-02  1.000000e-01 2.890154e-06 8.000000e-04 2.274304e+08 3.180203e+01 2.288802e+01 6.923341e+01 5.076763e-12 7.807536e-12 2.286698e-11 4.769669e-10 1.806175e-09
1.250000e+00 6.615000e-02  6.013637e-02  1.000000e-01 2.967165e-06 8.000000e-04 2.274304e+08 3.180203e+01 2.288802e+01 6.923341e+01 5.302761e-12 8.179461e-12 2.410185e-11 5.027242e-10 1.903713e-09
1.250000e+00 6.615000e-02  6.013637e-02  1.000000e-01 3.046229e-06 8.000000e-04 2.274304e+08 3.180203e+01 2.288802e+01 6.923341e+01 5.771760e-12 8.552103e-12 2.540341e-11 5.298724e-10 2.006518e-09
1.250000e+00 6.615000e-02  6.013637e-02  1.000000e-01 3.127399e-06 8.000000e-04 2.274304e+08 3.180203e+01 2.288802e+01 6.923341e+01 5.994902e-12 9.155442e-12 2.677525e-11 5.584868e-10 2.114874e-09
1.250000e+00 6.615000e-02  6.013637e-02  1.000000e-01 3.210732e-06 8.000000e-04 2.274304e+08 3.180203e+01 2.288802e+01 6.923341e+01 6.130521e-12 9.600811e-12 2.822117e-11 5.886463e-10 2.229083e-09
1.250000e+00 6.615000e-02  6.013637e-02  1.000000e-01 3.296286e-06 8.000000e-04 2.274304e+08 3.180203e+01 2.288802e+01 6.923341e+01 6.344371e-12 1.024968e-11 2.974518e-11 6.204346e-10 2.349458e-09
1.250000e+00 6.615000e-02  6.013637e-02  1.000000e-01 3.384119e-06 8.000000e-04 2.274304e+08 3.180203e+01 2.288802e+01 6.923341e+01 6.526332e-12 1.069048e-11 3.135149e-11 6.539395e-10 2.476334e-09
1.250000e+00 6.615000e-02  6.013637e-02  1.000000e-01 3.474293e-06 8.000000e-04 2.274304e+08 3.180203e+01 2.288802e+01 6.923341e+01 7.158926e-12 1.129836e-11 3.304454e-11 6.892538e-10 2.610062e-09
1.250000e+00 6.615000e-02  6.013637e-02  1.000000e-01 3.566869e-06 8.000000e-04 2.274304e+08 3.180203e+01 2.288802e+01 6.923341e+01 7.528380e-12 1.203430e-11 3.482903e-11 7.264751e-10 2.751011e-09
1.250000e+00 6.615000e-02  6.013637e-02  1.000000e-01 3.661913e-06 8.000000e-04 2.274304e+08 3.180203e+01 2.288802e+01 6.923341e+01 7.814013e-12 1.273591e-11 3.670987e-11 7.657064e-10 2.899572e-09
1.250000e+00 6.615000e-02  6.013637e-02  1.000000e-01 3.759488e-06 8.000000e-04 2.274304e+08 3.180203e+01 2.288802e+01 6.923341e+01 8.204860e-12 1.308618e-11 3.869229e-11 8.070563e-10 3.056156e-09
1.250000e+00 6.615000e-02  6.013637e-02  1.000000e-01 3.859664e-06 8.000000e-04 2.274304e+08 3.180203e+01 2.288802e+01 6.923341e+01 8.929904e-12 1.391304e-11 4.078176e-11 8.506392e-10 3.221196e-09
1.250000e+00 6.615000e-02  6.013637e-02  1.000000e-01 3.962510e-06 8.000000e-04 2.274304e+08 3.180203e+01 2.288802e+01 6.923341e+01 9.513024e-12 1.463126e-11 4.298407e-11 8.965757e-10 3.395148e-09
1.250000e+00 6.615000e-02  6.013637e-02  1.000000e-01 4.068095e-06 8.000000e-04 2.274304e+08 3.180203e+01 2.288802e+01 6.923341e+01 9.392915e-12 1.553369e-11 4.530531e-11 9.449928e-10 3.578493e-09
1.250000e+00 6.615000e-02  6.013637e-02  1.000000e-01 4.176494e-06 8.000000e-04 2.274304e+08 3.180203e+01 2.288802e+01 6.923341e+01 1.068688e-11 1.636569e-11 4.775190e-11 9.960246e-10 3.771740e-09
1.250000e+00 6.615000e-02  6.013637e-02  1.000000e-01 4.287782e-06 8.000000e-04 2.274304e+08 3.180203e+01 2.288802e+01 6.923341e+01 1.088250e-11 1.738633e-11 5.033062e-11 1.049812e-09 3.975423e-09
1.250000e+00 6.615000e-02  6.013637e-02  1.000000e-01 4.402035e-06 8.000000e-04 2.274304e+08 3.180203e+01 2.288802e+01 6.923341e+01 1.118816e-11 1.817304e-11 5.304859e-11 1.106505e-09 4.190105e-09
1.250000e+00 6.615000e-02  6.013637e-02  1.000000e-01 4.519332e-06 8.000000e-04 2.274304e+08 3.180203e+01 2.288802e+01 6.923341e+01 1.177240e-11 1.903351e-11 5.591333e-11 1.166258e-09 4.416380e-09
1.250000e+00 6.615000e-02  6.013637e-02  1.000000e-01 4.639755e-06 8.000000e-04 2.274304e+08 3.180203e+01 2.288802e+01 6.923341e+01 1.330040e-11 2.024210e-11 5.893278e-11 1.229239e-09 4.654875e-09
1.250000e+00 6.615000e-02  6.013637e-02  1.000000e-01 4.763386e-06 8.000000e-04 2.274304e+08 3.180203e+01 2.288802e+01 6.923341e+01 1.380595e-11 2.117300e-11 6.211529e-11 1.295621e-09 4.906249e-09
1.250000e+00 6.615000e-02  6.013637e-02  1.000000e-01 4.890312e-06 8.000000e-04 2.274304e+08 3.180203e+01 2.288802e+01 6.923341e+01 1.399017e-11 2.237828e-11 6.546966e-11 1.365587e-09 5.171198e-09
1.250000e+00 6.615000e-02  6.013637e-02  1.000000e-01 5.020620e-06 8.000000e-04 2.274304e+08 3.180203e+01 2.288802e+01 6.923341e+01 1.468342e-11 2.347716e-11 6.900517e-11 1.439332e-09 5.450455e-09
1.250000e+00 6.615000e-02  6.013637e-02  1.000000e-01 5.154400e-06 8.000000e-04 2.274304e+08 3.180203e+01 2.288802e+01 6.923341e+01 1.550263e-11 2.479501e-11 7.273161e-11 1.517059e-09 5.744792e-09
1.250000e+00 6.615000e-02  6.013637e-02  1.000000e-01 5.291745e-06 8.000000e-04 2.274304e+08 3.180203e+01 2.288802e+01 6.923341e+01 1.659488e-11 2.610057e-11 7.665929e-11 1.598984e-09 6.055024e-09
1.250000e+00 6.615000e-02  6.013637e-02  1.000000e-01 5.432750e-06 8.000000e-04 2.274304e+08 3.180203e+01 2.288802e+01 6.923341e+01 1.787743e-11 2.732288e-11 8.079906e-11 1.685333e-09 6.382009e-09
1.250000e+00 6.615000e-02  6.013637e-02  1.000000e-01 5.577512e-06 8.000000e-04 2.274304e+08 3.180203e+01 2.288802e+01 6.923341e+01 1.875734e-11 2.947354e-11 8.516240e-11 1.776345e-09 6.726652e-09
1.250000e+00 6.615000e-02  6.013637e-02  1.000000e-01 5.726131e-06 8.000000e-04 2.274304e+08 3.180203e+01 2.288802e+01 6.923341e+01 1.964603e-11 3.064575e-11 8.976137e-11 1.872272e-09 7.089907e-09
1.250000e+00 6.615000e-02  6.013637e-02  1.000000e-01 5.878710e-06 8.000000e-04 2.274304e+08 3.180203e+01 2.288802e+01 6.923341e+01 2.088128e-11 3.239869e-11 9.460869e-11 1.973379e-09 7.472778e-09
1.250000e+00 6.615000e-02  6.013637e-02  1.000000e-01 6.035355e-06 8.000000e-04 2.274304e+08 3.180203e+01 2.288802e+01 6.923341e+01 2.197521e-11 3.381169e-11 9.971778e-11 2.079946e-09 7.876326e-09
1.250000e+00 6.615000e-02  6.013637e-02  1.000000e-01 6.196174e-06 8.000000e-04 2.274304e+08 3.180203e+01 2.288802e+01 6.923341e+01 2.302383e-11 3.566446e-11 1.051028e-10 2.192267e-09 8.301665e-09
1.250000e+00 6.615000e-02  6.013637e-02  1.000000e-01 6.361278e-06 8.000000e-04 2.274304e+08 3.180203e+01 2.288802e+01 6.923341e+01 2.372882e-11 3.728205e-11 1.107786e-10 2.310655e-09 8.749974e-09
1.250000e+00 6.615000e-02  6.013637e-02  1.000000e-01 6.530782e-06 8.000000e-04 2.274304e+08 3.180203e+01 2.288802e+01 6.923341e+01 2.592403e-11 4.004144e-11 1.167609e-10 2.435436e-09 9.222493e-09
1.250000e+00 6.615000e-02  6.013637e-02  1.000000e-01 6.704802e-06 8.000000e-04 2.274304e+08 3.180203e+01 2.288802e+01 6.923341e+01 2.684878e-11 4.171319e-11 1.230662e-10 2.566955e-09 9.720529e-09
1.250000e+00 6.615000e-02  6.013637e-02  1.000000e-01 6.883459e-06 8.000000e-04 2.274304e+08 3.180203e+01 2.288802e+01 6.923341e+01 2.815228e-11 4.404811e-11 1.297121e-10 2.705576e-09 1.024546e-08
1.250000e+00 6.615000e-02  6.013637e-02  1.000000e-01 7.066877e-06 8.000000e-04 2.274304e+08 3.180203e+01 2.288802e+01 6.923341e+01 2.925040e-11 4.713214e-11 1.367168e-10 2.851684e-09 1.079874e-08
1.250000e+00 6.615000e-02  6.013637e-02  1.000000e-01 7.255182e-06 8.000000e-04 2.274304e+08 3.180203e+01 2.288802e+01 6.923341e+01 3.125373e-11 4.926966e-11 1.440998e-10 3.005681e-09 1.138190e-08
1.250000e+00 6.615000e-02  6.013637e-02  1.000000e-01 7.448504e-06 8.000000e-04 2.274304e+08 3.180203e+01 2.288802e+01 6.923341e+01 3.271706e-11 5.112848e-11 1.518816e-10 3.167995e-09 1.199654e-08
1.250000e+00 6.615000e-02  6.013637e-02  1.000000e-01 7.646978e-06 8.000000e-04 2.274304e+08 3.180203e+01 2.288802e+01 6.923341e+01 3.467343e-11 5.487157e-11 1.600835e-10 3.339074e-09 1.264439e-08
1.250000e+00 6.615000e-02  6.013637e-02  1.000000e-01 7.850741e-06 8.000000e-04 2.274304e+08 3.180203e+01 2.288802e+01 6.923341e+01 3.536575e-11 5.762801e-11 1.687284e-10 3.519392e-09 1.332721e-08
1.250000e+00 6.615000e-02  6.013637e-02  1.000000e-01 8.059933e-06 8.000000e-04 2.274304e+08 3.180203e+01 2.288802e+01 6.923341e+01 3.903876e-11 6.067690e-11 1.778401e-10 3.709447e-09 1.404691e-08
1.250000e+00 6.615000e-02  6.013637e-02  1.000000e-01 8.274699e-06 8.000000e-04 2.274304e+08 3.180203e+01 2.288802e+01 6.923341e+01 4.150845e-11 6.317891e-11 1.874439e-10 3.909766e-09 1.480548e-08
1.250000e+00 6.615000e-02  6.013637e-02  1.000000e-01 8.495188e-06 8.000000e-04 2.274304e+08 3.180203e+01 2.288802e+01 6.923341e+01 4.228132e-11 6.783207e-11 1.975663e-10 4.120902e-09 1.560501e-08
1.250000e+00 6.615000e-02  6.013637e-02  1.000000e-01 8.721552e-06 8.000000e-04 2.274304e+08 3.180203e+01 2.288802e+01 6.923341e+01 4.612576e-11 7.167676e-11 2.082354e-10 4.343440e-09 1.644771e-08
1.250000e+00 6.615000e-02  6.013637e-02  1.000000e-01 8.953948e-06 8.000000e-04 2.274304e+08 3.180203e+01 2.288802e+01 6.923341e+01 4.735652e-11 7.459075e-11 2.194805e-10 4.577996e-09 1.733593e-08
1.250000e+00 6.615000e-02  6.013637e-02  1.000000e-01 9.192536e-06 8.000000e-04 2.274304e+08 3.180203e+01 2.288802e+01 6.923341e+01 5.180631e-11 7.955638e-11 2.313330e-10 4.825218e-09 1.827211e-08
1.250000e+00 6.615000e-02  6.013637e-02  1.000000e-01 9.437481e-06 8.000000e-04 2.274304e+08 3.180203e+01 2.288802e+01 6.923341e+01 5.184643e-11 8.289468e-11 2.438255e-10 5.085791e-09 1.925884e-08
1.250000e+00 6.615000e-02  6.013637e-02  1.000000e-01 9.688954e-06 8.000000e-04 2.274304e+08 3.180203e+01 2.288802e+01 6.923341e+01 5.669529e-11 8.882660e-11 2.569927e-10 5.360436e-09 2.029887e-08
1.250000e+00 6.615000e-02  6.013637e-02  1.000000e-01 9.947127e-06 8.000000e-04 2.274304e+08 3.180203e+01 2.288802e+01 6.923341e+01 6.000023e-11 9.297067e-11 2.708709e-10 5.649912e-09 2.139505e-08
1.250000e+00 6.615000e-02  6.013637e-02  1.000000e-01 1.021218e-05 8.000000e-04 2.274304e+08 3.180203e+01 2.288802e+01 6.923341e+01 6.438073e-11 9.730488e-11 2.854985e-10 5.955020e-09 2.255043e-08
1.250000e+00 6.615000e-02  6.013637e-02  1.000000e-01 1.048430e-05 8.000000e-04 2.274304e+08 3.180203e+01 2.288802e+01 6.923341e+01 6.713256e-11 1.001192e-10 3.009161e-10 6.276605e-09 2.376821e-08
1.250000e+00 6.615000e-02  6.013637e-02  1.000000e-01 1.076366e-05 8.000000e-04 2.274304e+08 3.180203e+01 2.288802e+01 6.923341e+01 6.932505e-11 1.060439e-10 3.171663e-10 6.615556e-09 2.505175e-08
1.250000e+00 6.615000e-02  6.013637e-02  1.000000e-01 1.105047e-05 8.000000e-04 2.274304e+08 3.180203e+01 2.288802e+01 6.923341e+01 7.195295e-11 1.145321e-10 3.342940e-10 6.972811e-09 2.640460e-08
1.250000e+00 6.615000e-02  6.013637e-02  1.000000e-01 1.134492e-05 8.000000e-04 2.274304e+08 3.180203e+01 2.288802e+01 6.923341e+01 7.535598e-11 1.177793e-10 3.523466e-10 7.349359e-09 2.783051e-08
1.250000e+00 6.615000e-02  6.013637e-02  1.000000e-01 1.164722e-05 8.000000e-04 2.274304e+08 3.180203e+01 2.288802e+01 6.923341e+01 8.015412e-11 1.266049e-10 3.713741e-10 7.746242e-09 2.933342e-08
1.250000e+00 6.615000e-02  6.013637e-02  1.000000e-01 1.195758e-05 8.000000e-04 2.274304e+08 3.180203e+01 2.288802e+01 6.923341e+01 8.559559e-11 1.325258e-10 3.914292e-10 8.164557e-09 3.091750e-08
1.250000e+00 6.615000e-02  6.013637e-02  1.000000e-01 1.227620e-05 8.000000e-04 2.274304e+08 3.180203e+01 2.288802e+01 6.923341e+01 9.191989e-11 1.401616e-10 4.125673e-10 8.605462e-09 3.258711e-08
1.250000e+00 6.615000e-02  6.013637e-02  1.000000e-01 1.260331e-05 8.000000e-04 2.274304e+08 3.180203e+01 2.288802e+01 6.923341e+01 9.292163e-11 1.469938e-10 4.348469e-10 9.070176e-09 3.434689e-08
1.250000e+00 6.615000e-02  6.013637e-02  1.000000e-01 1.293914e-05 8.000000e-04 2.274304e+08 3.180203e+01 2.288802e+01 6.923341e+01 1.009471e-10 1.546074e-10 4.583296e-10 9.559987e-09 3.620170e-08
1.250000e+00 6.615000e-02  6.013637e-02  1.000000e-01 1.328392e-05 8.000000e-04 2.274304e+08 3.180203e+01 2.288802e+01 6.923341e+01 1.007680e-10 1.646160e-10 4.830805e-10 1.007625e-08 3.815668e-08
1.250000e+00 6.615000e-02  6.013637e-02  1.000000e-01 1.363789e-05 8.000000e-04 2.274304e+08 3.180203e+01 2.288802e+01 6.923341e+01 1.110645e-10 1.756958e-10 5.091679e-10 1.062039e-08 4.021723e-08
1.250000e+00 6.615000e-02  6.013637e-02  1.000000e-01 1.400128e-05 8.000000e-04 2.274304e+08 3.180203e+01 2.288802e+01 6.923341e+01 1.157411e-10 1.816196e-10 5.366642e-10 1.119391e-08 4.238905e-08
1.250000e+00 6.615000e-02  6.013637e-02  1.000000e-01 1.437436e-05 8.000000e-04 2.274304e+08 3.180203e+01 2.288802e+01 6.923341e+01 1.258990e-10 1.913259e-10 5.656453e-10 1.179841e-08 4.467816e-08
1.250000e+00 6.615000e-02  6.013637e-02  1.000000e-01 1.475738e-05 8.000000e-04 2.274304e+08 3.180203e+01 2.288802e+01 6.923341e+01 1.317073e-10 2.049591e-10 5.961914e-10 1.243555e-08 4.709088e-08
1.250000e+00 6.615000e-02  6.013637e-02  1.000000e-01 1.515061e-05 8.000000e-04 2.274304e+08 3.180203e+01 2.288802e+01 6.923341e+01 1.382681e-10 2.151289e-10 6.283871e-10 1.310710e-08 4.963390e-08
1.250000e+00 6.615000e-02  6.013637e-02  1.000000e-01 1.555432e-05 8.000000e-04 2.274304e+08 3.180203e+01 2.288802e+01 6.923341e+01 1.439670e-10 2.250293e-10 6.623215e-10 1.381492e-08 5.231424e-08
1.250000e+00 6.615000e-02  6.013637e-02  1.000000e-01 1.596878e-05 8.000000e-04 2.274304e+08 3.180203e+01 2.288802e+01 6.923341e+01 1.509211e-10 2.332763e-10 6.980884e-10 1.456095e-08 5.513933e-08
1.250000e+00 6.615000e-02  6.013637e-02  1.000000e-01 1.639429e-05 8.000000e-04 2.274304e+08 3.180203e+01 2.288802e+01 6.923341e+01 1.560150e-10 2.525338e-10 7.357868e-10 1.534728e-08 5.811698e-08
1.250000e+00 6.615000e-02  6.013637e-02  1.000000e-01 1.683113e-05 8.000000e-04 2.274304e+08 3.180203e+01 2.288802e+01 6.923341e+01 1.637199e-10 2.644693e-10 7.755210e-10 1.617607e-08 6.125543e-08
1.250000e+00 6.615000e-02  6.013637e-02  1.000000e-01 1.727962e-05 8.000000e-04 2.274304e+08 3.180203e+01 2.288802e+01 6.923341e+01 1.765328e-10 2.786374e-10 8.174009e-10 1.704961e-08 6.456337e-08
1.250000e+00 6.615000e-02  6.013637e-02  1.000000e-01 1.774005e-05 8.000000e-04 2.274304e+08 3.180203e+01 2.288802e+01 6.923341e+01 1.851188e-10 2.941077e-10 8.615424e-10 1.797033e-08 6.804994e-08
1.250000e+00 6.615000e-02  6.013637e-02  1.000000e-01 1.821276e-05 8.000000e-04 2.274304e+08 3.180203e+01 2.288802e+01 6.923341e+01 2.023500e-10 3.092557e-10 9.080677e-10 1.894077e-08 7.172479e-08
1.250000e+00 6.615000e-02  6.013637e-02  1.000000e-01 1.869805e-05 8.000000e-04 2.274304e+08 3.180203e+01 2.288802e+01 6.923341e+01 2.159443e-10 3.250565e-10 9.571055e-10 1.996361e-08 7.559810e-08
1.250000e+00 6.615000e-02  6.013637e-02  1.000000e-01 1.919629e-05 8.000000e-04 2.274304e+08 3.180203e+01 2.288802e+01 6.923341e+01 2.252976e-10 3.415853e-10 1.008791e-09 2.104170e-08 7.968057e-08
1.250000e+00 6.615000e-02  6.013637e-02  1.000000e-01 1.970779e-05 8.000000e-04 2.274304e+08 3.180203e+01 2.288802e+01 6.923341e+01 2.351125e-10 3.636554e-10 1.063268e-09 2.217800e-08 8.398351e-08
1.250000e+00 6.615000e-02  6.013637e-02  1.000000e-01 2.023293e-05 8.000000e-04 2.274304e+08 3.180203e+01 2.288802e+01 6.923341e+01 2.430929e-10 3.810589e-10 1.120687e-09 2.337566e-08 8.851881e-08
1.250000e+00 6.615000e-02  6.013637e-02  1.000000e-01 2.077206e-05 8.000000e-04 2.274304e+08 3.180203e+01 2.288802e+01 6.923341e+01 2.673739e-10 3.996051e-10 1.181207e-09 2.463800e-08 9.329903e-08
1.250000e+00 6.615000e-02  6.013637e-02  1.000000e-01 2.132555e-05 8.000000e-04 2.274304e+08 3.180203e+01 2.288802e+01 6.923341e+01 2.720881e-10 4.246957e-10 1.244995e-09 2.596851e-08 9.833739e-08
1.250000e+00 6.615000e-02  6.013637e-02  1.000000e-01 2.189380e-05 8.000000e-04 2.274304e+08 3.180203e+01 2.288802e+01 6.923341e+01 2.876632e-10 4.472827e-10 1.312228e-09 2.737087e-08 1.036478e-07
1.250000e+00 6.615000e-02  6.013637e-02  1.000000e-01 2.247718e-05 8.000000e-04 2.274304e+08 3.180203e+01 2.288802e+01 6.923341e+01 2.962911e-10 4.680036e-10 1.383091e-09 2.884896e-08 1.092451e-07
1.250000e+00 6.615000e-02  6.013637e-02  1.000000e-01 2.307611e-05 8.000000e-04 2.274304e+08 3.180203e+01 2.288802e+01 6.923341e+01 3.041693e-10 4.877860e-10 1.457781e-09 3.040687e-08 1.151445e-07
1.250000e+00 6.615000e-02  6.013637e-02  1.000000e-01 2.369100e-05 8.000000e-04 2.274304e+08 3.180203e+01 2.288802e+01 6.923341e+01 3.354275e-10 5.249972e-10 1.536505e-09 3.204891e-08 1.213626e-07
1.250000e+00 6.615000e-02  6.013637e-02  1.000000e-01 2.432228e-05 8.000000e-04 2.274304e+08 3.180203e+01 2.288802e+01 6.923341e+01 3.531143e-10 5.517202e-10 1.619479e-09 3.377962e-08 1.279165e-07
1.250000e+00 6.615000e-02  6.013637e-02  1.000000e-01 2.497037e-05 8.000000e-04 2.274304e+08 3.180203e+01 2.288802e+01 6.923341e+01 3.706180e-10 5.755937e-10 1.706935e-09 3.560380e-08 1.348243e-07
1.250000e+00 6.615000e-02  6.013637e-02  1.000000e-01 2.563574e-05 8.000000e-04 2.274304e+08 3.180203e+01 2.288802e+01 6.923341e+01 3.873285e-10 6.062277e-10 1.799113e-09 3.752649e-08 1.421051e-07
1.250000e+00 6.615000e-02  6.013637e-02  1.000000e-01 2.631883e-05 8.000000e-04 2.274304e+08 3.180203e+01 2.288802e+01 6.923341e+01 4.383450e-10 6.428000e-10 1.896270e-09 3.955301e-08 1.497791e-07
1.250000e+00 6.615000e-02  6.013637e-02  1.000000e-01 2.702013e-05 8.000000e-04 2.274304e+08 3.180203e+01 2.288802e+01 6.923341e+01 4.356361e-10 6.791024e-10 1.998673e-09 4.168896e-08 1.578675e-07
1.250000e+00 6.615000e-02  6.013637e-02  1.000000e-01 2.774011e-05 8.000000e-04 2.274304e+08 3.180203e+01 2.288802e+01 6.923341e+01 4.805402e-10 7.202481e-10 2.106606e-09 4.394026e-08 1.663927e-07
1.250000e+00 6.615000e-02  6.013637e-02  1.000000e-01 2.847928e-05 8.000000e-04 2.274304e+08 3.180203e+01 2.288802e+01 6.923341e+01 4.943038e-10 7.646431e-10 2.220367e-09 4.631314e-08 1.753783e-07
1.250000e+00 6.615000e-02  6.013637e-02  1.000000e-01 2.923814e-05 8.000000e-04 2.274304e+08 3.180203e+01 2.288802e+01 6.923341e+01 5.187421e-10 7.885671e-10 2.340272e-09 4.881415e-08 1.848491e-07
1.250000e+00 6.615000e-02  6.013637e-02  1.000000e-01 3.001722e-05 8.000000e-04 2.274304e+08 3.180203e+01 2.288802e+01 6.923341e+01 5.540290e-10 8.448290e-10 2.466652e-09 5.145023e-08 1.948314e-07
1.250000e+00 6.615000e-02  6.013637e-02  1.000000e-01 3.081707e-05 8.000000e-04 2.274304e+08 3.180203e+01 2.288802e+01 6.923341e+01 5.523907e-10 8.952473e-10 2.599857e-09 5.422866e-08 2.053528e-07
1.250000e+00 6.615000e-02  6.013637e-02  1.000000e-01 3.163822e-05 8.000000e-04 2.274304e+08 3.180203e+01 2.288802e+01 6.923341e+01 6.302007e-10 9.293305e-10 2.740256e-09 5.715713e-08 2.164423e-07
1.250000e+00 6.615000e-02  6.013637e-02  1.000000e-01 3.248126e-05 8.000000e-04 2.274304e+08 3.180203e+01 2.288802e+01 6.923341e+01 6.212680e-10 1.003038e-09 2.888236e-09 6.024375e-08 2.281307e-07
1.250000e+00 6.615000e-02  6.013637e-02  1.000000e-01 3.334676e-05 8.000000e-04 2.274304e+08 3.180203e+01 2.288802e+01 6.923341e+01 6.663248e-10 1.045506e-09 3.044207e-09 6.349705e-08 2.404503e-07
1.250000e+00 6.615000e-02  6.013637e-02  1.000000e-01 3.423532e-05 8.000000e-04 2.274304e+08 3.180203e+01 2.288802e+01 6.923341e+01 7.242056e-10 1.079129e-09 3.208601e-09 6.692604e-08 2.534351e-07
1.250000e+00 6.615000e-02  6.013637e-02  1.000000e-01 3.514756e-05 8.000000e-04 2.274304e+08 3.180203e+01 2.288802e+01 6.923341e+01 7.581200e-10 1.149394e-09 3.381873e-09 7.054020e-08 2.671212e-07
1.250000e+00 6.615000e-02  6.013637e-02  1.000000e-01 3.608411e-05 8.000000e-04 2.274304e+08 3.180203e+01 2.288802e+01 6.923341e+01 8.053966e-10 1.210376e-09 3.564502e-09 7.434954e-08 2.815464e-07
1.250000e+00 6.615000e-02  6.013637e-02  1.000000e-01 3.704561e-05 8.000000e-04 2.274304e+08 3.180203e+01 2.288802e+01 6.923341e+01 8.389660e-10 1.288491e-09 3.756993e-09 7.836458e-08 2.967505e-07
1.250000e+00 6.615000e-02  6.013637e-02  1.000000e-01 3.803273e-05 8.000000e-04 2.274304e+08 3.180203e+01 2.288802e+01 6.923341e+01 8.951727e-10 1.346074e-09 3.959880e-09 8.259645e-08 3.127758e-07
1.250000e+00 6.615000e-02  6.013637e-02  1.000000e-01 3.904616e-05 8.000000e-04 2.274304e+08 3.180203e+01 2.288802e+01 6.923341e+01 9.348700e-10 1.408395e-09 4.173722e-09 8.705685e-08 3.296664e-07
1.250000e+00 6.615000e-02  6.013637e-02  1.000000e-01 4.008659e-05 8.000000e-04 2.274304e+08 3.180203e+01 2.288802e+01 6.923341e+01 9.693202e-10 1.497631e-09 4.399113e-09 9.175812e-08 3.474691e-07
1.250000e+00 6.615000e-02  6.013637e-02  1.000000e-01 4.115474e-05 8.000000e-04 2.274304e+08 3.180203e+01 2.288802e+01 6.923341e+01 1.002895e-09 1.591006e-09 4.636675e-09 9.671327e-08 3.662332e-07
1.250000e+00 6.615000e-02  6.013637e-02  1.000000e-01 4.225136e-05 8.000000e-04 2.274304e+08 3.180203e+01 2.288802e+01 6.923341e+01 1.084768e-09 1.656554e-09 4.887067e-09 1.019360e-07 3.860107e-07
1.250000e+00 6.615000e-02  6.013637e-02  1.000000e-01 4.337719e-05 8.000000e-04 2.274304e+08 3.180203e+01 2.288802e+01 6.923341e+01 1.146870e-09 1.762625e-09 5.150979e-09 1.074408e-07 4.068562e-07
1.250000e+00 6.615000e-02  6.013637e-02  1.000000e-01 4.453303e-05 8.000000e-04 2.274304e+08 3.180203e+01 2.288802e+01 6.923341e+01 1.198138e-09 1.862732e-09 5.429144e-09 1.132428e-07 4.288273e-07
1.250000e+00 6.615000e-02  6.013637e-02  1.000000e-01 4.571966e-05 8.000000e-04 2.274304e+08 3.180203e+01 2.288802e+01 6.923341e+01 1.209135e-09 1.929547e-09 5.722331e-09 1.193582e-07 4.519850e-07
1.250000e+00 6.615000e-02  6.013637e-02  1.000000e-01 4.693791e-05 8.000000e-04 2.274304e+08 3.180203e+01 2.288802e+01 6.923341e+01 1.317622e-09 2.031007e-09 6.031350e-09 1.258038e-07 4.763932e-07
1.250000e+00 6.615000e-02  6.013637e-02  1.000000e-01 4.818863e-05 8.000000e-04 2.274304e+08 3.180203e+01 2.288802e+01 6.923341e+01 1.411423e-09 2.146925e-09 6.357057e-09 1.325975e-07 5.021196e-07
1.250000e+00 6.615000e-02  6.013637e-02  1.000000e-01 4.947267e-05 8.000000e-04 2.274304e+08 3.180203e+01 2.288802e+01 6.923341e+01 1.424406e-09 2.245702e-09 6.700352e-09 1.397581e-07 5.292352e-07
1.250000e+00 6.615000e-02  6.013637e-02  1.000000e-01 5.079093e-05 8.000000e-04 2.274304e+08 3.180203e+01 2.288802e+01 6.923341e+01 1.585477e-09 2.405772e-09 7.062187e-09 1.473054e-07 5.578151e-07
1.250000e+00 6.615000e-02  6.013637e-02  1.000000e-01 5.214431e-05 8.000000e-04 2.274304e+08 3.180203e+01 2.288802e+01 6.923341e+01 1.713382e-09 2.539871e-09 7.443561e-09 1.552602e-07 5.879384e-07
1.250000e+00 6.615000e-02  6.013637e-02  1.000000e-01 5.353375e-05 8.000000e-04 2.274304e+08 3.180203e+01 2.288802e+01 6.923341e+01 1.731200e-09 2.681603e-09 7.845531e-09 1.636446e-07 6.196885e-07
1.250000e+00 6.615000e-02  6.013637e-02  1.000000e-01 5.496022e-05 8.000000e-04 2.274304e+08 3.180203e+01 2.288802e+01 6.923341e+01 1.855609e-09 2.800084e-09 8.269207e-09 1.724818e-07 6.531531e-07
