2.000000e-01 1.512000e-01  1.374545e-01  1.000000e-01 2.000000e-06 8.000000e-04 2.275583e+03 3.180202e+01 2.288797e+01 6.923337e+01 3.160762e-04 4.932286e-04 2.009674e-03 2.678944e-02 1.488983e-01
2.000000e-01 1.512000e-01  1.374545e-01  1.000000e-01 2.053292e-06 8.000000e-04 2.275583e+03 3.180202e+01 2.288796e+01 6.923336e+01 3.434802e-04 5.181811e-04 2.118201e-03 2.823613e-02 1.569392e-01
2.000000e-01 1.512000e-01  1.374545e-01  1.000000e-01 2.108005e-06 8.000000e-04 2.275583e+03 3.180201e+01 2.288796e+01 6.923336e+01 3.535564e-04 5.566989e-04 2.232589e-03 2.976095e-02 1.654142e-01
2.000000e-01 1.512000e-01  1.374545e-01  1.000000e-01 2.164175e-06 8.000000e-04 2.275583e+03 3.180201e+01 2.288796e+01 6.923336e+01 3.759983e-04 5.749075e-04 2.353154e-03 3.136811e-02 1.743470e-01
2.000000e-01 1.512000e-01  1.374545e-01  1.000000e-01 2.221842e-06 8.000000e-04 2.275583e+03 3.180201e+01 2.288795e+01 6.923336e+01 3.988719e-04 6.280964e-04 2.480229e-03 3.306206e-02 1.837621e-01
2.000000e-01 1.512000e-01  1.374545e-01  1.000000e-01 2.281045e-06 8.000000e-04 2.275583e+03 3.180201e+01 2.288795e+01 6.923335e+01 4.113342e-04 6.582082e-04 2.614168e-03 3.484748e-02 1.936857e-01
2.000000e-01 1.512000e-01  1.374545e-01  1.000000e-01 2.341826e-06 8.000000e-04 2.275583e+03 3.180201e+01 2.288794e+01 6.923335e+01 4.492330e-04 6.885942e-04 2.755339e-03 3.672933e-02 2.041452e-01
2.000000e-01 1.512000e-01  1.374545e-01  1.000000e-01 2.404227e-06 8.000000e-04 2.275583e+03 3.180201e+01 2.288794e+01 6.923334e+01 4.745638e-04 7.141169e-04 2.904133e-03 3.871280e-02 2.151695e-01
2.000000e-01 1.512000e-01  1.374545e-01  1.000000e-01 2.468290e-06 8.000000e-04 2.275583e+03 3.180201e+01 2.288794e+01 6.923335e+01 4.789850e-04 7.579210e-04 3.060963e-03 4.080338e-02 2.267892e-01
2.000000e-01 1.512000e-01  1.374545e-01  1.000000e-01 2.534061e-06 8.000000e-04 2.275583e+03 3.180201e+01 2.288794e+01 6.923334e+01 5.113305e-04 7.892465e-04 3.226262e-03 4.300685e-02 2.390363e-01
2.000000e-01 1.512000e-01  1.374545e-01  1.000000e-01 2.601584e-06 8.000000e-04 2.275583e+03 3.180201e+01 2.288793e+01 6.923334e+01 5.408043e-04 8.426589e-04 3.400488e-03 4.532932e-02 2.519448e-01
2.000000e-01 1.512000e-01  1.374545e-01  1.000000e-01 2.670906e-06 8.000000e-04 2.275583e+03 3.180201e+01 2.288792e+01 6.923333e+01 5.658796e-04 8.871763e-04 3.584122e-03 4.777721e-02 2.655504e-01
2.000000e-01 1.512000e-01  1.374545e-01  1.000000e-01 2.742075e-06 8.000000e-04 2.275583e+03 3.180200e+01 2.288792e+01 6.923333e+01 6.163362e-04 9.330093e-04 3.777673e-03 5.035729e-02 2.798907e-01
2.000000e-01 1.512000e-01  1.374545e-01  1.000000e-01 2.815141e-06 8.000000e-04 2.275583e+03 3.180200e+01 2.288791e+01 6.923332e+01 6.397378e-04 9.889148e-04 3.981676e-03 5.307670e-02 2.950055e-01
2.000000e-01 1.512000e-01  1.374545e-01  1.000000e-01 2.890154e-06 8.000000e-04 2.275583e+03 3.180200e+01 2.288790e+01 6.923332e+01 6.759629e-04 1.040250e-03 4.196696e-03 5.594296e-02 3.109365e-01
2.000000e-01 1.512000e-01  1.374545e-01  1.000000e-01 2.967165e-06 8.000000e-04 2.275583e+03 3.180200e+01 2.288790e+01 6.923331e+01 7.111490e-04 1.099470e-03 4.423327e-03 5.896401e-02 3.277278e-01
2.000000e-01 1.512000e-01  1.374545e-01  1.000000e-01 3.046229e-06 8.000000e-04 2.275583e+03 3.180200e+01 2.288790e+01 6.923331e+01 7.292437e-04 1.151274e-03 4.662197e-03 6.214821e-02 3.454258e-01
2.000000e-01 1.512000e-01  1.374545e-01  1.000000e-01 3.127399e-06 8.000000e-04 2.275583e+03 3.180199e+01 2.288788e+01 6.923330e+01 8.163513e-04 1.214185e-03 4.913966e-03 6.550435e-02 3.640796e-01
2.000000e-01 1.512000e-01  1.374545e-01  1.000000e-01 3.210732e-06 8.000000e-04 2.275583e+03 3.180199e+01 2.288788e+01 6.923329e+01 8.419560e-04 1.295586e-03 5.179332e-03 6.904174e-02 3.837407e-01
2.000000e-01 1.512000e-01  1.374545e-01  1.000000e-01 3.296286e-06 8.000000e-04 2.275583e+03 3.180199e+01 2.288787e+01 6.923329e+01 8.549758e-04 1.357748e-03 5.459028e-03 7.277015e-02 4.044636e-01
2.000000e-01 1.512000e-01  1.374545e-01  1.000000e-01 3.384119e-06 8.000000e-04 2.275583e+03 3.180199e+01 2.288786e+01 6.923328e+01 9.348640e-04 1.442081e-03 5.753828e-03 7.669991e-02 4.263056e-01
2.000000e-01 1.512000e-01  1.374545e-01  1.000000e-01 3.474293e-06 8.000000e-04 2.275583e+03 3.180198e+01 2.288785e+01 6.923327e+01 9.537027e-04 1.495646e-03 6.064548e-03 8.084188e-02 4.493271e-01
2.000000e-01 1.512000e-01  1.374545e-01  1.000000e-01 3.566869e-06 8.000000e-04 2.275583e+03 3.180198e+01 2.288785e+01 6.923327e+01 1.031389e-03 1.579556e-03 6.392048e-03 8.520753e-02 4.735918e-01
2.000000e-01 1.512000e-01  1.374545e-01  1.000000e-01 3.661913e-06 8.000000e-04 2.275583e+03 3.180198e+01 2.288784e+01 6.923326e+01 1.077703e-03 1.661660e-03 6.737233e-03 8.980894e-02 4.991668e-01
2.000000e-01 1.512000e-01  1.374545e-01  1.000000e-01 3.759488e-06 8.000000e-04 2.275583e+03 3.180197e+01 2.288782e+01 6.923325e+01 1.171941e-03 1.771234e-03 7.101059e-03 9.465883e-02 5.261230e-01
2.000000e-01 1.512000e-01  1.374545e-01  1.000000e-01 3.859664e-06 8.000000e-04 2.275583e+03 3.180197e+01 2.288781e+01 6.923324e+01 1.203357e-03 1.883972e-03 7.484533e-03 9.977062e-02 5.545349e-01
2.000000e-01 1.512000e-01  1.374545e-01  1.000000e-01 3.962510e-06 8.000000e-04 2.275583e+03 3.180197e+01 2.288781e+01 6.923323e+01 1.285089e-03 1.963809e-03 7.888715e-03 1.051585e-01 5.844810e-01
2.000000e-01 1.512000e-01  1.374545e-01  1.000000e-01 4.068095e-06 8.000000e-04 2.275583e+03 3.180197e+01 2.288780e+01 6.923322e+01 1.355024e-03 2.067119e-03 8.314724e-03 1.108373e-01 6.160443e-01
2.000000e-01 1.512000e-01  1.374545e-01  1.000000e-01 4.176494e-06 8.000000e-04 2.275583e+03 3.180197e+01 2.288778e+01 6.923321e+01 1.416566e-03 2.184901e-03 8.763738e-03 1.168227e-01 6.493122e-01
2.000000e-01 1.512000e-01  1.374545e-01  1.000000e-01 4.287782e-06 8.000000e-04 2.275583e+03 3.180196e+01 2.288777e+01 6.923320e+01 1.504567e-03 2.288478e-03 9.237000e-03 1.231314e-01 6.843765e-01
2.000000e-01 1.512000e-01  1.374545e-01  1.000000e-01 4.402035e-06 8.000000e-04 2.275583e+03 3.180196e+01 2.288776e+01 6.923319e+01 1.559816e-03 2.413516e-03 9.735819e-03 1.297808e-01 7.213344e-01
2.000000e-01 1.512000e-01  1.374545e-01  1.000000e-01 4.519332e-06 8.000000e-04 2.275583e+03 3.180195e+01 2.288774e+01 6.923319e+01 1.638999e-03 2.550855e-03 1.026158e-02 1.367893e-01 7.602882e-01
2.000000e-01 1.512000e-01  1.374545e-01  1.000000e-01 4.639755e-06 8.000000e-04 2.275583e+03 3.180195e+01 2.288773e+01 6.923317e+01 1.704197e-03 2.660268e-03 1.081572e-02 1.441762e-01 8.013455e-01
2.000000e-01 1.512000e-01  1.374545e-01  1.000000e-01 4.763386e-06 8.000000e-04 2.275583e+03 3.180195e+01 2.288771e+01 6.923317e+01 1.767035e-03 2.825430e-03 1.139980e-02 1.519621e-01 8.446200e-01
2.000000e-01 1.512000e-01  1.374545e-01  1.000000e-01 4.890312e-06 8.000000e-04 2.275583e+03 3.180194e+01 2.288769e+01 6.923313e+01 1.938961e-03 2.952301e-03 1.201541e-02 1.601684e-01 8.902314e-01
2.000000e-01 1.512000e-01  1.374545e-01  1.000000e-01 5.020620e-06 8.000000e-04 2.275583e+03 3.180193e+01 2.288768e+01 6.923312e+01 1.993390e-03 3.107153e-03 1.266427e-02 1.688178e-01 9.383060e-01
2.000000e-01 1.512000e-01  1.374545e-01  1.000000e-01 5.154400e-06 8.000000e-04 2.275583e+03 3.180193e+01 2.288767e+01 6.923311e+01 2.134740e-03 3.347993e-03 1.334817e-02 1.779344e-01 9.889767e-01
2.000000e-01 1.512000e-01  1.374545e-01  1.000000e-01 5.291745e-06 8.000000e-04 2.275583e+03 3.180192e+01 2.288764e+01 6.923308e+01 2.236614e-03 3.472505e-03 1.406901e-02 1.875432e-01 1.042384e+00
2.000000e-01 1.512000e-01  1.374545e-01  1.000000e-01 5.432750e-06 8.000000e-04 2.275583e+03 3.180192e+01 2.288762e+01 6.923308e+01 2.368804e-03 3.640068e-03 1.482877e-02 1.976710e-01 1.098675e+00
2.000000e-01 1.512000e-01  1.374545e-01  1.000000e-01 5.577512e-06 8.000000e-04 2.275583e+03 3.180191e+01 2.288759e+01 6.923306e+01 2.450682e-03 3.877386e-03 1.562955e-02 2.083457e-01 1.158006e+00
2.000000e-01 1.512000e-01  1.374545e-01  1.000000e-01 5.726131e-06 8.000000e-04 2.275583e+03 3.180190e+01 2.288756e+01 6.923303e+01 2.667929e-03 4.095141e-03 1.647359e-02 2.195969e-01 1.220541e+00
2.000000e-01 1.512000e-01  1.374545e-01  1.000000e-01 5.878710e-06 8.000000e-04 2.275583e+03 3.180189e+01 2.288754e+01 6.923300e+01 2.871465e-03 4.401947e-03 1.736320e-02 2.314556e-01 1.286453e+00
2.000000e-01 1.512000e-01  1.374545e-01  1.000000e-01 6.035355e-06 8.000000e-04 2.275583e+03 3.180189e+01 2.288754e+01 6.923299e+01 2.901239e-03 4.534789e-03 1.830085e-02 2.439547e-01 1.355924e+00
2.000000e-01 1.512000e-01  1.374545e-01  1.000000e-01 6.196174e-06 8.000000e-04 2.275583e+03 3.180189e+01 2.288750e+01 6.923298e+01 3.077240e-03 4.745506e-03 1.928914e-02 2.571289e-01 1.429147e+00
2.000000e-01 1.512000e-01  1.374545e-01  1.000000e-01 6.361278e-06 8.000000e-04 2.275583e+03 3.180188e+01 2.288747e+01 6.923295e+01 3.206744e-03 4.992475e-03 2.033080e-02 2.710144e-01 1.506325e+00
2.000000e-01 1.512000e-01  1.374545e-01  1.000000e-01 6.530782e-06 8.000000e-04 2.275583e+03 3.180187e+01 2.288745e+01 6.923293e+01 3.464871e-03 5.344408e-03 2.142871e-02 2.856498e-01 1.587670e+00
2.000000e-01 1.512000e-01  1.374545e-01  1.000000e-01 6.704802e-06 8.000000e-04 2.275583e+03 3.180186e+01 2.288741e+01 6.923289e+01 3.689320e-03 5.568982e-03 2.258591e-02 3.010756e-01 1.673407e+00
2.000000e-01 1.512000e-01  1.374545e-01  1.000000e-01 6.883459e-06 8.000000e-04 2.275583e+03 3.180184e+01 2.288738e+01 6.923285e+01 3.815606e-03 5.856223e-03 2.380560e-02 3.173343e-01 1.763775e+00
2.000000e-01 1.512000e-01  1.374545e-01  1.000000e-01 7.066877e-06 8.000000e-04 2.275583e+03 3.180184e+01 2.288735e+01 6.923284e+01 4.108247e-03 6.245171e-03 2.509115e-02 3.344711e-01 1.859023e+00
2.000000e-01 1.512000e-01  1.374545e-01  1.000000e-01 7.255182e-06 8.000000e-04 2.275583e+03 3.180183e+01 2.288728e+01 6.923281e+01 4.319698e-03 6.563872e-03 2.644613e-02 3.525333e-01 1.959415e+00
2.000000e-01 1.512000e-01  1.374545e-01  1.000000e-01 7.448504e-06 8.000000e-04 2.275583e+03 3.180183e+01 2.288725e+01 6.923278e+01 4.387298e-03 6.916476e-03 2.787429e-02 3.715709e-01 2.065228e+00
2.000000e-01 1.512000e-01  1.374545e-01  1.000000e-01 7.646978e-06 8.000000e-04 2.275583e+03 3.180181e+01 2.288723e+01 6.923274e+01 4.802320e-03 7.275686e-03 2.937956e-02 3.916366e-01 2.176755e+00
2.000000e-01 1.512000e-01  1.374545e-01  1.000000e-01 7.850741e-06 8.000000e-04 2.275583e+03 3.180179e+01 2.288721e+01 6.923272e+01 4.955256e-03 7.628360e-03 3.096613e-02 4.127859e-01 2.294304e+00
2.000000e-01 1.512000e-01  1.374545e-01  1.000000e-01 8.059933e-06 8.000000e-04 2.275583e+03 3.180178e+01 2.288715e+01 6.923267e+01 5.313952e-03 8.004529e-03 3.263837e-02 4.350773e-01 2.418202e+00
2.000000e-01 1.512000e-01  1.374545e-01  1.000000e-01 8.274699e-06 8.000000e-04 2.275583e+03 3.180177e+01 2.288710e+01 6.923263e+01 5.577049e-03 8.497810e-03 3.440092e-02 4.585725e-01 2.548791e+00
2.000000e-01 1.512000e-01  1.374545e-01  1.000000e-01 8.495188e-06 8.000000e-04 2.275583e+03 3.180175e+01 2.288703e+01 6.923256e+01 5.850586e-03 8.920268e-03 3.625865e-02 4.833365e-01 2.686431e+00
2.000000e-01 1.512000e-01  1.374545e-01  1.000000e-01 8.721552e-06 8.000000e-04 2.275583e+03 3.180173e+01 2.288700e+01 6.923252e+01 6.199962e-03 9.352984e-03 3.821670e-02 5.094378e-01 2.831505e+00
2.000000e-01 1.512000e-01  1.374545e-01  1.000000e-01 8.953948e-06 8.000000e-04 2.275583e+03 3.180172e+01 2.288694e+01 6.923249e+01 6.403647e-03 9.936090e-03 4.028049e-02 5.369486e-01 2.984413e+00
2.000000e-01 1.512000e-01  1.374545e-01  1.000000e-01 9.192536e-06 8.000000e-04 2.275583e+03 3.180171e+01 2.288684e+01 6.923243e+01 6.885701e-03 1.060019e-02 4.245573e-02 5.659450e-01 3.145578e+00
2.000000e-01 1.512000e-01  1.374545e-01  1.000000e-01 9.437481e-06 8.000000e-04 2.275583e+03 3.180170e+01 2.288684e+01 6.923238e+01 7.176803e-03 1.100808e-02 4.474843e-02 5.965074e-01 3.315446e+00
2.000000e-01 1.512000e-01  1.374545e-01  1.000000e-01 9.688954e-06 8.000000e-04 2.275583e+03 3.180167e+01 2.288679e+01 6.923234e+01 7.643267e-03 1.152704e-02 4.716495e-02 6.287202e-01 3.494488e+00
2.000000e-01 1.512000e-01  1.374545e-01  1.000000e-01 9.947127e-06 8.000000e-04 2.275583e+03 3.180166e+01 2.288667e+01 6.923228e+01 7.937825e-03 1.227297e-02 4.971197e-02 6.626725e-01 3.683198e+00
2.000000e-01 1.512000e-01  1.374545e-01  1.000000e-01 1.021218e-05 8.000000e-04 2.275583e+03 3.180164e+01 2.288659e+01 6.923223e+01 8.324578e-03 1.302680e-02 5.239653e-02 6.984583e-01 3.882100e+00
2.000000e-01 1.512000e-01  1.374545e-01  1.000000e-01 1.048430e-05 8.000000e-04 2.275583e+03 3.180158e+01 2.288651e+01 6.923209e+01 8.880159e-03 1.374301e-02 5.522606e-02 7.361767e-01 4.091742e+00
2.000000e-01 1.512000e-01  1.374545e-01  1.000000e-01 1.076366e-05 8.000000e-04 2.275583e+03 3.180157e+01 2.288642e+01 6.923206e+01 9.360100e-03 1.453977e-02 5.820840e-02 7.759320e-01 4.312706e+00
2.000000e-01 1.512000e-01  1.374545e-01  1.000000e-01 1.105047e-05 8.000000e-04 2.275583e+03 3.180155e+01 2.288638e+01 6.923198e+01 1.006660e-02 1.504209e-02 6.135179e-02 8.178341e-01 4.545602e+00
2.000000e-01 1.512000e-01  1.374545e-01  1.000000e-01 1.134492e-05 8.000000e-04 2.275583e+03 3.180152e+01 2.288624e+01 6.923189e+01 1.054282e-02 1.635942e-02 6.466493e-02 8.619990e-01 4.791075e+00
2.000000e-01 1.512000e-01  1.374545e-01  1.000000e-01 1.164722e-05 8.000000e-04 2.275583e+03 3.180149e+01 2.288615e+01 6.923182e+01 1.076546e-02 1.709363e-02 6.815698e-02 9.085489e-01 5.049804e+00
2.000000e-01 1.512000e-01  1.374545e-01  1.000000e-01 1.195758e-05 8.000000e-04 2.275583e+03 3.180145e+01 2.288608e+01 6.923174e+01 1.157673e-02 1.792949e-02 7.183762e-02 9.576127e-01 5.322505e+00
2.000000e-01 1.512000e-01  1.374545e-01  1.000000e-01 1.227620e-05 8.000000e-04 2.275583e+03 3.180146e+01 2.288592e+01 6.923168e+01 1.194179e-02 1.895458e-02 7.571701e-02 1.009326e+00 5.609932e+00
2.000000e-01 1.512000e-01  1.374545e-01  1.000000e-01 1.260331e-05 8.000000e-04 2.275583e+03 3.180143e+01 2.288586e+01 6.923160e+01 1.277732e-02 1.974503e-02 7.980591e-02 1.063832e+00 5.912882e+00
2.000000e-01 1.512000e-01  1.374545e-01  1.000000e-01 1.293914e-05 8.000000e-04 2.275583e+03 3.180140e+01 2.288579e+01 6.923152e+01 1.353777e-02 2.073796e-02 8.411561e-02 1.121281e+00 6.232191e+00
2.000000e-01 1.512000e-01  1.374545e-01  1.000000e-01 1.328392e-05 8.000000e-04 2.275583e+03 3.180137e+01 2.288569e+01 6.923142e+01 1.412274e-02 2.166086e-02 8.865805e-02 1.181833e+00 6.568744e+00
2.000000e-01 1.512000e-01  1.374545e-01  1.000000e-01 1.363789e-05 8.000000e-04 2.275583e+03 3.180136e+01 2.288548e+01 6.923132e+01 1.449492e-02 2.309058e-02 9.344579e-02 1.245655e+00 6.923471e+00
2.000000e-01 1.512000e-01  1.374545e-01  1.000000e-01 1.400128e-05 8.000000e-04 2.275583e+03 3.180133e+01 2.288531e+01 6.923126e+01 1.571542e-02 2.419959e-02 9.849208e-02 1.312923e+00 7.297354e+00
2.000000e-01 1.512000e-01  1.374545e-01  1.000000e-01 1.437436e-05 8.000000e-04 2.275583e+03 3.180120e+01 2.288522e+01 6.923095e+01 1.685923e-02 2.581714e-02 1.038109e-01 1.383824e+00 7.691428e+00
2.000000e-01 1.512000e-01  1.374545e-01  1.000000e-01 1.475738e-05 8.000000e-04 2.275583e+03 3.180118e+01 2.288503e+01 6.923084e+01 1.807345e-02 2.706348e-02 1.094169e-01 1.458554e+00 8.106783e+00
2.000000e-01 1.512000e-01  1.374545e-01  1.000000e-01 1.515061e-05 8.000000e-04 2.275583e+03 3.180119e+01 2.288495e+01 6.923084e+01 1.838019e-02 2.847726e-02 1.153257e-01 1.537319e+00 8.544568e+00
2.000000e-01 1.512000e-01  1.374545e-01  1.000000e-01 1.555432e-05 8.000000e-04 2.275583e+03 3.180111e+01 2.288482e+01 6.923065e+01 1.932486e-02 3.020885e-02 1.215535e-01 1.620338e+00 9.005995e+00
2.000000e-01 1.512000e-01  1.374545e-01  1.000000e-01 1.596878e-05 8.000000e-04 2.275583e+03 3.180110e+01 2.288473e+01 6.923064e+01 1.998432e-02 3.112605e-02 1.281177e-01 1.707840e+00 9.492339e+00
2.000000e-01 1.512000e-01  1.374545e-01  1.000000e-01 1.639429e-05 8.000000e-04 2.275583e+03 3.180103e+01 2.288427e+01 6.923036e+01 2.173894e-02 3.367275e-02 1.350363e-01 1.800067e+00 1.000495e+01
2.000000e-01 1.512000e-01  1.374545e-01  1.000000e-01 1.683113e-05 8.000000e-04 2.275583e+03 3.180097e+01 2.288418e+01 6.923019e+01 2.287772e-02 3.531527e-02 1.423286e-01 1.897275e+00 1.054524e+01
2.000000e-01 1.512000e-01  1.374545e-01  1.000000e-01 1.727962e-05 8.000000e-04 2.275583e+03 3.180091e+01 2.288399e+01 6.923005e+01 2.434725e-02 3.688382e-02 1.500147e-01 1.999732e+00 1.111471e+01
2.000000e-01 1.512000e-01  1.374545e-01  1.000000e-01 1.774005e-05 8.000000e-04 2.275583e+03 3.180080e+01 2.288375e+01 6.922975e+01 2.558678e-02 3.986143e-02 1.581158e-01 2.107722e+00 1.171492e+01
2.000000e-01 1.512000e-01  1.374545e-01  1.000000e-01 1.821276e-05 8.000000e-04 2.275583e+03 3.180070e+01 2.288359e+01 6.922948e+01 2.695310e-02 4.128601e-02 1.666545e-01 2.221544e+00 1.234756e+01
2.000000e-01 1.512000e-01  1.374545e-01  1.000000e-01 1.869805e-05 8.000000e-04 2.275583e+03 3.180066e+01 2.288332e+01 6.922933e+01 2.874957e-02 4.325856e-02 1.756542e-01 2.341512e+00 1.301435e+01
2.000000e-01 1.512000e-01  1.374545e-01  1.000000e-01 1.919629e-05 8.000000e-04 2.275583e+03 3.180057e+01 2.288311e+01 6.922914e+01 3.015360e-02 4.572404e-02 1.851399e-01 2.467959e+00 1.371716e+01
2.000000e-01 1.512000e-01  1.374545e-01  1.000000e-01 1.970779e-05 8.000000e-04 2.275583e+03 3.180060e+01 2.288270e+01 6.922904e+01 3.125989e-02 4.873004e-02 1.951379e-01 2.601235e+00 1.445792e+01
2.000000e-01 1.512000e-01  1.374545e-01  1.000000e-01 2.023293e-05 8.000000e-04 2.275583e+03 3.180048e+01 2.288236e+01 6.922870e+01 3.327339e-02 5.105483e-02 2.056758e-01 2.741708e+00 1.523868e+01
2.000000e-01 1.512000e-01  1.374545e-01  1.000000e-01 2.077206e-05 8.000000e-04 2.275583e+03 3.180049e+01 2.288193e+01 6.922855e+01 3.424407e-02 5.409455e-02 2.167828e-01 2.889766e+00 1.606160e+01
2.000000e-01 1.512000e-01  1.374545e-01  1.000000e-01 2.132555e-05 8.000000e-04 2.275583e+03 3.180039e+01 2.288196e+01 6.922840e+01 3.619433e-02 5.665409e-02 2.284895e-01 3.045820e+00 1.692897e+01
2.000000e-01 1.512000e-01  1.374545e-01  1.000000e-01 2.189380e-05 8.000000e-04 2.275583e+03 3.180017e+01 2.288168e+01 6.922792e+01 3.901289e-02 5.932601e-02 2.408285e-01 3.210302e+00 1.784317e+01
2.000000e-01 1.512000e-01  1.374545e-01  1.000000e-01 2.247718e-05 8.000000e-04 2.275583e+03 3.180010e+01 2.288116e+01 6.922766e+01 4.114899e-02 6.262816e-02 2.538338e-01 3.383665e+00 1.880674e+01
2.000000e-01 1.512000e-01  1.374545e-01  1.000000e-01 2.307611e-05 8.000000e-04 2.275583e+03 3.179994e+01 2.288098e+01 6.922719e+01 4.346382e-02 6.539005e-02 2.675414e-01 3.566391e+00 1.982235e+01
2.000000e-01 1.512000e-01  1.374545e-01  1.000000e-01 2.369100e-05 8.000000e-04 2.275583e+03 3.179981e+01 2.288042e+01 6.922686e+01 4.629290e-02 7.027736e-02 2.819892e-01 3.758984e+00 2.089280e+01
2.000000e-01 1.512000e-01  1.374545e-01  1.000000e-01 2.432228e-05 8.000000e-04 2.275583e+03 3.179982e+01 2.287997e+01 6.922677e+01 4.662051e-02 7.401845e-02 2.972173e-01 3.961978e+00 2.202106e+01
2.000000e-01 1.512000e-01  1.374545e-01  1.000000e-01 2.497037e-05 8.000000e-04 2.275583e+03 3.179970e+01 2.287960e+01 6.922638e+01 4.970109e-02 7.796710e-02 3.132677e-01 4.175934e+00 2.321025e+01
2.000000e-01 1.512000e-01  1.374545e-01  1.000000e-01 2.563574e-05 8.000000e-04 2.275583e+03 3.179952e+01 2.287919e+01 6.922584e+01 5.274483e-02 8.097455e-02 3.301849e-01 4.401444e+00 2.446366e+01
2.000000e-01 1.512000e-01  1.374545e-01  1.000000e-01 2.631883e-05 8.000000e-04 2.275583e+03 3.179958e+01 2.287887e+01 6.922592e+01 5.580713e-02 8.589755e-02 3.480157e-01 4.639133e+00 2.578475e+01
2.000000e-01 1.512000e-01  1.374545e-01  1.000000e-01 2.702013e-05 8.000000e-04 2.275583e+03 3.179921e+01 2.287805e+01 6.922495e+01 5.914429e-02 9.147488e-02 3.668093e-01 4.889656e+00 2.717719e+01
2.000000e-01 1.512000e-01  1.374545e-01  1.000000e-01 2.774011e-05 8.000000e-04 2.275583e+03 3.179909e+01 2.287768e+01 6.922468e+01 6.219629e-02 9.566983e-02 3.866179e-01 5.153709e+00 2.864482e+01
2.000000e-01 1.512000e-01  1.374545e-01  1.000000e-01 2.847928e-05 8.000000e-04 2.275583e+03 3.179890e+01 2.287681e+01 6.922402e+01 6.639593e-02 1.012717e-01 4.074961e-01 5.432021e+00 3.019171e+01
2.000000e-01 1.512000e-01  1.374545e-01  1.000000e-01 2.923814e-05 8.000000e-04 2.275583e+03 3.179870e+01 2.287645e+01 6.922337e+01 7.022078e-02 1.062576e-01 4.295019e-01 5.725363e+00 3.182213e+01
2.000000e-01 1.512000e-01  1.374545e-01  1.000000e-01 3.001722e-05 8.000000e-04 2.275583e+03 3.179867e+01 2.287542e+01 6.922311e+01 7.082729e-02 1.132303e-01 4.526960e-01 6.034546e+00 3.354060e+01
2.000000e-01 1.512000e-01  1.374545e-01  1.000000e-01 3.081707e-05 8.000000e-04 2.275583e+03 3.179832e+01 2.287533e+01 6.922234e+01 7.717586e-02 1.167726e-01 4.771426e-01 6.360425e+00 3.535187e+01
2.000000e-01 1.512000e-01  1.374545e-01  1.000000e-01 3.163822e-05 8.000000e-04 2.275583e+03 3.179819e+01 2.287409e+01 6.922167e+01 8.151053e-02 1.258679e-01 5.029094e-01 6.703903e+00 3.726095e+01
2.000000e-01 1.512000e-01  1.374545e-01  1.000000e-01 3.248126e-05 8.000000e-04 2.275583e+03 3.179812e+01 2.287362e+01 6.922165e+01 8.364255e-02 1.310999e-01 5.300677e-01 7.065929e+00 3.927313e+01
2.000000e-01 1.512000e-01  1.374545e-01  1.000000e-01 3.334676e-05 8.000000e-04 2.275583e+03 3.179778e+01 2.287293e+01 6.922062e+01 9.056595e-02 1.370537e-01 5.586925e-01 7.447506e+00 4.139396e+01
2.000000e-01 1.512000e-01  1.374545e-01  1.000000e-01 3.423532e-05 8.000000e-04 2.275583e+03 3.179737e+01 2.287196e+01 6.921964e+01 9.444717e-02 1.478279e-01 5.888632e-01 7.849688e+00 4.362933e+01
2.000000e-01 1.512000e-01  1.374545e-01  1.000000e-01 3.514756e-05 8.000000e-04 2.275583e+03 3.179705e+01 2.287124e+01 6.921866e+01 1.002464e-01 1.532610e-01 6.206632e-01 8.273590e+00 4.598542e+01
2.000000e-01 1.512000e-01  1.374545e-01  1.000000e-01 3.608411e-05 8.000000e-04 2.275583e+03 3.179696e+01 2.287021e+01 6.921818e+01 1.031267e-01 1.623267e-01 6.541804e-01 8.720383e+00 4.846874e+01
2.000000e-01 1.512000e-01  1.374545e-01  1.000000e-01 3.704561e-05 8.000000e-04 2.275583e+03 3.179690e+01 2.286940e+01 6.921779e+01 1.111702e-01 1.729111e-01 6.895077e-01 9.191303e+00 5.108616e+01
2.000000e-01 1.512000e-01  1.374545e-01  1.000000e-01 3.803273e-05 8.000000e-04 2.275583e+03 3.179634e+01 2.286848e+01 6.921642e+01 1.188632e-01 1.800769e-01 7.267427e-01 9.687655e+00 5.384493e+01
2.000000e-01 1.512000e-01  1.374545e-01  1.000000e-01 3.904616e-05 8.000000e-04 2.275583e+03 3.179613e+01 2.286668e+01 6.921564e+01 1.241131e-01 1.941241e-01 7.659885e-01 1.021081e+01 5.675268e+01
2.000000e-01 1.512000e-01  1.374545e-01  1.000000e-01 4.008659e-05 8.000000e-04 2.275583e+03 3.179588e+01 2.286613e+01 6.921479e+01 1.340066e-01 2.001089e-01 8.073537e-01 1.076222e+01 5.981746e+01
2.000000e-01 1.512000e-01  1.374545e-01  1.000000e-01 4.115474e-05 8.000000e-04 2.275583e+03 3.179528e+01 2.286489e+01 6.921335e+01 1.366773e-01 2.099961e-01 8.509526e-01 1.134340e+01 6.304774e+01
2.000000e-01 1.512000e-01  1.374545e-01  1.000000e-01 4.225136e-05 8.000000e-04 2.275583e+03 3.179523e+01 2.286361e+01 6.921304e+01 1.484606e-01 2.217266e-01 8.969060e-01 1.195597e+01 6.645246e+01
2.000000e-01 1.512000e-01  1.374545e-01  1.000000e-01 4.337719e-05 8.000000e-04 2.275583e+03 3.179457e+01 2.286210e+01 6.921116e+01 1.551893e-01 2.338970e-01 9.453410e-01 1.260162e+01 7.004105e+01
2.000000e-01 1.512000e-01  1.374545e-01  1.000000e-01 4.453303e-05 8.000000e-04 2.275583e+03 3.179416e+01 2.286127e+01 6.921027e+01 1.600831e-01 2.487686e-01 9.963916e-01 1.328214e+01 7.382343e+01
2.000000e-01 1.512000e-01  1.374545e-01  1.000000e-01 4.571966e-05 8.000000e-04 2.275583e+03 3.179375e+01 2.285909e+01 6.920880e+01 1.724799e-01 2.628257e-01 1.050199e+00 1.399941e+01 7.781007e+01
2.000000e-01 1.512000e-01  1.374545e-01  1.000000e-01 4.693791e-05 8.000000e-04 2.275583e+03 3.179380e+01 2.285885e+01 6.920867e+01 1.745064e-01 2.692295e-01 1.106912e+00 1.475541e+01 8.201199e+01
2.000000e-01 1.512000e-01  1.374545e-01  1.000000e-01 4.818863e-05 8.000000e-04 2.275583e+03 3.179395e+01 2.285571e+01 6.920813e+01 1.860008e-01 2.935497e-01 1.166688e+00 1.555223e+01 8.644083e+01
2.000000e-01 1.512000e-01  1.374545e-01  1.000000e-01 4.947267e-05 8.000000e-04 2.275583e+03 3.179241e+01 2.285596e+01 6.920482e+01 2.009279e-01 2.987579e-01 1.229692e+00 1.639209e+01 9.110883e+01
2.000000e-01 1.512000e-01  1.374545e-01  1.000000e-01 5.079093e-05 8.000000e-04 2.275583e+03 3.179219e+01 2.285347e+01 6.920381e+01 2.147733e-01 3.190288e-01 1.296098e+00 1.727730e+01 9.602892e+01
2.000000e-01 1.512000e-01  1.374545e-01  1.000000e-01 5.214431e-05 8.000000e-04 2.275583e+03 3.179148e+01 2.285099e+01 6.920178e+01 2.215221e-01 3.377347e-01 1.366090e+00 1.821031e+01 1.012147e+02
2.000000e-01 1.512000e-01  1.374545e-01  1.000000e-01 5.353375e-05 8.000000e-04 2.275583e+03 3.179073e+01 2.284881e+01 6.920005e+01 2.294346e-01 3.593452e-01 1.439862e+00 1.919371e+01 1.066805e+02
2.000000e-01 1.512000e-01  1.374545e-01  1.000000e-01 5.496022e-05 8.000000e-04 2.275583e+03 3.179115e+01 2.284571e+01 6.919999e+01 2.444187e-01 3.799337e-01 1.517618e+00 2.023022e+01 1.124415e+02
2.000000e-01 1.512000e-01  1.374545e-01  1.000000e-01 5.642470e-05 8.000000e-04 2.275583e+03 3.179040e+01 2.284477e+01 6.919782e+01 2.515037e-01 3.875433e-01 1.599573e+00 2.132270e+01 1.185136e+02
2.000000e-01 1.512000e-01  1.374545e-01  1.000000e-01 5.792820e-05 8.000000e-04 2.275583e+03 3.178884e+01 2.284036e+01 6.919320e+01 2.702653e-01 4.145348e-01 1.685954e+00 2.247417e+01 1.249136e+02
2.000000e-01 1.512000e-01  1.374545e-01  1.000000e-01 5.947176e-05 8.000000e-04 2.275583e+03 3.178851e+01 2.283950e+01 6.919256e+01 2.912045e-01 4.336558e-01 1.776999e+00 2.368783e+01 1.316593e+02
2.000000e-01 1.512000e-01  1.374545e-01  1.000000e-01 6.105646e-05 8.000000e-04 2.275583e+03 3.178818e+01 2.283810e+01 6.919170e+01 3.096416e-01 4.584692e-01 1.872961e+00 2.496703e+01 1.387692e+02
2.000000e-01 1.512000e-01  1.374545e-01  1.000000e-01 6.268338e-05 8.000000e-04 2.275583e+03 3.178810e+01 2.283477e+01 6.919069e+01 3.147610e-01 4.919393e-01 1.974106e+00 2.631530e+01 1.462630e+02
2.000000e-01 1.512000e-01  1.374545e-01  1.000000e-01 6.435365e-05 8.000000e-04 2.275583e+03 3.178644e+01 2.283120e+01 6.918658e+01 3.376620e-01 5.160829e-01 2.080712e+00 2.773639e+01 1.541616e+02
2.000000e-01 1.512000e-01  1.374545e-01  1.000000e-01 6.606842e-05 8.000000e-04 2.275583e+03 3.178658e+01 2.282757e+01 6.918551e+01 3.571770e-01 5.460860e-01 2.193075e+00 2.923422e+01 1.624866e+02
2.000000e-01 1.512000e-01  1.374545e-01  1.000000e-01 6.782889e-05 8.000000e-04 2.275583e+03 3.178490e+01 2.282481e+01 6.918181e+01 3.664786e-01 5.679787e-01 2.311506e+00 3.081293e+01 1.712613e+02
2.000000e-01 1.512000e-01  1.374545e-01  1.000000e-01 6.963627e-05 8.000000e-04 2.275583e+03 3.178363e+01 2.282196e+01 6.917665e+01 3.940602e-01 6.093334e-01 2.436333e+00 3.247690e+01 1.805098e+02
2.000000e-01 1.512000e-01  1.374545e-01  1.000000e-01 7.149181e-05 8.000000e-04 2.275583e+03 3.178083e+01 2.282062e+01 6.917251e+01 4.301748e-01 6.345727e-01 2.567901e+00 3.423073e+01 1.902578e+02
2.000000e-01 1.512000e-01  1.374545e-01  1.000000e-01 7.339679e-05 8.000000e-04 2.275583e+03 3.178142e+01 2.281519e+01 6.917144e+01 4.296276e-01 6.734885e-01 2.706573e+00 3.607927e+01 2.005321e+02
2.000000e-01 1.512000e-01  1.374545e-01  1.000000e-01 7.535253e-05 8.000000e-04 2.275583e+03 3.178126e+01 2.281232e+01 6.917088e+01 4.576407e-01 7.101514e-01 2.852734e+00 3.802763e+01 2.113613e+02
2.000000e-01 1.512000e-01  1.374545e-01  1.000000e-01 7.736039e-05 8.000000e-04 2.275583e+03 3.177868e+01 2.280689e+01 6.916395e+01 4.874580e-01 7.435098e-01 3.006789e+00 4.008121e+01 2.227753e+02
2.000000e-01 1.512000e-01  1.374545e-01  1.000000e-01 7.942174e-05 8.000000e-04 2.275583e+03 3.177833e+01 2.280123e+01 6.916118e+01 5.027699e-01 7.944371e-01 3.169162e+00 4.224569e+01 2.348057e+02
2.000000e-01 1.512000e-01  1.374545e-01  1.000000e-01 8.153803e-05 8.000000e-04 2.275583e+03 3.177749e+01 2.279670e+01 6.915846e+01 5.337510e-01 8.245157e-01 3.340304e+00 4.452706e+01 2.474857e+02
2.000000e-01 1.512000e-01  1.374545e-01  1.000000e-01 8.371070e-05 8.000000e-04 2.275583e+03 3.177377e+01 2.279359e+01 6.915021e+01 5.956993e-01 8.809178e-01 3.520688e+00 4.693162e+01 2.608505e+02
2.000000e-01 1.512000e-01  1.374545e-01  1.000000e-01 8.594127e-05 8.000000e-04 2.275583e+03 3.177495e+01 2.278772e+01 6.914959e+01 6.071951e-01 9.144680e-01 3.710814e+00 4.946604e+01 2.749371e+02
2.000000e-01 1.512000e-01  1.374545e-01  1.000000e-01 8.823127e-05 8.000000e-04 2.275583e+03 3.177240e+01 2.278059e+01 6.914515e+01 6.339948e-01 9.694460e-01 3.911206e+00 5.213732e+01 2.897843e+02
2.000000e-01 1.512000e-01  1.374545e-01  1.000000e-01 9.058230e-05 8.000000e-04 2.275583e+03 3.177061e+01 2.278010e+01 6.913999e+01 6.683359e-01 1.012006e+00 4.122420e+00 5.495285e+01 3.054333e+02
2.000000e-01 1.512000e-01  1.374545e-01  1.000000e-01 9.299597e-05 8.000000e-04 2.275583e+03 3.177044e+01 2.277033e+01 6.913708e+01 6.946827e-01 1.084374e+00 4.345041e+00 5.792044e+01 3.219274e+02
2.000000e-01 1.512000e-01  1.374545e-01  1.000000e-01 9.547395e-05 8.000000e-04 2.275583e+03 3.176930e+01 2.276748e+01 6.913475e+01 7.385473e-01 1.136095e+00 4.579683e+00 6.104827e+01 3.393123e+02
2.000000e-01 1.512000e-01  1.374545e-01  1.000000e-01 9.801796e-05 8.000000e-04 2.275583e+03 3.176457e+01 2.275356e+01 6.912171e+01 7.725924e-01 1.206305e+00 4.826996e+00 6.434502e+01 3.576359e+02
2.000000e-01 1.512000e-01  1.374545e-01  1.000000e-01 1.006298e-04 8.000000e-04 2.275583e+03 3.176244e+01 2.275011e+01 6.911683e+01 8.206438e-01 1.262877e+00 5.087665e+00 6.781980e+01 3.769491e+02
2.000000e-01 1.512000e-01  1.374545e-01  1.000000e-01 1.033112e-04 8.000000e-04 2.275583e+03 3.176366e+01 2.274077e+01 6.911567e+01 8.577084e-01 1.333366e+00 5.362411e+00 7.148223e+01 3.973052e+02
2.000000e-01 1.512000e-01  1.374545e-01  1.000000e-01 1.060640e-04 8.000000e-04 2.275583e+03 3.175822e+01 2.273544e+01 6.910361e+01 8.970750e-01 1.382430e+00 5.651993e+00 7.534243e+01 4.187606e+02
2.000000e-01 1.512000e-01  1.374545e-01  1.000000e-01 1.088902e-04 8.000000e-04 2.275583e+03 3.175910e+01 2.272978e+01 6.910474e+01 9.230887e-01 1.495015e+00 5.957214e+00 7.941110e+01 4.413746e+02
2.000000e-01 1.512000e-01  1.374545e-01  1.000000e-01 1.117917e-04 8.000000e-04 2.275583e+03 3.175696e+01 2.271719e+01 6.909634e+01 9.947842e-01 1.549164e+00 6.278918e+00 8.369948e+01 4.652099e+02
2.000000e-01 1.512000e-01  1.374545e-01  1.000000e-01 1.147705e-04 8.000000e-04 2.275583e+03 3.175223e+01 2.271071e+01 6.908628e+01 1.074290e+00 1.649412e+00 6.617994e+00 8.821945e+01 4.903323e+02
2.000000e-01 1.512000e-01  1.374545e-01  1.000000e-01 1.178287e-04 8.000000e-04 2.275583e+03 3.175046e+01 2.269770e+01 6.907442e+01 1.126225e+00 1.740288e+00 6.975381e+00 9.298350e+01 5.168114e+02
2.000000e-01 1.512000e-01  1.374545e-01  1.000000e-01 1.209684e-04 8.000000e-04 2.275583e+03 3.174109e+01 2.268447e+01 6.905629e+01 1.217294e+00 1.814504e+00 7.352067e+00 9.800482e+01 5.447204e+02
2.000000e-01 1.512000e-01  1.374545e-01  1.000000e-01 1.241917e-04 8.000000e-04 2.275583e+03 3.174243e+01 2.267736e+01 6.905665e+01 1.263194e+00 1.941427e+00 7.749096e+00 1.032973e+02 5.741365e+02
2.000000e-01 1.512000e-01  1.374545e-01  1.000000e-01 1.275010e-04 8.000000e-04 2.275583e+03 3.173661e+01 2.267454e+01 6.904592e+01 1.310710e+00 2.022757e+00 8.167565e+00 1.088756e+02 6.051412e+02
2.000000e-01 1.512000e-01  1.374545e-01  1.000000e-01 1.308984e-04 8.000000e-04 2.275583e+03 3.173409e+01 2.265711e+01 6.903439e+01 1.413897e+00 2.147741e+00 8.608632e+00 1.147551e+02 6.378203e+02
2.000000e-01 1.512000e-01  1.374545e-01  1.000000e-01 1.343863e-04 8.000000e-04 2.275583e+03 3.173407e+01 2.264548e+01 6.903106e+01 1.451580e+00 2.246806e+00 9.073518e+00 1.209522e+02 6.722640e+02
2.000000e-01 1.512000e-01  1.374545e-01  1.000000e-01 1.379672e-04 8.000000e-04 2.275583e+03 3.173146e+01 2.263257e+01 6.902241e+01 1.528352e+00 2.355236e+00 9.563509e+00 1.274839e+02 7.085678e+02
2.000000e-01 1.512000e-01  1.374545e-01  1.000000e-01 1.416435e-04 8.000000e-04 2.275583e+03 3.172605e+01 2.262309e+01 6.901049e+01 1.622532e+00 2.474547e+00 1.007996e+01 1.343683e+02 7.468321e+02
2.000000e-01 1.512000e-01  1.374545e-01  1.000000e-01 1.454177e-04 8.000000e-04 2.275583e+03 3.172188e+01 2.259568e+01 6.899833e+01 1.729362e+00 2.668085e+00 1.062430e+01 1.416245e+02 7.871628e+02
2.000000e-01 1.512000e-01  1.374545e-01  1.000000e-01 1.492926e-04 8.000000e-04 2.275583e+03 3.171596e+01 2.259179e+01 6.898385e+01 1.794270e+00 2.742501e+00 1.119804e+01 1.492726e+02 8.296714e+02
2.000000e-01 1.512000e-01  1.374545e-01  1.000000e-01 1.532706e-04 8.000000e-04 2.275583e+03 3.171204e+01 2.257278e+01 6.896350e+01 1.878163e+00 2.950714e+00 1.180276e+01 1.573336e+02 8.744756e+02
2.000000e-01 1.512000e-01  1.374545e-01  1.000000e-01 1.573547e-04 8.000000e-04 2.275583e+03 3.170200e+01 2.255926e+01 6.895043e+01 2.006876e+00 3.076780e+00 1.244014e+01 1.658300e+02 9.216993e+02
2.000000e-01 1.512000e-01  1.374545e-01  1.000000e-01 1.615476e-04 8.000000e-04 2.275583e+03 3.170743e+01 2.254949e+01 6.895024e+01 2.075017e+00 3.205569e+00 1.311193e+01 1.747852e+02 9.714732e+02
2.000000e-01 1.512000e-01  1.374545e-01  1.000000e-01 1.658522e-04 8.000000e-04 2.275583e+03 3.169635e+01 2.252057e+01 6.892719e+01 2.229517e+00 3.452864e+00 1.382001e+01 1.842240e+02 1.023935e+03
2.000000e-01 1.512000e-01  1.374545e-01  1.000000e-01 1.702715e-04 8.000000e-04 2.275583e+03 3.169050e+01 2.250370e+01 6.890914e+01 2.363334e+00 3.620651e+00 1.456632e+01 1.941725e+02 1.079230e+03
2.000000e-01 1.512000e-01  1.374545e-01  1.000000e-01 1.748086e-04 8.000000e-04 2.275583e+03 3.168549e+01 2.247928e+01 6.888807e+01 2.477291e+00 3.848467e+00 1.535293e+01 2.046583e+02 1.137511e+03
2.000000e-01 1.512000e-01  1.374545e-01  1.000000e-01 1.794666e-04 8.000000e-04 2.275583e+03 3.168097e+01 2.245556e+01 6.887631e+01 2.599246e+00 4.000626e+00 1.618203e+01 2.157103e+02 1.198939e+03
2.000000e-01 1.512000e-01  1.374545e-01  1.000000e-01 1.842487e-04 8.000000e-04 2.275583e+03 3.167291e+01 2.243926e+01 6.886099e+01 2.646975e+00 4.161850e+00 1.705589e+01 2.273592e+02 1.263684e+03
2.000000e-01 1.512000e-01  1.374545e-01  1.000000e-01 1.891582e-04 8.000000e-04 2.275583e+03 3.166637e+01 2.241797e+01 6.883915e+01 2.905680e+00 4.423631e+00 1.797695e+01 2.396371e+02 1.331926e+03
2.000000e-01 1.512000e-01  1.374545e-01  1.000000e-01 1.941986e-04 8.000000e-04 2.275583e+03 3.165559e+01 2.238893e+01 6.881640e+01 3.077006e+00 4.709864e+00 1.894775e+01 2.525780e+02 1.403853e+03
2.000000e-01 1.512000e-01  1.374545e-01  1.000000e-01 1.993732e-04 8.000000e-04 2.275583e+03 3.165112e+01 2.235866e+01 6.879871e+01 3.302793e+00 4.984139e+00 1.997097e+01 2.662178e+02 1.479665e+03
2.000000e-01 1.512000e-01  1.374545e-01  1.000000e-01 2.046857e-04 8.000000e-04 2.275583e+03 3.163771e+01 2.232501e+01 6.876858e+01 3.435716e+00 5.207425e+00 2.104945e+01 2.805942e+02 1.559570e+03
2.000000e-01 1.512000e-01  1.374545e-01  1.000000e-01 2.101398e-04 8.000000e-04 2.275583e+03 3.163680e+01 2.229265e+01 6.874690e+01 3.513313e+00 5.469496e+00 2.218617e+01 2.957470e+02 1.643790e+03
2.000000e-01 1.512000e-01  1.374545e-01  1.000000e-01 2.157392e-04 8.000000e-04 2.275583e+03 3.161340e+01 2.225128e+01 6.869948e+01 3.652876e+00 5.855872e+00 2.338427e+01 3.117180e+02 1.732559e+03
2.000000e-01 1.512000e-01  1.374545e-01  1.000000e-01 2.214878e-04 8.000000e-04 2.275583e+03 3.161344e+01 2.224534e+01 6.870041e+01 3.868175e+00 6.096965e+00 2.464708e+01 3.285515e+02 1.826121e+03
2.000000e-01 1.512000e-01  1.374545e-01  1.000000e-01 2.273896e-04 8.000000e-04 2.275583e+03 3.159385e+01 2.219555e+01 6.865377e+01 4.253585e+00 6.457573e+00 2.597808e+01 3.462940e+02 1.924736e+03
2.000000e-01 1.512000e-01  1.374545e-01  1.000000e-01 2.334487e-04 8.000000e-04 2.275583e+03 3.159668e+01 2.218131e+01 6.864355e+01 4.363951e+00 6.814971e+00 2.738095e+01 3.649947e+02 2.028676e+03
2.000000e-01 1.512000e-01  1.374545e-01  1.000000e-01 2.396692e-04 8.000000e-04 2.275583e+03 3.157549e+01 2.212708e+01 6.859127e+01 4.712193e+00 7.204842e+00 2.885959e+01 3.847052e+02 2.138229e+03
2.000000e-01 1.512000e-01  1.374545e-01  1.000000e-01 2.460555e-04 8.000000e-04 2.275583e+03 3.156825e+01 2.211082e+01 6.856825e+01 5.029945e+00 7.567470e+00 3.041807e+01 4.054802e+02 2.253699e+03
2.000000e-01 1.512000e-01  1.374545e-01  1.000000e-01 2.526119e-04 8.000000e-04 2.275583e+03 3.154473e+01 2.204570e+01 6.852234e+01 5.141654e+00 7.923921e+00 3.206072e+01 4.273771e+02 2.375404e+03
2.000000e-01 1.512000e-01  1.374545e-01  1.000000e-01 2.593430e-04 8.000000e-04 2.275583e+03 3.154799e+01 2.200197e+01 6.852222e+01 5.296798e+00 8.362922e+00 3.379207e+01 4.504564e+02 2.503681e+03
2.000000e-01 1.512000e-01  1.374545e-01  1.000000e-01 2.662535e-04 8.000000e-04 2.275583e+03 3.153524e+01 2.196306e+01 6.849341e+01 5.739052e+00 8.816246e+00 3.561692e+01 4.747821e+02 2.638885e+03
2.000000e-01 1.512000e-01  1.374545e-01  1.000000e-01 2.733482e-04 8.000000e-04 2.275583e+03 3.152021e+01 2.191249e+01 6.843684e+01 6.172712e+00 9.332732e+00 3.754032e+01 5.004215e+02 2.781391e+03
2.000000e-01 1.512000e-01  1.374545e-01  1.000000e-01 2.806318e-04 8.000000e-04 2.275583e+03 3.149304e+01 2.185489e+01 6.839320e+01 6.510816e+00 9.870749e+00 3.956758e+01 5.274454e+02 2.931593e+03
2.000000e-01 1.512000e-01  1.374545e-01  1.000000e-01 2.881096e-04 8.000000e-04 2.275583e+03 3.149334e+01 2.183090e+01 6.837223e+01 6.535523e+00 1.034781e+01 4.170432e+01 5.559286e+02 3.089906e+03
2.000000e-01 1.512000e-01  1.374545e-01  1.000000e-01 2.957866e-04 8.000000e-04 2.275583e+03 3.146256e+01 2.175546e+01 6.829955e+01 7.136596e+00 1.080633e+01 4.395645e+01 5.859501e+02 3.256768e+03
2.000000e-01 1.512000e-01  1.374545e-01  1.000000e-01 3.036682e-04 8.000000e-04 2.275583e+03 3.144208e+01 2.171404e+01 6.825182e+01 7.619437e+00 1.149030e+01 4.633020e+01 6.175927e+02 3.432641e+03
2.000000e-01 1.512000e-01  1.374545e-01  1.000000e-01 3.117598e-04 8.000000e-04 2.275583e+03 3.144547e+01 2.166133e+01 6.826122e+01 7.944503e+00 1.209527e+01 4.883214e+01 6.509442e+02 3.618011e+03
2.000000e-01 1.512000e-01  1.374545e-01  1.000000e-01 3.200670e-04 8.000000e-04 2.275583e+03 3.141961e+01 2.158219e+01 6.820633e+01 8.264273e+00 1.293709e+01 5.146919e+01 6.860967e+02 3.813392e+03
2.000000e-01 1.512000e-01  1.374545e-01  1.000000e-01 3.285955e-04 8.000000e-04 2.275583e+03 3.138825e+01 2.148703e+01 6.809302e+01 8.619129e+00 1.352273e+01 5.424864e+01 7.231475e+02 4.019324e+03
2.000000e-01 1.512000e-01  1.374545e-01  1.000000e-01 3.373513e-04 8.000000e-04 2.275583e+03 3.135120e+01 2.141795e+01 6.802283e+01 9.167222e+00 1.419058e+01 5.717820e+01 7.621991e+02 4.236377e+03
2.000000e-01 1.512000e-01  1.374545e-01  1.000000e-01 3.463404e-04 8.000000e-04 2.275583e+03 3.136424e+01 2.140387e+01 6.806181e+01 9.585232e+00 1.490461e+01 6.026595e+01 8.033596e+02 4.465151e+03
2.000000e-01 1.512000e-01  1.374545e-01  1.000000e-01 3.555691e-04 8.000000e-04 2.275583e+03 3.130176e+01 2.134618e+01 6.794216e+01 1.035422e+01 1.573010e+01 6.352045e+01 8.467429e+02 4.706280e+03
2.000000e-01 1.512000e-01  1.374545e-01  1.000000e-01 3.650436e-04 8.000000e-04 2.275583e+03 3.127687e+01 2.126299e+01 6.786560e+01 1.078572e+01 1.646542e+01 6.695070e+01 8.924690e+02 4.960430e+03
2.000000e-01 1.512000e-01  1.374545e-01  1.000000e-01 3.747706e-04 8.000000e-04 2.275583e+03 3.124921e+01 2.116628e+01 6.784710e+01 1.121798e+01 1.759319e+01 7.056620e+01 9.406644e+02 5.228304e+03
2.000000e-01 1.512000e-01  1.374545e-01  1.000000e-01 3.847568e-04 8.000000e-04 2.275583e+03 3.120893e+01 2.105065e+01 6.773679e+01 1.216319e+01 1.840359e+01 7.437693e+01 9.914624e+02 5.510645e+03
2.000000e-01 1.512000e-01  1.374545e-01  1.000000e-01 3.950091e-04 8.000000e-04 2.275583e+03 3.122116e+01 2.095601e+01 6.773366e+01 1.262915e+01 1.941016e+01 7.839346e+01 1.045004e+03 5.808233e+03
2.000000e-01 1.512000e-01  1.374545e-01  1.000000e-01 4.055346e-04 8.000000e-04 2.275583e+03 3.113905e+01 2.088177e+01 6.758512e+01 1.345523e+01 2.053734e+01 8.262689e+01 1.101436e+03 6.121891e+03
2.000000e-01 1.512000e-01  1.374545e-01  1.000000e-01 4.163405e-04 8.000000e-04 2.275583e+03 3.115975e+01 2.078505e+01 6.760270e+01 1.384248e+01 2.157674e+01 8.708893e+01 1.160916e+03 6.452487e+03
2.000000e-01 1.512000e-01  1.374545e-01  1.000000e-01 4.274344e-04 8.000000e-04 2.275583e+03 3.109474e+01 2.068829e+01 6.749316e+01 1.470571e+01 2.272624e+01 9.179194e+01 1.223609e+03 6.800936e+03
2.000000e-01 1.512000e-01  1.374545e-01  1.000000e-01 4.388239e-04 8.000000e-04 2.275583e+03 3.112395e+01 2.065582e+01 6.752931e+01 1.516450e+01 2.395492e+01 9.674891e+01 1.289686e+03 7.168202e+03
2.000000e-01 1.512000e-01  1.374545e-01  1.000000e-01 4.505168e-04 8.000000e-04 2.275583e+03 3.104226e+01 2.049323e+01 6.737664e+01 1.621598e+01 2.539151e+01 1.019736e+02 1.359332e+03 7.555302e+03
2.000000e-01 1.512000e-01  1.374545e-01  1.000000e-01 4.625214e-04 8.000000e-04 2.275583e+03 3.105377e+01 2.044603e+01 6.745036e+01 1.714191e+01 2.664278e+01 1.074804e+02 1.432739e+03 7.963306e+03
2.000000e-01 1.512000e-01  1.374545e-01  1.000000e-01 4.748458e-04 8.000000e-04 2.275583e+03 3.096035e+01 2.031006e+01 6.717911e+01 1.841362e+01 2.802320e+01 1.132846e+02 1.510111e+03 8.393343e+03
2.000000e-01 1.512000e-01  1.374545e-01  1.000000e-01 4.874986e-04 8.000000e-04 2.275583e+03 3.092975e+01 2.011965e+01 6.722616e+01 1.921532e+01 2.967280e+01 1.194022e+02 1.591660e+03 8.846603e+03
2.000000e-01 1.512000e-01  1.374545e-01  1.000000e-01 5.004886e-04 8.000000e-04 2.275583e+03 3.087363e+01 2.008524e+01 6.709434e+01 2.036372e+01 3.115080e+01 1.258502e+02 1.677613e+03 9.324340e+03
2.000000e-01 1.512000e-01  1.374545e-01  1.000000e-01 5.138247e-04 8.000000e-04 2.275583e+03 3.080395e+01 1.995469e+01 6.695808e+01 2.182734e+01 3.253292e+01 1.326464e+02 1.768209e+03 9.827876e+03
2.000000e-01 1.512000e-01  1.374545e-01  1.000000e-01 5.275161e-04 8.000000e-04 2.275583e+03 3.079443e+01 1.974018e+01 6.696780e+01 2.204410e+01 3.472149e+01 1.398096e+02 1.863696e+03 1.035860e+04
2.000000e-01 1.512000e-01  1.374545e-01  1.000000e-01 5.415724e-04 8.000000e-04 2.275583e+03 3.071852e+01 1.967652e+01 6.685160e+01 2.406804e+01 3.700302e+01 1.473597e+02 1.964340e+03 1.091799e+04
2.000000e-01 1.512000e-01  1.374545e-01  1.000000e-01 5.560032e-04 8.000000e-04 2.275583e+03 3.066257e+01 1.960265e+01 6.682196e+01 2.474078e+01 3.814030e+01 1.553174e+02 2.070419e+03 1.150759e+04
2.000000e-01 1.512000e-01  1.374545e-01  1.000000e-01 5.708185e-04 8.000000e-04 2.275583e+03 3.055841e+01 1.932974e+01 6.665818e+01 2.670544e+01 4.046241e+01 1.637049e+02 2.182226e+03 1.212903e+04
2.000000e-01 1.512000e-01  1.374545e-01  1.000000e-01 5.860287e-04 8.000000e-04 2.275583e+03 3.061656e+01 1.925862e+01 6.681379e+01 2.738557e+01 4.259748e+01 1.725454e+02 2.300071e+03 1.278402e+04
2.000000e-01 1.512000e-01  1.374545e-01  1.000000e-01 6.016441e-04 8.000000e-04 2.275583e+03 3.053432e+01 1.912902e+01 6.659762e+01 2.866965e+01 4.438191e+01 1.818632e+02 2.424281e+03 1.347439e+04
2.000000e-01 1.512000e-01  1.374545e-01  1.000000e-01 6.176756e-04 8.000000e-04 2.275583e+03 3.047051e+01 1.899824e+01 6.661227e+01 3.042855e+01 4.741540e+01 1.916843e+02 2.555197e+03 1.420204e+04
2.000000e-01 1.512000e-01  1.374545e-01  1.000000e-01 6.341342e-04 8.000000e-04 2.275583e+03 3.031947e+01 1.891124e+01 6.645279e+01 3.218246e+01 4.976532e+01 2.020357e+02 2.693184e+03 1.496898e+04
2.000000e-01 1.512000e-01  1.374545e-01  1.000000e-01 6.510315e-04 8.000000e-04 2.275583e+03 3.024264e+01 1.870763e+01 6.643072e+01 3.468615e+01 5.329092e+01 2.129461e+02 2.838622e+03 1.577734e+04
2.000000e-01 1.512000e-01  1.374545e-01  1.000000e-01 6.683790e-04 8.000000e-04 2.275583e+03 3.022213e+01 1.863039e+01 6.642981e+01 3.516789e+01 5.514423e+01 2.244456e+02 2.991914e+03 1.662935e+04
2.000000e-01 1.512000e-01  1.374545e-01  1.000000e-01 6.861887e-04 8.000000e-04 2.275583e+03 3.011750e+01 1.839215e+01 6.649347e+01 3.825152e+01 5.956416e+01 2.365662e+02 3.153485e+03 1.752738e+04
2.000000e-01 1.512000e-01  1.374545e-01  1.000000e-01 7.044730e-04 8.000000e-04 2.275583e+03 3.002808e+01 1.831648e+01 6.627097e+01 4.015331e+01 6.194380e+01 2.493413e+02 3.323780e+03 1.847389e+04
2.000000e-01 1.512000e-01  1.374545e-01  1.000000e-01 7.232445e-04 8.000000e-04 2.275583e+03 2.990442e+01 1.817516e+01 6.622693e+01 4.202153e+01 6.546579e+01 2.628064e+02 3.503272e+03 1.947153e+04
2.000000e-01 1.512000e-01  1.374545e-01  1.000000e-01 7.425162e-04 8.000000e-04 2.275583e+03 2.970207e+01 1.808518e+01 6.616615e+01 4.636945e+01 6.893149e+01 2.769985e+02 3.692457e+03 2.052304e+04
2.000000e-01 1.512000e-01  1.374545e-01  1.000000e-01 7.623014e-04 8.000000e-04 2.275583e+03 2.976030e+01 1.781664e+01 6.640791e+01 4.712724e+01 7.429927e+01 2.919571e+02 3.891858e+03 2.163133e+04
2.000000e-01 1.512000e-01  1.374545e-01  1.000000e-01 7.826138e-04 8.000000e-04 2.275583e+03 2.973101e+01 1.776773e+01 6.620972e+01 4.845683e+01 7.576660e+01 3.077234e+02 4.102027e+03 2.279947e+04
2.000000e-01 1.512000e-01  1.374545e-01  1.000000e-01 8.034674e-04 8.000000e-04 2.275583e+03 2.951753e+01 1.761253e+01 6.644903e+01 5.305530e+01 8.123814e+01 3.243412e+02 4.323546e+03 2.403069e+04
2.000000e-01 1.512000e-01  1.374545e-01  1.000000e-01 8.248767e-04 8.000000e-04 2.275583e+03 2.937075e+01 1.761785e+01 6.635061e+01 5.494760e+01 8.504019e+01 3.418564e+02 4.557028e+03 2.532841e+04
2.000000e-01 1.512000e-01  1.374545e-01  1.000000e-01 8.468565e-04 8.000000e-04 2.275583e+03 2.930581e+01 1.752033e+01 6.649030e+01 5.830365e+01 8.892442e+01 3.603174e+02 4.803118e+03 2.669620e+04
2.000000e-01 1.512000e-01  1.374545e-01  1.000000e-01 8.694220e-04 8.000000e-04 2.275583e+03 2.930265e+01 1.745940e+01 6.687942e+01 6.049352e+01 9.579178e+01 3.797754e+02 5.062498e+03 2.813786e+04
2.000000e-01 1.512000e-01  1.374545e-01  1.000000e-01 8.925887e-04 8.000000e-04 2.275583e+03 2.900841e+01 1.732212e+01 6.626600e+01 6.441147e+01 9.980602e+01 4.002842e+02 5.335884e+03 2.965737e+04
2.000000e-01 1.512000e-01  1.374545e-01  1.000000e-01 9.163728e-04 8.000000e-04 2.275583e+03 2.888891e+01 1.731295e+01 6.650991e+01 6.825844e+01 1.040134e+02 4.219005e+02 5.624035e+03 3.125893e+04
2.000000e-01 1.512000e-01  1.374545e-01  1.000000e-01 9.407906e-04 8.000000e-04 2.275583e+03 2.864048e+01 1.723155e+01 6.636037e+01 7.185999e+01 1.103725e+02 4.446841e+02 5.927746e+03 3.294699e+04
2.000000e-01 1.512000e-01  1.374545e-01  1.000000e-01 9.658591e-04 8.000000e-04 2.275583e+03 2.884210e+01 1.713091e+01 6.726461e+01 7.361566e+01 1.160257e+02 4.686981e+02 6.247858e+03 3.472620e+04
2.000000e-01 1.512000e-01  1.374545e-01  1.000000e-01 9.915955e-04 8.000000e-04 2.275583e+03 2.845662e+01 1.733149e+01 6.738809e+01 8.013124e+01 1.220364e+02 4.940089e+02 6.585257e+03 3.660150e+04
2.000000e-01 1.512000e-01  1.374545e-01  1.000000e-01 1.018018e-03 8.000000e-04 2.275583e+03 2.828868e+01 1.729344e+01 6.726762e+01 8.560440e+01 1.313668e+02 5.206865e+02 6.940876e+03 3.857807e+04
2.000000e-01 1.512000e-01  1.374545e-01  1.000000e-01 1.045144e-03 8.000000e-04 2.275583e+03 2.818227e+01 1.748625e+01 6.825870e+01 8.957178e+01 1.361689e+02 5.488048e+02 7.315700e+03 4.066137e+04
2.000000e-01 1.512000e-01  1.374545e-01  1.000000e-01 1.072993e-03 8.000000e-04 2.275583e+03 2.787405e+01 1.757566e+01 6.793777e+01 9.339639e+01 1.425707e+02 5.784415e+02 7.710764e+03 4.285718e+04
2.000000e-01 1.512000e-01  1.374545e-01  1.000000e-01 1.101584e-03 8.000000e-04 2.275583e+03 2.757420e+01 1.761924e+01 6.756689e+01 9.909983e+01 1.510201e+02 6.096787e+02 8.127164e+03 4.517157e+04
2.000000e-01 1.512000e-01  1.374545e-01  1.000000e-01 1.130937e-03 8.000000e-04 2.275583e+03 2.770199e+01 1.781150e+01 6.921896e+01 1.029558e+02 1.592219e+02 6.426028e+02 8.566050e+03 4.761094e+04
2.000000e-01 1.512000e-01  1.374545e-01  1.000000e-01 1.161072e-03 8.000000e-04 2.275583e+03 2.733846e+01 1.816905e+01 6.995640e+01 1.093147e+02 1.666676e+02 6.773049e+02 9.028637e+03 5.018204e+04
2.000000e-01 1.512000e-01  1.374545e-01  1.000000e-01 1.192010e-03 8.000000e-04 2.275583e+03 2.749973e+01 1.842778e+01 7.155794e+01 1.127953e+02 1.762939e+02 7.138809e+02 9.516204e+03 5.289199e+04
2.000000e-01 1.512000e-01  1.374545e-01  1.000000e-01 1.223773e-03 8.000000e-04 2.275583e+03 2.702112e+01 1.869431e+01 7.083916e+01 1.212789e+02 1.857668e+02 7.524322e+02 1.003010e+04 5.574828e+04
2.000000e-01 1.512000e-01  1.374545e-01  1.000000e-01 1.256382e-03 8.000000e-04 2.275583e+03 2.649497e+01 1.858815e+01 6.964454e+01 1.263122e+02 1.954122e+02 7.930653e+02 1.057175e+04 5.875882e+04
2.000000e-01 1.512000e-01  1.374545e-01  1.000000e-01 1.289860e-03 8.000000e-04 2.275583e+03 2.664038e+01 1.930025e+01 7.183622e+01 1.401769e+02 2.087099e+02 8.358927e+02 1.114265e+04 6.193194e+04
2.000000e-01 1.512000e-01  1.374545e-01  1.000000e-01 1.324229e-03 8.000000e-04 2.275583e+03 2.645171e+01 1.949717e+01 7.237805e+01 1.420215e+02 2.179477e+02 8.810328e+02 1.174438e+04 6.527641e+04
2.000000e-01 1.512000e-01  1.374545e-01  1.000000e-01 1.359515e-03 8.000000e-04 2.275583e+03 2.624424e+01 2.035238e+01 7.465600e+01 1.461729e+02 2.312288e+02 9.286107e+02 1.237860e+04 6.880149e+04
2.000000e-01 1.512000e-01  1.374545e-01  1.000000e-01 1.395741e-03 8.000000e-04 2.275583e+03 2.625783e+01 2.048408e+01 7.435316e+01 1.603325e+02 2.428526e+02 9.787579e+02 1.304708e+04 7.251693e+04
2.000000e-01 1.512000e-01  1.374545e-01  1.000000e-01 1.432932e-03 8.000000e-04 2.275583e+03 2.559703e+01 2.121642e+01 7.490082e+01 1.667377e+02 2.545288e+02 1.031613e+03 1.375165e+04 7.643302e+04
2.000000e-01 1.512000e-01  1.374545e-01  1.000000e-01 1.471114e-03 8.000000e-04 2.275583e+03 2.521611e+01 2.176919e+01 7.552052e+01 1.753487e+02 2.708812e+02 1.087323e+03 1.449427e+04 8.056058e+04
2.000000e-01 1.512000e-01  1.374545e-01  1.000000e-01 1.510314e-03 8.000000e-04 2.275583e+03 2.535897e+01 2.227589e+01 7.648367e+01 1.830209e+02 2.828664e+02 1.146041e+03 1.527700e+04 8.491104e+04
2.000000e-01 1.512000e-01  1.374545e-01  1.000000e-01 1.550558e-03 8.000000e-04 2.275583e+03 2.520705e+01 2.294362e+01 7.793614e+01 1.985557e+02 2.989968e+02 1.207930e+03 1.610199e+04 8.949644e+04
2.000000e-01 1.512000e-01  1.374545e-01  1.000000e-01 1.591874e-03 8.000000e-04 2.275583e+03 2.510021e+01 2.348982e+01 7.865186e+01 2.063267e+02 3.135314e+02 1.273161e+03 1.697154e+04 9.432946e+04
2.000000e-01 1.512000e-01  1.374545e-01  1.000000e-01 1.634292e-03 8.000000e-04 2.275583e+03 2.500728e+01 2.543037e+01 8.422031e+01 2.139941e+02 3.335933e+02 1.341914e+03 1.788804e+04 9.942348e+04
2.000000e-01 1.512000e-01  1.374545e-01  1.000000e-01 1.677839e-03 8.000000e-04 2.275583e+03 2.490164e+01 2.571609e+01 8.260003e+01 2.266450e+02 3.489405e+02 1.414381e+03 1.885404e+04 1.047926e+05
2.000000e-01 1.512000e-01  1.374545e-01  1.000000e-01 1.722547e-03 8.000000e-04 2.275583e+03 2.462652e+01 2.687622e+01 8.623882e+01 2.390511e+02 3.682006e+02 1.490761e+03 1.987220e+04 1.104516e+05
2.000000e-01 1.512000e-01  1.374545e-01  1.000000e-01 1.768447e-03 8.000000e-04 2.275583e+03 2.429038e+01 2.733838e+01 8.548699e+01 2.529301e+02 3.874526e+02 1.571266e+03 2.094535e+04 1.164163e+05
2.000000e-01 1.512000e-01  1.374545e-01  1.000000e-01 1.815569e-03 8.000000e-04 2.275583e+03 2.411234e+01 2.799401e+01 8.653837e+01 2.597378e+02 4.079169e+02 1.656118e+03 2.207645e+04 1.227030e+05
2.000000e-01 1.512000e-01  1.374545e-01  1.000000e-01 1.863947e-03 8.000000e-04 2.275583e+03 2.394701e+01 2.951696e+01 9.098862e+01 2.829510e+02 4.292499e+02 1.745552e+03 2.326863e+04 1.293293e+05
2.000000e-01 1.512000e-01  1.374545e-01  1.000000e-01 1.913614e-03 8.000000e-04 2.275583e+03 2.376023e+01 3.053041e+01 9.058711e+01 2.995227e+02 4.587411e+02 1.839816e+03 2.452519e+04 1.363134e+05
2.000000e-01 1.512000e-01  1.374545e-01  1.000000e-01 1.964605e-03 8.000000e-04 2.275583e+03 2.354597e+01 3.088193e+01 9.142541e+01 3.095256e+02 4.812628e+02 1.939171e+03 2.584961e+04 1.436747e+05
2.000000e-01 1.512000e-01  1.374545e-01  1.000000e-01 2.016954e-03 8.000000e-04 2.275583e+03 2.390987e+01 3.229255e+01 9.657679e+01 3.333734e+02 5.072234e+02 2.043890e+03 2.724555e+04 1.514334e+05
2.000000e-01 1.512000e-01  1.374545e-01  1.000000e-01 2.070698e-03 8.000000e-04 2.275583e+03 2.344138e+01 3.353542e+01 9.903982e+01 3.500636e+02 5.358252e+02 2.154265e+03 2.871688e+04 1.596112e+05
2.000000e-01 1.512000e-01  1.374545e-01  1.000000e-01 2.125874e-03 8.000000e-04 2.275583e+03 2.408883e+01 3.417059e+01 9.961933e+01 3.504607e+02 5.589488e+02 2.270601e+03 3.026766e+04 1.682306e+05
2.000000e-01 1.512000e-01  1.374545e-01  1.000000e-01 2.182521e-03 8.000000e-04 2.275583e+03 2.432455e+01 3.566345e+01 1.014743e+02 3.812783e+02 5.834745e+02 2.393219e+03 3.190218e+04 1.773155e+05
2.000000e-01 1.512000e-01  1.374545e-01  1.000000e-01 2.240677e-03 8.000000e-04 2.275583e+03 2.507560e+01 3.629421e+01 1.012941e+02 4.164878e+02 6.239522e+02 2.522459e+03 3.362498e+04 1.868909e+05
