8.000000e-01 1.512000e-01  1.374545e-01  1.000000e-01 2.000000e-06 8.000000e-04 5.845537e+05 3.180203e+01 2.288802e+01 6.923341e+01 1.141860e-08 1.714692e-08 5.393253e-08 1.084586e-06 4.149310e-06
8.000000e-01 1.512000e-01  1.374545e-01  1.000000e-01 2.053292e-06 8.000000e-04 5.845537e+05 3.180203e+01 2.288802e+01 6.923341e+01 1.309132e-08 1.815592e-08 5.684501e-08 1.143156e-06 4.373383e-06
8.000000e-01 1.512000e-01  1.374545e-01  1.000000e-01 2.108005e-06 8.000000e-04 5.845537e+05 3.180203e+01 2.288802e+01 6.923341e+01 1.341276e-08 1.901185e-08 5.991477e-08 1.204889e-06 4.609555e-06
8.000000e-01 1.512000e-01  1.374545e-01  1.000000e-01 2.164175e-06 8.000000e-04 5.845537e+05 3.180203e+01 2.288802e+01 6.923341e+01 1.462138e-08 1.969074e-08 6.315031e-08 1.269956e-06 4.858482e-06
8.000000e-01 1.512000e-01  1.374545e-01  1.000000e-01 2.221842e-06 8.000000e-04 5.845537e+05 3.180203e+01 2.288802e+01 6.923341e+01 1.526181e-08 2.108738e-08 6.656057e-08 1.338536e-06 5.120851e-06
8.000000e-01 1.512000e-01  1.374545e-01  1.000000e-01 2.281045e-06 8.000000e-04 5.845537e+05 3.180203e+01 2.288802e+01 6.923341e+01 1.588074e-08 2.211717e-08 7.015499e-08 1.410820e-06 5.397389e-06
8.000000e-01 1.512000e-01  1.374545e-01  1.000000e-01 2.341826e-06 8.000000e-04 5.845537e+05 3.180203e+01 2.288802e+01 6.923341e+01 1.676217e-08 2.335759e-08 7.394352e-08 1.487008e-06 5.688861e-06
8.000000e-01 1.512000e-01  1.374545e-01  1.000000e-01 2.404227e-06 8.000000e-04 5.845537e+05 3.180203e+01 2.288802e+01 6.923341e+01 1.814194e-08 2.473867e-08 7.793664e-08 1.567310e-06 5.996072e-06
8.000000e-01 1.512000e-01  1.374545e-01  1.000000e-01 2.468290e-06 8.000000e-04 5.845537e+05 3.180203e+01 2.288802e+01 6.923341e+01 1.874080e-08 2.583098e-08 8.214540e-08 1.651948e-06 6.319874e-06
8.000000e-01 1.512000e-01  1.374545e-01  1.000000e-01 2.534061e-06 8.000000e-04 5.845537e+05 3.180203e+01 2.288802e+01 6.923341e+01 1.915977e-08 2.731209e-08 8.658145e-08 1.741157e-06 6.661162e-06
8.000000e-01 1.512000e-01  1.374545e-01  1.000000e-01 2.601584e-06 8.000000e-04 5.845537e+05 3.180203e+01 2.288802e+01 6.923341e+01 2.074391e-08 2.884132e-08 9.125704e-08 1.835184e-06 7.020880e-06
8.000000e-01 1.512000e-01  1.374545e-01  1.000000e-01 2.670906e-06 8.000000e-04 5.845537e+05 3.180203e+01 2.288802e+01 6.923341e+01 2.158332e-08 3.050243e-08 9.618513e-08 1.934288e-06 7.400024e-06
8.000000e-01 1.512000e-01  1.374545e-01  1.000000e-01 2.742075e-06 8.000000e-04 5.845537e+05 3.180203e+01 2.288802e+01 6.923341e+01 2.306459e-08 3.239622e-08 1.013794e-07 2.038744e-06 7.799642e-06
8.000000e-01 1.512000e-01  1.374545e-01  1.000000e-01 2.815141e-06 8.000000e-04 5.845537e+05 3.180203e+01 2.288802e+01 6.923341e+01 2.410115e-08 3.355298e-08 1.068541e-07 2.148841e-06 8.220841e-06
8.000000e-01 1.512000e-01  1.374545e-01  1.000000e-01 2.890154e-06 8.000000e-04 5.845537e+05 3.180203e+01 2.288802e+01 6.923341e+01 2.518246e-08 3.553201e-08 1.126244e-07 2.264883e-06 8.664785e-06
8.000000e-01 1.512000e-01  1.374545e-01  1.000000e-01 2.967165e-06 8.000000e-04 5.845537e+05 3.180203e+01 2.288802e+01 6.923341e+01 2.623786e-08 3.770224e-08 1.187064e-07 2.387192e-06 9.132703e-06
8.000000e-01 1.512000e-01  1.374545e-01  1.000000e-01 3.046229e-06 8.000000e-04 5.845537e+05 3.180203e+01 2.288802e+01 6.923341e+01 2.760109e-08 3.985703e-08 1.251168e-07 2.516106e-06 9.625890e-06
8.000000e-01 1.512000e-01  1.374545e-01  1.000000e-01 3.127399e-06 8.000000e-04 5.845537e+05 3.180203e+01 2.288802e+01 6.923341e+01 3.091928e-08 4.204678e-08 1.318734e-07 2.651982e-06 1.014571e-05
8.000000e-01 1.512000e-01  1.374545e-01  1.000000e-01 3.210732e-06 8.000000e-04 5.845537e+05 3.180203e+01 2.288802e+01 6.923341e+01 3.178982e-08 4.372052e-08 1.389949e-07 2.795195e-06 1.069360e-05
8.000000e-01 1.512000e-01  1.374545e-01  1.000000e-01 3.296286e-06 8.000000e-04 5.845537e+05 3.180203e+01 2.288802e+01 6.923341e+01 3.337208e-08 4.617572e-08 1.465010e-07 2.946142e-06 1.127108e-05
8.000000e-01 1.512000e-01  1.374545e-01  1.000000e-01 3.384119e-06 8.000000e-04 5.845537e+05 3.180203e+01 2.288802e+01 6.923341e+01 3.399195e-08 4.835289e-08 1.544123e-07 3.105240e-06 1.187975e-05
8.000000e-01 1.512000e-01  1.374545e-01  1.000000e-01 3.474293e-06 8.000000e-04 5.845537e+05 3.180203e+01 2.288802e+01 6.923341e+01 3.754631e-08 5.175273e-08 1.627510e-07 3.272930e-06 1.252128e-05
8.000000e-01 1.512000e-01  1.374545e-01  1.000000e-01 3.566869e-06 8.000000e-04 5.845537e+05 3.180203e+01 2.288802e+01 6.923341e+01 3.824914e-08 5.482704e-08 1.715399e-07 3.449676e-06 1.319746e-05
8.000000e-01 1.512000e-01  1.374545e-01  1.000000e-01 3.661913e-06 8.000000e-04 5.845537e+05 3.180203e+01 2.288802e+01 6.923341e+01 4.069538e-08 5.770613e-08 1.808035e-07 3.635967e-06 1.391015e-05
8.000000e-01 1.512000e-01  1.374545e-01  1.000000e-01 3.759488e-06 8.000000e-04 5.845537e+05 3.180203e+01 2.288802e+01 6.923341e+01 4.315424e-08 6.029456e-08 1.905673e-07 3.832317e-06 1.466133e-05
8.000000e-01 1.512000e-01  1.374545e-01  1.000000e-01 3.859664e-06 8.000000e-04 5.845537e+05 3.180203e+01 2.288802e+01 6.923341e+01 4.543842e-08 6.242412e-08 2.008583e-07 4.039271e-06 1.545308e-05
8.000000e-01 1.512000e-01  1.374545e-01  1.000000e-01 3.962510e-06 8.000000e-04 5.845537e+05 3.180203e+01 2.288802e+01 6.923341e+01 4.908017e-08 6.683768e-08 2.117051e-07 4.257401e-06 1.628758e-05
8.000000e-01 1.512000e-01  1.374545e-01  1.000000e-01 4.068095e-06 8.000000e-04 5.845537e+05 3.180203e+01 2.288802e+01 6.923341e+01 5.187923e-08 7.069284e-08 2.231377e-07 4.487311e-06 1.716715e-05
8.000000e-01 1.512000e-01  1.374545e-01  1.000000e-01 4.176494e-06 8.000000e-04 5.845537e+05 3.180203e+01 2.288802e+01 6.923341e+01 5.404921e-08 7.586151e-08 2.351877e-07 4.729636e-06 1.809421e-05
8.000000e-01 1.512000e-01  1.374545e-01  1.000000e-01 4.287782e-06 8.000000e-04 5.845537e+05 3.180203e+01 2.288802e+01 6.923341e+01 5.687243e-08 7.781942e-08 2.478883e-07 4.985047e-06 1.907134e-05
8.000000e-01 1.512000e-01  1.374545e-01  1.000000e-01 4.402035e-06 8.000000e-04 5.845537e+05 3.180203e+01 2.288802e+01 6.923341e+01 6.134215e-08 8.249674e-08 2.612749e-07 5.254251e-06 2.010124e-05
8.000000e-01 1.512000e-01  1.374545e-01  1.000000e-01 4.519332e-06 8.000000e-04 5.845537e+05 3.180203e+01 2.288802e+01 6.923341e+01 6.209862e-08 8.599108e-08 2.753843e-07 5.537993e-06 2.118675e-05
8.000000e-01 1.512000e-01  1.374545e-01  1.000000e-01 4.639755e-06 8.000000e-04 5.845537e+05 3.180203e+01 2.288802e+01 6.923341e+01 6.506555e-08 9.120651e-08 2.902557e-07 5.837057e-06 2.233088e-05
8.000000e-01 1.512000e-01  1.374545e-01  1.000000e-01 4.763386e-06 8.000000e-04 5.845537e+05 3.180203e+01 2.288802e+01 6.923341e+01 7.080521e-08 9.646315e-08 3.059302e-07 6.152272e-06 2.353680e-05
8.000000e-01 1.512000e-01  1.374545e-01  1.000000e-01 4.890312e-06 8.000000e-04 5.845537e+05 3.180203e+01 2.288802e+01 6.923341e+01 7.406240e-08 1.015447e-07 3.224511e-07 6.484509e-06 2.480785e-05
8.000000e-01 1.512000e-01  1.374545e-01  1.000000e-01 5.020620e-06 8.000000e-04 5.845537e+05 3.180203e+01 2.288802e+01 6.923341e+01 7.847209e-08 1.069271e-07 3.398642e-07 6.834687e-06 2.614753e-05
8.000000e-01 1.512000e-01  1.374545e-01  1.000000e-01 5.154400e-06 8.000000e-04 5.845537e+05 3.180203e+01 2.288802e+01 6.923341e+01 7.975494e-08 1.130885e-07 3.582177e-07 7.203776e-06 2.755955e-05
8.000000e-01 1.512000e-01  1.374545e-01  1.000000e-01 5.291745e-06 8.000000e-04 5.845537e+05 3.180203e+01 2.288802e+01 6.923341e+01 8.381883e-08 1.205478e-07 3.775623e-07 7.592797e-06 2.904783e-05
8.000000e-01 1.512000e-01  1.374545e-01  1.000000e-01 5.432750e-06 8.000000e-04 5.845537e+05 3.180203e+01 2.288802e+01 6.923341e+01 9.074405e-08 1.257995e-07 3.979515e-07 8.002825e-06 3.061648e-05
8.000000e-01 1.512000e-01  1.374545e-01  1.000000e-01 5.577512e-06 8.000000e-04 5.845537e+05 3.180203e+01 2.288802e+01 6.923341e+01 9.682775e-08 1.313890e-07 4.194418e-07 8.434996e-06 3.226984e-05
8.000000e-01 1.512000e-01  1.374545e-01  1.000000e-01 5.726131e-06 8.000000e-04 5.845537e+05 3.180203e+01 2.288802e+01 6.923341e+01 9.788701e-08 1.395492e-07 4.420926e-07 8.890506e-06 3.401249e-05
8.000000e-01 1.512000e-01  1.374545e-01  1.000000e-01 5.878710e-06 8.000000e-04 5.845537e+05 3.180203e+01 2.288802e+01 6.923341e+01 1.039852e-07 1.468971e-07 4.659667e-07 9.370614e-06 3.584924e-05
8.000000e-01 1.512000e-01  1.374545e-01  1.000000e-01 6.035355e-06 8.000000e-04 5.845537e+05 3.180203e+01 2.288802e+01 6.923341e+01 1.109033e-07 1.556510e-07 4.911299e-07 9.876648e-06 3.778519e-05
8.000000e-01 1.512000e-01  1.374545e-01  1.000000e-01 6.196174e-06 8.000000e-04 5.845537e+05 3.180203e+01 2.288802e+01 6.923341e+01 1.152926e-07 1.632328e-07 5.176521e-07 1.041001e-05 3.982567e-05
8.000000e-01 1.512000e-01  1.374545e-01  1.000000e-01 6.361278e-06 8.000000e-04 5.845537e+05 3.180203e+01 2.288802e+01 6.923341e+01 1.155038e-07 1.721513e-07 5.456065e-07 1.097217e-05 4.197635e-05
8.000000e-01 1.512000e-01  1.374545e-01  1.000000e-01 6.530782e-06 8.000000e-04 5.845537e+05 3.180203e+01 2.288802e+01 6.923341e+01 1.307288e-07 1.815671e-07 5.750705e-07 1.156470e-05 4.424317e-05
8.000000e-01 1.512000e-01  1.374545e-01  1.000000e-01 6.704802e-06 8.000000e-04 5.845537e+05 3.180203e+01 2.288802e+01 6.923341e+01 1.344962e-07 1.909274e-07 6.061257e-07 1.218922e-05 4.663240e-05
8.000000e-01 1.512000e-01  1.374545e-01  1.000000e-01 6.883459e-06 8.000000e-04 5.845537e+05 3.180203e+01 2.288802e+01 6.923341e+01 1.511170e-07 2.029566e-07 6.388578e-07 1.284746e-05 4.915066e-05
8.000000e-01 1.512000e-01  1.374545e-01  1.000000e-01 7.066877e-06 8.000000e-04 5.845537e+05 3.180203e+01 2.288802e+01 6.923341e+01 1.566788e-07 2.117201e-07 6.733576e-07 1.354126e-05 5.180491e-05
8.000000e-01 1.512000e-01  1.374545e-01  1.000000e-01 7.255182e-06 8.000000e-04 5.845537e+05 3.180203e+01 2.288802e+01 6.923341e+01 1.591930e-07 2.231526e-07 7.097205e-07 1.427252e-05 5.460250e-05
8.000000e-01 1.512000e-01  1.374545e-01  1.000000e-01 7.448504e-06 8.000000e-04 5.845537e+05 3.180203e+01 2.288802e+01 6.923341e+01 1.707626e-07 2.381124e-07 7.480471e-07 1.504326e-05 5.755116e-05
8.000000e-01 1.512000e-01  1.374545e-01  1.000000e-01 7.646978e-06 8.000000e-04 5.845537e+05 3.180203e+01 2.288802e+01 6.923341e+01 1.789403e-07 2.488133e-07 7.884433e-07 1.585564e-05 6.065905e-05
8.000000e-01 1.512000e-01  1.374545e-01  1.000000e-01 7.850741e-06 8.000000e-04 5.845537e+05 3.180203e+01 2.288802e+01 6.923341e+01 1.932059e-07 2.617169e-07 8.310211e-07 1.671188e-05 6.393478e-05
8.000000e-01 1.512000e-01  1.374545e-01  1.000000e-01 8.059933e-06 8.000000e-04 5.845537e+05 3.180203e+01 2.288802e+01 6.923341e+01 1.965334e-07 2.802901e-07 8.758982e-07 1.761436e-05 6.738741e-05
8.000000e-01 1.512000e-01  1.374545e-01  1.000000e-01 8.274699e-06 8.000000e-04 5.845537e+05 3.180203e+01 2.288802e+01 6.923341e+01 2.113077e-07 2.951411e-07 9.231987e-07 1.856557e-05 7.102648e-05
8.000000e-01 1.512000e-01  1.374545e-01  1.000000e-01 8.495188e-06 8.000000e-04 5.845537e+05 3.180203e+01 2.288802e+01 6.923341e+01 2.130533e-07 3.070585e-07 9.730535e-07 1.956816e-05 7.486208e-05
8.000000e-01 1.512000e-01  1.374545e-01  1.000000e-01 8.721552e-06 8.000000e-04 5.845537e+05 3.180203e+01 2.288802e+01 6.923341e+01 2.343180e-07 3.204003e-07 1.025601e-06 2.062488e-05 7.890480e-05
8.000000e-01 1.512000e-01  1.374545e-01  1.000000e-01 8.953948e-06 8.000000e-04 5.845537e+05 3.180203e+01 2.288802e+01 6.923341e+01 2.439225e-07 3.425429e-07 1.080985e-06 2.173867e-05 8.316585e-05
8.000000e-01 1.512000e-01  1.374545e-01  1.000000e-01 9.192536e-06 8.000000e-04 5.845537e+05 3.180203e+01 2.288802e+01 6.923341e+01 2.533227e-07 3.595012e-07 1.139361e-06 2.291261e-05 8.765699e-05
8.000000e-01 1.512000e-01  1.374545e-01  1.000000e-01 9.437481e-06 8.000000e-04 5.845537e+05 3.180203e+01 2.288802e+01 6.923341e+01 2.734110e-07 3.815832e-07 1.200889e-06 2.414995e-05 9.239067e-05
8.000000e-01 1.512000e-01  1.374545e-01  1.000000e-01 9.688954e-06 8.000000e-04 5.845537e+05 3.180203e+01 2.288802e+01 6.923341e+01 2.933597e-07 4.010433e-07 1.265740e-06 2.545410e-05 9.737998e-05
8.000000e-01 1.512000e-01  1.374545e-01  1.000000e-01 9.947127e-06 8.000000e-04 5.845537e+05 3.180203e+01 2.288802e+01 6.923341e+01 2.942232e-07 4.213334e-07 1.334093e-06 2.682868e-05 1.026387e-04
8.000000e-01 1.512000e-01  1.374545e-01  1.000000e-01 1.021218e-05 8.000000e-04 5.845537e+05 3.180203e+01 2.288802e+01 6.923341e+01 3.228138e-07 4.465727e-07 1.406137e-06 2.827749e-05 1.081815e-04
8.000000e-01 1.512000e-01  1.374545e-01  1.000000e-01 1.048430e-05 8.000000e-04 5.845537e+05 3.180203e+01 2.288802e+01 6.923341e+01 3.337671e-07 4.720311e-07 1.482072e-06 2.980454e-05 1.140235e-04
8.000000e-01 1.512000e-01  1.374545e-01  1.000000e-01 1.076366e-05 8.000000e-04 5.845537e+05 3.180203e+01 2.288802e+01 6.923341e+01 3.482589e-07 4.900657e-07 1.562107e-06 3.141405e-05 1.201810e-04
8.000000e-01 1.512000e-01  1.374545e-01  1.000000e-01 1.105047e-05 8.000000e-04 5.845537e+05 3.180203e+01 2.288802e+01 6.923341e+01 3.829783e-07 5.199724e-07 1.646464e-06 3.311048e-05 1.266711e-04
8.000000e-01 1.512000e-01  1.374545e-01  1.000000e-01 1.134492e-05 8.000000e-04 5.845537e+05 3.180203e+01 2.288802e+01 6.923341e+01 3.808382e-07 5.407620e-07 1.735377e-06 3.489853e-05 1.335116e-04
8.000000e-01 1.512000e-01  1.374545e-01  1.000000e-01 1.164722e-05 8.000000e-04 5.845537e+05 3.180203e+01 2.288802e+01 6.923341e+01 4.256820e-07 5.813726e-07 1.829092e-06 3.678313e-05 1.407216e-04
8.000000e-01 1.512000e-01  1.374545e-01  1.000000e-01 1.195758e-05 8.000000e-04 5.845537e+05 3.180203e+01 2.288802e+01 6.923341e+01 4.336218e-07 6.155047e-07 1.927867e-06 3.876950e-05 1.483208e-04
8.000000e-01 1.512000e-01  1.374545e-01  1.000000e-01 1.227620e-05 8.000000e-04 5.845537e+05 3.180203e+01 2.288802e+01 6.923341e+01 4.787414e-07 6.473962e-07 2.031976e-06 4.086315e-05 1.563305e-04
8.000000e-01 1.512000e-01  1.374545e-01  1.000000e-01 1.260331e-05 8.000000e-04 5.845537e+05 3.180203e+01 2.288802e+01 6.923341e+01 4.893441e-07 6.691499e-07 2.141708e-06 4.306985e-05 1.647727e-04
8.000000e-01 1.512000e-01  1.374545e-01  1.000000e-01 1.293914e-05 8.000000e-04 5.845537e+05 3.180203e+01 2.288802e+01 6.923341e+01 5.123998e-07 7.129986e-07 2.257365e-06 4.539572e-05 1.736708e-04
8.000000e-01 1.512000e-01  1.374545e-01  1.000000e-01 1.328392e-05 8.000000e-04 5.845537e+05 3.180203e+01 2.288802e+01 6.923341e+01 5.404861e-07 7.513482e-07 2.379268e-06 4.784720e-05 1.830495e-04
8.000000e-01 1.512000e-01  1.374545e-01  1.000000e-01 1.363789e-05 8.000000e-04 5.845537e+05 3.180203e+01 2.288802e+01 6.923341e+01 5.663382e-07 8.021753e-07 2.507754e-06 5.043105e-05 1.929346e-04
8.000000e-01 1.512000e-01  1.374545e-01  1.000000e-01 1.400128e-05 8.000000e-04 5.845537e+05 3.180203e+01 2.288802e+01 6.923341e+01 5.994756e-07 8.336835e-07 2.643178e-06 5.315445e-05 2.033535e-04
8.000000e-01 1.512000e-01  1.374545e-01  1.000000e-01 1.437436e-05 8.000000e-04 5.845537e+05 3.180203e+01 2.288802e+01 6.923341e+01 6.455669e-07 8.802240e-07 2.785916e-06 5.602491e-05 2.143350e-04
8.000000e-01 1.512000e-01  1.374545e-01  1.000000e-01 1.475738e-05 8.000000e-04 5.845537e+05 3.180203e+01 2.288802e+01 6.923341e+01 6.647629e-07 9.368243e-07 2.936362e-06 5.905039e-05 2.259096e-04
8.000000e-01 1.512000e-01  1.374545e-01  1.000000e-01 1.515061e-05 8.000000e-04 5.845537e+05 3.180203e+01 2.288802e+01 6.923341e+01 6.885727e-07 9.763791e-07 3.094932e-06 6.223924e-05 2.381093e-04
8.000000e-01 1.512000e-01  1.374545e-01  1.000000e-01 1.555432e-05 8.000000e-04 5.845537e+05 3.180203e+01 2.288802e+01 6.923341e+01 7.477212e-07 1.025098e-06 3.262066e-06 6.560031e-05 2.509677e-04
8.000000e-01 1.512000e-01  1.374545e-01  1.000000e-01 1.596878e-05 8.000000e-04 5.845537e+05 3.180203e+01 2.288802e+01 6.923341e+01 7.648246e-07 1.087255e-06 3.438225e-06 6.914287e-05 2.645205e-04
8.000000e-01 1.512000e-01  1.374545e-01  1.000000e-01 1.639429e-05 8.000000e-04 5.845537e+05 3.180203e+01 2.288802e+01 6.923341e+01 8.196262e-07 1.156368e-06 3.623897e-06 7.287675e-05 2.788053e-04
8.000000e-01 1.512000e-01  1.374545e-01  1.000000e-01 1.683113e-05 8.000000e-04 5.845537e+05 3.180203e+01 2.288802e+01 6.923341e+01 8.339426e-07 1.196603e-06 3.819596e-06 7.681226e-05 2.938614e-04
8.000000e-01 1.512000e-01  1.374545e-01  1.000000e-01 1.727962e-05 8.000000e-04 5.845537e+05 3.180203e+01 2.288802e+01 6.923341e+01 9.232177e-07 1.278105e-06 4.025863e-06 8.096030e-05 3.097306e-04
8.000000e-01 1.512000e-01  1.374545e-01  1.000000e-01 1.774005e-05 8.000000e-04 5.845537e+05 3.180203e+01 2.288802e+01 6.923341e+01 9.916452e-07 1.331846e-06 4.243268e-06 8.533234e-05 3.264567e-04
8.000000e-01 1.512000e-01  1.374545e-01  1.000000e-01 1.821276e-05 8.000000e-04 5.845537e+05 3.180203e+01 2.288802e+01 6.923341e+01 1.039454e-06 1.414771e-06 4.472415e-06 8.994049e-05 3.440862e-04
8.000000e-01 1.512000e-01  1.374545e-01  1.000000e-01 1.869805e-05 8.000000e-04 5.845537e+05 3.180203e+01 2.288802e+01 6.923341e+01 1.063718e-06 1.494637e-06 4.713935e-06 9.479748e-05 3.626676e-04
8.000000e-01 1.512000e-01  1.374545e-01  1.000000e-01 1.919629e-05 8.000000e-04 5.845537e+05 3.180203e+01 2.288802e+01 6.923341e+01 1.118827e-06 1.581705e-06 4.968499e-06 9.991677e-05 3.822525e-04
8.000000e-01 1.512000e-01  1.374545e-01  1.000000e-01 1.970779e-05 8.000000e-04 5.845537e+05 3.180203e+01 2.288802e+01 6.923341e+01 1.170024e-06 1.648151e-06 5.236809e-06 1.053125e-04 4.028950e-04
8.000000e-01 1.512000e-01  1.374545e-01  1.000000e-01 2.023293e-05 8.000000e-04 5.845537e+05 3.180203e+01 2.288802e+01 6.923341e+01 1.246560e-06 1.767018e-06 5.519609e-06 1.109996e-04 4.246523e-04
8.000000e-01 1.512000e-01  1.374545e-01  1.000000e-01 2.077206e-05 8.000000e-04 5.845537e+05 3.180203e+01 2.288802e+01 6.923341e+01 1.284170e-06 1.836536e-06 5.817681e-06 1.169939e-04 4.475845e-04
8.000000e-01 1.512000e-01  1.374545e-01  1.000000e-01 2.132555e-05 8.000000e-04 5.845537e+05 3.180203e+01 2.288802e+01 6.923341e+01 1.368114e-06 1.934287e-06 6.131849e-06 1.233118e-04 4.717551e-04
8.000000e-01 1.512000e-01  1.374545e-01  1.000000e-01 2.189380e-05 8.000000e-04 5.845537e+05 3.180203e+01 2.288802e+01 6.923341e+01 1.472059e-06 2.030281e-06 6.462983e-06 1.299709e-04 4.972309e-04
8.000000e-01 1.512000e-01  1.374545e-01  1.000000e-01 2.247718e-05 8.000000e-04 5.845537e+05 3.180203e+01 2.288802e+01 6.923341e+01 1.506463e-06 2.165300e-06 6.811999e-06 1.369896e-04 5.240826e-04
8.000000e-01 1.512000e-01  1.374545e-01  1.000000e-01 2.307611e-05 8.000000e-04 5.845537e+05 3.180203e+01 2.288802e+01 6.923341e+01 1.582813e-06 2.261970e-06 7.179863e-06 1.443874e-04 5.523842e-04
8.000000e-01 1.512000e-01  1.374545e-01  1.000000e-01 2.369100e-05 8.000000e-04 5.845537e+05 3.180203e+01 2.288802e+01 6.923341e+01 1.688624e-06 2.370995e-06 7.567592e-06 1.521847e-04 5.822143e-04
8.000000e-01 1.512000e-01  1.374545e-01  1.000000e-01 2.432228e-05 8.000000e-04 5.845537e+05 3.180203e+01 2.288802e+01 6.923341e+01 1.743149e-06 2.536443e-06 7.976259e-06 1.604030e-04 6.136552e-04
8.000000e-01 1.512000e-01  1.374545e-01  1.000000e-01 2.497037e-05 8.000000e-04 5.845537e+05 3.180203e+01 2.288802e+01 6.923341e+01 1.836479e-06 2.660214e-06 8.406996e-06 1.690651e-04 6.467940e-04
8.000000e-01 1.512000e-01  1.374545e-01  1.000000e-01 2.563574e-05 8.000000e-04 5.845537e+05 3.180203e+01 2.288802e+01 6.923341e+01 1.977795e-06 2.801262e-06 8.860993e-06 1.781950e-04 6.817223e-04
8.000000e-01 1.512000e-01  1.374545e-01  1.000000e-01 2.631883e-05 8.000000e-04 5.845537e+05 3.180203e+01 2.288802e+01 6.923341e+01 2.089041e-06 2.941213e-06 9.339507e-06 1.878180e-04 7.185369e-04
8.000000e-01 1.512000e-01  1.374545e-01  1.000000e-01 2.702013e-05 8.000000e-04 5.845537e+05 3.180203e+01 2.288802e+01 6.923341e+01 2.223003e-06 3.107568e-06 9.843862e-06 1.979606e-04 7.573396e-04
8.000000e-01 1.512000e-01  1.374545e-01  1.000000e-01 2.774011e-05 8.000000e-04 5.845537e+05 3.180203e+01 2.288802e+01 6.923341e+01 2.375839e-06 3.232512e-06 1.037545e-05 2.086509e-04 7.982377e-04
8.000000e-01 1.512000e-01  1.374545e-01  1.000000e-01 2.847928e-05 8.000000e-04 5.845537e+05 3.180203e+01 2.288802e+01 6.923341e+01 2.440628e-06 3.470472e-06 1.093575e-05 2.199185e-04 8.413444e-04
8.000000e-01 1.512000e-01  1.374545e-01  1.000000e-01 2.923814e-05 8.000000e-04 5.845537e+05 3.180203e+01 2.288802e+01 6.923341e+01 2.608531e-06 3.674655e-06 1.152631e-05 2.317946e-04 8.867789e-04
8.000000e-01 1.512000e-01  1.374545e-01  1.000000e-01 3.001722e-05 8.000000e-04 5.845537e+05 3.180203e+01 2.288802e+01 6.923341e+01 2.808486e-06 3.842089e-06 1.214875e-05 2.443121e-04 9.346670e-04
8.000000e-01 1.512000e-01  1.374545e-01  1.000000e-01 3.081707e-05 8.000000e-04 5.845537e+05 3.180203e+01 2.288802e+01 6.923341e+01 2.940172e-06 4.079940e-06 1.280482e-05 2.575055e-04 9.851412e-04
8.000000e-01 1.512000e-01  1.374545e-01  1.000000e-01 3.163822e-05 8.000000e-04 5.845537e+05 3.180203e+01 2.288802e+01 6.923341e+01 3.037613e-06 4.254835e-06 1.349631e-05 2.714114e-04 1.038341e-03
8.000000e-01 1.512000e-01  1.374545e-01  1.000000e-01 3.248126e-05 8.000000e-04 5.845537e+05 3.180203e+01 2.288802e+01 6.923341e+01 3.231769e-06 4.493145e-06 1.422514e-05 2.860682e-04 1.094414e-03
8.000000e-01 1.512000e-01  1.374545e-01  1.000000e-01 3.334676e-05 8.000000e-04 5.845537e+05 3.180203e+01 2.288802e+01 6.923341e+01 3.366923e-06 4.743834e-06 1.499333e-05 3.015166e-04 1.153515e-03
8.000000e-01 1.512000e-01  1.374545e-01  1.000000e-01 3.423532e-05 8.000000e-04 5.845537e+05 3.180203e+01 2.288802e+01 6.923341e+01 3.586538e-06 5.033658e-06 1.580300e-05 3.177992e-04 1.215807e-03
8.000000e-01 1.512000e-01  1.374545e-01  1.000000e-01 3.514756e-05 8.000000e-04 5.845537e+05 3.180203e+01 2.288802e+01 6.923341e+01 3.569970e-06 5.307512e-06 1.665640e-05 3.349611e-04 1.281464e-03
8.000000e-01 1.512000e-01  1.374545e-01  1.000000e-01 3.608411e-05 8.000000e-04 5.845537e+05 3.180203e+01 2.288802e+01 6.923341e+01 3.991074e-06 5.551738e-06 1.755588e-05 3.530497e-04 1.350666e-03
8.000000e-01 1.512000e-01  1.374545e-01  1.000000e-01 3.704561e-05 8.000000e-04 5.845537e+05 3.180203e+01 2.288802e+01 6.923341e+01 4.235224e-06 5.875436e-06 1.850394e-05 3.721152e-04 1.423605e-03
8.000000e-01 1.512000e-01  1.374545e-01  1.000000e-01 3.803273e-05 8.000000e-04 5.845537e+05 3.180203e+01 2.288802e+01 6.923341e+01 4.280939e-06 6.136671e-06 1.950320e-05 3.922103e-04 1.500483e-03
8.000000e-01 1.512000e-01  1.374545e-01  1.000000e-01 3.904616e-05 8.000000e-04 5.845537e+05 3.180203e+01 2.288802e+01 6.923341e+01 4.452068e-06 6.499743e-06 2.055642e-05 4.133906e-04 1.581512e-03
8.000000e-01 1.512000e-01  1.374545e-01  1.000000e-01 4.008659e-05 8.000000e-04 5.845537e+05 3.180203e+01 2.288802e+01 6.923341e+01 4.974601e-06 6.834476e-06 2.166651e-05 4.357146e-04 1.666917e-03
8.000000e-01 1.512000e-01  1.374545e-01  1.000000e-01 4.115474e-05 8.000000e-04 5.845537e+05 3.180203e+01 2.288802e+01 6.923341e+01 5.200422e-06 7.168087e-06 2.283655e-05 4.592442e-04 1.756935e-03
8.000000e-01 1.512000e-01  1.374545e-01  1.000000e-01 4.225136e-05 8.000000e-04 5.845537e+05 3.180203e+01 2.288802e+01 6.923341e+01 5.350738e-06 7.596197e-06 2.406978e-05 4.840445e-04 1.851813e-03
8.000000e-01 1.512000e-01  1.374545e-01  1.000000e-01 4.337719e-05 8.000000e-04 5.845537e+05 3.180203e+01 2.288802e+01 6.923341e+01 5.856305e-06 8.024046e-06 2.536960e-05 5.101840e-04 1.951816e-03
8.000000e-01 1.512000e-01  1.374545e-01  1.000000e-01 4.453303e-05 8.000000e-04 5.845537e+05 3.180203e+01 2.288802e+01 6.923341e+01 6.065737e-06 8.574185e-06 2.673962e-05 5.377351e-04 2.057218e-03
8.000000e-01 1.512000e-01  1.374545e-01  1.000000e-01 4.571966e-05 8.000000e-04 5.845537e+05 3.180203e+01 2.288802e+01 6.923341e+01 6.487786e-06 8.963920e-06 2.818362e-05 5.667740e-04 2.168313e-03
8.000000e-01 1.512000e-01  1.374545e-01  1.000000e-01 4.693791e-05 8.000000e-04 5.845537e+05 3.180203e+01 2.288802e+01 6.923341e+01 6.733261e-06 9.435276e-06 2.970560e-05 5.973812e-04 2.285407e-03
8.000000e-01 1.512000e-01  1.374545e-01  1.000000e-01 4.818863e-05 8.000000e-04 5.845537e+05 3.180203e+01 2.288802e+01 6.923341e+01 6.943062e-06 9.927165e-06 3.130977e-05 6.296411e-04 2.408824e-03
8.000000e-01 1.512000e-01  1.374545e-01  1.000000e-01 4.947267e-05 8.000000e-04 5.845537e+05 3.180203e+01 2.288802e+01 6.923341e+01 7.468335e-06 1.049304e-05 3.300057e-05 6.636432e-04 2.538906e-03
8.000000e-01 1.512000e-01  1.374545e-01  1.000000e-01 5.079093e-05 8.000000e-04 5.845537e+05 3.180203e+01 2.288802e+01 6.923341e+01 7.799420e-06 1.110518e-05 3.478268e-05 6.994815e-04 2.676013e-03
8.000000e-01 1.512000e-01  1.374545e-01  1.000000e-01 5.214431e-05 8.000000e-04 5.845537e+05 3.180203e+01 2.288802e+01 6.923341e+01 8.548991e-06 1.159123e-05 3.666102e-05 7.372551e-04 2.820524e-03
8.000000e-01 1.512000e-01  1.374545e-01  1.000000e-01 5.353375e-05 8.000000e-04 5.845537e+05 3.180203e+01 2.288802e+01 6.923341e+01 8.484352e-06 1.220118e-05 3.864080e-05 7.770685e-04 2.972838e-03
8.000000e-01 1.512000e-01  1.374545e-01  1.000000e-01 5.496022e-05 8.000000e-04 5.845537e+05 3.180203e+01 2.288802e+01 6.923341e+01 8.994241e-06 1.285370e-05 4.072750e-05 8.190320e-04 3.133379e-03
8.000000e-01 1.512000e-01  1.374545e-01  1.000000e-01 5.642470e-05 8.000000e-04 5.845537e+05 3.180203e+01 2.288802e+01 6.923341e+01 9.971158e-06 1.356049e-05 4.292688e-05 8.632617e-04 3.302588e-03
8.000000e-01 1.512000e-01  1.374545e-01  1.000000e-01 5.792820e-05 8.000000e-04 5.845537e+05 3.180203e+01 2.288802e+01 6.923341e+01 1.007099e-05 1.421972e-05 4.524503e-05 9.098798e-04 3.480936e-03
8.000000e-01 1.512000e-01  1.374545e-01  1.000000e-01 5.947176e-05 8.000000e-04 5.845537e+05 3.180203e+01 2.288802e+01 6.923341e+01 1.094224e-05 1.498287e-05 4.768836e-05 9.590154e-04 3.668914e-03
8.000000e-01 1.512000e-01  1.374545e-01  1.000000e-01 6.105646e-05 8.000000e-04 5.845537e+05 3.180203e+01 2.288802e+01 6.923341e+01 1.166091e-05 1.598400e-05 5.026364e-05 1.010804e-03 3.867044e-03
8.000000e-01 1.512000e-01  1.374545e-01  1.000000e-01 6.268338e-05 8.000000e-04 5.845537e+05 3.180203e+01 2.288802e+01 6.923341e+01 1.220787e-05 1.672726e-05 5.297800e-05 1.065390e-03 4.075873e-03
8.000000e-01 1.512000e-01  1.374545e-01  1.000000e-01 6.435365e-05 8.000000e-04 5.845537e+05 3.180203e+01 2.288802e+01 6.923341e+01 1.303773e-05 1.759727e-05 5.583893e-05 1.122924e-03 4.295980e-03
8.000000e-01 1.512000e-01  1.374545e-01  1.000000e-01 6.606842e-05 8.000000e-04 5.845537e+05 3.180203e+01 2.288802e+01 6.923341e+01 1.346656e-05 1.863587e-05 5.885436e-05 1.183564e-03 4.527973e-03
8.000000e-01 1.512000e-01  1.374545e-01  1.000000e-01 6.782889e-05 8.000000e-04 5.845537e+05 3.180203e+01 2.288802e+01 6.923341e+01 1.382610e-05 1.969908e-05 6.203263e-05 1.247479e-03 4.772494e-03
8.000000e-01 1.512000e-01  1.374545e-01  1.000000e-01 6.963627e-05 8.000000e-04 5.845537e+05 3.180203e+01 2.288802e+01 6.923341e+01 1.506182e-05 2.068826e-05 6.538254e-05 1.314846e-03 5.030219e-03
8.000000e-01 1.512000e-01  1.374545e-01  1.000000e-01 7.149181e-05 8.000000e-04 5.845537e+05 3.180203e+01 2.288802e+01 6.923341e+01 1.564865e-05 2.195215e-05 6.891335e-05 1.385851e-03 5.301863e-03
8.000000e-01 1.512000e-01  1.374545e-01  1.000000e-01 7.339679e-05 8.000000e-04 5.845537e+05 3.180203e+01 2.288802e+01 6.923341e+01 1.622238e-05 2.312957e-05 7.263483e-05 1.460690e-03 5.588176e-03
8.000000e-01 1.512000e-01  1.374545e-01  1.000000e-01 7.535253e-05 8.000000e-04 5.845537e+05 3.180203e+01 2.288802e+01 6.923341e+01 1.745186e-05 2.427246e-05 7.655728e-05 1.539571e-03 5.889950e-03
8.000000e-01 1.512000e-01  1.374545e-01  1.000000e-01 7.736039e-05 8.000000e-04 5.845537e+05 3.180203e+01 2.288802e+01 6.923341e+01 1.801725e-05 2.553779e-05 8.069155e-05 1.622711e-03 6.208021e-03
8.000000e-01 1.512000e-01  1.374545e-01  1.000000e-01 7.942174e-05 8.000000e-04 5.845537e+05 3.180203e+01 2.288802e+01 6.923341e+01 1.872936e-05 2.671999e-05 8.504908e-05 1.710341e-03 6.543269e-03
8.000000e-01 1.512000e-01  1.374545e-01  1.000000e-01 8.153803e-05 8.000000e-04 5.845537e+05 3.180203e+01 2.288802e+01 6.923341e+01 2.061393e-05 2.831490e-05 8.964192e-05 1.802704e-03 6.896620e-03
8.000000e-01 1.512000e-01  1.374545e-01  1.000000e-01 8.371070e-05 8.000000e-04 5.845537e+05 3.180203e+01 2.288802e+01 6.923341e+01 2.214737e-05 2.973436e-05 9.448279e-05 1.900054e-03 7.269054e-03
8.000000e-01 1.512000e-01  1.374545e-01  1.000000e-01 8.594127e-05 8.000000e-04 5.845537e+05 3.180203e+01 2.288802e+01 6.923341e+01 2.212666e-05 3.155586e-05 9.958508e-05 2.002661e-03 7.661599e-03
8.000000e-01 1.512000e-01  1.374545e-01  1.000000e-01 8.823127e-05 8.000000e-04 5.845537e+05 3.180203e+01 2.288802e+01 6.923341e+01 2.422319e-05 3.302809e-05 1.049629e-04 2.110809e-03 8.075343e-03
8.000000e-01 1.512000e-01  1.374545e-01  1.000000e-01 9.058230e-05 8.000000e-04 5.845537e+05 3.180203e+01 2.288802e+01 6.923341e+01 2.458825e-05 3.506222e-05 1.106311e-04 2.224798e-03 8.511431e-03
8.000000e-01 1.512000e-01  1.374545e-01  1.000000e-01 9.299597e-05 8.000000e-04 5.845537e+05 3.180203e+01 2.288802e+01 6.923341e+01 2.763637e-05 3.669702e-05 1.166055e-04 2.344942e-03 8.971068e-03
8.000000e-01 1.512000e-01  1.374545e-01  1.000000e-01 9.547395e-05 8.000000e-04 5.845537e+05 3.180203e+01 2.288802e+01 6.923341e+01 2.835963e-05 3.869273e-05 1.229025e-04 2.471575e-03 9.455526e-03
8.000000e-01 1.512000e-01  1.374545e-01  1.000000e-01 9.801796e-05 8.000000e-04 5.845537e+05 3.180203e+01 2.288802e+01 6.923341e+01 2.826796e-05 4.095215e-05 1.295395e-04 2.605045e-03 9.966146e-03
8.000000e-01 1.512000e-01  1.374545e-01  1.000000e-01 1.006298e-04 8.000000e-04 5.845537e+05 3.180203e+01 2.288802e+01 6.923341e+01 3.071350e-05 4.326439e-05 1.365349e-04 2.745724e-03 1.050434e-02
8.000000e-01 1.512000e-01  1.374545e-01  1.000000e-01 1.033112e-04 8.000000e-04 5.845537e+05 3.180203e+01 2.288801e+01 6.923341e+01 3.169328e-05 4.537627e-05 1.439081e-04 2.893999e-03 1.107160e-02
8.000000e-01 1.512000e-01  1.374545e-01  1.000000e-01 1.060640e-04 8.000000e-04 5.845537e+05 3.180203e+01 2.288801e+01 6.923341e+01 3.456503e-05 4.803030e-05 1.516795e-04 3.050282e-03 1.166949e-02
8.000000e-01 1.512000e-01  1.374545e-01  1.000000e-01 1.088902e-04 8.000000e-04 5.845537e+05 3.180203e+01 2.288801e+01 6.923341e+01 3.575845e-05 5.080442e-05 1.598705e-04 3.215004e-03 1.229967e-02
8.000000e-01 1.512000e-01  1.374545e-01  1.000000e-01 1.117917e-04 8.000000e-04 5.845537e+05 3.180203e+01 2.288801e+01 6.923341e+01 3.716948e-05 5.333240e-05 1.685039e-04 3.388622e-03 1.296388e-02
8.000000e-01 1.512000e-01  1.374545e-01  1.000000e-01 1.147705e-04 8.000000e-04 5.845537e+05 3.180203e+01 2.288801e+01 6.923341e+01 3.896331e-05 5.621516e-05 1.776035e-04 3.571615e-03 1.366396e-02
8.000000e-01 1.512000e-01  1.374545e-01  1.000000e-01 1.178287e-04 8.000000e-04 5.845537e+05 3.180203e+01 2.288801e+01 6.923341e+01 4.162694e-05 5.988723e-05 1.871945e-04 3.764491e-03 1.440185e-02
8.000000e-01 1.512000e-01  1.374545e-01  1.000000e-01 1.209684e-04 8.000000e-04 5.845537e+05 3.180203e+01 2.288801e+01 6.923341e+01 4.376829e-05 6.279031e-05 1.973034e-04 3.967782e-03 1.517958e-02
8.000000e-01 1.512000e-01  1.374545e-01  1.000000e-01 1.241917e-04 8.000000e-04 5.845537e+05 3.180203e+01 2.288801e+01 6.923341e+01 4.936095e-05 6.611854e-05 2.079583e-04 4.182051e-03 1.599931e-02
8.000000e-01 1.512000e-01  1.374545e-01  1.000000e-01 1.275010e-04 8.000000e-04 5.845537e+05 3.180203e+01 2.288801e+01 6.923341e+01 4.818446e-05 6.927970e-05 2.191885e-04 4.407892e-03 1.686331e-02
8.000000e-01 1.512000e-01  1.374545e-01  1.000000e-01 1.308984e-04 8.000000e-04 5.845537e+05 3.180203e+01 2.288801e+01 6.923340e+01 5.143873e-05 7.330485e-05 2.310252e-04 4.645928e-03 1.777397e-02
8.000000e-01 1.512000e-01  1.374545e-01  1.000000e-01 1.343863e-04 8.000000e-04 5.845537e+05 3.180203e+01 2.288801e+01 6.923340e+01 5.530430e-05 7.602416e-05 2.435011e-04 4.896819e-03 1.873381e-02
8.000000e-01 1.512000e-01  1.374545e-01  1.000000e-01 1.379672e-04 8.000000e-04 5.845537e+05 3.180203e+01 2.288801e+01 6.923340e+01 5.735974e-05 8.132236e-05 2.566507e-04 5.161258e-03 1.974547e-02
8.000000e-01 1.512000e-01  1.374545e-01  1.000000e-01 1.416435e-04 8.000000e-04 5.845537e+05 3.180203e+01 2.288801e+01 6.923340e+01 6.025797e-05 8.566072e-05 2.705104e-04 5.439978e-03 2.081178e-02
8.000000e-01 1.512000e-01  1.374545e-01  1.000000e-01 1.454177e-04 8.000000e-04 5.845537e+05 3.180203e+01 2.288801e+01 6.923340e+01 6.498834e-05 8.983139e-05 2.851186e-04 5.733750e-03 2.193566e-02
8.000000e-01 1.512000e-01  1.374545e-01  1.000000e-01 1.492926e-04 8.000000e-04 5.845537e+05 3.180203e+01 2.288801e+01 6.923340e+01 6.601844e-05 9.425593e-05 3.005157e-04 6.043385e-03 2.312024e-02
8.000000e-01 1.512000e-01  1.374545e-01  1.000000e-01 1.532706e-04 8.000000e-04 5.845537e+05 3.180203e+01 2.288801e+01 6.923340e+01 7.109680e-05 9.891510e-05 3.167442e-04 6.369742e-03 2.436878e-02
8.000000e-01 1.512000e-01  1.374545e-01  1.000000e-01 1.573547e-04 8.000000e-04 5.845537e+05 3.180203e+01 2.288801e+01 6.923340e+01 7.679841e-05 1.037373e-04 3.338491e-04 6.713723e-03 2.568475e-02
8.000000e-01 1.512000e-01  1.374545e-01  1.000000e-01 1.615476e-04 8.000000e-04 5.845537e+05 3.180203e+01 2.288801e+01 6.923340e+01 7.952757e-05 1.115477e-04 3.518778e-04 7.076280e-03 2.707179e-02
8.000000e-01 1.512000e-01  1.374545e-01  1.000000e-01 1.658522e-04 8.000000e-04 5.845537e+05 3.180203e+01 2.288801e+01 6.923340e+01 8.117059e-05 1.182106e-04 3.708800e-04 7.458415e-03 2.853373e-02
8.000000e-01 1.512000e-01  1.374545e-01  1.000000e-01 1.702715e-04 8.000000e-04 5.845537e+05 3.180203e+01 2.288801e+01 6.923340e+01 9.118487e-05 1.237017e-04 3.909083e-04 7.861187e-03 3.007462e-02
8.000000e-01 1.512000e-01  1.374545e-01  1.000000e-01 1.748086e-04 8.000000e-04 5.845537e+05 3.180203e+01 2.288801e+01 6.923340e+01 9.375278e-05 1.322802e-04 4.120183e-04 8.285709e-03 3.169871e-02
8.000000e-01 1.512000e-01  1.374545e-01  1.000000e-01 1.794666e-04 8.000000e-04 5.845537e+05 3.180203e+01 2.288800e+01 6.923340e+01 9.724903e-05 1.361511e-04 4.342682e-04 8.733156e-03 3.341052e-02
8.000000e-01 1.512000e-01  1.374545e-01  1.000000e-01 1.842487e-04 8.000000e-04 5.845537e+05 3.180203e+01 2.288800e+01 6.923340e+01 1.035566e-04 1.436850e-04 4.577197e-04 9.204767e-03 3.521476e-02
8.000000e-01 1.512000e-01  1.374545e-01  1.000000e-01 1.891582e-04 8.000000e-04 5.845537e+05 3.180203e+01 2.288800e+01 6.923340e+01 1.069808e-04 1.546474e-04 4.824377e-04 9.701846e-03 3.711644e-02
8.000000e-01 1.512000e-01  1.374545e-01  1.000000e-01 1.941986e-04 8.000000e-04 5.845537e+05 3.180203e+01 2.288800e+01 6.923340e+01 1.161930e-04 1.605577e-04 5.084904e-04 1.022577e-02 3.912082e-02
8.000000e-01 1.512000e-01  1.374545e-01  1.000000e-01 1.993732e-04 8.000000e-04 5.845537e+05 3.180203e+01 2.288800e+01 6.923340e+01 1.235677e-04 1.696910e-04 5.359501e-04 1.077798e-02 4.123343e-02
8.000000e-01 1.512000e-01  1.374545e-01  1.000000e-01 2.046857e-04 8.000000e-04 5.845537e+05 3.180203e+01 2.288800e+01 6.923339e+01 1.255745e-04 1.786049e-04 5.648926e-04 1.136002e-02 4.346013e-02
8.000000e-01 1.512000e-01  1.374545e-01  1.000000e-01 2.101398e-04 8.000000e-04 5.845537e+05 3.180203e+01 2.288800e+01 6.923339e+01 1.294807e-04 1.895734e-04 5.953981e-04 1.197349e-02 4.580708e-02
8.000000e-01 1.512000e-01  1.374545e-01  1.000000e-01 2.157392e-04 8.000000e-04 5.845537e+05 3.180202e+01 2.288800e+01 6.923339e+01 1.416605e-04 1.993514e-04 6.275510e-04 1.262008e-02 4.828077e-02
8.000000e-01 1.512000e-01  1.374545e-01  1.000000e-01 2.214878e-04 8.000000e-04 5.845537e+05 3.180202e+01 2.288800e+01 6.923339e+01 1.547680e-04 2.095439e-04 6.614402e-04 1.330160e-02 5.088804e-02
8.000000e-01 1.512000e-01  1.374545e-01  1.000000e-01 2.273896e-04 8.000000e-04 5.845537e+05 3.180202e+01 2.288799e+01 6.923339e+01 1.562136e-04 2.213916e-04 6.971595e-04 1.401991e-02 5.363611e-02
8.000000e-01 1.512000e-01  1.374545e-01  1.000000e-01 2.334487e-04 8.000000e-04 5.845537e+05 3.180202e+01 2.288799e+01 6.923339e+01 1.654900e-04 2.335837e-04 7.348077e-04 1.477702e-02 5.653259e-02
8.000000e-01 1.512000e-01  1.374545e-01  1.000000e-01 2.396692e-04 8.000000e-04 5.845537e+05 3.180202e+01 2.288799e+01 6.923339e+01 1.716014e-04 2.453564e-04 7.744890e-04 1.557501e-02 5.958548e-02
8.000000e-01 1.512000e-01  1.374545e-01  1.000000e-01 2.460555e-04 8.000000e-04 5.845537e+05 3.180202e+01 2.288799e+01 6.923339e+01 1.886278e-04 2.586383e-04 8.163132e-04 1.641610e-02 6.280323e-02
8.000000e-01 1.512000e-01  1.374545e-01  1.000000e-01 2.526119e-04 8.000000e-04 5.845537e+05 3.180202e+01 2.288799e+01 6.923339e+01 1.856491e-04 2.698567e-04 8.603960e-04 1.730261e-02 6.619475e-02
8.000000e-01 1.512000e-01  1.374545e-01  1.000000e-01 2.593430e-04 8.000000e-04 5.845537e+05 3.180202e+01 2.288799e+01 6.923339e+01 2.070405e-04 2.857130e-04 9.068594e-04 1.823699e-02 6.976942e-02
8.000000e-01 1.512000e-01  1.374545e-01  1.000000e-01 2.662535e-04 8.000000e-04 5.845537e+05 3.180202e+01 2.288799e+01 6.923338e+01 2.223396e-04 3.030732e-04 9.558319e-04 1.922183e-02 7.353713e-02
8.000000e-01 1.512000e-01  1.374545e-01  1.000000e-01 2.733482e-04 8.000000e-04 5.845537e+05 3.180202e+01 2.288798e+01 6.923338e+01 2.322578e-04 3.205096e-04 1.007449e-03 2.025985e-02 7.750830e-02
8.000000e-01 1.512000e-01  1.374545e-01  1.000000e-01 2.806318e-04 8.000000e-04 5.845537e+05 3.180202e+01 2.288798e+01 6.923338e+01 2.511987e-04 3.364692e-04 1.061854e-03 2.135393e-02 8.169393e-02
8.000000e-01 1.512000e-01  1.374545e-01  1.000000e-01 2.881096e-04 8.000000e-04 5.845537e+05 3.180202e+01 2.288798e+01 6.923338e+01 2.506658e-04 3.541432e-04 1.119196e-03 2.250709e-02 8.610559e-02
8.000000e-01 1.512000e-01  1.374545e-01  1.000000e-01 2.957866e-04 8.000000e-04 5.845537e+05 3.180202e+01 2.288798e+01 6.923338e+01 2.695737e-04 3.698548e-04 1.179635e-03 2.372253e-02 9.075549e-02
8.000000e-01 1.512000e-01  1.374545e-01  1.000000e-01 3.036682e-04 8.000000e-04 5.845537e+05 3.180202e+01 2.288798e+01 6.923337e+01 2.808501e-04 3.963961e-04 1.243338e-03 2.500360e-02 9.565650e-02
8.000000e-01 1.512000e-01  1.374545e-01  1.000000e-01 3.117598e-04 8.000000e-04 5.845537e+05 3.180202e+01 2.288797e+01 6.923337e+01 2.948373e-04 4.124155e-04 1.310482e-03 2.635385e-02 1.008222e-01
8.000000e-01 1.512000e-01  1.374545e-01  1.000000e-01 3.200670e-04 8.000000e-04 5.845537e+05 3.180202e+01 2.288797e+01 6.923337e+01 3.163942e-04 4.357034e-04 1.381251e-03 2.777702e-02 1.062668e-01
8.000000e-01 1.512000e-01  1.374545e-01  1.000000e-01 3.285955e-04 8.000000e-04 5.845537e+05 3.180202e+01 2.288797e+01 6.923337e+01 3.301130e-04 4.614975e-04 1.455841e-03 2.927704e-02 1.120055e-01
8.000000e-01 1.512000e-01  1.374545e-01  1.000000e-01 3.373513e-04 8.000000e-04 5.845537e+05 3.180202e+01 2.288797e+01 6.923337e+01 3.452040e-04 4.866082e-04 1.534460e-03 3.085807e-02 1.180540e-01
8.000000e-01 1.512000e-01  1.374545e-01  1.000000e-01 3.463404e-04 8.000000e-04 5.845537e+05 3.180202e+01 2.288796e+01 6.923336e+01 3.699075e-04 5.151945e-04 1.617325e-03 3.252448e-02 1.244292e-01
8.000000e-01 1.512000e-01  1.374545e-01  1.000000e-01 3.555691e-04 8.000000e-04 5.845537e+05 3.180201e+01 2.288796e+01 6.923336e+01 3.824764e-04 5.358070e-04 1.704664e-03 3.428088e-02 1.311487e-01
8.000000e-01 1.512000e-01  1.374545e-01  1.000000e-01 3.650436e-04 8.000000e-04 5.845537e+05 3.180201e+01 2.288796e+01 6.923336e+01 4.166564e-04 5.630107e-04 1.796720e-03 3.613212e-02 1.382310e-01
8.000000e-01 1.512000e-01  1.374545e-01  1.000000e-01 3.747706e-04 8.000000e-04 5.845537e+05 3.180201e+01 2.288795e+01 6.923336e+01 4.140762e-04 5.946552e-04 1.893747e-03 3.808334e-02 1.456958e-01
8.000000e-01 1.512000e-01  1.374545e-01  1.000000e-01 3.847568e-04 8.000000e-04 5.845537e+05 3.180201e+01 2.288795e+01 6.923335e+01 4.460994e-04 6.305421e-04 1.996013e-03 4.013993e-02 1.535637e-01
8.000000e-01 1.512000e-01  1.374545e-01  1.000000e-01 3.950091e-04 8.000000e-04 5.845537e+05 3.180201e+01 2.288795e+01 6.923335e+01 4.640610e-04 6.680667e-04 2.103803e-03 4.230758e-02 1.618565e-01
8.000000e-01 1.512000e-01  1.374545e-01  1.000000e-01 4.055346e-04 8.000000e-04 5.845537e+05 3.180201e+01 2.288794e+01 6.923335e+01 5.079402e-04 6.967194e-04 2.217413e-03 4.459229e-02 1.705971e-01
8.000000e-01 1.512000e-01  1.374545e-01  1.000000e-01 4.163405e-04 8.000000e-04 5.845537e+05 3.180201e+01 2.288794e+01 6.923334e+01 5.404971e-04 7.434086e-04 2.337158e-03 4.700037e-02 1.798098e-01
8.000000e-01 1.512000e-01  1.374545e-01  1.000000e-01 4.274344e-04 8.000000e-04 5.845537e+05 3.180201e+01 2.288793e+01 6.923334e+01 5.483963e-04 7.815885e-04 2.463370e-03 4.953850e-02 1.895199e-01
8.000000e-01 1.512000e-01  1.374545e-01  1.000000e-01 4.388239e-04 8.000000e-04 5.845537e+05 3.180200e+01 2.288793e+01 6.923333e+01 5.804745e-04 8.236874e-04 2.596398e-03 5.221369e-02 1.997544e-01
