1.000000e-01 7.444000e-02  6.767273e-02  1.000000e-01 2.000000e-06 8.000000e-04 5.078232e+03 3.180198e+01 2.288793e+01 6.923328e+01 1.149685e-03 8.936419e-04 6.704444e-03 1.062133e-01 4.289826e-01
1.000000e-01 7.444000e-02  6.767273e-02  1.000000e-01 2.053292e-06 8.000000e-04 5.078232e+03 3.180198e+01 2.288792e+01 6.923328e+01 1.163534e-03 9.451372e-04 7.066499e-03 1.119491e-01 4.521487e-01
1.000000e-01 7.444000e-02  6.767273e-02  1.000000e-01 2.108005e-06 8.000000e-04 5.078232e+03 3.180197e+01 2.288791e+01 6.923327e+01 1.304210e-03 9.889255e-04 7.448107e-03 1.179946e-01 4.765658e-01
1.000000e-01 7.444000e-02  6.767273e-02  1.000000e-01 2.164175e-06 8.000000e-04 5.078232e+03 3.180197e+01 2.288791e+01 6.923326e+01 1.335877e-03 1.059717e-03 7.850322e-03 1.243666e-01 5.023014e-01
1.000000e-01 7.444000e-02  6.767273e-02  1.000000e-01 2.221842e-06 8.000000e-04 5.078232e+03 3.180197e+01 2.288790e+01 6.923326e+01 1.430049e-03 1.109339e-03 8.274257e-03 1.310826e-01 5.294269e-01
1.000000e-01 7.444000e-02  6.767273e-02  1.000000e-01 2.281045e-06 8.000000e-04 5.078232e+03 3.180197e+01 2.288789e+01 6.923325e+01 1.497161e-03 1.169514e-03 8.721086e-03 1.381614e-01 5.580171e-01
1.000000e-01 7.444000e-02  6.767273e-02  1.000000e-01 2.341826e-06 8.000000e-04 5.078232e+03 3.180197e+01 2.288789e+01 6.923325e+01 1.589687e-03 1.248427e-03 9.192045e-03 1.456224e-01 5.881514e-01
1.000000e-01 7.444000e-02  6.767273e-02  1.000000e-01 2.404227e-06 8.000000e-04 5.078232e+03 3.180196e+01 2.288789e+01 6.923323e+01 1.636028e-03 1.290146e-03 9.688437e-03 1.534864e-01 6.199129e-01
1.000000e-01 7.444000e-02  6.767273e-02  1.000000e-01 2.468290e-06 8.000000e-04 5.078232e+03 3.180196e+01 2.288788e+01 6.923322e+01 1.687606e-03 1.355337e-03 1.021163e-02 1.617750e-01 6.533896e-01
1.000000e-01 7.444000e-02  6.767273e-02  1.000000e-01 2.534061e-06 8.000000e-04 5.078232e+03 3.180195e+01 2.288787e+01 6.923320e+01 1.828649e-03 1.419250e-03 1.076309e-02 1.705112e-01 6.886742e-01
1.000000e-01 7.444000e-02  6.767273e-02  1.000000e-01 2.601584e-06 8.000000e-04 5.078232e+03 3.180194e+01 2.288786e+01 6.923319e+01 1.915312e-03 1.525424e-03 1.134432e-02 1.797192e-01 7.258642e-01
1.000000e-01 7.444000e-02  6.767273e-02  1.000000e-01 2.670906e-06 8.000000e-04 5.078232e+03 3.180194e+01 2.288785e+01 6.923318e+01 2.100175e-03 1.591950e-03 1.195694e-02 1.894245e-01 7.650625e-01
1.000000e-01 7.444000e-02  6.767273e-02  1.000000e-01 2.742075e-06 8.000000e-04 5.078232e+03 3.180193e+01 2.288784e+01 6.923317e+01 2.201414e-03 1.680996e-03 1.260264e-02 1.996539e-01 8.063776e-01
1.000000e-01 7.444000e-02  6.767273e-02  1.000000e-01 2.815141e-06 8.000000e-04 5.078232e+03 3.180193e+01 2.288783e+01 6.923316e+01 2.194876e-03 1.772033e-03 1.328321e-02 2.104356e-01 8.499239e-01
1.000000e-01 7.444000e-02  6.767273e-02  1.000000e-01 2.890154e-06 8.000000e-04 5.078232e+03 3.180193e+01 2.288782e+01 6.923315e+01 2.324660e-03 1.883144e-03 1.400054e-02 2.217996e-01 8.958218e-01
1.000000e-01 7.444000e-02  6.767273e-02  1.000000e-01 2.967165e-06 8.000000e-04 5.078232e+03 3.180193e+01 2.288781e+01 6.923315e+01 2.403639e-03 1.966253e-03 1.475660e-02 2.337773e-01 9.441982e-01
1.000000e-01 7.444000e-02  6.767273e-02  1.000000e-01 3.046229e-06 8.000000e-04 5.078232e+03 3.180191e+01 2.288779e+01 6.923312e+01 2.525609e-03 2.079258e-03 1.555349e-02 2.464018e-01 9.951871e-01
1.000000e-01 7.444000e-02  6.767273e-02  1.000000e-01 3.127399e-06 8.000000e-04 5.078232e+03 3.180192e+01 2.288779e+01 6.923312e+01 2.748999e-03 2.218963e-03 1.639341e-02 2.597081e-01 1.048929e+00
1.000000e-01 7.444000e-02  6.767273e-02  1.000000e-01 3.210732e-06 8.000000e-04 5.078232e+03 3.180191e+01 2.288777e+01 6.923310e+01 2.884964e-03 2.354952e-03 1.727869e-02 2.737329e-01 1.105574e+00
1.000000e-01 7.444000e-02  6.767273e-02  1.000000e-01 3.296286e-06 8.000000e-04 5.078232e+03 3.180190e+01 2.288776e+01 6.923306e+01 3.012313e-03 2.435891e-03 1.821178e-02 2.885152e-01 1.165278e+00
1.000000e-01 7.444000e-02  6.767273e-02  1.000000e-01 3.384119e-06 8.000000e-04 5.078232e+03 3.180188e+01 2.288774e+01 6.923305e+01 3.281732e-03 2.579954e-03 1.919526e-02 3.040956e-01 1.228205e+00
1.000000e-01 7.444000e-02  6.767273e-02  1.000000e-01 3.474293e-06 8.000000e-04 5.078232e+03 3.180188e+01 2.288774e+01 6.923304e+01 3.389077e-03 2.692121e-03 2.023185e-02 3.205175e-01 1.294531e+00
1.000000e-01 7.444000e-02  6.767273e-02  1.000000e-01 3.566869e-06 8.000000e-04 5.078232e+03 3.180188e+01 2.288772e+01 6.923302e+01 3.499491e-03 2.874955e-03 2.132442e-02 3.378262e-01 1.364439e+00
1.000000e-01 7.444000e-02  6.767273e-02  1.000000e-01 3.661913e-06 8.000000e-04 5.078232e+03 3.180186e+01 2.288770e+01 6.923298e+01 3.841330e-03 2.977092e-03 2.247598e-02 3.560696e-01 1.438122e+00
1.000000e-01 7.444000e-02  6.767273e-02  1.000000e-01 3.759488e-06 8.000000e-04 5.078232e+03 3.180186e+01 2.288768e+01 6.923298e+01 3.952228e-03 3.205063e-03 2.368974e-02 3.752982e-01 1.515784e+00
1.000000e-01 7.444000e-02  6.767273e-02  1.000000e-01 3.859664e-06 8.000000e-04 5.078232e+03 3.180185e+01 2.288766e+01 6.923295e+01 4.125820e-03 3.434030e-03 2.496904e-02 3.955651e-01 1.597640e+00
1.000000e-01 7.444000e-02  6.767273e-02  1.000000e-01 3.962510e-06 8.000000e-04 5.078232e+03 3.180183e+01 2.288764e+01 6.923291e+01 4.477979e-03 3.518621e-03 2.631743e-02 4.169266e-01 1.683916e+00
1.000000e-01 7.444000e-02  6.767273e-02  1.000000e-01 4.068095e-06 8.000000e-04 5.078232e+03 3.180179e+01 2.288762e+01 6.923284e+01 4.787313e-03 3.707940e-03 2.773863e-02 4.394416e-01 1.774851e+00
1.000000e-01 7.444000e-02  6.767273e-02  1.000000e-01 4.176494e-06 8.000000e-04 5.078232e+03 3.180181e+01 2.288760e+01 6.923287e+01 4.943290e-03 3.940428e-03 2.923658e-02 4.631724e-01 1.870697e+00
1.000000e-01 7.444000e-02  6.767273e-02  1.000000e-01 4.287782e-06 8.000000e-04 5.078232e+03 3.180178e+01 2.288758e+01 6.923278e+01 5.418010e-03 4.156385e-03 3.081542e-02 4.881848e-01 1.971719e+00
1.000000e-01 7.444000e-02  6.767273e-02  1.000000e-01 4.402035e-06 8.000000e-04 5.078232e+03 3.180178e+01 2.288755e+01 6.923280e+01 5.496930e-03 4.316635e-03 3.247952e-02 5.145479e-01 2.078197e+00
1.000000e-01 7.444000e-02  6.767273e-02  1.000000e-01 4.519332e-06 8.000000e-04 5.078232e+03 3.180178e+01 2.288753e+01 6.923278e+01 5.877768e-03 4.651880e-03 3.423349e-02 5.423347e-01 2.190424e+00
1.000000e-01 7.444000e-02  6.767273e-02  1.000000e-01 4.639755e-06 8.000000e-04 5.078232e+03 3.180176e+01 2.288749e+01 6.923273e+01 6.083462e-03 4.831019e-03 3.608218e-02 5.716220e-01 2.308712e+00
1.000000e-01 7.444000e-02  6.767273e-02  1.000000e-01 4.763386e-06 8.000000e-04 5.078232e+03 3.180175e+01 2.288748e+01 6.923272e+01 6.508396e-03 5.071894e-03 3.803070e-02 6.024909e-01 2.433388e+00
1.000000e-01 7.444000e-02  6.767273e-02  1.000000e-01 4.890312e-06 8.000000e-04 5.078232e+03 3.180173e+01 2.288745e+01 6.923265e+01 6.788892e-03 5.358038e-03 4.008445e-02 6.350268e-01 2.564796e+00
1.000000e-01 7.444000e-02  6.767273e-02  1.000000e-01 5.020620e-06 8.000000e-04 5.078232e+03 3.180170e+01 2.288742e+01 6.923260e+01 7.180893e-03 5.654139e-03 4.224910e-02 6.693198e-01 2.703301e+00
1.000000e-01 7.444000e-02  6.767273e-02  1.000000e-01 5.154400e-06 8.000000e-04 5.078232e+03 3.180171e+01 2.288738e+01 6.923260e+01 7.523603e-03 5.962578e-03 4.453065e-02 7.054646e-01 2.849286e+00
1.000000e-01 7.444000e-02  6.767273e-02  1.000000e-01 5.291745e-06 8.000000e-04 5.078232e+03 3.180167e+01 2.288734e+01 6.923252e+01 7.826272e-03 6.313845e-03 4.693541e-02 7.435613e-01 3.003154e+00
1.000000e-01 7.444000e-02  6.767273e-02  1.000000e-01 5.432750e-06 8.000000e-04 5.078232e+03 3.180162e+01 2.288729e+01 6.923238e+01 8.452501e-03 6.647921e-03 4.947003e-02 7.837153e-01 3.165331e+00
1.000000e-01 7.444000e-02  6.767273e-02  1.000000e-01 5.577512e-06 8.000000e-04 5.078232e+03 3.180165e+01 2.288731e+01 6.923248e+01 8.974773e-03 7.023056e-03 5.214152e-02 8.260378e-01 3.336266e+00
1.000000e-01 7.444000e-02  6.767273e-02  1.000000e-01 5.726131e-06 8.000000e-04 5.078232e+03 3.180165e+01 2.288721e+01 6.923242e+01 9.179092e-03 7.468267e-03 5.495729e-02 8.706457e-01 3.516432e+00
1.000000e-01 7.444000e-02  6.767273e-02  1.000000e-01 5.878710e-06 8.000000e-04 5.078232e+03 3.180161e+01 2.288718e+01 6.923234e+01 9.780463e-03 7.758188e-03 5.792511e-02 9.176626e-01 3.706328e+00
1.000000e-01 7.444000e-02  6.767273e-02  1.000000e-01 6.035355e-06 8.000000e-04 5.078232e+03 3.180158e+01 2.288713e+01 6.923227e+01 1.042285e-02 8.323140e-03 6.105320e-02 9.672185e-01 3.906478e+00
1.000000e-01 7.444000e-02  6.767273e-02  1.000000e-01 6.196174e-06 8.000000e-04 5.078232e+03 3.180157e+01 2.288709e+01 6.923225e+01 1.052094e-02 8.625607e-03 6.435021e-02 1.019451e+00 4.117437e+00
1.000000e-01 7.444000e-02  6.767273e-02  1.000000e-01 6.361278e-06 8.000000e-04 5.078232e+03 3.180150e+01 2.288706e+01 6.923209e+01 1.182565e-02 9.100702e-03 6.782527e-02 1.074503e+00 4.339788e+00
1.000000e-01 7.444000e-02  6.767273e-02  1.000000e-01 6.530782e-06 8.000000e-04 5.078232e+03 3.180147e+01 2.288703e+01 6.923206e+01 1.162117e-02 9.451329e-03 7.148799e-02 1.132529e+00 4.574146e+00
1.000000e-01 7.444000e-02  6.767273e-02  1.000000e-01 6.704802e-06 8.000000e-04 5.078232e+03 3.180141e+01 2.288692e+01 6.923189e+01 1.281689e-02 1.016806e-02 7.534851e-02 1.193688e+00 4.821161e+00
1.000000e-01 7.444000e-02  6.767273e-02  1.000000e-01 6.883459e-06 8.000000e-04 5.078232e+03 3.180143e+01 2.288690e+01 6.923191e+01 1.370730e-02 1.064553e-02 7.941750e-02 1.258150e+00 5.081515e+00
1.000000e-01 7.444000e-02  6.767273e-02  1.000000e-01 7.066877e-06 8.000000e-04 5.078232e+03 3.180140e+01 2.288678e+01 6.923182e+01 1.428067e-02 1.134990e-02 8.370623e-02 1.326093e+00 5.355928e+00
1.000000e-01 7.444000e-02  6.767273e-02  1.000000e-01 7.255182e-06 8.000000e-04 5.078232e+03 3.180143e+01 2.288674e+01 6.923186e+01 1.437590e-02 1.193837e-02 8.822656e-02 1.397705e+00 5.645161e+00
1.000000e-01 7.444000e-02  6.767273e-02  1.000000e-01 7.448504e-06 8.000000e-04 5.078232e+03 3.180134e+01 2.288671e+01 6.923165e+01 1.537764e-02 1.240515e-02 9.299100e-02 1.473184e+00 5.950012e+00
1.000000e-01 7.444000e-02  6.767273e-02  1.000000e-01 7.646978e-06 8.000000e-04 5.078232e+03 3.180129e+01 2.288661e+01 6.923157e+01 1.672907e-02 1.321784e-02 9.801273e-02 1.552740e+00 6.271327e+00
1.000000e-01 7.444000e-02  6.767273e-02  1.000000e-01 7.850741e-06 8.000000e-04 5.078232e+03 3.180129e+01 2.288657e+01 6.923152e+01 1.683654e-02 1.389138e-02 1.033056e-01 1.636591e+00 6.609993e+00
1.000000e-01 7.444000e-02  6.767273e-02  1.000000e-01 8.059933e-06 8.000000e-04 5.078232e+03 3.180122e+01 2.288649e+01 6.923139e+01 1.772818e-02 1.466722e-02 1.088844e-01 1.724971e+00 6.966948e+00
1.000000e-01 7.444000e-02  6.767273e-02  1.000000e-01 8.274699e-06 8.000000e-04 5.078232e+03 3.180112e+01 2.288634e+01 6.923115e+01 1.962340e-02 1.566151e-02 1.147644e-01 1.818123e+00 7.343179e+00
1.000000e-01 7.444000e-02  6.767273e-02  1.000000e-01 8.495188e-06 8.000000e-04 5.078232e+03 3.180108e+01 2.288628e+01 6.923110e+01 2.007152e-02 1.594401e-02 1.209619e-01 1.916306e+00 7.739728e+00
1.000000e-01 7.444000e-02  6.767273e-02  1.000000e-01 8.721552e-06 8.000000e-04 5.078232e+03 3.180107e+01 2.288625e+01 6.923102e+01 2.186497e-02 1.691152e-02 1.274942e-01 2.019791e+00 8.157691e+00
1.000000e-01 7.444000e-02  6.767273e-02  1.000000e-01 8.953948e-06 8.000000e-04 5.078232e+03 3.180107e+01 2.288609e+01 6.923093e+01 2.222338e-02 1.799709e-02 1.343791e-01 2.128865e+00 8.598225e+00
1.000000e-01 7.444000e-02  6.767273e-02  1.000000e-01 9.192536e-06 8.000000e-04 5.078232e+03 3.180098e+01 2.288603e+01 6.923080e+01 2.291281e-02 1.902265e-02 1.416359e-01 2.243828e+00 9.062549e+00
1.000000e-01 7.444000e-02  6.767273e-02  1.000000e-01 9.437481e-06 8.000000e-04 5.078232e+03 3.180093e+01 2.288594e+01 6.923065e+01 2.497335e-02 2.008400e-02 1.492846e-01 2.365000e+00 9.551948e+00
1.000000e-01 7.444000e-02  6.767273e-02  1.000000e-01 9.688954e-06 8.000000e-04 5.078232e+03 3.180097e+01 2.288576e+01 6.923067e+01 2.615549e-02 2.134698e-02 1.573463e-01 2.492716e+00 1.006778e+01
1.000000e-01 7.444000e-02  6.767273e-02  1.000000e-01 9.947127e-06 8.000000e-04 5.078232e+03 3.180070e+01 2.288560e+01 6.923010e+01 2.791893e-02 2.224749e-02 1.658434e-01 2.627328e+00 1.061146e+01
1.000000e-01 7.444000e-02  6.767273e-02  1.000000e-01 1.021218e-05 8.000000e-04 5.078232e+03 3.180071e+01 2.288556e+01 6.923015e+01 2.899230e-02 2.343880e-02 1.747993e-01 2.769210e+00 1.118450e+01
1.000000e-01 7.444000e-02  6.767273e-02  1.000000e-01 1.048430e-05 8.000000e-04 5.078232e+03 3.180070e+01 2.288550e+01 6.923007e+01 3.115450e-02 2.460436e-02 1.842389e-01 2.918753e+00 1.178849e+01
1.000000e-01 7.444000e-02  6.767273e-02  1.000000e-01 1.076366e-05 8.000000e-04 5.078232e+03 3.180055e+01 2.288525e+01 6.922975e+01 3.237860e-02 2.607800e-02 1.941882e-01 3.076373e+00 1.242510e+01
1.000000e-01 7.444000e-02  6.767273e-02  1.000000e-01 1.105047e-05 8.000000e-04 5.078232e+03 3.180045e+01 2.288507e+01 6.922948e+01 3.414822e-02 2.731983e-02 2.046748e-01 3.242504e+00 1.309608e+01
1.000000e-01 7.444000e-02  6.767273e-02  1.000000e-01 1.134492e-05 8.000000e-04 5.078232e+03 3.180049e+01 2.288495e+01 6.922950e+01 3.613857e-02 2.926164e-02 2.157277e-01 3.417607e+00 1.380330e+01
1.000000e-01 7.444000e-02  6.767273e-02  1.000000e-01 1.164722e-05 8.000000e-04 5.078232e+03 3.180039e+01 2.288483e+01 6.922928e+01 3.854495e-02 3.046347e-02 2.273775e-01 3.602166e+00 1.454871e+01
1.000000e-01 7.444000e-02  6.767273e-02  1.000000e-01 1.195758e-05 8.000000e-04 5.078232e+03 3.180031e+01 2.288461e+01 6.922909e+01 3.898808e-02 3.226618e-02 2.396564e-01 3.796691e+00 1.533437e+01
1.000000e-01 7.444000e-02  6.767273e-02  1.000000e-01 1.227620e-05 8.000000e-04 5.078232e+03 3.180006e+01 2.288445e+01 6.922852e+01 4.325248e-02 3.368084e-02 2.525984e-01 4.001721e+00 1.616246e+01
1.000000e-01 7.444000e-02  6.767273e-02  1.000000e-01 1.260331e-05 8.000000e-04 5.078232e+03 3.179990e+01 2.288422e+01 6.922809e+01 4.503886e-02 3.570517e-02 2.662393e-01 4.217823e+00 1.703527e+01
1.000000e-01 7.444000e-02  6.767273e-02  1.000000e-01 1.293914e-05 8.000000e-04 5.078232e+03 3.179989e+01 2.288393e+01 6.922803e+01 4.879722e-02 3.828955e-02 2.806168e-01 4.445595e+00 1.795522e+01
1.000000e-01 7.444000e-02  6.767273e-02  1.000000e-01 1.328392e-05 8.000000e-04 5.078232e+03 3.179964e+01 2.288361e+01 6.922739e+01 4.973134e-02 4.002845e-02 2.957708e-01 4.685668e+00 1.892484e+01
1.000000e-01 7.444000e-02  6.767273e-02  1.000000e-01 1.363789e-05 8.000000e-04 5.078232e+03 3.179962e+01 2.288346e+01 6.922736e+01 5.233540e-02 4.184409e-02 3.117431e-01 4.938705e+00 1.994683e+01
1.000000e-01 7.444000e-02  6.767273e-02  1.000000e-01 1.400128e-05 8.000000e-04 5.078232e+03 3.179971e+01 2.288321e+01 6.922744e+01 5.445946e-02 4.386280e-02 3.285780e-01 5.205406e+00 2.102400e+01
1.000000e-01 7.444000e-02  6.767273e-02  1.000000e-01 1.437436e-05 8.000000e-04 5.078232e+03 3.179948e+01 2.288304e+01 6.922693e+01 5.925402e-02 4.666267e-02 3.463219e-01 5.486510e+00 2.215935e+01
1.000000e-01 7.444000e-02  6.767273e-02  1.000000e-01 1.475738e-05 8.000000e-04 5.078232e+03 3.179940e+01 2.288296e+01 6.922677e+01 6.176035e-02 4.922290e-02 3.650241e-01 5.782794e+00 2.335600e+01
1.000000e-01 7.444000e-02  6.767273e-02  1.000000e-01 1.515061e-05 8.000000e-04 5.078232e+03 3.179917e+01 2.288252e+01 6.922623e+01 6.430750e-02 5.114632e-02 3.847363e-01 6.095078e+00 2.461728e+01
1.000000e-01 7.444000e-02  6.767273e-02  1.000000e-01 1.555432e-05 8.000000e-04 5.078232e+03 3.179890e+01 2.288226e+01 6.922564e+01 6.713671e-02 5.343313e-02 4.055129e-01 6.424227e+00 2.594667e+01
1.000000e-01 7.444000e-02  6.767273e-02  1.000000e-01 1.596878e-05 8.000000e-04 5.078232e+03 3.179893e+01 2.288167e+01 6.922543e+01 7.216078e-02 5.805066e-02 4.274115e-01 6.771150e+00 2.734785e+01
1.000000e-01 7.444000e-02  6.767273e-02  1.000000e-01 1.639429e-05 8.000000e-04 5.078232e+03 3.179881e+01 2.288168e+01 6.922530e+01 7.425468e-02 6.072776e-02 4.504928e-01 7.136808e+00 2.882470e+01
1.000000e-01 7.444000e-02  6.767273e-02  1.000000e-01 1.683113e-05 8.000000e-04 5.078232e+03 3.179848e+01 2.288137e+01 6.922457e+01 8.198134e-02 6.267852e-02 4.748204e-01 7.522212e+00 3.038130e+01
1.000000e-01 7.444000e-02  6.767273e-02  1.000000e-01 1.727962e-05 8.000000e-04 5.078232e+03 3.179825e+01 2.288094e+01 6.922408e+01 8.597228e-02 6.757778e-02 5.004618e-01 7.928429e+00 3.202196e+01
1.000000e-01 7.444000e-02  6.767273e-02  1.000000e-01 1.774005e-05 8.000000e-04 5.078232e+03 3.179822e+01 2.288055e+01 6.922373e+01 8.760092e-02 7.090689e-02 5.274879e-01 8.356582e+00 3.375122e+01
1.000000e-01 7.444000e-02  6.767273e-02  1.000000e-01 1.821276e-05 8.000000e-04 5.078232e+03 3.179795e+01 2.287988e+01 6.922300e+01 9.388326e-02 7.485118e-02 5.559735e-01 8.807857e+00 3.557386e+01
1.000000e-01 7.444000e-02  6.767273e-02  1.000000e-01 1.869805e-05 8.000000e-04 5.078232e+03 3.179766e+01 2.287990e+01 6.922259e+01 1.005812e-01 7.949357e-02 5.859973e-01 9.283501e+00 3.749493e+01
1.000000e-01 7.444000e-02  6.767273e-02  1.000000e-01 1.919629e-05 8.000000e-04 5.078232e+03 3.179698e+01 2.287931e+01 6.922094e+01 1.063185e-01 8.200643e-02 6.176425e-01 9.784832e+00 3.951975e+01
1.000000e-01 7.444000e-02  6.767273e-02  1.000000e-01 1.970779e-05 8.000000e-04 5.078232e+03 3.179734e+01 2.287891e+01 6.922145e+01 1.094631e-01 8.689898e-02 6.509966e-01 1.031324e+01 4.165390e+01
1.000000e-01 7.444000e-02  6.767273e-02  1.000000e-01 2.023293e-05 8.000000e-04 5.078232e+03 3.179689e+01 2.287839e+01 6.922047e+01 1.188067e-01 9.073558e-02 6.861520e-01 1.087017e+01 4.390331e+01
1.000000e-01 7.444000e-02  6.767273e-02  1.000000e-01 2.077206e-05 8.000000e-04 5.078232e+03 3.179639e+01 2.287736e+01 6.921936e+01 1.247661e-01 9.815252e-02 7.232058e-01 1.145719e+01 4.627419e+01
1.000000e-01 7.444000e-02  6.767273e-02  1.000000e-01 2.132555e-05 8.000000e-04 5.078232e+03 3.179644e+01 2.287719e+01 6.921940e+01 1.287509e-01 1.027730e-01 7.622605e-01 1.207590e+01 4.877310e+01
1.000000e-01 7.444000e-02  6.767273e-02  1.000000e-01 2.189380e-05 8.000000e-04 5.078232e+03 3.179647e+01 2.287659e+01 6.921920e+01 1.345840e-01 1.084900e-01 8.034244e-01 1.272803e+01 5.140697e+01
1.000000e-01 7.444000e-02  6.767273e-02  1.000000e-01 2.247718e-05 8.000000e-04 5.078232e+03 3.179569e+01 2.287615e+01 6.921759e+01 1.433783e-01 1.118518e-01 8.468111e-01 1.341537e+01 5.418306e+01
1.000000e-01 7.444000e-02  6.767273e-02  1.000000e-01 2.307611e-05 8.000000e-04 5.078232e+03 3.179540e+01 2.287500e+01 6.921671e+01 1.483274e-01 1.209876e-01 8.925409e-01 1.413983e+01 5.710907e+01
1.000000e-01 7.444000e-02  6.767273e-02  1.000000e-01 2.369100e-05 8.000000e-04 5.078232e+03 3.179515e+01 2.287476e+01 6.921623e+01 1.549028e-01 1.287214e-01 9.407402e-01 1.490342e+01 6.019309e+01
1.000000e-01 7.444000e-02  6.767273e-02  1.000000e-01 2.432228e-05 8.000000e-04 5.078232e+03 3.179458e+01 2.287390e+01 6.921446e+01 1.687941e-01 1.331421e-01 9.915423e-01 1.570824e+01 6.344366e+01
1.000000e-01 7.444000e-02  6.767273e-02  1.000000e-01 2.497037e-05 8.000000e-04 5.078232e+03 3.179442e+01 2.287296e+01 6.921426e+01 1.695174e-01 1.422622e-01 1.045088e+00 1.655652e+01 6.686976e+01
1.000000e-01 7.444000e-02  6.767273e-02  1.000000e-01 2.563574e-05 8.000000e-04 5.078232e+03 3.179464e+01 2.287196e+01 6.921411e+01 1.809871e-01 1.474230e-01 1.101525e+00 1.745061e+01 7.048088e+01
1.000000e-01 7.444000e-02  6.767273e-02  1.000000e-01 2.631883e-05 8.000000e-04 5.078232e+03 3.179289e+01 2.287197e+01 6.921129e+01 1.997150e-01 1.536578e-01 1.161010e+00 1.839298e+01 7.428702e+01
1.000000e-01 7.444000e-02  6.767273e-02  1.000000e-01 2.702013e-05 8.000000e-04 5.078232e+03 3.179302e+01 2.287099e+01 6.921090e+01 1.978628e-01 1.629920e-01 1.223707e+00 1.938624e+01 7.829869e+01
1.000000e-01 7.444000e-02  6.767273e-02  1.000000e-01 2.774011e-05 8.000000e-04 5.078232e+03 3.179196e+01 2.286973e+01 6.920896e+01 2.142255e-01 1.727114e-01 1.289790e+00 2.043315e+01 8.252700e+01
1.000000e-01 7.444000e-02  6.767273e-02  1.000000e-01 2.847928e-05 8.000000e-04 5.078232e+03 3.179263e+01 2.286899e+01 6.920925e+01 2.244087e-01 1.821526e-01 1.359442e+00 2.153658e+01 8.698364e+01
1.000000e-01 7.444000e-02  6.767273e-02  1.000000e-01 2.923814e-05 8.000000e-04 5.078232e+03 3.179145e+01 2.286742e+01 6.920649e+01 2.441595e-01 1.929062e-01 1.432855e+00 2.269961e+01 9.168096e+01
1.000000e-01 7.444000e-02  6.767273e-02  1.000000e-01 3.001722e-05 8.000000e-04 5.078232e+03 3.179060e+01 2.286667e+01 6.920468e+01 2.664098e-01 2.029282e-01 1.510232e+00 2.392544e+01 9.663195e+01
1.000000e-01 7.444000e-02  6.767273e-02  1.000000e-01 3.081707e-05 8.000000e-04 5.078232e+03 3.178994e+01 2.286574e+01 6.920346e+01 2.613942e-01 2.121207e-01 1.591788e+00 2.521747e+01 1.018503e+02
1.000000e-01 7.444000e-02  6.767273e-02  1.000000e-01 3.163822e-05 8.000000e-04 5.078232e+03 3.178900e+01 2.286418e+01 6.920095e+01 2.867622e-01 2.249424e-01 1.677749e+00 2.657927e+01 1.073504e+02
1.000000e-01 7.444000e-02  6.767273e-02  1.000000e-01 3.248126e-05 8.000000e-04 5.078232e+03 3.178822e+01 2.286320e+01 6.920007e+01 3.019876e-01 2.400052e-01 1.768351e+00 2.801461e+01 1.131476e+02
1.000000e-01 7.444000e-02  6.767273e-02  1.000000e-01 3.334676e-05 8.000000e-04 5.078232e+03 3.178842e+01 2.286158e+01 6.919903e+01 3.015846e-01 2.485607e-01 1.863846e+00 2.952747e+01 1.192579e+02
1.000000e-01 7.444000e-02  6.767273e-02  1.000000e-01 3.423532e-05 8.000000e-04 5.078232e+03 3.178725e+01 2.285991e+01 6.919642e+01 3.312948e-01 2.672869e-01 1.964498e+00 3.112202e+01 1.256980e+02
1.000000e-01 7.444000e-02  6.767273e-02  1.000000e-01 3.514756e-05 8.000000e-04 5.078232e+03 3.178672e+01 2.285813e+01 6.919450e+01 3.523072e-01 2.777941e-01 2.070585e+00 3.280268e+01 1.324860e+02
1.000000e-01 7.444000e-02  6.767273e-02  1.000000e-01 3.608411e-05 8.000000e-04 5.078232e+03 3.178528e+01 2.285582e+01 6.919078e+01 3.624704e-01 2.956479e-01 2.182402e+00 3.457410e+01 1.396406e+02
1.000000e-01 7.444000e-02  6.767273e-02  1.000000e-01 3.704561e-05 8.000000e-04 5.078232e+03 3.178529e+01 2.285506e+01 6.919103e+01 3.748087e-01 3.133323e-01 2.300256e+00 3.644118e+01 1.471815e+02
1.000000e-01 7.444000e-02  6.767273e-02  1.000000e-01 3.803273e-05 8.000000e-04 5.078232e+03 3.178309e+01 2.285275e+01 6.918599e+01 4.160085e-01 3.301462e-01 2.424476e+00 3.840909e+01 1.551296e+02
1.000000e-01 7.444000e-02  6.767273e-02  1.000000e-01 3.904616e-05 8.000000e-04 5.078232e+03 3.178280e+01 2.285004e+01 6.918461e+01 4.412031e-01 3.477641e-01 2.555403e+00 4.048327e+01 1.635070e+02
1.000000e-01 7.444000e-02  6.767273e-02  1.000000e-01 4.008659e-05 8.000000e-04 5.078232e+03 3.178103e+01 2.284841e+01 6.917973e+01 4.623674e-01 3.578984e-01 2.693401e+00 4.266946e+01 1.723368e+02
1.000000e-01 7.444000e-02  6.767273e-02  1.000000e-01 4.115474e-05 8.000000e-04 5.078232e+03 3.178150e+01 2.284669e+01 6.918151e+01 4.668610e-01 3.837314e-01 2.838850e+00 4.497371e+01 1.816433e+02
1.000000e-01 7.444000e-02  6.767273e-02  1.000000e-01 4.225136e-05 8.000000e-04 5.078232e+03 3.178089e+01 2.284549e+01 6.917917e+01 4.794100e-01 4.047935e-01 2.992155e+00 4.740239e+01 1.914525e+02
1.000000e-01 7.444000e-02  6.767273e-02  1.000000e-01 4.337719e-05 8.000000e-04 5.078232e+03 3.177678e+01 2.284330e+01 6.917054e+01 5.498744e-01 4.260889e-01 3.153738e+00 4.996223e+01 2.017914e+02
1.000000e-01 7.444000e-02  6.767273e-02  1.000000e-01 4.453303e-05 8.000000e-04 5.078232e+03 3.177804e+01 2.284098e+01 6.917209e+01 5.528401e-01 4.436728e-01 3.324047e+00 5.266031e+01 2.126886e+02
1.000000e-01 7.444000e-02  6.767273e-02  1.000000e-01 4.571966e-05 8.000000e-04 5.078232e+03 3.177739e+01 2.283809e+01 6.917043e+01 5.861195e-01 4.658576e-01 3.503554e+00 5.550409e+01 2.241743e+02
1.000000e-01 7.444000e-02  6.767273e-02  1.000000e-01 4.693791e-05 8.000000e-04 5.078232e+03 3.177681e+01 2.283439e+01 6.916844e+01 6.073423e-01 5.026974e-01 3.692754e+00 5.850143e+01 2.362802e+02
1.000000e-01 7.444000e-02  6.767273e-02  1.000000e-01 4.818863e-05 8.000000e-04 5.078232e+03 3.177403e+01 2.283231e+01 6.916366e+01 6.470813e-01 5.260547e-01 3.892171e+00 6.166065e+01 2.490399e+02
1.000000e-01 7.444000e-02  6.767273e-02  1.000000e-01 4.947267e-05 8.000000e-04 5.078232e+03 3.177137e+01 2.283100e+01 6.915878e+01 6.662986e-01 5.466505e-01 4.102357e+00 6.499046e+01 2.624886e+02
1.000000e-01 7.444000e-02  6.767273e-02  1.000000e-01 5.079093e-05 8.000000e-04 5.078232e+03 3.177291e+01 2.282661e+01 6.915920e+01 7.229091e-01 5.836526e-01 4.323894e+00 6.850010e+01 2.766636e+02
1.000000e-01 7.444000e-02  6.767273e-02  1.000000e-01 5.214431e-05 8.000000e-04 5.078232e+03 3.176962e+01 2.282229e+01 6.915057e+01 7.631476e-01 6.214921e-01 4.557394e+00 7.219926e+01 2.916040e+02
1.000000e-01 7.444000e-02  6.767273e-02  1.000000e-01 5.353375e-05 8.000000e-04 5.078232e+03 3.176679e+01 2.281953e+01 6.914393e+01 8.203515e-01 6.381812e-01 4.803504e+00 7.609819e+01 3.073513e+02
1.000000e-01 7.444000e-02  6.767273e-02  1.000000e-01 5.496022e-05 8.000000e-04 5.078232e+03 3.176166e+01 2.281586e+01 6.913304e+01 8.509381e-01 6.765007e-01 5.062904e+00 8.020767e+01 3.239490e+02
1.000000e-01 7.444000e-02  6.767273e-02  1.000000e-01 5.642470e-05 8.000000e-04 5.078232e+03 3.176303e+01 2.281202e+01 6.913565e+01 8.631749e-01 7.230287e-01 5.336313e+00 8.453907e+01 3.414430e+02
1.000000e-01 7.444000e-02  6.767273e-02  1.000000e-01 5.792820e-05 8.000000e-04 5.078232e+03 3.176257e+01 2.280868e+01 6.913454e+01 9.183393e-01 7.519467e-01 5.624486e+00 8.910437e+01 3.598817e+02
1.000000e-01 7.444000e-02  6.767273e-02  1.000000e-01 5.947176e-05 8.000000e-04 5.078232e+03 3.175851e+01 2.280049e+01 6.912449e+01 9.757720e-01 8.058054e-01 5.928221e+00 9.391622e+01 3.793162e+02
1.000000e-01 7.444000e-02  6.767273e-02  1.000000e-01 6.105646e-05 8.000000e-04 5.078232e+03 3.175366e+01 2.280032e+01 6.911257e+01 1.038061e+00 8.423308e-01 6.248359e+00 9.898791e+01 3.998001e+02
1.000000e-01 7.444000e-02  6.767273e-02  1.000000e-01 6.268338e-05 8.000000e-04 5.078232e+03 3.175538e+01 2.279221e+01 6.911488e+01 1.125594e+00 8.817062e-01 6.585785e+00 1.043335e+02 4.213903e+02
1.000000e-01 7.444000e-02  6.767273e-02  1.000000e-01 6.435365e-05 8.000000e-04 5.078232e+03 3.175296e+01 2.279014e+01 6.910897e+01 1.154558e+00 9.308128e-01 6.941432e+00 1.099677e+02 4.441463e+02
1.000000e-01 7.444000e-02  6.767273e-02  1.000000e-01 6.606842e-05 8.000000e-04 5.078232e+03 3.174575e+01 2.277941e+01 6.909359e+01 1.283017e+00 9.984868e-01 7.316286e+00 1.159062e+02 4.681312e+02
1.000000e-01 7.444000e-02  6.767273e-02  1.000000e-01 6.782889e-05 8.000000e-04 5.078232e+03 3.174233e+01 2.277707e+01 6.908623e+01 1.331422e+00 1.034706e+00 7.711382e+00 1.221655e+02 4.934114e+02
1.000000e-01 7.444000e-02  6.767273e-02  1.000000e-01 6.963627e-05 8.000000e-04 5.078232e+03 3.173607e+01 2.277236e+01 6.907257e+01 1.395761e+00 1.086164e+00 8.127814e+00 1.287627e+02 5.200568e+02
1.000000e-01 7.444000e-02  6.767273e-02  1.000000e-01 7.149181e-05 8.000000e-04 5.078232e+03 3.173620e+01 2.276833e+01 6.907125e+01 1.414995e+00 1.143250e+00 8.566735e+00 1.357161e+02 5.481410e+02
1.000000e-01 7.444000e-02  6.767273e-02  1.000000e-01 7.339679e-05 8.000000e-04 5.078232e+03 3.173368e+01 2.276056e+01 6.906228e+01 1.524550e+00 1.216184e+00 9.029359e+00 1.430451e+02 5.777419e+02
1.000000e-01 7.444000e-02  6.767273e-02  1.000000e-01 7.535253e-05 8.000000e-04 5.078232e+03 3.172803e+01 2.275414e+01 6.904805e+01 1.611624e+00 1.274804e+00 9.516965e+00 1.507699e+02 6.089413e+02
1.000000e-01 7.444000e-02  6.767273e-02  1.000000e-01 7.736039e-05 8.000000e-04 5.078232e+03 3.172601e+01 2.274945e+01 6.904524e+01 1.688922e+00 1.348704e+00 1.003090e+01 1.589118e+02 6.418255e+02
1.000000e-01 7.444000e-02  6.767273e-02  1.000000e-01 7.942174e-05 8.000000e-04 5.078232e+03 3.172610e+01 2.273754e+01 6.904004e+01 1.724397e+00 1.420496e+00 1.057260e+01 1.674934e+02 6.764856e+02
1.000000e-01 7.444000e-02  6.767273e-02  1.000000e-01 8.153803e-05 8.000000e-04 5.078232e+03 3.172313e+01 2.273183e+01 6.903487e+01 1.838605e+00 1.487269e+00 1.114354e+01 1.765385e+02 7.130174e+02
1.000000e-01 7.444000e-02  6.767273e-02  1.000000e-01 8.371070e-05 8.000000e-04 5.078232e+03 3.171282e+01 2.272394e+01 6.901319e+01 1.992044e+00 1.572495e+00 1.174532e+01 1.860719e+02 7.515220e+02
1.000000e-01 7.444000e-02  6.767273e-02  1.000000e-01 8.594127e-05 8.000000e-04 5.078232e+03 3.170573e+01 2.271904e+01 6.899360e+01 2.107676e+00 1.660415e+00 1.237959e+01 1.961203e+02 7.921059e+02
1.000000e-01 7.444000e-02  6.767273e-02  1.000000e-01 8.823127e-05 8.000000e-04 5.078232e+03 3.170374e+01 2.269946e+01 6.898827e+01 2.241263e+00 1.746313e+00 1.304812e+01 2.067112e+02 8.348815e+02
1.000000e-01 7.444000e-02  6.767273e-02  1.000000e-01 9.058230e-05 8.000000e-04 5.078232e+03 3.169827e+01 2.268778e+01 6.897668e+01 2.246649e+00 1.846812e+00 1.375275e+01 2.178741e+02 8.799670e+02
1.000000e-01 7.444000e-02  6.767273e-02  1.000000e-01 9.299597e-05 8.000000e-04 5.078232e+03 3.169175e+01 2.268631e+01 6.895976e+01 2.421366e+00 1.946719e+00 1.449543e+01 2.296398e+02 9.274872e+02
1.000000e-01 7.444000e-02  6.767273e-02  1.000000e-01 9.547395e-05 8.000000e-04 5.078232e+03 3.167864e+01 2.266856e+01 6.893152e+01 2.546036e+00 2.036641e+00 1.527821e+01 2.420409e+02 9.775737e+02
1.000000e-01 7.444000e-02  6.767273e-02  1.000000e-01 9.801796e-05 8.000000e-04 5.078232e+03 3.168314e+01 2.266434e+01 6.893629e+01 2.618096e+00 2.175656e+00 1.610327e+01 2.551116e+02 1.030365e+03
1.000000e-01 7.444000e-02  6.767273e-02  1.000000e-01 1.006298e-04 8.000000e-04 5.078232e+03 3.168219e+01 2.265095e+01 6.893007e+01 2.833893e+00 2.279840e+00 1.697288e+01 2.688883e+02 1.086007e+03
1.000000e-01 7.444000e-02  6.767273e-02  1.000000e-01 1.033112e-04 8.000000e-04 5.078232e+03 3.166413e+01 2.263544e+01 6.889168e+01 3.066618e+00 2.355593e+00 1.788946e+01 2.834089e+02 1.144654e+03
1.000000e-01 7.444000e-02  6.767273e-02  1.000000e-01 1.060640e-04 8.000000e-04 5.078232e+03 3.165763e+01 2.261915e+01 6.887657e+01 3.183539e+00 2.546370e+00 1.885553e+01 2.987136e+02 1.206468e+03
1.000000e-01 7.444000e-02  6.767273e-02  1.000000e-01 1.088902e-04 8.000000e-04 5.078232e+03 3.165187e+01 2.260797e+01 6.886381e+01 3.286942e+00 2.694963e+00 1.987377e+01 3.148448e+02 1.271620e+03
1.000000e-01 7.444000e-02  6.767273e-02  1.000000e-01 1.117917e-04 8.000000e-04 5.078232e+03 3.165413e+01 2.258550e+01 6.886129e+01 3.519227e+00 2.859965e+00 2.094700e+01 3.318472e+02 1.340290e+03
1.000000e-01 7.444000e-02  6.767273e-02  1.000000e-01 1.147705e-04 8.000000e-04 5.078232e+03 3.164653e+01 2.257380e+01 6.883775e+01 3.685612e+00 2.983216e+00 2.207819e+01 3.497677e+02 1.412669e+03
1.000000e-01 7.444000e-02  6.767273e-02  1.000000e-01 1.178287e-04 8.000000e-04 5.078232e+03 3.163774e+01 2.255825e+01 6.882428e+01 3.856166e+00 3.122289e+00 2.327046e+01 3.686559e+02 1.488957e+03
1.000000e-01 7.444000e-02  6.767273e-02  1.000000e-01 1.209684e-04 8.000000e-04 5.078232e+03 3.161140e+01 2.254745e+01 6.876953e+01 4.245623e+00 3.270897e+00 2.452712e+01 3.885642e+02 1.569364e+03
1.000000e-01 7.444000e-02  6.767273e-02  1.000000e-01 1.241917e-04 8.000000e-04 5.078232e+03 3.162115e+01 2.252419e+01 6.878492e+01 4.292685e+00 3.467957e+00 2.585164e+01 4.095476e+02 1.654113e+03
1.000000e-01 7.444000e-02  6.767273e-02  1.000000e-01 1.275010e-04 8.000000e-04 5.078232e+03 3.160973e+01 2.250152e+01 6.874692e+01 4.406741e+00 3.688066e+00 2.724769e+01 4.316641e+02 1.743439e+03
1.000000e-01 7.444000e-02  6.767273e-02  1.000000e-01 1.308984e-04 8.000000e-04 5.078232e+03 3.158296e+01 2.247915e+01 6.868921e+01 4.851299e+00 3.839368e+00 2.871913e+01 4.549749e+02 1.837588e+03
1.000000e-01 7.444000e-02  6.767273e-02  1.000000e-01 1.343863e-04 8.000000e-04 5.078232e+03 3.156805e+01 2.246082e+01 6.865064e+01 4.998688e+00 4.026076e+00 3.027003e+01 4.795446e+02 1.936823e+03
1.000000e-01 7.444000e-02  6.767273e-02  1.000000e-01 1.379672e-04 8.000000e-04 5.078232e+03 3.158329e+01 2.244692e+01 6.869430e+01 5.247632e+00 4.290879e+00 3.190468e+01 5.054412e+02 2.041415e+03
1.000000e-01 7.444000e-02  6.767273e-02  1.000000e-01 1.416435e-04 8.000000e-04 5.078232e+03 3.154527e+01 2.241053e+01 6.861008e+01 5.447066e+00 4.535940e+00 3.362761e+01 5.327362e+02 2.151657e+03
1.000000e-01 7.444000e-02  6.767273e-02  1.000000e-01 1.454177e-04 8.000000e-04 5.078232e+03 3.154856e+01 2.239939e+01 6.859493e+01 5.824343e+00 4.748940e+00 3.544358e+01 5.615051e+02 2.267851e+03
1.000000e-01 7.444000e-02  6.767273e-02  1.000000e-01 1.492926e-04 8.000000e-04 5.078232e+03 3.154351e+01 2.237042e+01 6.859467e+01 6.175277e+00 5.009309e+00 3.735761e+01 5.918277e+02 2.390320e+03
1.000000e-01 7.444000e-02  6.767273e-02  1.000000e-01 1.532706e-04 8.000000e-04 5.078232e+03 3.153134e+01 2.234338e+01 6.856270e+01 6.363273e+00 5.283905e+00 3.937501e+01 6.237878e+02 2.519403e+03
1.000000e-01 7.444000e-02  6.767273e-02  1.000000e-01 1.573547e-04 8.000000e-04 5.078232e+03 3.149469e+01 2.231565e+01 6.847761e+01 6.928509e+00 5.561714e+00 4.150135e+01 6.574738e+02 2.655457e+03
1.000000e-01 7.444000e-02  6.767273e-02  1.000000e-01 1.615476e-04 8.000000e-04 5.078232e+03 3.147601e+01 2.228207e+01 6.842503e+01 7.259192e+00 5.872600e+00 4.374252e+01 6.929789e+02 2.798857e+03
1.000000e-01 7.444000e-02  6.767273e-02  1.000000e-01 1.658522e-04 8.000000e-04 5.078232e+03 3.145246e+01 2.224433e+01 6.837066e+01 7.751277e+00 6.210140e+00 4.610472e+01 7.304013e+02 2.950002e+03
1.000000e-01 7.444000e-02  6.767273e-02  1.000000e-01 1.702715e-04 8.000000e-04 5.078232e+03 3.143061e+01 2.222398e+01 6.832207e+01 8.122341e+00 6.607551e+00 4.859448e+01 7.698447e+02 3.109309e+03
1.000000e-01 7.444000e-02  6.767273e-02  1.000000e-01 1.748086e-04 8.000000e-04 5.078232e+03 3.141740e+01 2.218568e+01 6.828441e+01 8.945638e+00 6.966049e+00 5.121869e+01 8.114181e+02 3.277219e+03
1.000000e-01 7.444000e-02  6.767273e-02  1.000000e-01 1.794666e-04 8.000000e-04 5.078232e+03 3.140171e+01 2.213643e+01 6.824978e+01 9.161712e+00 7.333586e+00 5.398462e+01 8.552365e+02 3.454196e+03
1.000000e-01 7.444000e-02  6.767273e-02  1.000000e-01 1.842487e-04 8.000000e-04 5.078232e+03 3.136020e+01 2.208707e+01 6.815751e+01 9.425024e+00 7.641412e+00 5.689992e+01 9.014213e+02 3.640731e+03
1.000000e-01 7.444000e-02  6.767273e-02  1.000000e-01 1.891582e-04 8.000000e-04 5.078232e+03 3.138888e+01 2.204612e+01 6.820774e+01 9.946484e+00 8.080344e+00 5.997264e+01 9.501001e+02 3.837339e+03
1.000000e-01 7.444000e-02  6.767273e-02  1.000000e-01 1.941986e-04 8.000000e-04 5.078232e+03 3.133222e+01 2.203895e+01 6.807518e+01 1.095637e+01 8.532264e+00 6.321130e+01 1.001408e+03 4.044564e+03
1.000000e-01 7.444000e-02  6.767273e-02  1.000000e-01 1.993732e-04 8.000000e-04 5.078232e+03 3.126976e+01 2.198495e+01 6.794125e+01 1.149175e+01 9.011484e+00 6.662486e+01 1.055486e+03 4.262980e+03
1.000000e-01 7.444000e-02  6.767273e-02  1.000000e-01 2.046857e-04 8.000000e-04 5.078232e+03 3.128612e+01 2.192331e+01 6.799164e+01 1.161781e+01 9.328382e+00 7.022276e+01 1.112485e+03 4.493191e+03
1.000000e-01 7.444000e-02  6.767273e-02  1.000000e-01 2.101398e-04 8.000000e-04 5.078232e+03 3.122278e+01 2.187908e+01 6.786778e+01 1.245212e+01 1.007148e+01 7.401495e+01 1.172561e+03 4.735833e+03
1.000000e-01 7.444000e-02  6.767273e-02  1.000000e-01 2.157392e-04 8.000000e-04 5.078232e+03 3.118793e+01 2.180915e+01 6.780272e+01 1.329049e+01 1.056482e+01 7.801193e+01 1.235883e+03 4.991579e+03
1.000000e-01 7.444000e-02  6.767273e-02  1.000000e-01 2.214878e-04 8.000000e-04 5.078232e+03 3.121012e+01 2.176047e+01 6.777721e+01 1.374359e+01 1.106137e+01 8.222475e+01 1.302623e+03 5.261136e+03
1.000000e-01 7.444000e-02  6.767273e-02  1.000000e-01 2.273896e-04 8.000000e-04 5.078232e+03 3.116048e+01 2.175112e+01 6.769927e+01 1.473317e+01 1.163077e+01 8.666508e+01 1.372968e+03 5.545250e+03
1.000000e-01 7.444000e-02  6.767273e-02  1.000000e-01 2.334487e-04 8.000000e-04 5.078232e+03 3.113026e+01 2.171143e+01 6.763430e+01 1.501809e+01 1.227865e+01 9.134519e+01 1.447111e+03 5.844706e+03
1.000000e-01 7.444000e-02  6.767273e-02  1.000000e-01 2.396692e-04 8.000000e-04 5.078232e+03 3.119799e+01 2.160601e+01 6.773251e+01 1.577570e+01 1.301146e+01 9.627804e+01 1.525258e+03 6.160334e+03
1.000000e-01 7.444000e-02  6.767273e-02  1.000000e-01 2.460555e-04 8.000000e-04 5.078232e+03 3.101920e+01 2.156489e+01 6.737026e+01 1.731159e+01 1.354943e+01 1.014773e+02 1.607626e+03 6.493006e+03
1.000000e-01 7.444000e-02  6.767273e-02  1.000000e-01 2.526119e-04 8.000000e-04 5.078232e+03 3.104182e+01 2.151462e+01 6.737700e+01 1.789767e+01 1.452003e+01 1.069573e+02 1.694441e+03 6.843643e+03
1.000000e-01 7.444000e-02  6.767273e-02  1.000000e-01 2.593430e-04 8.000000e-04 5.078232e+03 3.099413e+01 2.138082e+01 6.730946e+01 1.909585e+01 1.518436e+01 1.127332e+02 1.785945e+03 7.213216e+03
1.000000e-01 7.444000e-02  6.767273e-02  1.000000e-01 2.662535e-04 8.000000e-04 5.078232e+03 3.094734e+01 2.135334e+01 6.722746e+01 1.955699e+01 1.606662e+01 1.188211e+02 1.882390e+03 7.602746e+03
1.000000e-01 7.444000e-02  6.767273e-02  1.000000e-01 2.733482e-04 8.000000e-04 5.078232e+03 3.088590e+01 2.122136e+01 6.711411e+01 2.026981e+01 1.694474e+01 1.252377e+02 1.984044e+03 8.013312e+03
1.000000e-01 7.444000e-02  6.767273e-02  1.000000e-01 2.806318e-04 8.000000e-04 5.078232e+03 3.083352e+01 2.117799e+01 6.693949e+01 2.241103e+01 1.782130e+01 1.320008e+02 2.091187e+03 8.446049e+03
1.000000e-01 7.444000e-02  6.767273e-02  1.000000e-01 2.881096e-04 8.000000e-04 5.078232e+03 3.081667e+01 2.108819e+01 6.688414e+01 2.293294e+01 1.875946e+01 1.391292e+02 2.204116e+03 8.902155e+03
1.000000e-01 7.444000e-02  6.767273e-02  1.000000e-01 2.957866e-04 8.000000e-04 5.078232e+03 3.074881e+01 2.098896e+01 6.676956e+01 2.390679e+01 1.965752e+01 1.466425e+02 2.323143e+03 9.382892e+03
1.000000e-01 7.444000e-02  6.767273e-02  1.000000e-01 3.036682e-04 8.000000e-04 5.078232e+03 3.062571e+01 2.099179e+01 6.651816e+01 2.639181e+01 2.056003e+01 1.545615e+02 2.448598e+03 9.889590e+03
1.000000e-01 7.444000e-02  6.767273e-02  1.000000e-01 3.117598e-04 8.000000e-04 5.078232e+03 3.056575e+01 2.078250e+01 6.638729e+01 2.797425e+01 2.195465e+01 1.629082e+02 2.580828e+03 1.042365e+04
1.000000e-01 7.444000e-02  6.767273e-02  1.000000e-01 3.200670e-04 8.000000e-04 5.078232e+03 3.064564e+01 2.078569e+01 6.651385e+01 2.807321e+01 2.311080e+01 1.717056e+02 2.720199e+03 1.098655e+04
1.000000e-01 7.444000e-02  6.767273e-02  1.000000e-01 3.285955e-04 8.000000e-04 5.078232e+03 3.047939e+01 2.063003e+01 6.617264e+01 3.056439e+01 2.426234e+01 1.809781e+02 2.867096e+03 1.157985e+04
1.000000e-01 7.444000e-02  6.767273e-02  1.000000e-01 3.373513e-04 8.000000e-04 5.078232e+03 3.056833e+01 2.048235e+01 6.641602e+01 3.049337e+01 2.563044e+01 1.907513e+02 3.021926e+03 1.220519e+04
