5.000000e-01 1.343000e-01  1.220909e-01  1.000000e-01 2.000000e-06 8.000000e-04 1.616462e+05 3.180203e+01 2.288802e+01 6.923341e+01 2.409858e-07 2.996188e-07 1.123419e-06 2.216269e-05 8.431554e-05
5.000000e-01 1.343000e-01  1.220909e-01  1.000000e-01 2.053292e-06 8.000000e-04 1.616462e+05 3.180203e+01 2.288802e+01 6.923341e+01 2.546007e-07 3.141691e-07 1.184086e-06 2.335953e-05 8.886878e-05
5.000000e-01 1.343000e-01  1.220909e-01  1.000000e-01 2.108005e-06 8.000000e-04 1.616462e+05 3.180203e+01 2.288802e+01 6.923341e+01 2.625524e-07 3.269569e-07 1.248030e-06 2.462099e-05 9.366789e-05
5.000000e-01 1.343000e-01  1.220909e-01  1.000000e-01 2.164175e-06 8.000000e-04 1.616462e+05 3.180203e+01 2.288802e+01 6.923341e+01 2.913811e-07 3.522160e-07 1.315426e-06 2.595059e-05 9.872618e-05
5.000000e-01 1.343000e-01  1.220909e-01  1.000000e-01 2.221842e-06 8.000000e-04 1.616462e+05 3.180203e+01 2.288802e+01 6.923341e+01 2.822535e-07 3.666397e-07 1.386462e-06 2.735198e-05 1.040576e-04
5.000000e-01 1.343000e-01  1.220909e-01  1.000000e-01 2.281045e-06 8.000000e-04 1.616462e+05 3.180203e+01 2.288802e+01 6.923341e+01 3.239635e-07 3.876574e-07 1.461334e-06 2.882905e-05 1.096770e-04
5.000000e-01 1.343000e-01  1.220909e-01  1.000000e-01 2.341826e-06 8.000000e-04 1.616462e+05 3.180203e+01 2.288802e+01 6.923341e+01 3.409541e-07 4.069142e-07 1.540250e-06 3.038588e-05 1.155998e-04
5.000000e-01 1.343000e-01  1.220909e-01  1.000000e-01 2.404227e-06 8.000000e-04 1.616462e+05 3.180203e+01 2.288802e+01 6.923341e+01 3.396196e-07 4.298733e-07 1.623427e-06 3.202679e-05 1.218424e-04
5.000000e-01 1.343000e-01  1.220909e-01  1.000000e-01 2.468290e-06 8.000000e-04 1.616462e+05 3.180203e+01 2.288802e+01 6.923341e+01 3.694407e-07 4.512184e-07 1.711096e-06 3.375631e-05 1.284222e-04
5.000000e-01 1.343000e-01  1.220909e-01  1.000000e-01 2.534061e-06 8.000000e-04 1.616462e+05 3.180203e+01 2.288802e+01 6.923341e+01 3.839872e-07 4.798708e-07 1.803499e-06 3.557923e-05 1.353573e-04
5.000000e-01 1.343000e-01  1.220909e-01  1.000000e-01 2.601584e-06 8.000000e-04 1.616462e+05 3.180203e+01 2.288802e+01 6.923341e+01 4.180752e-07 5.040147e-07 1.900892e-06 3.750059e-05 1.426669e-04
5.000000e-01 1.343000e-01  1.220909e-01  1.000000e-01 2.670906e-06 8.000000e-04 1.616462e+05 3.180203e+01 2.288802e+01 6.923341e+01 4.186058e-07 5.287942e-07 2.003544e-06 3.952571e-05 1.503713e-04
5.000000e-01 1.343000e-01  1.220909e-01  1.000000e-01 2.742075e-06 8.000000e-04 1.616462e+05 3.180203e+01 2.288802e+01 6.923341e+01 4.558241e-07 5.624941e-07 2.111740e-06 4.166019e-05 1.584917e-04
5.000000e-01 1.343000e-01  1.220909e-01  1.000000e-01 2.815141e-06 8.000000e-04 1.616462e+05 3.180203e+01 2.288802e+01 6.923341e+01 4.694807e-07 5.910845e-07 2.225779e-06 4.390993e-05 1.670506e-04
5.000000e-01 1.343000e-01  1.220909e-01  1.000000e-01 2.890154e-06 8.000000e-04 1.616462e+05 3.180203e+01 2.288802e+01 6.923341e+01 4.850030e-07 6.127922e-07 2.345977e-06 4.628117e-05 1.760717e-04
5.000000e-01 1.343000e-01  1.220909e-01  1.000000e-01 2.967165e-06 8.000000e-04 1.616462e+05 3.180203e+01 2.288802e+01 6.923341e+01 5.398310e-07 6.616502e-07 2.472665e-06 4.878046e-05 1.855800e-04
5.000000e-01 1.343000e-01  1.220909e-01  1.000000e-01 3.046229e-06 8.000000e-04 1.616462e+05 3.180203e+01 2.288802e+01 6.923341e+01 5.532687e-07 6.947543e-07 2.606194e-06 5.141472e-05 1.956017e-04
5.000000e-01 1.343000e-01  1.220909e-01  1.000000e-01 3.127399e-06 8.000000e-04 1.616462e+05 3.180203e+01 2.288802e+01 6.923341e+01 5.899030e-07 7.235415e-07 2.746935e-06 5.419123e-05 2.061647e-04
5.000000e-01 1.343000e-01  1.220909e-01  1.000000e-01 3.210732e-06 8.000000e-04 1.616462e+05 3.180203e+01 2.288802e+01 6.923341e+01 6.005259e-07 7.640249e-07 2.895276e-06 5.711769e-05 2.172980e-04
5.000000e-01 1.343000e-01  1.220909e-01  1.000000e-01 3.296286e-06 8.000000e-04 1.616462e+05 3.180203e+01 2.288802e+01 6.923341e+01 6.484840e-07 8.123454e-07 3.051627e-06 6.020217e-05 2.290326e-04
5.000000e-01 1.343000e-01  1.220909e-01  1.000000e-01 3.384119e-06 8.000000e-04 1.616462e+05 3.180203e+01 2.288802e+01 6.923341e+01 6.923895e-07 8.541692e-07 3.216422e-06 6.345323e-05 2.414009e-04
5.000000e-01 1.343000e-01  1.220909e-01  1.000000e-01 3.474293e-06 8.000000e-04 1.616462e+05 3.180203e+01 2.288802e+01 6.923341e+01 7.192665e-07 9.035682e-07 3.390116e-06 6.687985e-05 2.544371e-04
5.000000e-01 1.343000e-01  1.220909e-01  1.000000e-01 3.566869e-06 8.000000e-04 1.616462e+05 3.180203e+01 2.288802e+01 6.923341e+01 7.692849e-07 9.293656e-07 3.573191e-06 7.049152e-05 2.681773e-04
5.000000e-01 1.343000e-01  1.220909e-01  1.000000e-01 3.661913e-06 8.000000e-04 1.616462e+05 3.180203e+01 2.288802e+01 6.923341e+01 8.229492e-07 9.855804e-07 3.766151e-06 7.429822e-05 2.826595e-04
5.000000e-01 1.343000e-01  1.220909e-01  1.000000e-01 3.759488e-06 8.000000e-04 1.616462e+05 3.180203e+01 2.288802e+01 6.923341e+01 8.695869e-07 1.053367e-06 3.969532e-06 7.831050e-05 2.979238e-04
5.000000e-01 1.343000e-01  1.220909e-01  1.000000e-01 3.859664e-06 8.000000e-04 1.616462e+05 3.180203e+01 2.288802e+01 6.923341e+01 9.311847e-07 1.098707e-06 4.183896e-06 8.253945e-05 3.140123e-04
5.000000e-01 1.343000e-01  1.220909e-01  1.000000e-01 3.962510e-06 8.000000e-04 1.616462e+05 3.180203e+01 2.288802e+01 6.923341e+01 9.707673e-07 1.168842e-06 4.409836e-06 8.699677e-05 3.309697e-04
5.000000e-01 1.343000e-01  1.220909e-01  1.000000e-01 4.068095e-06 8.000000e-04 1.616462e+05 3.180203e+01 2.288802e+01 6.923341e+01 9.839902e-07 1.243802e-06 4.647977e-06 9.169479e-05 3.488429e-04
5.000000e-01 1.343000e-01  1.220909e-01  1.000000e-01 4.176494e-06 8.000000e-04 1.616462e+05 3.180203e+01 2.288802e+01 6.923341e+01 1.055510e-06 1.316259e-06 4.898979e-06 9.664652e-05 3.676812e-04
5.000000e-01 1.343000e-01  1.220909e-01  1.000000e-01 4.287782e-06 8.000000e-04 1.616462e+05 3.180203e+01 2.288802e+01 6.923341e+01 1.142079e-06 1.342952e-06 5.163535e-06 1.018657e-04 3.875368e-04
5.000000e-01 1.343000e-01  1.220909e-01  1.000000e-01 4.402035e-06 8.000000e-04 1.616462e+05 3.180203e+01 2.288802e+01 6.923341e+01 1.132125e-06 1.436154e-06 5.442378e-06 1.073666e-04 4.084647e-04
5.000000e-01 1.343000e-01  1.220909e-01  1.000000e-01 4.519332e-06 8.000000e-04 1.616462e+05 3.180203e+01 2.288802e+01 6.923341e+01 1.192831e-06 1.520385e-06 5.736279e-06 1.131647e-04 4.305227e-04
5.000000e-01 1.343000e-01  1.220909e-01  1.000000e-01 4.639755e-06 8.000000e-04 1.616462e+05 3.180203e+01 2.288802e+01 6.923341e+01 1.258232e-06 1.601959e-06 6.046051e-06 1.192758e-04 4.537720e-04
5.000000e-01 1.343000e-01  1.220909e-01  1.000000e-01 4.763386e-06 8.000000e-04 1.616462e+05 3.180203e+01 2.288802e+01 6.923341e+01 1.358739e-06 1.672725e-06 6.372552e-06 1.257170e-04 4.782767e-04
5.000000e-01 1.343000e-01  1.220909e-01  1.000000e-01 4.890312e-06 8.000000e-04 1.616462e+05 3.180203e+01 2.288802e+01 6.923341e+01 1.432198e-06 1.775654e-06 6.716684e-06 1.325060e-04 5.041047e-04
5.000000e-01 1.343000e-01  1.220909e-01  1.000000e-01 5.020620e-06 8.000000e-04 1.616462e+05 3.180203e+01 2.288802e+01 6.923341e+01 1.562416e-06 1.881164e-06 7.079401e-06 1.396617e-04 5.313276e-04
5.000000e-01 1.343000e-01  1.220909e-01  1.000000e-01 5.154400e-06 8.000000e-04 1.616462e+05 3.180203e+01 2.288802e+01 6.923341e+01 1.628683e-06 1.977629e-06 7.461705e-06 1.472037e-04 5.600205e-04
5.000000e-01 1.343000e-01  1.220909e-01  1.000000e-01 5.291745e-06 8.000000e-04 1.616462e+05 3.180203e+01 2.288802e+01 6.923341e+01 1.680590e-06 2.093488e-06 7.864654e-06 1.551530e-04 5.902629e-04
5.000000e-01 1.343000e-01  1.220909e-01  1.000000e-01 5.432750e-06 8.000000e-04 1.616462e+05 3.180203e+01 2.288802e+01 6.923341e+01 1.759984e-06 2.192339e-06 8.289364e-06 1.635317e-04 6.221384e-04
5.000000e-01 1.343000e-01  1.220909e-01  1.000000e-01 5.577512e-06 8.000000e-04 1.616462e+05 3.180203e+01 2.288802e+01 6.923341e+01 1.902785e-06 2.290019e-06 8.737008e-06 1.723628e-04 6.557353e-04
5.000000e-01 1.343000e-01  1.220909e-01  1.000000e-01 5.726131e-06 8.000000e-04 1.616462e+05 3.180203e+01 2.288802e+01 6.923341e+01 2.000222e-06 2.448142e-06 9.208827e-06 1.816707e-04 6.911466e-04
5.000000e-01 1.343000e-01  1.220909e-01  1.000000e-01 5.878710e-06 8.000000e-04 1.616462e+05 3.180203e+01 2.288802e+01 6.923341e+01 2.063749e-06 2.565508e-06 9.706125e-06 1.914814e-04 7.284701e-04
5.000000e-01 1.343000e-01  1.220909e-01  1.000000e-01 6.035355e-06 8.000000e-04 1.616462e+05 3.180203e+01 2.288802e+01 6.923341e+01 2.188527e-06 2.707917e-06 1.023028e-05 2.018218e-04 7.678092e-04
5.000000e-01 1.343000e-01  1.220909e-01  1.000000e-01 6.196174e-06 8.000000e-04 1.616462e+05 3.180203e+01 2.288802e+01 6.923341e+01 2.280339e-06 2.835751e-06 1.078274e-05 2.127207e-04 8.092726e-04
5.000000e-01 1.343000e-01  1.220909e-01  1.000000e-01 6.361278e-06 8.000000e-04 1.616462e+05 3.180203e+01 2.288802e+01 6.923341e+01 2.481724e-06 2.978153e-06 1.136503e-05 2.242081e-04 8.529752e-04
5.000000e-01 1.343000e-01  1.220909e-01  1.000000e-01 6.530782e-06 8.000000e-04 1.616462e+05 3.180203e+01 2.288802e+01 6.923341e+01 2.591281e-06 3.155363e-06 1.197877e-05 2.363158e-04 8.990378e-04
5.000000e-01 1.343000e-01  1.220909e-01  1.000000e-01 6.704802e-06 8.000000e-04 1.616462e+05 3.180203e+01 2.288802e+01 6.923341e+01 2.707343e-06 3.346586e-06 1.262565e-05 2.490774e-04 9.475880e-04
5.000000e-01 1.343000e-01  1.220909e-01  1.000000e-01 6.883459e-06 8.000000e-04 1.616462e+05 3.180203e+01 2.288802e+01 6.923341e+01 2.928468e-06 3.494937e-06 1.330746e-05 2.625282e-04 9.987599e-04
5.000000e-01 1.343000e-01  1.220909e-01  1.000000e-01 7.066877e-06 8.000000e-04 1.616462e+05 3.180203e+01 2.288802e+01 6.923341e+01 3.025434e-06 3.709262e-06 1.402610e-05 2.767053e-04 1.052695e-03
5.000000e-01 1.343000e-01  1.220909e-01  1.000000e-01 7.255182e-06 8.000000e-04 1.616462e+05 3.180203e+01 2.288802e+01 6.923341e+01 3.300286e-06 3.919506e-06 1.478354e-05 2.916480e-04 1.109543e-03
5.000000e-01 1.343000e-01  1.220909e-01  1.000000e-01 7.448504e-06 8.000000e-04 1.616462e+05 3.180203e+01 2.288802e+01 6.923341e+01 3.375956e-06 4.092105e-06 1.558188e-05 3.073977e-04 1.169461e-03
5.000000e-01 1.343000e-01  1.220909e-01  1.000000e-01 7.646978e-06 8.000000e-04 1.616462e+05 3.180203e+01 2.288802e+01 6.923341e+01 3.463983e-06 4.376340e-06 1.642334e-05 3.239979e-04 1.232615e-03
5.000000e-01 1.343000e-01  1.220909e-01  1.000000e-01 7.850741e-06 8.000000e-04 1.616462e+05 3.180203e+01 2.288802e+01 6.923341e+01 3.712913e-06 4.579139e-06 1.731024e-05 3.414945e-04 1.299179e-03
5.000000e-01 1.343000e-01  1.220909e-01  1.000000e-01 8.059933e-06 8.000000e-04 1.616462e+05 3.180203e+01 2.288802e+01 6.923341e+01 3.902510e-06 4.833997e-06 1.824503e-05 3.599360e-04 1.369337e-03
5.000000e-01 1.343000e-01  1.220909e-01  1.000000e-01 8.274699e-06 8.000000e-04 1.616462e+05 3.180203e+01 2.288802e+01 6.923341e+01 4.184196e-06 5.081208e-06 1.923031e-05 3.793734e-04 1.443285e-03
5.000000e-01 1.343000e-01  1.220909e-01  1.000000e-01 8.495188e-06 8.000000e-04 1.616462e+05 3.180203e+01 2.288802e+01 6.923341e+01 4.273819e-06 5.357061e-06 2.026879e-05 3.998604e-04 1.521226e-03
5.000000e-01 1.343000e-01  1.220909e-01  1.000000e-01 8.721552e-06 8.000000e-04 1.616462e+05 3.180203e+01 2.288802e+01 6.923341e+01 4.785772e-06 5.654136e-06 2.136335e-05 4.214538e-04 1.603375e-03
5.000000e-01 1.343000e-01  1.220909e-01  1.000000e-01 8.953948e-06 8.000000e-04 1.616462e+05 3.180203e+01 2.288802e+01 6.923341e+01 4.953471e-06 5.937098e-06 2.251702e-05 4.442133e-04 1.689961e-03
5.000000e-01 1.343000e-01  1.220909e-01  1.000000e-01 9.192536e-06 8.000000e-04 1.616462e+05 3.180203e+01 2.288802e+01 6.923341e+01 5.242391e-06 6.280034e-06 2.373299e-05 4.682019e-04 1.781223e-03
5.000000e-01 1.343000e-01  1.220909e-01  1.000000e-01 9.437481e-06 8.000000e-04 1.616462e+05 3.180203e+01 2.288802e+01 6.923341e+01 5.311710e-06 6.551671e-06 2.501463e-05 4.934858e-04 1.877413e-03
5.000000e-01 1.343000e-01  1.220909e-01  1.000000e-01 9.688954e-06 8.000000e-04 1.616462e+05 3.180203e+01 2.288802e+01 6.923341e+01 5.710111e-06 6.967459e-06 2.636547e-05 5.201352e-04 1.978798e-03
5.000000e-01 1.343000e-01  1.220909e-01  1.000000e-01 9.947127e-06 8.000000e-04 1.616462e+05 3.180203e+01 2.288802e+01 6.923341e+01 5.952362e-06 7.365039e-06 2.778927e-05 5.482237e-04 2.085657e-03
5.000000e-01 1.343000e-01  1.220909e-01  1.000000e-01 1.021218e-05 8.000000e-04 1.616462e+05 3.180203e+01 2.288802e+01 6.923341e+01 6.100750e-06 7.805285e-06 2.928995e-05 5.778291e-04 2.198288e-03
5.000000e-01 1.343000e-01  1.220909e-01  1.000000e-01 1.048430e-05 8.000000e-04 1.616462e+05 3.180203e+01 2.288802e+01 6.923341e+01 6.590129e-06 8.099608e-06 3.087168e-05 6.090332e-04 2.317000e-03
5.000000e-01 1.343000e-01  1.220909e-01  1.000000e-01 1.076366e-05 8.000000e-04 1.616462e+05 3.180203e+01 2.288802e+01 6.923341e+01 7.010252e-06 8.668452e-06 3.253882e-05 6.419224e-04 2.442124e-03
5.000000e-01 1.343000e-01  1.220909e-01  1.000000e-01 1.105047e-05 8.000000e-04 1.616462e+05 3.180203e+01 2.288802e+01 6.923341e+01 7.403144e-06 9.050127e-06 3.429599e-05 6.765877e-04 2.574004e-03
5.000000e-01 1.343000e-01  1.220909e-01  1.000000e-01 1.134492e-05 8.000000e-04 1.616462e+05 3.180203e+01 2.288802e+01 6.923341e+01 7.520022e-06 9.482632e-06 3.614806e-05 7.131250e-04 2.713006e-03
5.000000e-01 1.343000e-01  1.220909e-01  1.000000e-01 1.164722e-05 8.000000e-04 1.616462e+05 3.180203e+01 2.288802e+01 6.923341e+01 8.064273e-06 1.006840e-05 3.810014e-05 7.516354e-04 2.859515e-03
5.000000e-01 1.343000e-01  1.220909e-01  1.000000e-01 1.195758e-05 8.000000e-04 1.616462e+05 3.180203e+01 2.288802e+01 6.923341e+01 8.587861e-06 1.053355e-05 4.015763e-05 7.922254e-04 3.013935e-03
5.000000e-01 1.343000e-01  1.220909e-01  1.000000e-01 1.227620e-05 8.000000e-04 1.616462e+05 3.180203e+01 2.288802e+01 6.923341e+01 8.943270e-06 1.130101e-05 4.232624e-05 8.350074e-04 3.176695e-03
5.000000e-01 1.343000e-01  1.220909e-01  1.000000e-01 1.260331e-05 8.000000e-04 1.616462e+05 3.180203e+01 2.288802e+01 6.923341e+01 9.484547e-06 1.176107e-05 4.461195e-05 8.800997e-04 3.348244e-03
5.000000e-01 1.343000e-01  1.220909e-01  1.000000e-01 1.293914e-05 8.000000e-04 1.616462e+05 3.180203e+01 2.288802e+01 6.923341e+01 9.865989e-06 1.246248e-05 4.702110e-05 9.276271e-04 3.529057e-03
5.000000e-01 1.343000e-01  1.220909e-01  1.000000e-01 1.328392e-05 8.000000e-04 1.616462e+05 3.180203e+01 2.288802e+01 6.923341e+01 1.060599e-05 1.317000e-05 4.956035e-05 9.777212e-04 3.719634e-03
5.000000e-01 1.343000e-01  1.220909e-01  1.000000e-01 1.363789e-05 8.000000e-04 1.616462e+05 3.180203e+01 2.288802e+01 6.923341e+01 1.128089e-05 1.378366e-05 5.223672e-05 1.030520e-03 3.920503e-03
5.000000e-01 1.343000e-01  1.220909e-01  1.000000e-01 1.400128e-05 8.000000e-04 1.616462e+05 3.180203e+01 2.288802e+01 6.923341e+01 1.142672e-05 1.440389e-05 5.505762e-05 1.086171e-03 4.132219e-03
5.000000e-01 1.343000e-01  1.220909e-01  1.000000e-01 1.437436e-05 8.000000e-04 1.616462e+05 3.180203e+01 2.288802e+01 6.923341e+01 1.225211e-05 1.533640e-05 5.803086e-05 1.144827e-03 4.355368e-03
5.000000e-01 1.343000e-01  1.220909e-01  1.000000e-01 1.475738e-05 8.000000e-04 1.616462e+05 3.180203e+01 2.288802e+01 6.923341e+01 1.284841e-05 1.600461e-05 6.116466e-05 1.206650e-03 4.590568e-03
5.000000e-01 1.343000e-01  1.220909e-01  1.000000e-01 1.515061e-05 8.000000e-04 1.616462e+05 3.180203e+01 2.288802e+01 6.923341e+01 1.381377e-05 1.708220e-05 6.446770e-05 1.271812e-03 4.838469e-03
5.000000e-01 1.343000e-01  1.220909e-01  1.000000e-01 1.555432e-05 8.000000e-04 1.616462e+05 3.180203e+01 2.288802e+01 6.923341e+01 1.434126e-05 1.790262e-05 6.794910e-05 1.340493e-03 5.099758e-03
5.000000e-01 1.343000e-01  1.220909e-01  1.000000e-01 1.596878e-05 8.000000e-04 1.616462e+05 3.180203e+01 2.288802e+01 6.923341e+01 1.594222e-05 1.889794e-05 7.161851e-05 1.412882e-03 5.375157e-03
5.000000e-01 1.343000e-01  1.220909e-01  1.000000e-01 1.639429e-05 8.000000e-04 1.616462e+05 3.180203e+01 2.288802e+01 6.923341e+01 1.610227e-05 1.997987e-05 7.548607e-05 1.489181e-03 5.665427e-03
5.000000e-01 1.343000e-01  1.220909e-01  1.000000e-01 1.683113e-05 8.000000e-04 1.616462e+05 3.180203e+01 2.288802e+01 6.923341e+01 1.729267e-05 2.101792e-05 7.956250e-05 1.569600e-03 5.971374e-03
5.000000e-01 1.343000e-01  1.220909e-01  1.000000e-01 1.727962e-05 8.000000e-04 1.616462e+05 3.180203e+01 2.288802e+01 6.923341e+01 1.799075e-05 2.215712e-05 8.385906e-05 1.654362e-03 6.293842e-03
5.000000e-01 1.343000e-01  1.220909e-01  1.000000e-01 1.774005e-05 8.000000e-04 1.616462e+05 3.180203e+01 2.288802e+01 6.923341e+01 1.926078e-05 2.346292e-05 8.838764e-05 1.743702e-03 6.633724e-03
5.000000e-01 1.343000e-01  1.220909e-01  1.000000e-01 1.821276e-05 8.000000e-04 1.616462e+05 3.180203e+01 2.288802e+01 6.923341e+01 2.002559e-05 2.482233e-05 9.316077e-05 1.837866e-03 6.991960e-03
5.000000e-01 1.343000e-01  1.220909e-01  1.000000e-01 1.869805e-05 8.000000e-04 1.616462e+05 3.180203e+01 2.288802e+01 6.923341e+01 2.083350e-05 2.604950e-05 9.819167e-05 1.937115e-03 7.369542e-03
5.000000e-01 1.343000e-01  1.220909e-01  1.000000e-01 1.919629e-05 8.000000e-04 1.616462e+05 3.180203e+01 2.288802e+01 6.923341e+01 2.215437e-05 2.718066e-05 1.034942e-04 2.041723e-03 7.767514e-03
5.000000e-01 1.343000e-01  1.220909e-01  1.000000e-01 1.970779e-05 8.000000e-04 1.616462e+05 3.180203e+01 2.288802e+01 6.923341e+01 2.344137e-05 2.875036e-05 1.090832e-04 2.151981e-03 8.186978e-03
5.000000e-01 1.343000e-01  1.220909e-01  1.000000e-01 2.023293e-05 8.000000e-04 1.616462e+05 3.180203e+01 2.288802e+01 6.923341e+01 2.479775e-05 3.053243e-05 1.149739e-04 2.268193e-03 8.629094e-03
5.000000e-01 1.343000e-01  1.220909e-01  1.000000e-01 2.077206e-05 8.000000e-04 1.616462e+05 3.180203e+01 2.288802e+01 6.923341e+01 2.574846e-05 3.165520e-05 1.211828e-04 2.390681e-03 9.095085e-03
5.000000e-01 1.343000e-01  1.220909e-01  1.000000e-01 2.132555e-05 8.000000e-04 1.616462e+05 3.180203e+01 2.288802e+01 6.923341e+01 2.821314e-05 3.400593e-05 1.277269e-04 2.519783e-03 9.586240e-03
5.000000e-01 1.343000e-01  1.220909e-01  1.000000e-01 2.189380e-05 8.000000e-04 1.616462e+05 3.180203e+01 2.288802e+01 6.923341e+01 2.837296e-05 3.568152e-05 1.346245e-04 2.655857e-03 1.010392e-02
5.000000e-01 1.343000e-01  1.220909e-01  1.000000e-01 2.247718e-05 8.000000e-04 1.616462e+05 3.180203e+01 2.288802e+01 6.923341e+01 2.924500e-05 3.739891e-05 1.418945e-04 2.799280e-03 1.064955e-02
5.000000e-01 1.343000e-01  1.220909e-01  1.000000e-01 2.307611e-05 8.000000e-04 1.616462e+05 3.180203e+01 2.288802e+01 6.923341e+01 3.387485e-05 3.931957e-05 1.495571e-04 2.950447e-03 1.122466e-02
5.000000e-01 1.343000e-01  1.220909e-01  1.000000e-01 2.369100e-05 8.000000e-04 1.616462e+05 3.180203e+01 2.288802e+01 6.923341e+01 3.267650e-05 4.157390e-05 1.576336e-04 3.109778e-03 1.183081e-02
5.000000e-01 1.343000e-01  1.220909e-01  1.000000e-01 2.432228e-05 8.000000e-04 1.616462e+05 3.180203e+01 2.288802e+01 6.923341e+01 3.645529e-05 4.403937e-05 1.661462e-04 3.277713e-03 1.246970e-02
5.000000e-01 1.343000e-01  1.220909e-01  1.000000e-01 2.497037e-05 8.000000e-04 1.616462e+05 3.180203e+01 2.288802e+01 6.923341e+01 3.722889e-05 4.661229e-05 1.751184e-04 3.454717e-03 1.314310e-02
5.000000e-01 1.343000e-01  1.220909e-01  1.000000e-01 2.563574e-05 8.000000e-04 1.616462e+05 3.180203e+01 2.288801e+01 6.923341e+01 3.833858e-05 4.888089e-05 1.845752e-04 3.641280e-03 1.385285e-02
5.000000e-01 1.343000e-01  1.220909e-01  1.000000e-01 2.631883e-05 8.000000e-04 1.616462e+05 3.180203e+01 2.288801e+01 6.923341e+01 4.161181e-05 5.165602e-05 1.945427e-04 3.837918e-03 1.460094e-02
5.000000e-01 1.343000e-01  1.220909e-01  1.000000e-01 2.702013e-05 8.000000e-04 1.616462e+05 3.180203e+01 2.288801e+01 6.923341e+01 4.254089e-05 5.454845e-05 2.050485e-04 4.045174e-03 1.538942e-02
5.000000e-01 1.343000e-01  1.220909e-01  1.000000e-01 2.774011e-05 8.000000e-04 1.616462e+05 3.180203e+01 2.288801e+01 6.923341e+01 4.651244e-05 5.686218e-05 2.161216e-04 4.263623e-03 1.622049e-02
5.000000e-01 1.343000e-01  1.220909e-01  1.000000e-01 2.847928e-05 8.000000e-04 1.616462e+05 3.180203e+01 2.288801e+01 6.923341e+01 4.821749e-05 6.085935e-05 2.277926e-04 4.493868e-03 1.709643e-02
5.000000e-01 1.343000e-01  1.220909e-01  1.000000e-01 2.923814e-05 8.000000e-04 1.616462e+05 3.180203e+01 2.288801e+01 6.923341e+01 5.119711e-05 6.293764e-05 2.400940e-04 4.736548e-03 1.801968e-02
5.000000e-01 1.343000e-01  1.220909e-01  1.000000e-01 3.001722e-05 8.000000e-04 1.616462e+05 3.180203e+01 2.288801e+01 6.923341e+01 5.235429e-05 6.729600e-05 2.530596e-04 4.992332e-03 1.899278e-02
5.000000e-01 1.343000e-01  1.220909e-01  1.000000e-01 3.081707e-05 8.000000e-04 1.616462e+05 3.180203e+01 2.288801e+01 6.923340e+01 5.703891e-05 7.007996e-05 2.667254e-04 5.261930e-03 2.001844e-02
5.000000e-01 1.343000e-01  1.220909e-01  1.000000e-01 3.163822e-05 8.000000e-04 1.616462e+05 3.180203e+01 2.288801e+01 6.923340e+01 6.033117e-05 7.469739e-05 2.811292e-04 5.546086e-03 2.109948e-02
5.000000e-01 1.343000e-01  1.220909e-01  1.000000e-01 3.248126e-05 8.000000e-04 1.616462e+05 3.180203e+01 2.288801e+01 6.923340e+01 6.102068e-05 7.884168e-05 2.963108e-04 5.845587e-03 2.223890e-02
5.000000e-01 1.343000e-01  1.220909e-01  1.000000e-01 3.334676e-05 8.000000e-04 1.616462e+05 3.180203e+01 2.288801e+01 6.923340e+01 6.399238e-05 8.166226e-05 3.123123e-04 6.161263e-03 2.343985e-02
5.000000e-01 1.343000e-01  1.220909e-01  1.000000e-01 3.423532e-05 8.000000e-04 1.616462e+05 3.180203e+01 2.288801e+01 6.923340e+01 6.957686e-05 8.802135e-05 3.291779e-04 6.493985e-03 2.470566e-02
5.000000e-01 1.343000e-01  1.220909e-01  1.000000e-01 3.514756e-05 8.000000e-04 1.616462e+05 3.180203e+01 2.288801e+01 6.923340e+01 7.355294e-05 9.127213e-05 3.469542e-04 6.844675e-03 2.603982e-02
5.000000e-01 1.343000e-01  1.220909e-01  1.000000e-01 3.608411e-05 8.000000e-04 1.616462e+05 3.180203e+01 2.288801e+01 6.923340e+01 7.724241e-05 9.638516e-05 3.656905e-04 7.214304e-03 2.744603e-02
5.000000e-01 1.343000e-01  1.220909e-01  1.000000e-01 3.704561e-05 8.000000e-04 1.616462e+05 3.180203e+01 2.288801e+01 6.923340e+01 8.271314e-05 1.016589e-04 3.854387e-04 7.603893e-03 2.892818e-02
5.000000e-01 1.343000e-01  1.220909e-01  1.000000e-01 3.803273e-05 8.000000e-04 1.616462e+05 3.180203e+01 2.288801e+01 6.923340e+01 8.594314e-05 1.058935e-04 4.062533e-04 8.014520e-03 3.049037e-02
5.000000e-01 1.343000e-01  1.220909e-01  1.000000e-01 3.904616e-05 8.000000e-04 1.616462e+05 3.180203e+01 2.288801e+01 6.923340e+01 9.437495e-05 1.133516e-04 4.281919e-04 8.447323e-03 3.213692e-02
5.000000e-01 1.343000e-01  1.220909e-01  1.000000e-01 4.008659e-05 8.000000e-04 1.616462e+05 3.180203e+01 2.288801e+01 6.923340e+01 9.605040e-05 1.196787e-04 4.513152e-04 8.903498e-03 3.387239e-02
5.000000e-01 1.343000e-01  1.220909e-01  1.000000e-01 4.115474e-05 8.000000e-04 1.616462e+05 3.180203e+01 2.288801e+01 6.923340e+01 9.935032e-05 1.250943e-04 4.756873e-04 9.384307e-03 3.570158e-02
5.000000e-01 1.343000e-01  1.220909e-01  1.000000e-01 4.225136e-05 8.000000e-04 1.616462e+05 3.180203e+01 2.288801e+01 6.923340e+01 1.084947e-04 1.316914e-04 5.013755e-04 9.891082e-03 3.762954e-02
5.000000e-01 1.343000e-01  1.220909e-01  1.000000e-01 4.337719e-05 8.000000e-04 1.616462e+05 3.180203e+01 2.288800e+01 6.923340e+01 1.163103e-04 1.392088e-04 5.284509e-04 1.042522e-02 3.966163e-02
5.000000e-01 1.343000e-01  1.220909e-01  1.000000e-01 4.453303e-05 8.000000e-04 1.616462e+05 3.180203e+01 2.288800e+01 6.923340e+01 1.149018e-04 1.482477e-04 5.569885e-04 1.098821e-02 4.180345e-02
5.000000e-01 1.343000e-01  1.220909e-01  1.000000e-01 4.571966e-05 8.000000e-04 1.616462e+05 3.180203e+01 2.288800e+01 6.923340e+01 1.273806e-04 1.545747e-04 5.870672e-04 1.158160e-02 4.406093e-02
5.000000e-01 1.343000e-01  1.220909e-01  1.000000e-01 4.693791e-05 8.000000e-04 1.616462e+05 3.180202e+01 2.288800e+01 6.923339e+01 1.327723e-04 1.646495e-04 6.187702e-04 1.220703e-02 4.644032e-02
5.000000e-01 1.343000e-01  1.220909e-01  1.000000e-01 4.818863e-05 8.000000e-04 1.616462e+05 3.180202e+01 2.288800e+01 6.923339e+01 1.445563e-04 1.750056e-04 6.521852e-04 1.286624e-02 4.894821e-02
5.000000e-01 1.343000e-01  1.220909e-01  1.000000e-01 4.947267e-05 8.000000e-04 1.616462e+05 3.180202e+01 2.288800e+01 6.923339e+01 1.407177e-04 1.811843e-04 6.874047e-04 1.356105e-02 5.159152e-02
5.000000e-01 1.343000e-01  1.220909e-01  1.000000e-01 5.079093e-05 8.000000e-04 1.616462e+05 3.180202e+01 2.288800e+01 6.923339e+01 1.560386e-04 1.926326e-04 7.245261e-04 1.429337e-02 5.437758e-02
5.000000e-01 1.343000e-01  1.220909e-01  1.000000e-01 5.214431e-05 8.000000e-04 1.616462e+05 3.180202e+01 2.288800e+01 6.923339e+01 1.631641e-04 2.030438e-04 7.636522e-04 1.506525e-02 5.731410e-02
5.000000e-01 1.343000e-01  1.220909e-01  1.000000e-01 5.353375e-05 8.000000e-04 1.616462e+05 3.180202e+01 2.288800e+01 6.923339e+01 1.722970e-04 2.130447e-04 8.048912e-04 1.587881e-02 6.040919e-02
5.000000e-01 1.343000e-01  1.220909e-01  1.000000e-01 5.496022e-05 8.000000e-04 1.616462e+05 3.180202e+01 2.288800e+01 6.923339e+01 1.816252e-04 2.242762e-04 8.483572e-04 1.673630e-02 6.367143e-02
5.000000e-01 1.343000e-01  1.220909e-01  1.000000e-01 5.642470e-05 8.000000e-04 1.616462e+05 3.180202e+01 2.288799e+01 6.923339e+01 1.930910e-04 2.381000e-04 8.941704e-04 1.764010e-02 6.710983e-02
5.000000e-01 1.343000e-01  1.220909e-01  1.000000e-01 5.792820e-05 8.000000e-04 1.616462e+05 3.180202e+01 2.288799e+01 6.923339e+01 1.944416e-04 2.491812e-04 9.424577e-04 1.859270e-02 7.073392e-02
5.000000e-01 1.343000e-01  1.220909e-01  1.000000e-01 5.947176e-05 8.000000e-04 1.616462e+05 3.180202e+01 2.288799e+01 6.923338e+01 2.111101e-04 2.617457e-04 9.933526e-04 1.959675e-02 7.455371e-02
5.000000e-01 1.343000e-01  1.220909e-01  1.000000e-01 6.105646e-05 8.000000e-04 1.616462e+05 3.180202e+01 2.288799e+01 6.923338e+01 2.321604e-04 2.734801e-04 1.046996e-03 2.065502e-02 7.857979e-02
5.000000e-01 1.343000e-01  1.220909e-01  1.000000e-01 6.268338e-05 8.000000e-04 1.616462e+05 3.180202e+01 2.288799e+01 6.923338e+01 2.531244e-04 2.919005e-04 1.103536e-03 2.177044e-02 8.282328e-02
5.000000e-01 1.343000e-01  1.220909e-01  1.000000e-01 6.435365e-05 8.000000e-04 1.616462e+05 3.180202e+01 2.288799e+01 6.923338e+01 2.461645e-04 3.074132e-04 1.163130e-03 2.294610e-02 8.729592e-02
5.000000e-01 1.343000e-01  1.220909e-01  1.000000e-01 6.606842e-05 8.000000e-04 1.616462e+05 3.180202e+01 2.288799e+01 6.923338e+01 2.615326e-04 3.234020e-04 1.225941e-03 2.418524e-02 9.201011e-02
5.000000e-01 1.343000e-01  1.220909e-01  1.000000e-01 6.782889e-05 8.000000e-04 1.616462e+05 3.180202e+01 2.288798e+01 6.923338e+01 2.688900e-04 3.424178e-04 1.292145e-03 2.549130e-02 9.697886e-02
5.000000e-01 1.343000e-01  1.220909e-01  1.000000e-01 6.963627e-05 8.000000e-04 1.616462e+05 3.180202e+01 2.288798e+01 6.923337e+01 2.921107e-04 3.599815e-04 1.361924e-03 2.686789e-02 1.022159e-01
5.000000e-01 1.343000e-01  1.220909e-01  1.000000e-01 7.149181e-05 8.000000e-04 1.616462e+05 3.180202e+01 2.288798e+01 6.923337e+01 2.925327e-04 3.813947e-04 1.435471e-03 2.831881e-02 1.077358e-01
5.000000e-01 1.343000e-01  1.220909e-01  1.000000e-01 7.339679e-05 8.000000e-04 1.616462e+05 3.180202e+01 2.288798e+01 6.923337e+01 3.393763e-04 4.002899e-04 1.512990e-03 2.984810e-02 1.135538e-01
5.000000e-01 1.343000e-01  1.220909e-01  1.000000e-01 7.535253e-05 8.000000e-04 1.616462e+05 3.180202e+01 2.288797e+01 6.923337e+01 3.467373e-04 4.215612e-04 1.594695e-03 3.145996e-02 1.196860e-01
5.000000e-01 1.343000e-01  1.220909e-01  1.000000e-01 7.736039e-05 8.000000e-04 1.616462e+05 3.180201e+01 2.288797e+01 6.923336e+01 3.609727e-04 4.427810e-04 1.680812e-03 3.315887e-02 1.261493e-01
5.000000e-01 1.343000e-01  1.220909e-01  1.000000e-01 7.942174e-05 8.000000e-04 1.616462e+05 3.180201e+01 2.288797e+01 6.923336e+01 3.812875e-04 4.706921e-04 1.771579e-03 3.494953e-02 1.329617e-01
5.000000e-01 1.343000e-01  1.220909e-01  1.000000e-01 8.153803e-05 8.000000e-04 1.616462e+05 3.180201e+01 2.288797e+01 6.923336e+01 4.005746e-04 4.912721e-04 1.867249e-03 3.683688e-02 1.401419e-01
5.000000e-01 1.343000e-01  1.220909e-01  1.000000e-01 8.371070e-05 8.000000e-04 1.616462e+05 3.180201e+01 2.288796e+01 6.923336e+01 4.196653e-04 5.193615e-04 1.968085e-03 3.882616e-02 1.477099e-01
5.000000e-01 1.343000e-01  1.220909e-01  1.000000e-01 8.594127e-05 8.000000e-04 1.616462e+05 3.180201e+01 2.288796e+01 6.923335e+01 4.533935e-04 5.531829e-04 2.074366e-03 4.092286e-02 1.556866e-01
5.000000e-01 1.343000e-01  1.220909e-01  1.000000e-01 8.823127e-05 8.000000e-04 1.616462e+05 3.180201e+01 2.288796e+01 6.923335e+01 4.717243e-04 5.857601e-04 2.186386e-03 4.313279e-02 1.640940e-01
5.000000e-01 1.343000e-01  1.220909e-01  1.000000e-01 9.058230e-05 8.000000e-04 1.616462e+05 3.180201e+01 2.288795e+01 6.923335e+01 4.699340e-04 6.079919e-04 2.304456e-03 4.546206e-02 1.729555e-01
5.000000e-01 1.343000e-01  1.220909e-01  1.000000e-01 9.299597e-05 8.000000e-04 1.616462e+05 3.180201e+01 2.288795e+01 6.923335e+01 5.149558e-04 6.447376e-04 2.428902e-03 4.791712e-02 1.822955e-01
5.000000e-01 1.343000e-01  1.220909e-01  1.000000e-01 9.547395e-05 8.000000e-04 1.616462e+05 3.180201e+01 2.288795e+01 6.923334e+01 5.626434e-04 6.744062e-04 2.560068e-03 5.050475e-02 1.921398e-01
5.000000e-01 1.343000e-01  1.220909e-01  1.000000e-01 9.801796e-05 8.000000e-04 1.616462e+05 3.180201e+01 2.288794e+01 6.923334e+01 5.700372e-04 7.158618e-04 2.698318e-03 5.323213e-02 2.025158e-01
5.000000e-01 1.343000e-01  1.220909e-01  1.000000e-01 1.006298e-04 8.000000e-04 1.616462e+05 3.180200e+01 2.288794e+01 6.923333e+01 6.163191e-04 7.575569e-04 2.844033e-03 5.610678e-02 2.134522e-01
5.000000e-01 1.343000e-01  1.220909e-01  1.000000e-01 1.033112e-04 8.000000e-04 1.616462e+05 3.180200e+01 2.288793e+01 6.923332e+01 6.408415e-04 7.876952e-04 2.997618e-03 5.913668e-02 2.249791e-01
5.000000e-01 1.343000e-01  1.220909e-01  1.000000e-01 1.060640e-04 8.000000e-04 1.616462e+05 3.180200e+01 2.288793e+01 6.923332e+01 6.647622e-04 8.330111e-04 3.159496e-03 6.233020e-02 2.371285e-01
5.000000e-01 1.343000e-01  1.220909e-01  1.000000e-01 1.088902e-04 8.000000e-04 1.616462e+05 3.180200e+01 2.288793e+01 6.923333e+01 6.974025e-04 8.754203e-04 3.330116e-03 6.569617e-02 2.499339e-01
5.000000e-01 1.343000e-01  1.220909e-01  1.000000e-01 1.117917e-04 8.000000e-04 1.616462e+05 3.180200e+01 2.288792e+01 6.923332e+01 7.215171e-04 9.256355e-04 3.509950e-03 6.924392e-02 2.634309e-01
5.000000e-01 1.343000e-01  1.220909e-01  1.000000e-01 1.147705e-04 8.000000e-04 1.616462e+05 3.180199e+01 2.288791e+01 6.923331e+01 7.919049e-04 9.742172e-04 3.699496e-03 7.298325e-02 2.776568e-01
5.000000e-01 1.343000e-01  1.220909e-01  1.000000e-01 1.178287e-04 8.000000e-04 1.616462e+05 3.180199e+01 2.288791e+01 6.923331e+01 8.230140e-04 1.023459e-03 3.899277e-03 7.692451e-02 2.926509e-01
5.000000e-01 1.343000e-01  1.220909e-01  1.000000e-01 1.209684e-04 8.000000e-04 1.616462e+05 3.180199e+01 2.288790e+01 6.923330e+01 8.650856e-04 1.093287e-03 4.109847e-03 8.107861e-02 3.084548e-01
5.000000e-01 1.343000e-01  1.220909e-01  1.000000e-01 1.241917e-04 8.000000e-04 1.616462e+05 3.180199e+01 2.288789e+01 6.923329e+01 9.289716e-04 1.134478e-03 4.331788e-03 8.545705e-02 3.251120e-01
5.000000e-01 1.343000e-01  1.220909e-01  1.000000e-01 1.275010e-04 8.000000e-04 1.616462e+05 3.180199e+01 2.288789e+01 6.923330e+01 9.712520e-04 1.202706e-03 4.565715e-03 9.007193e-02 3.426688e-01
5.000000e-01 1.343000e-01  1.220909e-01  1.000000e-01 1.308984e-04 8.000000e-04 1.616462e+05 3.180199e+01 2.288788e+01 6.923328e+01 9.887472e-04 1.267140e-03 4.812274e-03 9.493602e-02 3.611737e-01
5.000000e-01 1.343000e-01  1.220909e-01  1.000000e-01 1.343863e-04 8.000000e-04 1.616462e+05 3.180198e+01 2.288788e+01 6.923327e+01 1.118454e-03 1.324087e-03 5.072148e-03 1.000628e-01 3.806780e-01
5.000000e-01 1.343000e-01  1.220909e-01  1.000000e-01 1.379672e-04 8.000000e-04 1.616462e+05 3.180197e+01 2.288787e+01 6.923326e+01 1.146369e-03 1.396714e-03 5.346055e-03 1.054664e-01 4.012355e-01
5.000000e-01 1.343000e-01  1.220909e-01  1.000000e-01 1.416435e-04 8.000000e-04 1.616462e+05 3.180198e+01 2.288786e+01 6.923326e+01 1.214418e-03 1.487630e-03 5.634755e-03 1.111618e-01 4.229031e-01
5.000000e-01 1.343000e-01  1.220909e-01  1.000000e-01 1.454177e-04 8.000000e-04 1.616462e+05 3.180197e+01 2.288784e+01 6.923325e+01 1.286550e-03 1.578793e-03 5.939045e-03 1.171648e-01 4.457408e-01
5.000000e-01 1.343000e-01  1.220909e-01  1.000000e-01 1.492926e-04 8.000000e-04 1.616462e+05 3.180197e+01 2.288784e+01 6.923324e+01 1.300366e-03 1.645721e-03 6.259767e-03 1.234920e-01 4.698119e-01
5.000000e-01 1.343000e-01  1.220909e-01  1.000000e-01 1.532706e-04 8.000000e-04 1.616462e+05 3.180197e+01 2.288783e+01 6.923323e+01 1.414900e-03 1.722494e-03 6.597809e-03 1.301609e-01 4.951828e-01
5.000000e-01 1.343000e-01  1.220909e-01  1.000000e-01 1.573547e-04 8.000000e-04 1.616462e+05 3.180196e+01 2.288782e+01 6.923322e+01 1.457709e-03 1.843460e-03 6.954106e-03 1.371898e-01 5.219238e-01
5.000000e-01 1.343000e-01  1.220909e-01  1.000000e-01 1.615476e-04 8.000000e-04 1.616462e+05 3.180196e+01 2.288780e+01 6.923321e+01 1.581244e-03 1.925502e-03 7.329643e-03 1.445984e-01 5.501089e-01
5.000000e-01 1.343000e-01  1.220909e-01  1.000000e-01 1.658522e-04 8.000000e-04 1.616462e+05 3.180196e+01 2.288780e+01 6.923321e+01 1.622238e-03 2.037952e-03 7.725461e-03 1.524071e-01 5.798161e-01
5.000000e-01 1.343000e-01  1.220909e-01  1.000000e-01 1.702715e-04 8.000000e-04 1.616462e+05 3.180195e+01 2.288779e+01 6.923318e+01 1.793259e-03 2.162391e-03 8.142654e-03 1.606374e-01 6.111275e-01
5.000000e-01 1.343000e-01  1.220909e-01  1.000000e-01 1.748086e-04 8.000000e-04 1.616462e+05 3.180194e+01 2.288777e+01 6.923316e+01 1.896520e-03 2.255926e-03 8.582376e-03 1.693122e-01 6.441298e-01
5.000000e-01 1.343000e-01  1.220909e-01  1.000000e-01 1.794666e-04 8.000000e-04 1.616462e+05 3.180194e+01 2.288777e+01 6.923316e+01 1.950559e-03 2.366905e-03 9.045844e-03 1.784554e-01 6.789143e-01
5.000000e-01 1.343000e-01  1.220909e-01  1.000000e-01 1.842487e-04 8.000000e-04 1.616462e+05 3.180194e+01 2.288774e+01 6.923315e+01 2.081771e-03 2.520533e-03 9.534340e-03 1.880924e-01 7.155772e-01
5.000000e-01 1.343000e-01  1.220909e-01  1.000000e-01 1.891582e-04 8.000000e-04 1.616462e+05 3.180194e+01 2.288773e+01 6.923314e+01 2.122441e-03 2.634114e-03 1.004922e-02 1.982499e-01 7.542200e-01
5.000000e-01 1.343000e-01  1.220909e-01  1.000000e-01 1.941986e-04 8.000000e-04 1.616462e+05 3.180193e+01 2.288771e+01 6.923312e+01 2.265924e-03 2.791409e-03 1.059190e-02 2.089558e-01 7.949497e-01
5.000000e-01 1.343000e-01  1.220909e-01  1.000000e-01 1.993732e-04 8.000000e-04 1.616462e+05 3.180192e+01 2.288770e+01 6.923310e+01 2.386954e-03 2.953671e-03 1.116388e-02 2.202399e-01 8.378788e-01
5.000000e-01 1.343000e-01  1.220909e-01  1.000000e-01 2.046857e-04 8.000000e-04 1.616462e+05 3.180191e+01 2.288768e+01 6.923306e+01 2.542011e-03 3.102492e-03 1.176676e-02 2.321334e-01 8.831262e-01
5.000000e-01 1.343000e-01  1.220909e-01  1.000000e-01 2.101398e-04 8.000000e-04 1.616462e+05 3.180191e+01 2.288766e+01 6.923306e+01 2.660290e-03 3.248341e-03 1.240219e-02 2.446691e-01 9.308170e-01
5.000000e-01 1.343000e-01  1.220909e-01  1.000000e-01 2.157392e-04 8.000000e-04 1.616462e+05 3.180191e+01 2.288764e+01 6.923306e+01 2.751515e-03 3.450804e-03 1.307194e-02 2.578818e-01 9.810833e-01
5.000000e-01 1.343000e-01  1.220909e-01  1.000000e-01 2.214878e-04 8.000000e-04 1.616462e+05 3.180190e+01 2.288763e+01 6.923303e+01 2.934049e-03 3.605861e-03 1.377785e-02 2.718080e-01 1.034064e+00
5.000000e-01 1.343000e-01  1.220909e-01  1.000000e-01 2.273896e-04 8.000000e-04 1.616462e+05 3.180189e+01 2.288760e+01 6.923301e+01 3.138853e-03 3.796260e-03 1.452189e-02 2.864863e-01 1.089906e+00
5.000000e-01 1.343000e-01  1.220909e-01  1.000000e-01 2.334487e-04 8.000000e-04 1.616462e+05 3.180187e+01 2.288757e+01 6.923297e+01 3.363345e-03 4.091710e-03 1.530611e-02 3.019572e-01 1.148763e+00
5.000000e-01 1.343000e-01  1.220909e-01  1.000000e-01 2.396692e-04 8.000000e-04 1.616462e+05 3.180186e+01 2.288756e+01 6.923295e+01 3.454654e-03 4.317856e-03 1.613267e-02 3.182636e-01 1.210799e+00
5.000000e-01 1.343000e-01  1.220909e-01  1.000000e-01 2.460555e-04 8.000000e-04 1.616462e+05 3.180188e+01 2.288753e+01 6.923296e+01 3.500233e-03 4.529440e-03 1.700387e-02 3.354506e-01 1.276185e+00
5.000000e-01 1.343000e-01  1.220909e-01  1.000000e-01 2.526119e-04 8.000000e-04 1.616462e+05 3.180186e+01 2.288751e+01 6.923293e+01 3.868567e-03 4.794282e-03 1.792212e-02 3.535657e-01 1.345102e+00
5.000000e-01 1.343000e-01  1.220909e-01  1.000000e-01 2.593430e-04 8.000000e-04 1.616462e+05 3.180184e+01 2.288747e+01 6.923288e+01 4.107061e-03 4.999308e-03 1.888996e-02 3.726590e-01 1.417741e+00
5.000000e-01 1.343000e-01  1.220909e-01  1.000000e-01 2.662535e-04 8.000000e-04 1.616462e+05 3.180184e+01 2.288745e+01 6.923288e+01 4.119783e-03 5.270751e-03 1.991006e-02 3.927835e-01 1.494302e+00
5.000000e-01 1.343000e-01  1.220909e-01  1.000000e-01 2.733482e-04 8.000000e-04 1.616462e+05 3.180183e+01 2.288741e+01 6.923283e+01 4.606186e-03 5.552857e-03 2.098525e-02 4.139947e-01 1.574998e+00
5.000000e-01 1.343000e-01  1.220909e-01  1.000000e-01 2.806318e-04 8.000000e-04 1.616462e+05 3.180183e+01 2.288738e+01 6.923282e+01 4.645270e-03 5.865890e-03 2.211850e-02 4.363514e-01 1.660051e+00
5.000000e-01 1.343000e-01  1.220909e-01  1.000000e-01 2.881096e-04 8.000000e-04 1.616462e+05 3.180177e+01 2.288735e+01 6.923272e+01 5.247170e-03 6.163052e-03 2.331295e-02 4.599154e-01 1.749698e+00
5.000000e-01 1.343000e-01  1.220909e-01  1.000000e-01 2.957866e-04 8.000000e-04 1.616462e+05 3.180179e+01 2.288730e+01 6.923272e+01 5.192936e-03 6.479431e-03 2.457190e-02 4.847519e-01 1.844186e+00
5.000000e-01 1.343000e-01  1.220909e-01  1.000000e-01 3.036682e-04 8.000000e-04 1.616462e+05 3.180178e+01 2.288728e+01 6.923271e+01 5.461578e-03 6.898097e-03 2.589884e-02 5.109296e-01 1.943776e+00
5.000000e-01 1.343000e-01  1.220909e-01  1.000000e-01 3.117598e-04 8.000000e-04 1.616462e+05 3.180177e+01 2.288723e+01 6.923267e+01 5.754377e-03 7.245748e-03 2.729744e-02 5.385210e-01 2.048744e+00
5.000000e-01 1.343000e-01  1.220909e-01  1.000000e-01 3.200670e-04 8.000000e-04 1.616462e+05 3.180174e+01 2.288718e+01 6.923261e+01 6.298539e-03 7.644906e-03 2.877157e-02 5.676023e-01 2.159381e+00
5.000000e-01 1.343000e-01  1.220909e-01  1.000000e-01 3.285955e-04 8.000000e-04 1.616462e+05 3.180174e+01 2.288716e+01 6.923258e+01 6.502141e-03 7.978104e-03 3.032530e-02 5.982542e-01 2.275993e+00
5.000000e-01 1.343000e-01  1.220909e-01  1.000000e-01 3.373513e-04 8.000000e-04 1.616462e+05 3.180169e+01 2.288710e+01 6.923247e+01 6.952264e-03 8.385799e-03 3.196293e-02 6.305613e-01 2.398902e+00
5.000000e-01 1.343000e-01  1.220909e-01  1.000000e-01 3.463404e-04 8.000000e-04 1.616462e+05 3.180169e+01 2.288703e+01 6.923245e+01 7.172020e-03 8.953990e-03 3.368901e-02 6.646131e-01 2.528448e+00
5.000000e-01 1.343000e-01  1.220909e-01  1.000000e-01 3.555691e-04 8.000000e-04 1.616462e+05 3.180166e+01 2.288701e+01 6.923240e+01 7.620516e-03 9.370678e-03 3.550829e-02 7.005037e-01 2.664990e+00
5.000000e-01 1.343000e-01  1.220909e-01  1.000000e-01 3.650436e-04 8.000000e-04 1.616462e+05 3.180163e+01 2.288697e+01 6.923231e+01 8.163139e-03 9.953708e-03 3.742582e-02 7.383325e-01 2.808906e+00
5.000000e-01 1.343000e-01  1.220909e-01  1.000000e-01 3.747706e-04 8.000000e-04 1.616462e+05 3.180166e+01 2.288688e+01 6.923236e+01 8.340197e-03 1.038081e-02 3.944690e-02 7.782042e-01 2.960593e+00
5.000000e-01 1.343000e-01  1.220909e-01  1.000000e-01 3.847568e-04 8.000000e-04 1.616462e+05 3.180162e+01 2.288682e+01 6.923226e+01 8.908798e-03 1.104105e-02 4.157712e-02 8.202290e-01 3.120472e+00
5.000000e-01 1.343000e-01  1.220909e-01  1.000000e-01 3.950091e-04 8.000000e-04 1.616462e+05 3.180159e+01 2.288675e+01 6.923216e+01 9.198355e-03 1.173330e-02 4.382239e-02 8.645233e-01 3.288985e+00
5.000000e-01 1.343000e-01  1.220909e-01  1.000000e-01 4.055346e-04 8.000000e-04 1.616462e+05 3.180159e+01 2.288668e+01 6.923215e+01 9.631282e-03 1.228447e-02 4.618890e-02 9.112095e-01 3.466598e+00
5.000000e-01 1.343000e-01  1.220909e-01  1.000000e-01 4.163405e-04 8.000000e-04 1.616462e+05 3.180153e+01 2.288661e+01 6.923201e+01 1.037069e-02 1.281408e-02 4.868320e-02 9.604170e-01 3.653802e+00
5.000000e-01 1.343000e-01  1.220909e-01  1.000000e-01 4.274344e-04 8.000000e-04 1.616462e+05 3.180154e+01 2.288658e+01 6.923201e+01 1.093626e-02 1.352473e-02 5.131221e-02 1.012282e+00 3.851116e+00
5.000000e-01 1.343000e-01  1.220909e-01  1.000000e-01 4.388239e-04 8.000000e-04 1.616462e+05 3.180147e+01 2.288644e+01 6.923189e+01 1.159686e-02 1.436195e-02 5.408319e-02 1.066947e+00 4.059085e+00
5.000000e-01 1.343000e-01  1.220909e-01  1.000000e-01 4.505168e-04 8.000000e-04 1.616462e+05 3.180148e+01 2.288632e+01 6.923182e+01 1.243815e-02 1.525314e-02 5.700380e-02 1.124565e+00 4.278285e+00
5.000000e-01 1.343000e-01  1.220909e-01  1.000000e-01 4.625214e-04 8.000000e-04 1.616462e+05 3.180143e+01 2.288626e+01 6.923174e+01 1.257406e-02 1.586269e-02 6.008214e-02 1.185294e+00 4.509322e+00
5.000000e-01 1.343000e-01  1.220909e-01  1.000000e-01 4.748458e-04 8.000000e-04 1.616462e+05 3.180146e+01 2.288619e+01 6.923176e+01 1.343334e-02 1.679057e-02 6.332672e-02 1.249303e+00 4.752836e+00
5.000000e-01 1.343000e-01  1.220909e-01  1.000000e-01 4.874986e-04 8.000000e-04 1.616462e+05 3.180141e+01 2.288611e+01 6.923163e+01 1.374773e-02 1.779052e-02 6.674651e-02 1.316768e+00 5.009500e+00
5.000000e-01 1.343000e-01  1.220909e-01  1.000000e-01 5.004886e-04 8.000000e-04 1.616462e+05 3.180130e+01 2.288607e+01 6.923143e+01 1.480794e-02 1.850316e-02 7.035097e-02 1.387876e+00 5.280025e+00
5.000000e-01 1.343000e-01  1.220909e-01  1.000000e-01 5.138247e-04 8.000000e-04 1.616462e+05 3.180131e+01 2.288589e+01 6.923135e+01 1.551409e-02 1.961189e-02 7.415009e-02 1.462825e+00 5.565158e+00
5.000000e-01 1.343000e-01  1.220909e-01  1.000000e-01 5.275161e-04 8.000000e-04 1.616462e+05 3.180129e+01 2.288581e+01 6.923128e+01 1.700119e-02 2.075835e-02 7.815436e-02 1.541821e+00 5.865690e+00
5.000000e-01 1.343000e-01  1.220909e-01  1.000000e-01 5.415724e-04 8.000000e-04 1.616462e+05 3.180119e+01 2.288563e+01 6.923107e+01 1.772235e-02 2.198271e-02 8.237488e-02 1.625083e+00 6.182450e+00
5.000000e-01 1.343000e-01  1.220909e-01  1.000000e-01 5.560032e-04 8.000000e-04 1.616462e+05 3.180118e+01 2.288559e+01 6.923103e+01 1.846734e-02 2.282453e-02 8.682332e-02 1.712841e+00 6.516317e+00
5.000000e-01 1.343000e-01  1.220909e-01  1.000000e-01 5.708185e-04 8.000000e-04 1.616462e+05 3.180116e+01 2.288537e+01 6.923090e+01 1.986692e-02 2.422302e-02 9.151198e-02 1.805338e+00 6.868213e+00
5.000000e-01 1.343000e-01  1.220909e-01  1.000000e-01 5.860287e-04 8.000000e-04 1.616462e+05 3.180113e+01 2.288528e+01 6.923082e+01 2.007668e-02 2.569019e-02 9.645384e-02 1.902831e+00 7.239113e+00
5.000000e-01 1.343000e-01  1.220909e-01  1.000000e-01 6.016441e-04 8.000000e-04 1.616462e+05 3.180104e+01 2.288510e+01 6.923064e+01 2.163556e-02 2.692721e-02 1.016626e-01 2.005588e+00 7.630042e+00
5.000000e-01 1.343000e-01  1.220909e-01  1.000000e-01 6.176756e-04 8.000000e-04 1.616462e+05 3.180100e+01 2.288490e+01 6.923053e+01 2.258481e-02 2.839136e-02 1.071526e-01 2.113895e+00 8.042082e+00
5.000000e-01 1.343000e-01  1.220909e-01  1.000000e-01 6.341342e-04 8.000000e-04 1.616462e+05 3.180091e+01 2.288479e+01 6.923034e+01 2.389421e-02 2.962614e-02 1.129391e-01 2.228050e+00 8.476373e+00
5.000000e-01 1.343000e-01  1.220909e-01  1.000000e-01 6.510315e-04 8.000000e-04 1.616462e+05 3.180088e+01 2.288457e+01 6.923013e+01 2.556428e-02 3.126383e-02 1.190380e-01 2.348370e+00 8.934117e+00
5.000000e-01 1.343000e-01  1.220909e-01  1.000000e-01 6.683790e-04 8.000000e-04 1.616462e+05 3.180081e+01 2.288435e+01 6.922994e+01 2.725300e-02 3.314572e-02 1.254664e-01 2.475187e+00 9.416580e+00
5.000000e-01 1.343000e-01  1.220909e-01  1.000000e-01 6.861887e-04 8.000000e-04 1.616462e+05 3.180080e+01 2.288415e+01 6.922981e+01 2.904604e-02 3.497371e-02 1.322418e-01 2.608853e+00 9.925097e+00
5.000000e-01 1.343000e-01  1.220909e-01  1.000000e-01 7.044730e-04 8.000000e-04 1.616462e+05 3.180063e+01 2.288399e+01 6.922949e+01 3.010450e-02 3.648500e-02 1.393832e-01 2.749737e+00 1.046108e+01
5.000000e-01 1.343000e-01  1.220909e-01  1.000000e-01 7.232445e-04 8.000000e-04 1.616462e+05 3.180064e+01 2.288373e+01 6.922943e+01 3.101435e-02 3.892562e-02 1.469102e-01 2.898229e+00 1.102600e+01
5.000000e-01 1.343000e-01  1.220909e-01  1.000000e-01 7.425162e-04 8.000000e-04 1.616462e+05 3.180047e+01 2.288356e+01 6.922902e+01 3.361746e-02 4.093978e-02 1.548437e-01 3.054740e+00 1.162143e+01
5.000000e-01 1.343000e-01  1.220909e-01  1.000000e-01 7.623014e-04 8.000000e-04 1.616462e+05 3.180048e+01 2.288328e+01 6.922897e+01 3.431403e-02 4.302749e-02 1.632056e-01 3.219703e+00 1.224901e+01
5.000000e-01 1.343000e-01  1.220909e-01  1.000000e-01 7.826138e-04 8.000000e-04 1.616462e+05 3.180035e+01 2.288306e+01 6.922869e+01 3.679251e-02 4.559822e-02 1.720191e-01 3.393575e+00 1.291049e+01
5.000000e-01 1.343000e-01  1.220909e-01  1.000000e-01 8.034674e-04 8.000000e-04 1.616462e+05 3.180018e+01 2.288268e+01 6.922826e+01 3.885471e-02 4.827008e-02 1.813086e-01 3.576836e+00 1.360768e+01
5.000000e-01 1.343000e-01  1.220909e-01  1.000000e-01 8.248767e-04 8.000000e-04 1.616462e+05 3.180012e+01 2.288253e+01 6.922797e+01 4.188708e-02 5.023646e-02 1.910997e-01 3.769993e+00 1.434253e+01
5.000000e-01 1.343000e-01  1.220909e-01  1.000000e-01 8.468565e-04 8.000000e-04 1.616462e+05 3.180007e+01 2.288223e+01 6.922783e+01 4.267167e-02 5.307288e-02 2.014195e-01 3.973582e+00 1.511706e+01
5.000000e-01 1.343000e-01  1.220909e-01  1.000000e-01 8.694220e-04 8.000000e-04 1.616462e+05 3.180005e+01 2.288188e+01 6.922763e+01 4.469791e-02 5.640954e-02 2.122966e-01 4.188164e+00 1.593342e+01
5.000000e-01 1.343000e-01  1.220909e-01  1.000000e-01 8.925887e-04 8.000000e-04 1.616462e+05 3.179979e+01 2.288149e+01 6.922711e+01 4.652918e-02 5.910248e-02 2.237611e-01 4.414335e+00 1.679386e+01
5.000000e-01 1.343000e-01  1.220909e-01  1.000000e-01 9.163728e-04 8.000000e-04 1.616462e+05 3.179978e+01 2.288137e+01 6.922703e+01 5.054985e-02 6.239525e-02 2.358447e-01 4.652719e+00 1.770076e+01
5.000000e-01 1.343000e-01  1.220909e-01  1.000000e-01 9.407906e-04 8.000000e-04 1.616462e+05 3.179957e+01 2.288045e+01 6.922635e+01 5.340136e-02 6.617478e-02 2.485809e-01 4.903977e+00 1.865665e+01
5.000000e-01 1.343000e-01  1.220909e-01  1.000000e-01 9.658591e-04 8.000000e-04 1.616462e+05 3.179951e+01 2.288035e+01 6.922621e+01 5.498919e-02 6.952382e-02 2.620048e-01 5.168803e+00 1.966415e+01
5.000000e-01 1.343000e-01  1.220909e-01  1.000000e-01 9.915955e-04 8.000000e-04 1.616462e+05 3.179908e+01 2.287997e+01 6.922531e+01 6.092463e-02 7.361164e-02 2.761537e-01 5.447931e+00 2.072606e+01
5.000000e-01 1.343000e-01  1.220909e-01  1.000000e-01 1.018018e-03 8.000000e-04 1.616462e+05 3.179932e+01 2.287951e+01 6.922551e+01 6.049275e-02 7.763871e-02 2.910667e-01 5.742132e+00 2.184532e+01
5.000000e-01 1.343000e-01  1.220909e-01  1.000000e-01 1.045144e-03 8.000000e-04 1.616462e+05 3.179924e+01 2.287931e+01 6.922539e+01 6.408599e-02 8.056157e-02 3.067850e-01 6.052220e+00 2.302501e+01
5.000000e-01 1.343000e-01  1.220909e-01  1.000000e-01 1.072993e-03 8.000000e-04 1.616462e+05 3.179892e+01 2.287849e+01 6.922447e+01 7.100543e-02 8.586299e-02 3.233521e-01 6.379054e+00 2.426842e+01
5.000000e-01 1.343000e-01  1.220909e-01  1.000000e-01 1.101584e-03 8.000000e-04 1.616462e+05 3.179875e+01 2.287805e+01 6.922417e+01 7.139095e-02 9.130461e-02 3.408138e-01 6.723538e+00 2.557897e+01
5.000000e-01 1.343000e-01  1.220909e-01  1.000000e-01 1.130937e-03 8.000000e-04 1.616462e+05 3.179855e+01 2.287772e+01 6.922339e+01 7.612035e-02 9.522388e-02 3.592186e-01 7.086625e+00 2.696029e+01
5.000000e-01 1.343000e-01  1.220909e-01  1.000000e-01 1.161072e-03 8.000000e-04 1.616462e+05 3.179862e+01 2.287704e+01 6.922351e+01 7.765084e-02 9.999697e-02 3.786172e-01 7.469320e+00 2.841621e+01
5.000000e-01 1.343000e-01  1.220909e-01  1.000000e-01 1.192010e-03 8.000000e-04 1.616462e+05 3.179807e+01 2.287650e+01 6.922217e+01 8.674124e-02 1.048434e-01 3.990634e-01 7.872680e+00 2.995076e+01
5.000000e-01 1.343000e-01  1.220909e-01  1.000000e-01 1.223773e-03 8.000000e-04 1.616462e+05 3.179782e+01 2.287577e+01 6.922146e+01 9.045882e-02 1.136717e-01 4.206138e-01 8.297824e+00 3.156817e+01
5.000000e-01 1.343000e-01  1.220909e-01  1.000000e-01 1.256382e-03 8.000000e-04 1.616462e+05 3.179777e+01 2.287514e+01 6.922131e+01 9.363340e-02 1.166534e-01 4.433279e-01 8.745926e+00 3.327292e+01
5.000000e-01 1.343000e-01  1.220909e-01  1.000000e-01 1.289860e-03 8.000000e-04 1.616462e+05 3.179741e+01 2.287474e+01 6.922021e+01 1.030730e-01 1.222665e-01 4.672687e-01 9.218226e+00 3.506974e+01
5.000000e-01 1.343000e-01  1.220909e-01  1.000000e-01 1.324229e-03 8.000000e-04 1.616462e+05 3.179735e+01 2.287364e+01 6.921995e+01 1.025007e-01 1.304870e-01 4.925023e-01 9.716032e+00 3.696359e+01
5.000000e-01 1.343000e-01  1.220909e-01  1.000000e-01 1.359515e-03 8.000000e-04 1.616462e+05 3.179680e+01 2.287287e+01 6.921867e+01 1.115213e-01 1.375361e-01 5.190986e-01 1.024072e+01 3.895971e+01
5.000000e-01 1.343000e-01  1.220909e-01  1.000000e-01 1.395741e-03 8.000000e-04 1.616462e+05 3.179682e+01 2.287234e+01 6.921867e+01 1.186297e-01 1.456396e-01 5.471311e-01 1.079374e+01 4.106362e+01
5.000000e-01 1.343000e-01  1.220909e-01  1.000000e-01 1.432932e-03 8.000000e-04 1.616462e+05 3.179689e+01 2.287145e+01 6.921839e+01 1.185283e-01 1.521123e-01 5.766775e-01 1.137663e+01 4.328116e+01
5.000000e-01 1.343000e-01  1.220909e-01  1.000000e-01 1.471114e-03 8.000000e-04 1.616462e+05 3.179591e+01 2.287088e+01 6.921656e+01 1.302337e-01 1.597303e-01 6.078195e-01 1.199100e+01 4.561844e+01
5.000000e-01 1.343000e-01  1.220909e-01  1.000000e-01 1.510314e-03 8.000000e-04 1.616462e+05 3.179587e+01 2.287020e+01 6.921617e+01 1.330398e-01 1.674710e-01 6.406432e-01 1.263854e+01 4.808195e+01
5.000000e-01 1.343000e-01  1.220909e-01  1.000000e-01 1.550558e-03 8.000000e-04 1.616462e+05 3.179621e+01 2.286845e+01 6.921605e+01 1.413678e-01 1.795172e-01 6.752394e-01 1.332105e+01 5.067849e+01
5.000000e-01 1.343000e-01  1.220909e-01  1.000000e-01 1.591874e-03 8.000000e-04 1.616462e+05 3.179534e+01 2.286676e+01 6.921396e+01 1.442943e-01 1.883975e-01 7.117040e-01 1.404042e+01 5.341524e+01
5.000000e-01 1.343000e-01  1.220909e-01  1.000000e-01 1.634292e-03 8.000000e-04 1.616462e+05 3.179474e+01 2.286620e+01 6.921260e+01 1.630648e-01 1.980366e-01 7.501377e-01 1.479863e+01 5.629980e+01
5.000000e-01 1.343000e-01  1.220909e-01  1.000000e-01 1.677839e-03 8.000000e-04 1.616462e+05 3.179406e+01 2.286518e+01 6.921108e+01 1.750464e-01 2.094538e-01 7.906469e-01 1.559780e+01 5.934012e+01
5.000000e-01 1.343000e-01  1.220909e-01  1.000000e-01 1.722547e-03 8.000000e-04 1.616462e+05 3.179371e+01 2.286392e+01 6.920991e+01 1.756443e-01 2.207923e-01 8.333437e-01 1.644011e+01 6.254463e+01
5.000000e-01 1.343000e-01  1.220909e-01  1.000000e-01 1.768447e-03 8.000000e-04 1.616462e+05 3.179282e+01 2.286244e+01 6.920798e+01 1.878989e-01 2.312393e-01 8.783463e-01 1.732792e+01 6.592219e+01
5.000000e-01 1.343000e-01  1.220909e-01  1.000000e-01 1.815569e-03 8.000000e-04 1.616462e+05 3.179258e+01 2.286153e+01 6.920747e+01 2.003917e-01 2.429478e-01 9.257791e-01 1.826367e+01 6.948214e+01
5.000000e-01 1.343000e-01  1.220909e-01  1.000000e-01 1.863947e-03 8.000000e-04 1.616462e+05 3.179366e+01 2.286041e+01 6.920871e+01 1.962251e-01 2.578598e-01 9.757734e-01 1.924995e+01 7.323435e+01
5.000000e-01 1.343000e-01  1.220909e-01  1.000000e-01 1.913614e-03 8.000000e-04 1.616462e+05 3.179125e+01 2.285869e+01 6.920369e+01 2.183710e-01 2.720308e-01 1.028467e+00 2.028950e+01 7.718918e+01
5.000000e-01 1.343000e-01  1.220909e-01  1.000000e-01 1.964605e-03 8.000000e-04 1.616462e+05 3.179108e+01 2.285730e+01 6.920279e+01 2.295686e-01 2.834499e-01 1.084007e+00 2.138518e+01 8.135758e+01
5.000000e-01 1.343000e-01  1.220909e-01  1.000000e-01 2.016954e-03 8.000000e-04 1.616462e+05 3.179123e+01 2.285537e+01 6.920204e+01 2.454083e-01 2.989744e-01 1.142546e+00 2.254003e+01 8.575108e+01
5.000000e-01 1.343000e-01  1.220909e-01  1.000000e-01 2.070698e-03 8.000000e-04 1.616462e+05 3.178975e+01 2.285315e+01 6.919931e+01 2.634156e-01 3.200348e-01 1.204246e+00 2.375724e+01 9.038185e+01
