1.000000e-01 2.424000e-01  2.203636e-01  1.000000e-01 2.000000e-06 8.000000e-04 1.282801e+01 3.180189e+01 2.287312e+01 6.922828e+01 2.898594e-03 1.081831e-01 3.932790e-02 1.317999e-01 2.099725e+00
1.000000e-01 2.424000e-01  2.203636e-01  1.000000e-01 2.053292e-06 8.000000e-04 1.282801e+01 3.180188e+01 2.287268e+01 6.922794e+01 3.041100e-03 1.132242e-01 4.145169e-02 1.389173e-01 2.213115e+00
1.000000e-01 2.424000e-01  2.203636e-01  1.000000e-01 2.108005e-06 8.000000e-04 1.282801e+01 3.180188e+01 2.287210e+01 6.922785e+01 3.219271e-03 1.182899e-01 4.369018e-02 1.464192e-01 2.332629e+00
1.000000e-01 2.424000e-01  2.203636e-01  1.000000e-01 2.164175e-06 8.000000e-04 1.282801e+01 3.180187e+01 2.287104e+01 6.922758e+01 3.376793e-03 1.254765e-01 4.604955e-02 1.543262e-01 2.458596e+00
1.000000e-01 2.424000e-01  2.203636e-01  1.000000e-01 2.221842e-06 8.000000e-04 1.282801e+01 3.180186e+01 2.286980e+01 6.922705e+01 3.629329e-03 1.325632e-01 4.853633e-02 1.626602e-01 2.591366e+00
1.000000e-01 2.424000e-01  2.203636e-01  1.000000e-01 2.281045e-06 8.000000e-04 1.282801e+01 3.180185e+01 2.286859e+01 6.922657e+01 3.764894e-03 1.400245e-01 5.115741e-02 1.714442e-01 2.731306e+00
1.000000e-01 2.424000e-01  2.203636e-01  1.000000e-01 2.341826e-06 8.000000e-04 1.282801e+01 3.180185e+01 2.286803e+01 6.922627e+01 3.897524e-03 1.467078e-01 5.392003e-02 1.807026e-01 2.878802e+00
1.000000e-01 2.424000e-01  2.203636e-01  1.000000e-01 2.404227e-06 8.000000e-04 1.282801e+01 3.180183e+01 2.286713e+01 6.922589e+01 4.213088e-03 1.540208e-01 5.683183e-02 1.904609e-01 3.034264e+00
1.000000e-01 2.424000e-01  2.203636e-01  1.000000e-01 2.468290e-06 8.000000e-04 1.282801e+01 3.180182e+01 2.286629e+01 6.922588e+01 4.438453e-03 1.612122e-01 5.990088e-02 2.007462e-01 3.198122e+00
1.000000e-01 2.424000e-01  2.203636e-01  1.000000e-01 2.534061e-06 8.000000e-04 1.282801e+01 3.180181e+01 2.286429e+01 6.922533e+01 4.661976e-03 1.736003e-01 6.313567e-02 2.115870e-01 3.370828e+00
1.000000e-01 2.424000e-01  2.203636e-01  1.000000e-01 2.601584e-06 8.000000e-04 1.282801e+01 3.180180e+01 2.286285e+01 6.922455e+01 4.964314e-03 1.816356e-01 6.654514e-02 2.230132e-01 3.552860e+00
1.000000e-01 2.424000e-01  2.203636e-01  1.000000e-01 2.670906e-06 8.000000e-04 1.282801e+01 3.180179e+01 2.286228e+01 6.922434e+01 5.128705e-03 1.910469e-01 7.013873e-02 2.350564e-01 3.744723e+00
1.000000e-01 2.424000e-01  2.203636e-01  1.000000e-01 2.742075e-06 8.000000e-04 1.282801e+01 3.180177e+01 2.286013e+01 6.922381e+01 5.473016e-03 2.012617e-01 7.392638e-02 2.477500e-01 3.946947e+00
1.000000e-01 2.424000e-01  2.203636e-01  1.000000e-01 2.815141e-06 8.000000e-04 1.282801e+01 3.180176e+01 2.285950e+01 6.922319e+01 5.701417e-03 2.099077e-01 7.791858e-02 2.611291e-01 4.160091e+00
1.000000e-01 2.424000e-01  2.203636e-01  1.000000e-01 2.890154e-06 8.000000e-04 1.282801e+01 3.180174e+01 2.285763e+01 6.922280e+01 5.988141e-03 2.240698e-01 8.212636e-02 2.752307e-01 4.384745e+00
1.000000e-01 2.424000e-01  2.203636e-01  1.000000e-01 2.967165e-06 8.000000e-04 1.282801e+01 3.180172e+01 2.285474e+01 6.922173e+01 6.358893e-03 2.372699e-01 8.656138e-02 2.900937e-01 4.621532e+00
1.000000e-01 2.424000e-01  2.203636e-01  1.000000e-01 3.046229e-06 8.000000e-04 1.282801e+01 3.180172e+01 2.285421e+01 6.922106e+01 6.648218e-03 2.471054e-01 9.123589e-02 3.057595e-01 4.871105e+00
1.000000e-01 2.424000e-01  2.203636e-01  1.000000e-01 3.127399e-06 8.000000e-04 1.282801e+01 3.180170e+01 2.285251e+01 6.922095e+01 7.035837e-03 2.623525e-01 9.616284e-02 3.222712e-01 5.134156e+00
1.000000e-01 2.424000e-01  2.203636e-01  1.000000e-01 3.210732e-06 8.000000e-04 1.282801e+01 3.180167e+01 2.285038e+01 6.922049e+01 7.489328e-03 2.775501e-01 1.013559e-01 3.396746e-01 5.411412e+00
1.000000e-01 2.424000e-01  2.203636e-01  1.000000e-01 3.296286e-06 8.000000e-04 1.282801e+01 3.180165e+01 2.284730e+01 6.921952e+01 7.977092e-03 2.925382e-01 1.068293e-01 3.580178e-01 5.703641e+00
1.000000e-01 2.424000e-01  2.203636e-01  1.000000e-01 3.384119e-06 8.000000e-04 1.282801e+01 3.180164e+01 2.284577e+01 6.921881e+01 8.211049e-03 3.054965e-01 1.125983e-01 3.773516e-01 6.011651e+00
1.000000e-01 2.424000e-01  2.203636e-01  1.000000e-01 3.474293e-06 8.000000e-04 1.282801e+01 3.180163e+01 2.284337e+01 6.921784e+01 8.624699e-03 3.225050e-01 1.186789e-01 3.977295e-01 6.336294e+00
1.000000e-01 2.424000e-01  2.203636e-01  1.000000e-01 3.566869e-06 8.000000e-04 1.282801e+01 3.180159e+01 2.284034e+01 6.921711e+01 9.145634e-03 3.418768e-01 1.250878e-01 4.192078e-01 6.678468e+00
1.000000e-01 2.424000e-01  2.203636e-01  1.000000e-01 3.661913e-06 8.000000e-04 1.282801e+01 3.180157e+01 2.283847e+01 6.921613e+01 9.586846e-03 3.606725e-01 1.318429e-01 4.418459e-01 7.039121e+00
1.000000e-01 2.424000e-01  2.203636e-01  1.000000e-01 3.759488e-06 8.000000e-04 1.282801e+01 3.180153e+01 2.283682e+01 6.921548e+01 1.022947e-02 3.769005e-01 1.389627e-01 4.657066e-01 7.419250e+00
1.000000e-01 2.424000e-01  2.203636e-01  1.000000e-01 3.859664e-06 8.000000e-04 1.282801e+01 3.180151e+01 2.283189e+01 6.921392e+01 1.089161e-02 3.983812e-01 1.464670e-01 4.908559e-01 7.819907e+00
1.000000e-01 2.424000e-01  2.203636e-01  1.000000e-01 3.962510e-06 8.000000e-04 1.282801e+01 3.180149e+01 2.283164e+01 6.921351e+01 1.132447e-02 4.195401e-01 1.543766e-01 5.173632e-01 8.242200e+00
1.000000e-01 2.424000e-01  2.203636e-01  1.000000e-01 4.068095e-06 8.000000e-04 1.282801e+01 3.180146e+01 2.282814e+01 6.921253e+01 1.202867e-02 4.405027e-01 1.627132e-01 5.453020e-01 8.687297e+00
1.000000e-01 2.424000e-01  2.203636e-01  1.000000e-01 4.176494e-06 8.000000e-04 1.282801e+01 3.180143e+01 2.282362e+01 6.921048e+01 1.271575e-02 4.673712e-01 1.715001e-01 5.747496e-01 9.156432e+00
1.000000e-01 2.424000e-01  2.203636e-01  1.000000e-01 4.287782e-06 8.000000e-04 1.282801e+01 3.180140e+01 2.282044e+01 6.920983e+01 1.345618e-02 4.993976e-01 1.807615e-01 6.057874e-01 9.650900e+00
1.000000e-01 2.424000e-01  2.203636e-01  1.000000e-01 4.402035e-06 8.000000e-04 1.282801e+01 3.180137e+01 2.281687e+01 6.920903e+01 1.390762e-02 5.205214e-01 1.905231e-01 6.385013e-01 1.017207e+01
1.000000e-01 2.424000e-01  2.203636e-01  1.000000e-01 4.519332e-06 8.000000e-04 1.282801e+01 3.180135e+01 2.281491e+01 6.920807e+01 1.466323e-02 5.429757e-01 2.008118e-01 6.729819e-01 1.072139e+01
1.000000e-01 2.424000e-01  2.203636e-01  1.000000e-01 4.639755e-06 8.000000e-04 1.282801e+01 3.180128e+01 2.280978e+01 6.920602e+01 1.551635e-02 5.712857e-01 2.116561e-01 7.093245e-01 1.130037e+01
1.000000e-01 2.424000e-01  2.203636e-01  1.000000e-01 4.763386e-06 8.000000e-04 1.282801e+01 3.180124e+01 2.280557e+01 6.920454e+01 1.654561e-02 6.068669e-01 2.230860e-01 7.476296e-01 1.191061e+01
1.000000e-01 2.424000e-01  2.203636e-01  1.000000e-01 4.890312e-06 8.000000e-04 1.282801e+01 3.180121e+01 2.279887e+01 6.920223e+01 1.731170e-02 6.480028e-01 2.351331e-01 7.880034e-01 1.255381e+01
1.000000e-01 2.424000e-01  2.203636e-01  1.000000e-01 5.020620e-06 8.000000e-04 1.282801e+01 3.180116e+01 2.279607e+01 6.920157e+01 1.848850e-02 6.766777e-01 2.478309e-01 8.305574e-01 1.323175e+01
1.000000e-01 2.424000e-01  2.203636e-01  1.000000e-01 5.154400e-06 8.000000e-04 1.282801e+01 3.180107e+01 2.279069e+01 6.919893e+01 1.948971e-02 7.121867e-01 2.612143e-01 8.754094e-01 1.394629e+01
1.000000e-01 2.424000e-01  2.203636e-01  1.000000e-01 5.291745e-06 8.000000e-04 1.282801e+01 3.180106e+01 2.278591e+01 6.919902e+01 2.030777e-02 7.527398e-01 2.753205e-01 9.226835e-01 1.469942e+01
1.000000e-01 2.424000e-01  2.203636e-01  1.000000e-01 5.432750e-06 8.000000e-04 1.282801e+01 3.180103e+01 2.277842e+01 6.919553e+01 2.144185e-02 7.976790e-01 2.901884e-01 9.725106e-01 1.549323e+01
1.000000e-01 2.424000e-01  2.203636e-01  1.000000e-01 5.577512e-06 8.000000e-04 1.282801e+01 3.180094e+01 2.277550e+01 6.919474e+01 2.261740e-02 8.271182e-01 3.058593e-01 1.025028e+00 1.632990e+01
1.000000e-01 2.424000e-01  2.203636e-01  1.000000e-01 5.726131e-06 8.000000e-04 1.282801e+01 3.180092e+01 2.276778e+01 6.919220e+01 2.425701e-02 8.866263e-01 3.223764e-01 1.080382e+00 1.721175e+01
1.000000e-01 2.424000e-01  2.203636e-01  1.000000e-01 5.878710e-06 8.000000e-04 1.282801e+01 3.180081e+01 2.276088e+01 6.918981e+01 2.517891e-02 9.311816e-01 3.397855e-01 1.138725e+00 1.814122e+01
1.000000e-01 2.424000e-01  2.203636e-01  1.000000e-01 6.035355e-06 8.000000e-04 1.282801e+01 3.180075e+01 2.275793e+01 6.918901e+01 2.658552e-02 9.658177e-01 3.581347e-01 1.200219e+00 1.912089e+01
1.000000e-01 2.424000e-01  2.203636e-01  1.000000e-01 6.196174e-06 8.000000e-04 1.282801e+01 3.180065e+01 2.274944e+01 6.918397e+01 2.800128e-02 1.024984e+00 3.774748e-01 1.265034e+00 2.015346e+01
1.000000e-01 2.424000e-01  2.203636e-01  1.000000e-01 6.361278e-06 8.000000e-04 1.282801e+01 3.180061e+01 2.274198e+01 6.918429e+01 2.920800e-02 1.080176e+00 3.978593e-01 1.333349e+00 2.124180e+01
1.000000e-01 2.424000e-01  2.203636e-01  1.000000e-01 6.530782e-06 8.000000e-04 1.282801e+01 3.180055e+01 2.273130e+01 6.918003e+01 3.083116e-02 1.151795e+00 4.193446e-01 1.405352e+00 2.238890e+01
1.000000e-01 2.424000e-01  2.203636e-01  1.000000e-01 6.704802e-06 8.000000e-04 1.282801e+01 3.180048e+01 2.272660e+01 6.917701e+01 3.226674e-02 1.211754e+00 4.419902e-01 1.481245e+00 2.359796e+01
1.000000e-01 2.424000e-01  2.203636e-01  1.000000e-01 6.883459e-06 8.000000e-04 1.282801e+01 3.180043e+01 2.271445e+01 6.917622e+01 3.433328e-02 1.266588e+00 4.658587e-01 1.561235e+00 2.487230e+01
1.000000e-01 2.424000e-01  2.203636e-01  1.000000e-01 7.066877e-06 8.000000e-04 1.282801e+01 3.180032e+01 2.270531e+01 6.917091e+01 3.636592e-02 1.338166e+00 4.910161e-01 1.645546e+00 2.621546e+01
1.000000e-01 2.424000e-01  2.203636e-01  1.000000e-01 7.255182e-06 8.000000e-04 1.282801e+01 3.180021e+01 2.269373e+01 6.916744e+01 3.863371e-02 1.414231e+00 5.175321e-01 1.734409e+00 2.763116e+01
1.000000e-01 2.424000e-01  2.203636e-01  1.000000e-01 7.448504e-06 8.000000e-04 1.282801e+01 3.180009e+01 2.268887e+01 6.916658e+01 4.052782e-02 1.470678e+00 5.454800e-01 1.828071e+00 2.912330e+01
1.000000e-01 2.424000e-01  2.203636e-01  1.000000e-01 7.646978e-06 8.000000e-04 1.282801e+01 3.180002e+01 2.268139e+01 6.916371e+01 4.248354e-02 1.557188e+00 5.749372e-01 1.926791e+00 3.069603e+01
1.000000e-01 2.424000e-01  2.203636e-01  1.000000e-01 7.850741e-06 8.000000e-04 1.282801e+01 3.179994e+01 2.266983e+01 6.916011e+01 4.441677e-02 1.645888e+00 6.059852e-01 2.030842e+00 3.235369e+01
1.000000e-01 2.424000e-01  2.203636e-01  1.000000e-01 8.059933e-06 8.000000e-04 1.282801e+01 3.179981e+01 2.265191e+01 6.915206e+01 4.729250e-02 1.748414e+00 6.387098e-01 2.140513e+00 3.410086e+01
1.000000e-01 2.424000e-01  2.203636e-01  1.000000e-01 8.274699e-06 8.000000e-04 1.282801e+01 3.179966e+01 2.264548e+01 6.914852e+01 5.021457e-02 1.814488e+00 6.732016e-01 2.256105e+00 3.594239e+01
1.000000e-01 2.424000e-01  2.203636e-01  1.000000e-01 8.495188e-06 8.000000e-04 1.282801e+01 3.179951e+01 2.262737e+01 6.914533e+01 5.275081e-02 1.925918e+00 7.095560e-01 2.377940e+00 3.788336e+01
1.000000e-01 2.424000e-01  2.203636e-01  1.000000e-01 8.721552e-06 8.000000e-04 1.282801e+01 3.179938e+01 2.261756e+01 6.914097e+01 5.494188e-02 2.031295e+00 7.478737e-01 2.506354e+00 3.992915e+01
1.000000e-01 2.424000e-01  2.203636e-01  1.000000e-01 8.953948e-06 8.000000e-04 1.282801e+01 3.179920e+01 2.260470e+01 6.913855e+01 5.809195e-02 2.121891e+00 7.882606e-01 2.641703e+00 4.208541e+01
1.000000e-01 2.424000e-01  2.203636e-01  1.000000e-01 9.192536e-06 8.000000e-04 1.282801e+01 3.179905e+01 2.258246e+01 6.912887e+01 6.149081e-02 2.269105e+00 8.308285e-01 2.784361e+00 4.435812e+01
1.000000e-01 2.424000e-01  2.203636e-01  1.000000e-01 9.437481e-06 8.000000e-04 1.282801e+01 3.179894e+01 2.256694e+01 6.913029e+01 6.462117e-02 2.369714e+00 8.756951e-01 2.934723e+00 4.675356e+01
1.000000e-01 2.424000e-01  2.203636e-01  1.000000e-01 9.688954e-06 8.000000e-04 1.282801e+01 3.179882e+01 2.255335e+01 6.911967e+01 6.799831e-02 2.497317e+00 9.229847e-01 3.093205e+00 4.927836e+01
1.000000e-01 2.424000e-01  2.203636e-01  1.000000e-01 9.947127e-06 8.000000e-04 1.282801e+01 3.179855e+01 2.252519e+01 6.911423e+01 7.235071e-02 2.632099e+00 9.728280e-01 3.260245e+00 5.193951e+01
1.000000e-01 2.424000e-01  2.203636e-01  1.000000e-01 1.021218e-05 8.000000e-04 1.282801e+01 3.179856e+01 2.251056e+01 6.910856e+01 7.462946e-02 2.807459e+00 1.025363e+00 3.436306e+00 5.474436e+01
1.000000e-01 2.424000e-01  2.203636e-01  1.000000e-01 1.048430e-05 8.000000e-04 1.282801e+01 3.179830e+01 2.249750e+01 6.910416e+01 7.824536e-02 2.928193e+00 1.080735e+00 3.621875e+00 5.770068e+01
1.000000e-01 2.424000e-01  2.203636e-01  1.000000e-01 1.076366e-05 8.000000e-04 1.282801e+01 3.179796e+01 2.247027e+01 6.909905e+01 8.434786e-02 3.106111e+00 1.139097e+00 3.817464e+00 6.081665e+01
1.000000e-01 2.424000e-01  2.203636e-01  1.000000e-01 1.105047e-05 8.000000e-04 1.282801e+01 3.179776e+01 2.244486e+01 6.908929e+01 8.956937e-02 3.274375e+00 1.200611e+00 4.023616e+00 6.410089e+01
1.000000e-01 2.424000e-01  2.203636e-01  1.000000e-01 1.134492e-05 8.000000e-04 1.282801e+01 3.179763e+01 2.243144e+01 6.908215e+01 9.365748e-02 3.436575e+00 1.265447e+00 4.240901e+00 6.756249e+01
1.000000e-01 2.424000e-01  2.203636e-01  1.000000e-01 1.164722e-05 8.000000e-04 1.282801e+01 3.179743e+01 2.240322e+01 6.907104e+01 9.672651e-02 3.654106e+00 1.333784e+00 4.469919e+00 7.121102e+01
1.000000e-01 2.424000e-01  2.203636e-01  1.000000e-01 1.195758e-05 8.000000e-04 1.282801e+01 3.179699e+01 2.237108e+01 6.906937e+01 1.041899e-01 3.850119e+00 1.405811e+00 4.711305e+00 7.505658e+01
1.000000e-01 2.424000e-01  2.203636e-01  1.000000e-01 1.227620e-05 8.000000e-04 1.282801e+01 3.179692e+01 2.235029e+01 6.906230e+01 1.097046e-01 4.038343e+00 1.481728e+00 4.965726e+00 7.910981e+01
1.000000e-01 2.424000e-01  2.203636e-01  1.000000e-01 1.260331e-05 8.000000e-04 1.282801e+01 3.179666e+01 2.233409e+01 6.905234e+01 1.158742e-01 4.236370e+00 1.561745e+00 5.233887e+00 8.338192e+01
1.000000e-01 2.424000e-01  2.203636e-01  1.000000e-01 1.293914e-05 8.000000e-04 1.282801e+01 3.179635e+01 2.230366e+01 6.904747e+01 1.198169e-01 4.435157e+00 1.646083e+00 5.516529e+00 8.788474e+01
1.000000e-01 2.424000e-01  2.203636e-01  1.000000e-01 1.328392e-05 8.000000e-04 1.282801e+01 3.179603e+01 2.225923e+01 6.903745e+01 1.274235e-01 4.726340e+00 1.734975e+00 5.814434e+00 9.263072e+01
1.000000e-01 2.424000e-01  2.203636e-01  1.000000e-01 1.363789e-05 8.000000e-04 1.282801e+01 3.179554e+01 2.222850e+01 6.903118e+01 1.362297e-01 4.990308e+00 1.828668e+00 6.128427e+00 9.763299e+01
1.000000e-01 2.424000e-01  2.203636e-01  1.000000e-01 1.400128e-05 8.000000e-04 1.282801e+01 3.179535e+01 2.220472e+01 6.902158e+01 1.426506e-01 5.174946e+00 1.927420e+00 6.459376e+00 1.029054e+02
1.000000e-01 2.424000e-01  2.203636e-01  1.000000e-01 1.437436e-05 8.000000e-04 1.282801e+01 3.179485e+01 2.216252e+01 6.900469e+01 1.486279e-01 5.528305e+00 2.031505e+00 6.808198e+00 1.084625e+02
1.000000e-01 2.424000e-01  2.203636e-01  1.000000e-01 1.475738e-05 8.000000e-04 1.282801e+01 3.179452e+01 2.213096e+01 6.899673e+01 1.583061e-01 5.823873e+00 2.141211e+00 7.175856e+00 1.143198e+02
1.000000e-01 2.424000e-01  2.203636e-01  1.000000e-01 1.515061e-05 8.000000e-04 1.282801e+01 3.179398e+01 2.208283e+01 6.898144e+01 1.682141e-01 6.129264e+00 2.256842e+00 7.563369e+00 1.204933e+02
1.000000e-01 2.424000e-01  2.203636e-01  1.000000e-01 1.555432e-05 8.000000e-04 1.282801e+01 3.179364e+01 2.203231e+01 6.898618e+01 1.756030e-01 6.467445e+00 2.378716e+00 7.971808e+00 1.270002e+02
1.000000e-01 2.424000e-01  2.203636e-01  1.000000e-01 1.596878e-05 8.000000e-04 1.282801e+01 3.179331e+01 2.197937e+01 6.896009e+01 1.849420e-01 6.840484e+00 2.507172e+00 8.402304e+00 1.338585e+02
1.000000e-01 2.424000e-01  2.203636e-01  1.000000e-01 1.639429e-05 8.000000e-04 1.282801e+01 3.179302e+01 2.195422e+01 6.896605e+01 1.930215e-01 7.220682e+00 2.642566e+00 8.856048e+00 1.410872e+02
1.000000e-01 2.424000e-01  2.203636e-01  1.000000e-01 1.683113e-05 8.000000e-04 1.282801e+01 3.179213e+01 2.191000e+01 6.894149e+01 2.065953e-01 7.493550e+00 2.785270e+00 9.334295e+00 1.487062e+02
1.000000e-01 2.424000e-01  2.203636e-01  1.000000e-01 1.727962e-05 8.000000e-04 1.282801e+01 3.179170e+01 2.185363e+01 6.893958e+01 2.174133e-01 7.986705e+00 2.935681e+00 9.838369e+00 1.567367e+02
1.000000e-01 2.424000e-01  2.203636e-01  1.000000e-01 1.774005e-05 8.000000e-04 1.282801e+01 3.179103e+01 2.176674e+01 6.892135e+01 2.309947e-01 8.506939e+00 3.094215e+00 1.036966e+01 1.652008e+02
1.000000e-01 2.424000e-01  2.203636e-01  1.000000e-01 1.821276e-05 8.000000e-04 1.282801e+01 3.179039e+01 2.175433e+01 6.891619e+01 2.449789e-01 8.875627e+00 3.261310e+00 1.092965e+01 1.741221e+02
1.000000e-01 2.424000e-01  2.203636e-01  1.000000e-01 1.869805e-05 8.000000e-04 1.282801e+01 3.179006e+01 2.168411e+01 6.891585e+01 2.518547e-01 9.298027e+00 3.437428e+00 1.151988e+01 1.835251e+02
1.000000e-01 2.424000e-01  2.203636e-01  1.000000e-01 1.919629e-05 8.000000e-04 1.282801e+01 3.178945e+01 2.162488e+01 6.888825e+01 2.649260e-01 9.845069e+00 3.623057e+00 1.214198e+01 1.934358e+02
1.000000e-01 2.424000e-01  2.203636e-01  1.000000e-01 1.970779e-05 8.000000e-04 1.282801e+01 3.178895e+01 2.158056e+01 6.888894e+01 2.785417e-01 1.034213e+01 3.818710e+00 1.279767e+01 2.038818e+02
1.000000e-01 2.424000e-01  2.203636e-01  1.000000e-01 2.023293e-05 8.000000e-04 1.282801e+01 3.178745e+01 2.149927e+01 6.884989e+01 2.990388e-01 1.090548e+01 4.024929e+00 1.348877e+01 2.148919e+02
1.000000e-01 2.424000e-01  2.203636e-01  1.000000e-01 2.077206e-05 8.000000e-04 1.282801e+01 3.178722e+01 2.144652e+01 6.886579e+01 3.130585e-01 1.141023e+01 4.242285e+00 1.421720e+01 2.264966e+02
1.000000e-01 2.424000e-01  2.203636e-01  1.000000e-01 2.132555e-05 8.000000e-04 1.282801e+01 3.178629e+01 2.133889e+01 6.883347e+01 3.300388e-01 1.211918e+01 4.471378e+00 1.498496e+01 2.387279e+02
1.000000e-01 2.424000e-01  2.203636e-01  1.000000e-01 2.189380e-05 8.000000e-04 1.282801e+01 3.178513e+01 2.123340e+01 6.883098e+01 3.481062e-01 1.283349e+01 4.712843e+00 1.579418e+01 2.516198e+02
1.000000e-01 2.424000e-01  2.203636e-01  1.000000e-01 2.247718e-05 8.000000e-04 1.282801e+01 3.178383e+01 2.119615e+01 6.883032e+01 3.703979e-01 1.348002e+01 4.967347e+00 1.664711e+01 2.652078e+02
1.000000e-01 2.424000e-01  2.203636e-01  1.000000e-01 2.307611e-05 8.000000e-04 1.282801e+01 3.178340e+01 2.108541e+01 6.881629e+01 3.855143e-01 1.425739e+01 5.235595e+00 1.754609e+01 2.795296e+02
1.000000e-01 2.424000e-01  2.203636e-01  1.000000e-01 2.369100e-05 8.000000e-04 1.282801e+01 3.178304e+01 2.100219e+01 6.880192e+01 4.040065e-01 1.501846e+01 5.518330e+00 1.849362e+01 2.946249e+02
1.000000e-01 2.424000e-01  2.203636e-01  1.000000e-01 2.432228e-05 8.000000e-04 1.282801e+01 3.178112e+01 2.095153e+01 6.881789e+01 4.265632e-01 1.574728e+01 5.816332e+00 1.949232e+01 3.105353e+02
1.000000e-01 2.424000e-01  2.203636e-01  1.000000e-01 2.497037e-05 8.000000e-04 1.282801e+01 3.178050e+01 2.082685e+01 6.882017e+01 4.510810e-01 1.674409e+01 6.130428e+00 2.054495e+01 3.273049e+02
1.000000e-01 2.424000e-01  2.203636e-01  1.000000e-01 2.563574e-05 8.000000e-04 1.282801e+01 3.177874e+01 2.073731e+01 6.877514e+01 4.793391e-01 1.744877e+01 6.461485e+00 2.165442e+01 3.449802e+02
1.000000e-01 2.424000e-01  2.203636e-01  1.000000e-01 2.631883e-05 8.000000e-04 1.282801e+01 3.177823e+01 2.064503e+01 6.882498e+01 4.903329e-01 1.851291e+01 6.810420e+00 2.282381e+01 3.636099e+02
1.000000e-01 2.424000e-01  2.203636e-01  1.000000e-01 2.702013e-05 8.000000e-04 1.282801e+01 3.177630e+01 2.052591e+01 6.879979e+01 5.376837e-01 1.946423e+01 7.178198e+00 2.405635e+01 3.832457e+02
1.000000e-01 2.424000e-01  2.203636e-01  1.000000e-01 2.774011e-05 8.000000e-04 1.282801e+01 3.177588e+01 2.045809e+01 6.879627e+01 5.586766e-01 2.062711e+01 7.565838e+00 2.535545e+01 4.039418e+02
1.000000e-01 2.424000e-01  2.203636e-01  1.000000e-01 2.847928e-05 8.000000e-04 1.282801e+01 3.177520e+01 2.031916e+01 6.881992e+01 5.827606e-01 2.154108e+01 7.974411e+00 2.672470e+01 4.257556e+02
1.000000e-01 2.424000e-01  2.203636e-01  1.000000e-01 2.923814e-05 8.000000e-04 1.282801e+01 3.177270e+01 2.022743e+01 6.879214e+01 6.173854e-01 2.279575e+01 8.405047e+00 2.816789e+01 4.487474e+02
1.000000e-01 2.424000e-01  2.203636e-01  1.000000e-01 3.001722e-05 8.000000e-04 1.282801e+01 3.177120e+01 2.010025e+01 6.882297e+01 6.511597e-01 2.395087e+01 8.858939e+00 2.968902e+01 4.729808e+02
1.000000e-01 2.424000e-01  2.203636e-01  1.000000e-01 3.081707e-05 8.000000e-04 1.282801e+01 3.176919e+01 2.002196e+01 6.882106e+01 6.969177e-01 2.543537e+01 9.337342e+00 3.129230e+01 4.985228e+02
1.000000e-01 2.424000e-01  2.203636e-01  1.000000e-01 3.163822e-05 8.000000e-04 1.282801e+01 3.176658e+01 1.982739e+01 6.886128e+01 7.313884e-01 2.686960e+01 9.841580e+00 3.298216e+01 5.254442e+02
1.000000e-01 2.424000e-01  2.203636e-01  1.000000e-01 3.248126e-05 8.000000e-04 1.282801e+01 3.176579e+01 1.971129e+01 6.890050e+01 7.689464e-01 2.833913e+01 1.037305e+01 3.476327e+01 5.538194e+02
1.000000e-01 2.424000e-01  2.203636e-01  1.000000e-01 3.334676e-05 8.000000e-04 1.282801e+01 3.176372e+01 1.954886e+01 6.891825e+01 8.027062e-01 2.973674e+01 1.093322e+01 3.664057e+01 5.837269e+02
1.000000e-01 2.424000e-01  2.203636e-01  1.000000e-01 3.423532e-05 8.000000e-04 1.282801e+01 3.176262e+01 1.947913e+01 6.899882e+01 8.452359e-01 3.144543e+01 1.152364e+01 3.861924e+01 6.152496e+02
1.000000e-01 2.424000e-01  2.203636e-01  1.000000e-01 3.514756e-05 8.000000e-04 1.282801e+01 3.175912e+01 1.933150e+01 6.896358e+01 8.936118e-01 3.282215e+01 1.214594e+01 4.070477e+01 6.484744e+02
1.000000e-01 2.424000e-01  2.203636e-01  1.000000e-01 3.608411e-05 8.000000e-04 1.282801e+01 3.175723e+01 1.917374e+01 6.903326e+01 9.405683e-01 3.499153e+01 1.280185e+01 4.290292e+01 6.834936e+02
1.000000e-01 2.424000e-01  2.203636e-01  1.000000e-01 3.704561e-05 8.000000e-04 1.282801e+01 3.175365e+01 1.900896e+01 6.920950e+01 1.010008e+00 3.676278e+01 1.349318e+01 4.521978e+01 7.204038e+02
1.000000e-01 2.424000e-01  2.203636e-01  1.000000e-01 3.803273e-05 8.000000e-04 1.282801e+01 3.175210e+01 1.892202e+01 6.920165e+01 1.054748e+00 3.854859e+01 1.422184e+01 4.766175e+01 7.593073e+02
1.000000e-01 2.424000e-01  2.203636e-01  1.000000e-01 3.904616e-05 8.000000e-04 1.282801e+01 3.175044e+01 1.876520e+01 6.933608e+01 1.107309e+00 4.083504e+01 1.498985e+01 5.023560e+01 8.003116e+02
1.000000e-01 2.424000e-01  2.203636e-01  1.000000e-01 4.008659e-05 8.000000e-04 1.282801e+01 3.174634e+01 1.860551e+01 6.942845e+01 1.176171e+00 4.311516e+01 1.579934e+01 5.294843e+01 8.435303e+02
1.000000e-01 2.424000e-01  2.203636e-01  1.000000e-01 4.115474e-05 8.000000e-04 1.282801e+01 3.174232e+01 1.847794e+01 6.957717e+01 1.242537e+00 4.551941e+01 1.665254e+01 5.580777e+01 8.890829e+02
1.000000e-01 2.424000e-01  2.203636e-01  1.000000e-01 4.225136e-05 8.000000e-04 1.282801e+01 3.173964e+01 1.836574e+01 6.972326e+01 1.306766e+00 4.760994e+01 1.755182e+01 5.882152e+01 9.370954e+02
1.000000e-01 2.424000e-01  2.203636e-01  1.000000e-01 4.337719e-05 8.000000e-04 1.282801e+01 3.173743e+01 1.816505e+01 7.002632e+01 1.371673e+00 5.049267e+01 1.849965e+01 6.199802e+01 9.877007e+02
1.000000e-01 2.424000e-01  2.203636e-01  1.000000e-01 4.453303e-05 8.000000e-04 1.282801e+01 3.173417e+01 1.802326e+01 7.008859e+01 1.439513e+00 5.261530e+01 1.949868e+01 6.534606e+01 1.041039e+03
1.000000e-01 2.424000e-01  2.203636e-01  1.000000e-01 4.571966e-05 8.000000e-04 1.282801e+01 3.172998e+01 1.785472e+01 7.024492e+01 1.528197e+00 5.608574e+01 2.055165e+01 6.887489e+01 1.097257e+03
1.000000e-01 2.424000e-01  2.203636e-01  1.000000e-01 4.693791e-05 8.000000e-04 1.282801e+01 3.172397e+01 1.779793e+01 7.044796e+01 1.609860e+00 5.930837e+01 2.166149e+01 7.259430e+01 1.156512e+03
1.000000e-01 2.424000e-01  2.203636e-01  1.000000e-01 4.818863e-05 8.000000e-04 1.282801e+01 3.172172e+01 1.763941e+01 7.073221e+01 1.687246e+00 6.195044e+01 2.283126e+01 7.651456e+01 1.218966e+03
1.000000e-01 2.424000e-01  2.203636e-01  1.000000e-01 4.947267e-05 8.000000e-04 1.282801e+01 3.171712e+01 1.750100e+01 7.113715e+01 1.779385e+00 6.539882e+01 2.406420e+01 8.064652e+01 1.284793e+03
1.000000e-01 2.424000e-01  2.203636e-01  1.000000e-01 5.079093e-05 8.000000e-04 1.282801e+01 3.171306e+01 1.737451e+01 7.115823e+01 1.882347e+00 6.917972e+01 2.536372e+01 8.500162e+01 1.354175e+03
1.000000e-01 2.424000e-01  2.203636e-01  1.000000e-01 5.214431e-05 8.000000e-04 1.282801e+01 3.171043e+01 1.731555e+01 7.133253e+01 1.971171e+00 7.216858e+01 2.673342e+01 8.959190e+01 1.427303e+03
1.000000e-01 2.424000e-01  2.203636e-01  1.000000e-01 5.353375e-05 8.000000e-04 1.282801e+01 3.170215e+01 1.719863e+01 7.204867e+01 2.095799e+00 7.660641e+01 2.817709e+01 9.443007e+01 1.504381e+03
1.000000e-01 2.424000e-01  2.203636e-01  1.000000e-01 5.496022e-05 8.000000e-04 1.282801e+01 3.169583e+01 1.714796e+01 7.239888e+01 2.178444e+00 8.003618e+01 2.969872e+01 9.952951e+01 1.585621e+03
1.000000e-01 2.424000e-01  2.203636e-01  1.000000e-01 5.642470e-05 8.000000e-04 1.282801e+01 3.169003e+01 1.719688e+01 7.323657e+01 2.339343e+00 8.469254e+01 3.130251e+01 1.049043e+02 1.671248e+03
1.000000e-01 2.424000e-01  2.203636e-01  1.000000e-01 5.792820e-05 8.000000e-04 1.282801e+01 3.168645e+01 1.709902e+01 7.352287e+01 2.419598e+00 9.009318e+01 3.299292e+01 1.105694e+02 1.761500e+03
1.000000e-01 2.424000e-01  2.203636e-01  1.000000e-01 5.947176e-05 8.000000e-04 1.282801e+01 3.167741e+01 1.710333e+01 7.410205e+01 2.600441e+00 9.458196e+01 3.477462e+01 1.165404e+02 1.856625e+03
1.000000e-01 2.424000e-01  2.203636e-01  1.000000e-01 6.105646e-05 8.000000e-04 1.282801e+01 3.167350e+01 1.713961e+01 7.464770e+01 2.729734e+00 9.934250e+01 3.665253e+01 1.228339e+02 1.956887e+03
1.000000e-01 2.424000e-01  2.203636e-01  1.000000e-01 6.268338e-05 8.000000e-04 1.282801e+01 3.166356e+01 1.708488e+01 7.531638e+01 2.860736e+00 1.056637e+02 3.863185e+01 1.294672e+02 2.062563e+03
1.000000e-01 2.424000e-01  2.203636e-01  1.000000e-01 6.435365e-05 8.000000e-04 1.282801e+01 3.165775e+01 1.716229e+01 7.617551e+01 3.024560e+00 1.122106e+02 4.071806e+01 1.364587e+02 2.173946e+03
1.000000e-01 2.424000e-01  2.203636e-01  1.000000e-01 6.606842e-05 8.000000e-04 1.282801e+01 3.165374e+01 1.719610e+01 7.655836e+01 3.141978e+00 1.163126e+02 4.291693e+01 1.438278e+02 2.291344e+03
1.000000e-01 2.424000e-01  2.203636e-01  1.000000e-01 6.782889e-05 8.000000e-04 1.282801e+01 3.164545e+01 1.731778e+01 7.752611e+01 3.362662e+00 1.235776e+02 4.523454e+01 1.515948e+02 2.415082e+03
1.000000e-01 2.424000e-01  2.203636e-01  1.000000e-01 6.963627e-05 8.000000e-04 1.282801e+01 3.163297e+01 1.745288e+01 7.840172e+01 3.557978e+00 1.289633e+02 4.767731e+01 1.597813e+02 2.545502e+03
1.000000e-01 2.424000e-01  2.203636e-01  1.000000e-01 7.149181e-05 8.000000e-04 1.282801e+01 3.162420e+01 1.767867e+01 7.951137e+01 3.719195e+00 1.363734e+02 5.025199e+01 1.684099e+02 2.682965e+03
1.000000e-01 2.424000e-01  2.203636e-01  1.000000e-01 7.339679e-05 8.000000e-04 1.282801e+01 3.162074e+01 1.781139e+01 8.020304e+01 3.933053e+00 1.445813e+02 5.296572e+01 1.775044e+02 2.827852e+03
1.000000e-01 2.424000e-01  2.203636e-01  1.000000e-01 7.535253e-05 8.000000e-04 1.282801e+01 3.160997e+01 1.830230e+01 8.202976e+01 4.089875e+00 1.530514e+02 5.582599e+01 1.870900e+02 2.980562e+03
1.000000e-01 2.424000e-01  2.203636e-01  1.000000e-01 7.736039e-05 8.000000e-04 1.282801e+01 3.159651e+01 1.878999e+01 8.364070e+01 4.355688e+00 1.617490e+02 5.884072e+01 1.971933e+02 3.141520e+03
1.000000e-01 2.424000e-01  2.203636e-01  1.000000e-01 7.942174e-05 8.000000e-04 1.282801e+01 3.158027e+01 1.879867e+01 8.395854e+01 4.577570e+00 1.691360e+02 6.201826e+01 2.078422e+02 3.311169e+03
1.000000e-01 2.424000e-01  2.203636e-01  1.000000e-01 8.153803e-05 8.000000e-04 1.282801e+01 3.157252e+01 1.910109e+01 8.482946e+01 4.812683e+00 1.771496e+02 6.536739e+01 2.190662e+02 3.489980e+03
1.000000e-01 2.424000e-01  2.203636e-01  1.000000e-01 8.371070e-05 8.000000e-04 1.282801e+01 3.155564e+01 1.965824e+01 8.671985e+01 5.107288e+00 1.872582e+02 6.889738e+01 2.308963e+02 3.678447e+03
1.000000e-01 2.424000e-01  2.203636e-01  1.000000e-01 8.594127e-05 8.000000e-04 1.282801e+01 3.154740e+01 2.035269e+01 8.857000e+01 5.360142e+00 1.965482e+02 7.261799e+01 2.433652e+02 3.877091e+03
1.000000e-01 2.424000e-01  2.203636e-01  1.000000e-01 8.823127e-05 8.000000e-04 1.282801e+01 3.153149e+01 2.084098e+01 8.993050e+01 5.655365e+00 2.080922e+02 7.653953e+01 2.565075e+02 4.086463e+03
1.000000e-01 2.424000e-01  2.203636e-01  1.000000e-01 9.058230e-05 8.000000e-04 1.282801e+01 3.151762e+01 2.151417e+01 9.182411e+01 5.943445e+00 2.190914e+02 8.067284e+01 2.703595e+02 4.307142e+03
1.000000e-01 2.424000e-01  2.203636e-01  1.000000e-01 9.299597e-05 8.000000e-04 1.282801e+01 3.150189e+01 2.206006e+01 9.322691e+01 6.327148e+00 2.314269e+02 8.502936e+01 2.849595e+02 4.539737e+03
1.000000e-01 2.424000e-01  2.203636e-01  1.000000e-01 9.547395e-05 8.000000e-04 1.282801e+01 3.148782e+01 2.241649e+01 9.419195e+01 6.649936e+00 2.430131e+02 8.962115e+01 3.003480e+02 4.784893e+03
1.000000e-01 2.424000e-01  2.203636e-01  1.000000e-01 9.801796e-05 8.000000e-04 1.282801e+01 3.145774e+01 2.378953e+01 9.744849e+01 7.202604e+00 2.573039e+02 9.446090e+01 3.165675e+02 5.043289e+03
1.000000e-01 2.424000e-01  2.203636e-01  1.000000e-01 1.006298e-04 8.000000e-04 1.282801e+01 3.145747e+01 2.402930e+01 9.785739e+01 7.332943e+00 2.719304e+02 9.956200e+01 3.336628e+02 5.315638e+03
1.000000e-01 2.424000e-01  2.203636e-01  1.000000e-01 1.033112e-04 8.000000e-04 1.282801e+01 3.142412e+01 2.501559e+01 9.995003e+01 7.842149e+00 2.880095e+02 1.049386e+02 3.516814e+02 5.602695e+03
1.000000e-01 2.424000e-01  2.203636e-01  1.000000e-01 1.060640e-04 8.000000e-04 1.282801e+01 3.141016e+01 2.582502e+01 1.019942e+02 8.221822e+00 3.000490e+02 1.106055e+02 3.706730e+02 5.905253e+03
1.000000e-01 2.424000e-01  2.203636e-01  1.000000e-01 1.088902e-04 8.000000e-04 1.282801e+01 3.139552e+01 2.679036e+01 1.042621e+02 8.529587e+00 3.153051e+02 1.165785e+02 3.906902e+02 6.224151e+03
1.000000e-01 2.424000e-01  2.203636e-01  1.000000e-01 1.117917e-04 8.000000e-04 1.282801e+01 3.136580e+01 2.728831e+01 1.052838e+02 9.019099e+00 3.290353e+02 1.228740e+02 4.117884e+02 6.560269e+03
1.000000e-01 2.424000e-01  2.203636e-01  1.000000e-01 1.147705e-04 8.000000e-04 1.282801e+01 3.134700e+01 2.857635e+01 1.081392e+02 9.669678e+00 3.551864e+02 1.295094e+02 4.340259e+02 6.914539e+03
1.000000e-01 2.424000e-01  2.203636e-01  1.000000e-01 1.178287e-04 8.000000e-04 1.282801e+01 3.133640e+01 2.965279e+01 1.102317e+02 9.983400e+00 3.709738e+02 1.365033e+02 4.574643e+02 7.287940e+03
1.000000e-01 2.424000e-01  2.203636e-01  1.000000e-01 1.209684e-04 8.000000e-04 1.282801e+01 3.130165e+01 3.063131e+01 1.122492e+02 1.049954e+01 3.896248e+02 1.438747e+02 4.821684e+02 7.681505e+03
1.000000e-01 2.424000e-01  2.203636e-01  1.000000e-01 1.241917e-04 8.000000e-04 1.282801e+01 3.127345e+01 3.172549e+01 1.143677e+02 1.117399e+01 4.140993e+02 1.516443e+02 5.082066e+02 8.096324e+03
1.000000e-01 2.424000e-01  2.203636e-01  1.000000e-01 1.275010e-04 8.000000e-04 1.282801e+01 3.124010e+01 3.287600e+01 1.170429e+02 1.193079e+01 4.386263e+02 1.598335e+02 5.356510e+02 8.533545e+03
1.000000e-01 2.424000e-01  2.203636e-01  1.000000e-01 1.308984e-04 8.000000e-04 1.282801e+01 3.121873e+01 3.364722e+01 1.182452e+02 1.245625e+01 4.605198e+02 1.684648e+02 5.645774e+02 8.994376e+03
1.000000e-01 2.424000e-01  2.203636e-01  1.000000e-01 1.343863e-04 8.000000e-04 1.282801e+01 3.119378e+01 3.403585e+01 1.188146e+02 1.293785e+01 4.841182e+02 1.775623e+02 5.950659e+02 9.480093e+03
1.000000e-01 2.424000e-01  2.203636e-01  1.000000e-01 1.379672e-04 8.000000e-04 1.282801e+01 3.114917e+01 3.587778e+01 1.227069e+02 1.384216e+01 5.126598e+02 1.871511e+02 6.272008e+02 9.992040e+03
1.000000e-01 2.424000e-01  2.203636e-01  1.000000e-01 1.416435e-04 8.000000e-04 1.282801e+01 3.111487e+01 3.592133e+01 1.227327e+02 1.461181e+01 5.322548e+02 1.972577e+02 6.610711e+02 1.053163e+04
1.000000e-01 2.424000e-01  2.203636e-01  1.000000e-01 1.454177e-04 8.000000e-04 1.282801e+01 3.108408e+01 3.759839e+01 1.258224e+02 1.524123e+01 5.666245e+02 2.079101e+02 6.967704e+02 1.110037e+04
1.000000e-01 2.424000e-01  2.203636e-01  1.000000e-01 1.492926e-04 8.000000e-04 1.282801e+01 3.103456e+01 3.846649e+01 1.272152e+02 1.629277e+01 5.990954e+02 2.191377e+02 7.343977e+02 1.169981e+04
1.000000e-01 2.424000e-01  2.203636e-01  1.000000e-01 1.532706e-04 8.000000e-04 1.282801e+01 3.101239e+01 3.879538e+01 1.277806e+02 1.683955e+01 6.309766e+02 2.309716e+02 7.740568e+02 1.233163e+04
1.000000e-01 2.424000e-01  2.203636e-01  1.000000e-01 1.573547e-04 8.000000e-04 1.282801e+01 3.095403e+01 4.029965e+01 1.309825e+02 1.791442e+01 6.625823e+02 2.434446e+02 8.158577e+02 1.299756e+04
1.000000e-01 2.424000e-01  2.203636e-01  1.000000e-01 1.615476e-04 8.000000e-04 1.282801e+01 3.092285e+01 4.070902e+01 1.314481e+02 1.894300e+01 7.001197e+02 2.565912e+02 8.599159e+02 1.369946e+04
1.000000e-01 2.424000e-01  2.203636e-01  1.000000e-01 1.658522e-04 8.000000e-04 1.282801e+01 3.086299e+01 4.084105e+01 1.316710e+02 1.986497e+01 7.336594e+02 2.704477e+02 9.063533e+02 1.443927e+04
1.000000e-01 2.424000e-01  2.203636e-01  1.000000e-01 1.702715e-04 8.000000e-04 1.282801e+01 3.082267e+01 4.230035e+01 1.348870e+02 2.103109e+01 7.702523e+02 2.850525e+02 9.552985e+02 1.521902e+04
1.000000e-01 2.424000e-01  2.203636e-01  1.000000e-01 1.748086e-04 8.000000e-04 1.282801e+01 3.080735e+01 4.375595e+01 1.371621e+02 2.183357e+01 8.227982e+02 3.004460e+02 1.006887e+03 1.604088e+04
1.000000e-01 2.424000e-01  2.203636e-01  1.000000e-01 1.794666e-04 8.000000e-04 1.282801e+01 3.069856e+01 4.388557e+01 1.376465e+02 2.336371e+01 8.628561e+02 3.166708e+02 1.061261e+03 1.690713e+04
1.000000e-01 2.424000e-01  2.203636e-01  1.000000e-01 1.842487e-04 8.000000e-04 1.282801e+01 3.064748e+01 4.480370e+01 1.392855e+02 2.477418e+01 9.159647e+02 3.337718e+02 1.118572e+03 1.782015e+04
1.000000e-01 2.424000e-01  2.203636e-01  1.000000e-01 1.891582e-04 8.000000e-04 1.282801e+01 3.064867e+01 4.488905e+01 1.388510e+02 2.586099e+01 9.535123e+02 3.517962e+02 1.178977e+03 1.878248e+04
1.000000e-01 2.424000e-01  2.203636e-01  1.000000e-01 1.941986e-04 8.000000e-04 1.282801e+01 3.053437e+01 4.551398e+01 1.402162e+02 2.751363e+01 1.003465e+03 3.707940e+02 1.242645e+03 1.979678e+04
1.000000e-01 2.424000e-01  2.203636e-01  1.000000e-01 1.993732e-04 8.000000e-04 1.282801e+01 3.048420e+01 4.649660e+01 1.412812e+02 2.871218e+01 1.060280e+03 3.908177e+02 1.309750e+03 2.086585e+04
1.000000e-01 2.424000e-01  2.203636e-01  1.000000e-01 2.046857e-04 8.000000e-04 1.282801e+01 3.038446e+01 4.629358e+01 1.404793e+02 3.071511e+01 1.127689e+03 4.119228e+02 1.380480e+03 2.199265e+04
1.000000e-01 2.424000e-01  2.203636e-01  1.000000e-01 2.101398e-04 8.000000e-04 1.282801e+01 3.036546e+01 4.728521e+01 1.431925e+02 3.204504e+01 1.179204e+03 4.341676e+02 1.455029e+03 2.318031e+04
1.000000e-01 2.424000e-01  2.203636e-01  1.000000e-01 2.157392e-04 8.000000e-04 1.282801e+01 3.023120e+01 4.760139e+01 1.424905e+02 3.418262e+01 1.233248e+03 4.576136e+02 1.533604e+03 2.443210e+04
1.000000e-01 2.424000e-01  2.203636e-01  1.000000e-01 2.214878e-04 8.000000e-04 1.282801e+01 3.017786e+01 4.872842e+01 1.453848e+02 3.600996e+01 1.313711e+03 4.823258e+02 1.616422e+03 2.575149e+04
1.000000e-01 2.424000e-01  2.203636e-01  1.000000e-01 2.273896e-04 8.000000e-04 1.282801e+01 3.010560e+01 4.863083e+01 1.444273e+02 3.754977e+01 1.376302e+03 5.083725e+02 1.703712e+03 2.714213e+04
1.000000e-01 2.424000e-01  2.203636e-01  1.000000e-01 2.334487e-04 8.000000e-04 1.282801e+01 2.997949e+01 4.928530e+01 1.451657e+02 3.931605e+01 1.464208e+03 5.358258e+02 1.795717e+03 2.860786e+04
1.000000e-01 2.424000e-01  2.203636e-01  1.000000e-01 2.396692e-04 8.000000e-04 1.282801e+01 2.992099e+01 4.947972e+01 1.451294e+02 4.153446e+01 1.562747e+03 5.647617e+02 1.892690e+03 3.015275e+04
1.000000e-01 2.424000e-01  2.203636e-01  1.000000e-01 2.460555e-04 8.000000e-04 1.282801e+01 2.981754e+01 4.938844e+01 1.450126e+02 4.467063e+01 1.631789e+03 5.952601e+02 1.994899e+03 3.178107e+04
1.000000e-01 2.424000e-01  2.203636e-01  1.000000e-01 2.526119e-04 8.000000e-04 1.282801e+01 2.975937e+01 5.012806e+01 1.469583e+02 4.636229e+01 1.716013e+03 6.274055e+02 2.102629e+03 3.349732e+04
1.000000e-01 2.424000e-01  2.203636e-01  1.000000e-01 2.593430e-04 8.000000e-04 1.282801e+01 2.960782e+01 5.025462e+01 1.460765e+02 4.920704e+01 1.796178e+03 6.612869e+02 2.216175e+03 3.530626e+04
1.000000e-01 2.424000e-01  2.203636e-01  1.000000e-01 2.662535e-04 8.000000e-04 1.282801e+01 2.956210e+01 5.093952e+01 1.484999e+02 5.128986e+01 1.888360e+03 6.969979e+02 2.335854e+03 3.721288e+04
1.000000e-01 2.424000e-01  2.203636e-01  1.000000e-01 2.733482e-04 8.000000e-04 1.282801e+01 2.940940e+01 5.132094e+01 1.486507e+02 5.396368e+01 1.987649e+03 7.346374e+02 2.461995e+03 3.922246e+04
1.000000e-01 2.424000e-01  2.203636e-01  1.000000e-01 2.806318e-04 8.000000e-04 1.282801e+01 2.925781e+01 5.080731e+01 1.457285e+02 5.750568e+01 2.111602e+03 7.743095e+02 2.594949e+03 4.134056e+04
1.000000e-01 2.424000e-01  2.203636e-01  1.000000e-01 2.881096e-04 8.000000e-04 1.282801e+01 2.909600e+01 5.124503e+01 1.476772e+02 6.051547e+01 2.233557e+03 8.161240e+02 2.735082e+03 4.357305e+04
1.000000e-01 2.424000e-01  2.203636e-01  1.000000e-01 2.957866e-04 8.000000e-04 1.282801e+01 2.903731e+01 5.152889e+01 1.462370e+02 6.352296e+01 2.351685e+03 8.601966e+02 2.882783e+03 4.592609e+04
1.000000e-01 2.424000e-01  2.203636e-01  1.000000e-01 3.036682e-04 8.000000e-04 1.282801e+01 2.893678e+01 5.200282e+01 1.462394e+02 6.611155e+01 2.476214e+03 9.066492e+02 3.038460e+03 4.840621e+04
1.000000e-01 2.424000e-01  2.203636e-01  1.000000e-01 3.117598e-04 8.000000e-04 1.282801e+01 2.881692e+01 5.204699e+01 1.479951e+02 7.056506e+01 2.594226e+03 9.556104e+02 3.202544e+03 5.102026e+04
1.000000e-01 2.424000e-01  2.203636e-01  1.000000e-01 3.200670e-04 8.000000e-04 1.282801e+01 2.865626e+01 5.246099e+01 1.485243e+02 7.342956e+01 2.731467e+03 1.007216e+03 3.375489e+03 5.377547e+04
1.000000e-01 2.424000e-01  2.203636e-01  1.000000e-01 3.285955e-04 8.000000e-04 1.282801e+01 2.846373e+01 5.256333e+01 1.480189e+02 7.819468e+01 2.881148e+03 1.061608e+03 3.557773e+03 5.667947e+04
1.000000e-01 2.424000e-01  2.203636e-01  1.000000e-01 3.373513e-04 8.000000e-04 1.282801e+01 2.841617e+01 5.327021e+01 1.478460e+02 8.266625e+01 3.054751e+03 1.118937e+03 3.749901e+03 5.974029e+04
1.000000e-01 2.424000e-01  2.203636e-01  1.000000e-01 3.463404e-04 8.000000e-04 1.282801e+01 2.817689e+01 5.256570e+01 1.478869e+02 8.681198e+01 3.201338e+03 1.179362e+03 3.952404e+03 6.296640e+04
