5.000000e-01 7.017000e-01  6.379091e-01  1.000000e-01 2.000000e-06 8.000000e-04 4.045104e+01 3.180203e+01 2.288801e+01 6.923341e+01 5.343581e-06 7.993709e-05 1.939912e-05 6.698170e-05 6.968372e-04
5.000000e-01 7.017000e-01  6.379091e-01  1.000000e-01 2.053292e-06 8.000000e-04 4.045104e+01 3.180203e+01 2.288801e+01 6.923341e+01 5.597687e-06 8.464259e-05 2.044671e-05 7.059887e-05 7.344680e-04
5.000000e-01 7.017000e-01  6.379091e-01  1.000000e-01 2.108005e-06 8.000000e-04 4.045104e+01 3.180203e+01 2.288800e+01 6.923341e+01 5.890845e-06 8.882881e-05 2.155088e-05 7.441137e-05 7.741310e-04
5.000000e-01 7.017000e-01  6.379091e-01  1.000000e-01 2.164175e-06 8.000000e-04 4.045104e+01 3.180203e+01 2.288800e+01 6.923340e+01 6.205857e-06 9.362275e-05 2.271468e-05 7.842976e-05 8.159359e-04
5.000000e-01 7.017000e-01  6.379091e-01  1.000000e-01 2.221842e-06 8.000000e-04 4.045104e+01 3.180203e+01 2.288800e+01 6.923340e+01 6.574824e-06 9.896913e-05 2.394133e-05 8.266514e-05 8.599983e-04
5.000000e-01 7.017000e-01  6.379091e-01  1.000000e-01 2.281045e-06 8.000000e-04 4.045104e+01 3.180203e+01 2.288800e+01 6.923340e+01 6.974714e-06 1.043889e-04 2.523421e-05 8.712925e-05 9.064402e-04
5.000000e-01 7.017000e-01  6.379091e-01  1.000000e-01 2.341826e-06 8.000000e-04 4.045104e+01 3.180203e+01 2.288800e+01 6.923340e+01 7.275642e-06 1.090468e-04 2.659692e-05 9.183443e-05 9.553901e-04
5.000000e-01 7.017000e-01  6.379091e-01  1.000000e-01 2.404227e-06 8.000000e-04 4.045104e+01 3.180203e+01 2.288800e+01 6.923340e+01 7.715334e-06 1.162511e-04 2.803321e-05 9.679370e-05 1.006983e-03
5.000000e-01 7.017000e-01  6.379091e-01  1.000000e-01 2.468290e-06 8.000000e-04 4.045104e+01 3.180203e+01 2.288800e+01 6.923340e+01 8.150737e-06 1.221786e-04 2.954707e-05 1.020208e-04 1.061363e-03
5.000000e-01 7.017000e-01  6.379091e-01  1.000000e-01 2.534061e-06 8.000000e-04 4.045104e+01 3.180203e+01 2.288800e+01 6.923340e+01 8.567100e-06 1.279444e-04 3.114268e-05 1.075301e-04 1.118679e-03
5.000000e-01 7.017000e-01  6.379091e-01  1.000000e-01 2.601584e-06 8.000000e-04 4.045104e+01 3.180203e+01 2.288800e+01 6.923340e+01 9.069007e-06 1.354339e-04 3.282446e-05 1.133370e-04 1.179090e-03
5.000000e-01 7.017000e-01  6.379091e-01  1.000000e-01 2.670906e-06 8.000000e-04 4.045104e+01 3.180203e+01 2.288799e+01 6.923340e+01 9.473415e-06 1.425367e-04 3.459706e-05 1.194575e-04 1.242764e-03
5.000000e-01 7.017000e-01  6.379091e-01  1.000000e-01 2.742075e-06 8.000000e-04 4.045104e+01 3.180203e+01 2.288799e+01 6.923340e+01 9.969273e-06 1.512080e-04 3.646538e-05 1.259085e-04 1.309876e-03
5.000000e-01 7.017000e-01  6.379091e-01  1.000000e-01 2.815141e-06 8.000000e-04 4.045104e+01 3.180203e+01 2.288799e+01 6.923340e+01 1.069285e-05 1.584187e-04 3.843459e-05 1.327078e-04 1.380612e-03
5.000000e-01 7.017000e-01  6.379091e-01  1.000000e-01 2.890154e-06 8.000000e-04 4.045104e+01 3.180203e+01 2.288799e+01 6.923340e+01 1.117828e-05 1.670483e-04 4.051015e-05 1.398743e-04 1.455168e-03
5.000000e-01 7.017000e-01  6.379091e-01  1.000000e-01 2.967165e-06 8.000000e-04 4.045104e+01 3.180203e+01 2.288799e+01 6.923340e+01 1.184502e-05 1.756802e-04 4.269779e-05 1.474279e-04 1.533751e-03
5.000000e-01 7.017000e-01  6.379091e-01  1.000000e-01 3.046229e-06 8.000000e-04 4.045104e+01 3.180203e+01 2.288799e+01 6.923340e+01 1.244192e-05 1.852805e-04 4.500357e-05 1.553893e-04 1.616577e-03
5.000000e-01 7.017000e-01  6.379091e-01  1.000000e-01 3.127399e-06 8.000000e-04 4.045104e+01 3.180203e+01 2.288799e+01 6.923340e+01 1.321350e-05 1.965522e-04 4.743387e-05 1.637807e-04 1.703876e-03
5.000000e-01 7.017000e-01  6.379091e-01  1.000000e-01 3.210732e-06 8.000000e-04 4.045104e+01 3.180203e+01 2.288798e+01 6.923340e+01 1.367368e-05 2.046646e-04 4.999541e-05 1.726252e-04 1.795889e-03
5.000000e-01 7.017000e-01  6.379091e-01  1.000000e-01 3.296286e-06 8.000000e-04 4.045104e+01 3.180203e+01 2.288798e+01 6.923340e+01 1.437039e-05 2.173303e-04 5.269527e-05 1.819474e-04 1.892871e-03
5.000000e-01 7.017000e-01  6.379091e-01  1.000000e-01 3.384119e-06 8.000000e-04 4.045104e+01 3.180203e+01 2.288798e+01 6.923339e+01 1.515860e-05 2.305343e-04 5.554094e-05 1.917730e-04 1.995091e-03
5.000000e-01 7.017000e-01  6.379091e-01  1.000000e-01 3.474293e-06 8.000000e-04 4.045104e+01 3.180203e+01 2.288798e+01 6.923339e+01 1.595890e-05 2.413331e-04 5.854028e-05 2.021292e-04 2.102830e-03
5.000000e-01 7.017000e-01  6.379091e-01  1.000000e-01 3.566869e-06 8.000000e-04 4.045104e+01 3.180203e+01 2.288798e+01 6.923339e+01 1.689123e-05 2.552023e-04 6.170159e-05 2.130446e-04 2.216388e-03
5.000000e-01 7.017000e-01  6.379091e-01  1.000000e-01 3.661913e-06 8.000000e-04 4.045104e+01 3.180203e+01 2.288797e+01 6.923339e+01 1.795049e-05 2.698595e-04 6.503362e-05 2.245495e-04 2.336078e-03
5.000000e-01 7.017000e-01  6.379091e-01  1.000000e-01 3.759488e-06 8.000000e-04 4.045104e+01 3.180203e+01 2.288797e+01 6.923339e+01 1.878577e-05 2.833626e-04 6.854558e-05 2.366757e-04 2.462231e-03
5.000000e-01 7.017000e-01  6.379091e-01  1.000000e-01 3.859664e-06 8.000000e-04 4.045104e+01 3.180203e+01 2.288797e+01 6.923339e+01 1.981741e-05 2.994794e-04 7.224720e-05 2.494567e-04 2.595198e-03
5.000000e-01 7.017000e-01  6.379091e-01  1.000000e-01 3.962510e-06 8.000000e-04 4.045104e+01 3.180203e+01 2.288796e+01 6.923339e+01 2.085015e-05 3.138003e-04 7.614872e-05 2.629280e-04 2.735344e-03
5.000000e-01 7.017000e-01  6.379091e-01  1.000000e-01 4.068095e-06 8.000000e-04 4.045104e+01 3.180203e+01 2.288796e+01 6.923339e+01 2.200035e-05 3.298524e-04 8.026093e-05 2.771267e-04 2.883059e-03
5.000000e-01 7.017000e-01  6.379091e-01  1.000000e-01 4.176494e-06 8.000000e-04 4.045104e+01 3.180203e+01 2.288796e+01 6.923339e+01 2.329105e-05 3.520255e-04 8.459520e-05 2.920922e-04 3.038751e-03
5.000000e-01 7.017000e-01  6.379091e-01  1.000000e-01 4.287782e-06 8.000000e-04 4.045104e+01 3.180203e+01 2.288796e+01 6.923339e+01 2.447848e-05 3.666750e-04 8.916354e-05 3.078658e-04 3.202851e-03
5.000000e-01 7.017000e-01  6.379091e-01  1.000000e-01 4.402035e-06 8.000000e-04 4.045104e+01 3.180203e+01 2.288795e+01 6.923338e+01 2.596400e-05 3.875837e-04 9.397857e-05 3.244913e-04 3.375812e-03
5.000000e-01 7.017000e-01  6.379091e-01  1.000000e-01 4.519332e-06 8.000000e-04 4.045104e+01 3.180203e+01 2.288795e+01 6.923338e+01 2.741431e-05 4.075199e-04 9.905363e-05 3.420146e-04 3.558114e-03
5.000000e-01 7.017000e-01  6.379091e-01  1.000000e-01 4.639755e-06 8.000000e-04 4.045104e+01 3.180203e+01 2.288794e+01 6.923338e+01 2.876731e-05 4.311673e-04 1.044028e-04 3.604842e-04 3.750260e-03
5.000000e-01 7.017000e-01  6.379091e-01  1.000000e-01 4.763386e-06 8.000000e-04 4.045104e+01 3.180203e+01 2.288794e+01 6.923338e+01 3.031571e-05 4.547285e-04 1.100407e-04 3.799511e-04 3.952783e-03
5.000000e-01 7.017000e-01  6.379091e-01  1.000000e-01 4.890312e-06 8.000000e-04 4.045104e+01 3.180203e+01 2.288793e+01 6.923338e+01 3.172222e-05 4.808348e-04 1.159832e-04 4.004694e-04 4.166242e-03
5.000000e-01 7.017000e-01  6.379091e-01  1.000000e-01 5.020620e-06 8.000000e-04 4.045104e+01 3.180203e+01 2.288793e+01 6.923338e+01 3.334926e-05 5.021839e-04 1.222466e-04 4.220957e-04 4.391229e-03
5.000000e-01 7.017000e-01  6.379091e-01  1.000000e-01 5.154400e-06 8.000000e-04 4.045104e+01 3.180203e+01 2.288793e+01 6.923337e+01 3.567404e-05 5.377269e-04 1.288482e-04 4.448898e-04 4.628365e-03
5.000000e-01 7.017000e-01  6.379091e-01  1.000000e-01 5.291745e-06 8.000000e-04 4.045104e+01 3.180203e+01 2.288792e+01 6.923337e+01 3.721838e-05 5.556559e-04 1.358063e-04 4.689149e-04 4.878308e-03
5.000000e-01 7.017000e-01  6.379091e-01  1.000000e-01 5.432750e-06 8.000000e-04 4.045104e+01 3.180203e+01 2.288792e+01 6.923337e+01 3.941237e-05 5.895751e-04 1.431401e-04 4.942374e-04 5.141747e-03
5.000000e-01 7.017000e-01  6.379091e-01  1.000000e-01 5.577512e-06 8.000000e-04 4.045104e+01 3.180203e+01 2.288791e+01 6.923337e+01 4.177443e-05 6.207277e-04 1.508700e-04 5.209273e-04 5.419414e-03
5.000000e-01 7.017000e-01  6.379091e-01  1.000000e-01 5.726131e-06 8.000000e-04 4.045104e+01 3.180203e+01 2.288790e+01 6.923336e+01 4.388143e-05 6.606406e-04 1.590173e-04 5.490586e-04 5.712075e-03
5.000000e-01 7.017000e-01  6.379091e-01  1.000000e-01 5.878710e-06 8.000000e-04 4.045104e+01 3.180203e+01 2.288790e+01 6.923336e+01 4.588830e-05 6.926752e-04 1.676046e-04 5.787090e-04 6.020540e-03
5.000000e-01 7.017000e-01  6.379091e-01  1.000000e-01 6.035355e-06 8.000000e-04 4.045104e+01 3.180203e+01 2.288789e+01 6.923336e+01 4.862727e-05 7.294139e-04 1.766557e-04 6.099607e-04 6.345663e-03
5.000000e-01 7.017000e-01  6.379091e-01  1.000000e-01 6.196174e-06 8.000000e-04 4.045104e+01 3.180203e+01 2.288788e+01 6.923336e+01 5.137430e-05 7.663042e-04 1.861955e-04 6.428999e-04 6.688343e-03
5.000000e-01 7.017000e-01  6.379091e-01  1.000000e-01 6.361278e-06 8.000000e-04 4.045104e+01 3.180203e+01 2.288788e+01 6.923335e+01 5.395947e-05 8.102167e-04 1.962505e-04 6.776180e-04 7.049529e-03
5.000000e-01 7.017000e-01  6.379091e-01  1.000000e-01 6.530782e-06 8.000000e-04 4.045104e+01 3.180203e+01 2.288787e+01 6.923335e+01 5.727904e-05 8.529516e-04 2.068485e-04 7.142110e-04 7.430220e-03
5.000000e-01 7.017000e-01  6.379091e-01  1.000000e-01 6.704802e-06 8.000000e-04 4.045104e+01 3.180203e+01 2.288786e+01 6.923335e+01 5.997848e-05 8.921382e-04 2.180188e-04 7.527800e-04 7.831469e-03
5.000000e-01 7.017000e-01  6.379091e-01  1.000000e-01 6.883459e-06 8.000000e-04 4.045104e+01 3.180203e+01 2.288785e+01 6.923334e+01 6.329987e-05 9.483809e-04 2.297923e-04 7.934319e-04 8.254387e-03
5.000000e-01 7.017000e-01  6.379091e-01  1.000000e-01 7.066877e-06 8.000000e-04 4.045104e+01 3.180203e+01 2.288784e+01 6.923334e+01 6.668962e-05 1.000989e-03 2.422016e-04 8.362790e-04 8.700143e-03
5.000000e-01 7.017000e-01  6.379091e-01  1.000000e-01 7.255182e-06 8.000000e-04 4.045104e+01 3.180203e+01 2.288783e+01 6.923334e+01 6.997945e-05 1.044657e-03 2.552810e-04 8.814400e-04 9.169970e-03
5.000000e-01 7.017000e-01  6.379091e-01  1.000000e-01 7.448504e-06 8.000000e-04 4.045104e+01 3.180203e+01 2.288782e+01 6.923333e+01 7.474787e-05 1.112341e-03 2.690668e-04 9.290398e-04 9.665170e-03
5.000000e-01 7.017000e-01  6.379091e-01  1.000000e-01 7.646978e-06 8.000000e-04 4.045104e+01 3.180203e+01 2.288781e+01 6.923333e+01 7.773830e-05 1.170102e-03 2.835970e-04 9.792101e-04 1.018711e-02
5.000000e-01 7.017000e-01  6.379091e-01  1.000000e-01 7.850741e-06 8.000000e-04 4.045104e+01 3.180203e+01 2.288780e+01 6.923332e+01 8.192215e-05 1.236182e-03 2.989119e-04 1.032090e-03 1.073724e-02
5.000000e-01 7.017000e-01  6.379091e-01  1.000000e-01 8.059933e-06 8.000000e-04 4.045104e+01 3.180203e+01 2.288779e+01 6.923332e+01 8.655454e-05 1.300266e-03 3.150539e-04 1.087825e-03 1.131707e-02
5.000000e-01 7.017000e-01  6.379091e-01  1.000000e-01 8.274699e-06 8.000000e-04 4.045104e+01 3.180203e+01 2.288778e+01 6.923331e+01 9.059525e-05 1.363157e-03 3.320675e-04 1.146570e-03 1.192822e-02
5.000000e-01 7.017000e-01  6.379091e-01  1.000000e-01 8.495188e-06 8.000000e-04 4.045104e+01 3.180202e+01 2.288777e+01 6.923331e+01 9.589616e-05 1.444409e-03 3.499999e-04 1.208487e-03 1.257237e-02
5.000000e-01 7.017000e-01  6.379091e-01  1.000000e-01 8.721552e-06 8.000000e-04 4.045104e+01 3.180202e+01 2.288775e+01 6.923330e+01 1.015487e-04 1.519021e-03 3.689007e-04 1.273749e-03 1.325131e-02
5.000000e-01 7.017000e-01  6.379091e-01  1.000000e-01 8.953948e-06 8.000000e-04 4.045104e+01 3.180202e+01 2.288774e+01 6.923330e+01 1.069517e-04 1.602086e-03 3.888222e-04 1.342534e-03 1.396691e-02
5.000000e-01 7.017000e-01  6.379091e-01  1.000000e-01 9.192536e-06 8.000000e-04 4.045104e+01 3.180202e+01 2.288772e+01 6.923329e+01 1.124780e-04 1.689878e-03 4.098195e-04 1.415034e-03 1.472116e-02
5.000000e-01 7.017000e-01  6.379091e-01  1.000000e-01 9.437481e-06 8.000000e-04 4.045104e+01 3.180202e+01 2.288771e+01 6.923328e+01 1.201621e-04 1.800032e-03 4.319507e-04 1.491449e-03 1.551614e-02
5.000000e-01 7.017000e-01  6.379091e-01  1.000000e-01 9.688954e-06 8.000000e-04 4.045104e+01 3.180202e+01 2.288769e+01 6.923328e+01 1.244643e-04 1.865028e-03 4.552770e-04 1.571991e-03 1.635404e-02
5.000000e-01 7.017000e-01  6.379091e-01  1.000000e-01 9.947127e-06 8.000000e-04 4.045104e+01 3.180202e+01 2.288767e+01 6.923327e+01 1.316346e-04 1.968734e-03 4.798630e-04 1.656882e-03 1.723720e-02
5.000000e-01 7.017000e-01  6.379091e-01  1.000000e-01 1.021218e-05 8.000000e-04 4.045104e+01 3.180202e+01 2.288765e+01 6.923326e+01 1.414345e-04 2.084631e-03 5.057768e-04 1.746357e-03 1.816805e-02
5.000000e-01 7.017000e-01  6.379091e-01  1.000000e-01 1.048430e-05 8.000000e-04 4.045104e+01 3.180202e+01 2.288763e+01 6.923326e+01 1.470481e-04 2.188387e-03 5.330899e-04 1.840665e-03 1.914916e-02
5.000000e-01 7.017000e-01  6.379091e-01  1.000000e-01 1.076366e-05 8.000000e-04 4.045104e+01 3.180202e+01 2.288762e+01 6.923325e+01 1.539532e-04 2.298859e-03 5.618780e-04 1.940065e-03 2.018326e-02
5.000000e-01 7.017000e-01  6.379091e-01  1.000000e-01 1.105047e-05 8.000000e-04 4.045104e+01 3.180202e+01 2.288759e+01 6.923324e+01 1.635738e-04 2.427119e-03 5.922207e-04 2.044833e-03 2.127321e-02
5.000000e-01 7.017000e-01  6.379091e-01  1.000000e-01 1.134492e-05 8.000000e-04 4.045104e+01 3.180202e+01 2.288757e+01 6.923323e+01 1.709509e-04 2.564345e-03 6.242020e-04 2.155258e-03 2.242201e-02
5.000000e-01 7.017000e-01  6.379091e-01  1.000000e-01 1.164722e-05 8.000000e-04 4.045104e+01 3.180202e+01 2.288755e+01 6.923322e+01 1.822449e-04 2.709384e-03 6.579103e-04 2.271647e-03 2.363285e-02
5.000000e-01 7.017000e-01  6.379091e-01  1.000000e-01 1.195758e-05 8.000000e-04 4.045104e+01 3.180202e+01 2.288751e+01 6.923320e+01 1.897118e-04 2.866765e-03 6.934390e-04 2.394321e-03 2.490908e-02
5.000000e-01 7.017000e-01  6.379091e-01  1.000000e-01 1.227620e-05 8.000000e-04 4.045104e+01 3.180202e+01 2.288749e+01 6.923319e+01 2.013845e-04 3.003490e-03 7.308863e-04 2.523620e-03 2.625422e-02
5.000000e-01 7.017000e-01  6.379091e-01  1.000000e-01 1.260331e-05 8.000000e-04 4.045104e+01 3.180202e+01 2.288746e+01 6.923318e+01 2.124195e-04 3.171876e-03 7.703558e-04 2.659902e-03 2.767201e-02
5.000000e-01 7.017000e-01  6.379091e-01  1.000000e-01 1.293914e-05 8.000000e-04 4.045104e+01 3.180202e+01 2.288744e+01 6.923317e+01 2.239370e-04 3.348486e-03 8.119568e-04 2.803543e-03 2.916637e-02
5.000000e-01 7.017000e-01  6.379091e-01  1.000000e-01 1.328392e-05 8.000000e-04 4.045104e+01 3.180202e+01 2.288740e+01 6.923315e+01 2.353424e-04 3.507653e-03 8.558044e-04 2.954940e-03 3.074142e-02
5.000000e-01 7.017000e-01  6.379091e-01  1.000000e-01 1.363789e-05 8.000000e-04 4.045104e+01 3.180202e+01 2.288736e+01 6.923314e+01 2.480799e-04 3.695874e-03 9.020198e-04 3.114514e-03 3.240152e-02
5.000000e-01 7.017000e-01  6.379091e-01  1.000000e-01 1.400128e-05 8.000000e-04 4.045104e+01 3.180201e+01 2.288733e+01 6.923313e+01 2.615498e-04 3.910861e-03 9.507309e-04 3.282705e-03 3.415128e-02
5.000000e-01 7.017000e-01  6.379091e-01  1.000000e-01 1.437436e-05 8.000000e-04 4.045104e+01 3.180201e+01 2.288729e+01 6.923311e+01 2.756824e-04 4.135015e-03 1.002073e-03 3.459979e-03 3.599553e-02
5.000000e-01 7.017000e-01  6.379091e-01  1.000000e-01 1.475738e-05 8.000000e-04 4.045104e+01 3.180201e+01 2.288725e+01 6.923310e+01 2.879188e-04 4.361022e-03 1.056187e-03 3.646825e-03 3.793937e-02
5.000000e-01 7.017000e-01  6.379091e-01  1.000000e-01 1.515061e-05 8.000000e-04 4.045104e+01 3.180201e+01 2.288721e+01 6.923308e+01 3.076420e-04 4.595278e-03 1.113223e-03 3.843762e-03 3.998819e-02
5.000000e-01 7.017000e-01  6.379091e-01  1.000000e-01 1.555432e-05 8.000000e-04 4.045104e+01 3.180201e+01 2.288716e+01 6.923306e+01 3.211812e-04 4.832954e-03 1.173340e-03 4.051334e-03 4.214764e-02
5.000000e-01 7.017000e-01  6.379091e-01  1.000000e-01 1.596878e-05 8.000000e-04 4.045104e+01 3.180201e+01 2.288711e+01 6.923304e+01 3.432067e-04 5.156225e-03 1.236703e-03 4.270116e-03 4.442371e-02
5.000000e-01 7.017000e-01  6.379091e-01  1.000000e-01 1.639429e-05 8.000000e-04 4.045104e+01 3.180201e+01 2.288707e+01 6.923302e+01 3.600563e-04 5.382726e-03 1.303488e-03 4.500712e-03 4.682269e-02
5.000000e-01 7.017000e-01  6.379091e-01  1.000000e-01 1.683113e-05 8.000000e-04 4.045104e+01 3.180201e+01 2.288700e+01 6.923300e+01 3.785798e-04 5.690296e-03 1.373879e-03 4.743761e-03 4.935123e-02
5.000000e-01 7.017000e-01  6.379091e-01  1.000000e-01 1.727962e-05 8.000000e-04 4.045104e+01 3.180201e+01 2.288698e+01 6.923298e+01 3.994197e-04 5.953329e-03 1.448072e-03 4.999935e-03 5.201631e-02
5.000000e-01 7.017000e-01  6.379091e-01  1.000000e-01 1.774005e-05 8.000000e-04 4.045104e+01 3.180200e+01 2.288690e+01 6.923295e+01 4.189270e-04 6.368963e-03 1.526271e-03 5.269943e-03 5.482531e-02
5.000000e-01 7.017000e-01  6.379091e-01  1.000000e-01 1.821276e-05 8.000000e-04 4.045104e+01 3.180200e+01 2.288687e+01 6.923294e+01 4.400224e-04 6.623530e-03 1.608693e-03 5.554532e-03 5.778600e-02
5.000000e-01 7.017000e-01  6.379091e-01  1.000000e-01 1.869805e-05 8.000000e-04 4.045104e+01 3.180200e+01 2.288678e+01 6.923291e+01 4.628553e-04 6.999240e-03 1.695566e-03 5.854490e-03 6.090658e-02
5.000000e-01 7.017000e-01  6.379091e-01  1.000000e-01 1.919629e-05 8.000000e-04 4.045104e+01 3.180200e+01 2.288673e+01 6.923288e+01 4.885614e-04 7.350213e-03 1.787131e-03 6.170646e-03 6.419568e-02
5.000000e-01 7.017000e-01  6.379091e-01  1.000000e-01 1.970779e-05 8.000000e-04 4.045104e+01 3.180200e+01 2.288664e+01 6.923284e+01 5.179617e-04 7.714758e-03 1.883640e-03 6.503875e-03 6.766239e-02
5.000000e-01 7.017000e-01  6.379091e-01  1.000000e-01 2.023293e-05 8.000000e-04 4.045104e+01 3.180200e+01 2.288658e+01 6.923281e+01 5.448128e-04 8.186191e-03 1.985361e-03 6.855099e-03 7.131632e-02
5.000000e-01 7.017000e-01  6.379091e-01  1.000000e-01 2.077206e-05 8.000000e-04 4.045104e+01 3.180199e+01 2.288650e+01 6.923281e+01 5.787220e-04 8.586994e-03 2.092575e-03 7.225290e-03 7.516756e-02
5.000000e-01 7.017000e-01  6.379091e-01  1.000000e-01 2.132555e-05 8.000000e-04 4.045104e+01 3.180199e+01 2.288643e+01 6.923276e+01 6.081526e-04 9.008435e-03 2.205579e-03 7.615472e-03 7.922678e-02
5.000000e-01 7.017000e-01  6.379091e-01  1.000000e-01 2.189380e-05 8.000000e-04 4.045104e+01 3.180199e+01 2.288636e+01 6.923274e+01 6.391969e-04 9.490518e-03 2.324685e-03 8.026726e-03 8.350521e-02
5.000000e-01 7.017000e-01  6.379091e-01  1.000000e-01 2.247718e-05 8.000000e-04 4.045104e+01 3.180199e+01 2.288623e+01 6.923266e+01 6.758532e-04 1.008726e-02 2.450224e-03 8.460187e-03 8.801469e-02
5.000000e-01 7.017000e-01  6.379091e-01  1.000000e-01 2.307611e-05 8.000000e-04 4.045104e+01 3.180199e+01 2.288615e+01 6.923265e+01 7.151505e-04 1.063181e-02 2.582542e-03 8.917057e-03 9.276768e-02
5.000000e-01 7.017000e-01  6.379091e-01  1.000000e-01 2.369100e-05 8.000000e-04 4.045104e+01 3.180198e+01 2.288604e+01 6.923258e+01 7.510717e-04 1.126522e-02 2.722005e-03 9.398599e-03 9.777735e-02
5.000000e-01 7.017000e-01  6.379091e-01  1.000000e-01 2.432228e-05 8.000000e-04 4.045104e+01 3.180198e+01 2.288594e+01 6.923256e+01 7.839968e-04 1.179779e-02 2.868999e-03 9.906145e-03 1.030576e-01
5.000000e-01 7.017000e-01  6.379091e-01  1.000000e-01 2.497037e-05 8.000000e-04 4.045104e+01 3.180198e+01 2.288585e+01 6.923253e+01 8.370800e-04 1.251530e-02 3.023932e-03 1.044110e-02 1.086229e-01
5.000000e-01 7.017000e-01  6.379091e-01  1.000000e-01 2.563574e-05 8.000000e-04 4.045104e+01 3.180198e+01 2.288568e+01 6.923245e+01 8.731617e-04 1.309956e-02 3.187231e-03 1.100494e-02 1.144888e-01
5.000000e-01 7.017000e-01  6.379091e-01  1.000000e-01 2.631883e-05 8.000000e-04 4.045104e+01 3.180197e+01 2.288559e+01 6.923240e+01 9.271326e-04 1.389909e-02 3.359349e-03 1.159924e-02 1.206714e-01
5.000000e-01 7.017000e-01  6.379091e-01  1.000000e-01 2.702013e-05 8.000000e-04 4.045104e+01 3.180197e+01 2.288544e+01 6.923235e+01 9.712957e-04 1.465670e-02 3.540762e-03 1.222562e-02 1.271880e-01
5.000000e-01 7.017000e-01  6.379091e-01  1.000000e-01 2.774011e-05 8.000000e-04 4.045104e+01 3.180197e+01 2.288535e+01 6.923229e+01 1.026429e-03 1.539773e-02 3.731971e-03 1.288583e-02 1.340564e-01
5.000000e-01 7.017000e-01  6.379091e-01  1.000000e-01 2.847928e-05 8.000000e-04 4.045104e+01 3.180196e+01 2.288517e+01 6.923224e+01 1.087492e-03 1.623410e-02 3.933506e-03 1.358170e-02 1.412958e-01
5.000000e-01 7.017000e-01  6.379091e-01  1.000000e-01 2.923814e-05 8.000000e-04 4.045104e+01 3.180196e+01 2.288506e+01 6.923219e+01 1.141921e-03 1.701235e-02 4.145925e-03 1.431514e-02 1.489261e-01
5.000000e-01 7.017000e-01  6.379091e-01  1.000000e-01 3.001722e-05 8.000000e-04 4.045104e+01 3.180195e+01 2.288485e+01 6.923210e+01 1.189054e-03 1.808573e-02 4.369814e-03 1.508819e-02 1.569684e-01
5.000000e-01 7.017000e-01  6.379091e-01  1.000000e-01 3.081707e-05 8.000000e-04 4.045104e+01 3.180195e+01 2.288460e+01 6.923200e+01 1.271931e-03 1.904646e-02 4.605794e-03 1.590299e-02 1.654451e-01
5.000000e-01 7.017000e-01  6.379091e-01  1.000000e-01 3.163822e-05 8.000000e-04 4.045104e+01 3.180195e+01 2.288448e+01 6.923196e+01 1.334411e-03 2.017280e-02 4.854518e-03 1.676179e-02 1.743795e-01
5.000000e-01 7.017000e-01  6.379091e-01  1.000000e-01 3.248126e-05 8.000000e-04 4.045104e+01 3.180194e+01 2.288431e+01 6.923189e+01 1.419179e-03 2.112455e-02 5.116673e-03 1.766696e-02 1.837964e-01
5.000000e-01 7.017000e-01  6.379091e-01  1.000000e-01 3.334676e-05 8.000000e-04 4.045104e+01 3.180194e+01 2.288412e+01 6.923180e+01 1.478902e-03 2.213907e-02 5.392985e-03 1.862102e-02 1.937218e-01
5.000000e-01 7.017000e-01  6.379091e-01  1.000000e-01 3.423532e-05 8.000000e-04 4.045104e+01 3.180193e+01 2.288392e+01 6.923173e+01 1.563891e-03 2.332618e-02 5.684219e-03 1.962660e-02 2.041833e-01
5.000000e-01 7.017000e-01  6.379091e-01  1.000000e-01 3.514756e-05 8.000000e-04 4.045104e+01 3.180192e+01 2.288366e+01 6.923163e+01 1.653429e-03 2.488188e-02 5.991180e-03 2.068648e-02 2.152096e-01
5.000000e-01 7.017000e-01  6.379091e-01  1.000000e-01 3.608411e-05 8.000000e-04 4.045104e+01 3.180192e+01 2.288346e+01 6.923151e+01 1.747497e-03 2.595790e-02 6.314717e-03 2.180360e-02 2.268315e-01
5.000000e-01 7.017000e-01  6.379091e-01  1.000000e-01 3.704561e-05 8.000000e-04 4.045104e+01 3.180191e+01 2.288317e+01 6.923145e+01 1.836225e-03 2.759749e-02 6.655726e-03 2.298104e-02 2.390809e-01
5.000000e-01 7.017000e-01  6.379091e-01  1.000000e-01 3.803273e-05 8.000000e-04 4.045104e+01 3.180191e+01 2.288289e+01 6.923131e+01 1.921840e-03 2.900212e-02 7.015151e-03 2.422207e-02 2.519918e-01
5.000000e-01 7.017000e-01  6.379091e-01  1.000000e-01 3.904616e-05 8.000000e-04 4.045104e+01 3.180190e+01 2.288261e+01 6.923121e+01 2.011709e-03 3.048149e-02 7.393985e-03 2.553012e-02 2.655999e-01
5.000000e-01 7.017000e-01  6.379091e-01  1.000000e-01 4.008659e-05 8.000000e-04 4.045104e+01 3.180190e+01 2.288224e+01 6.923105e+01 2.137272e-03 3.228848e-02 7.793278e-03 2.690880e-02 2.799430e-01
5.000000e-01 7.017000e-01  6.379091e-01  1.000000e-01 4.115474e-05 8.000000e-04 4.045104e+01 3.180189e+01 2.288205e+01 6.923097e+01 2.256152e-03 3.391791e-02 8.214133e-03 2.836194e-02 2.950605e-01
5.000000e-01 7.017000e-01  6.379091e-01  1.000000e-01 4.225136e-05 8.000000e-04 4.045104e+01 3.180188e+01 2.288168e+01 6.923086e+01 2.389953e-03 3.568637e-02 8.657715e-03 2.989355e-02 3.109945e-01
5.000000e-01 7.017000e-01  6.379091e-01  1.000000e-01 4.337719e-05 8.000000e-04 4.045104e+01 3.180187e+01 2.288139e+01 6.923069e+01 2.529394e-03 3.779344e-02 9.125252e-03 3.150787e-02 3.277889e-01
5.000000e-01 7.017000e-01  6.379091e-01  1.000000e-01 4.453303e-05 8.000000e-04 4.045104e+01 3.180186e+01 2.288101e+01 6.923055e+01 2.656096e-03 3.997260e-02 9.618036e-03 3.320937e-02 3.454902e-01
5.000000e-01 7.017000e-01  6.379091e-01  1.000000e-01 4.571966e-05 8.000000e-04 4.045104e+01 3.180185e+01 2.288070e+01 6.923033e+01 2.801947e-03 4.157420e-02 1.013743e-02 3.500275e-02 3.641475e-01
5.000000e-01 7.017000e-01  6.379091e-01  1.000000e-01 4.693791e-05 8.000000e-04 4.045104e+01 3.180185e+01 2.288043e+01 6.923025e+01 2.928886e-03 4.383790e-02 1.068488e-02 3.689298e-02 3.838123e-01
5.000000e-01 7.017000e-01  6.379091e-01  1.000000e-01 4.818863e-05 8.000000e-04 4.045104e+01 3.180183e+01 2.287975e+01 6.922998e+01 3.110610e-03 4.681892e-02 1.126189e-02 3.888529e-02 4.045391e-01
5.000000e-01 7.017000e-01  6.379091e-01  1.000000e-01 4.947267e-05 8.000000e-04 4.045104e+01 3.180183e+01 2.287937e+01 6.922982e+01 3.238632e-03 4.913975e-02 1.187005e-02 4.098518e-02 4.263851e-01
5.000000e-01 7.017000e-01  6.379091e-01  1.000000e-01 5.079093e-05 8.000000e-04 4.045104e+01 3.180181e+01 2.287890e+01 6.922970e+01 3.475902e-03 5.201132e-02 1.251106e-02 4.319848e-02 4.494109e-01
5.000000e-01 7.017000e-01  6.379091e-01  1.000000e-01 5.214431e-05 8.000000e-04 4.045104e+01 3.180181e+01 2.287843e+01 6.922947e+01 3.621666e-03 5.446067e-02 1.318669e-02 4.553129e-02 4.736801e-01
5.000000e-01 7.017000e-01  6.379091e-01  1.000000e-01 5.353375e-05 8.000000e-04 4.045104e+01 3.180179e+01 2.287799e+01 6.922927e+01 3.847115e-03 5.748273e-02 1.389880e-02 4.799009e-02 4.992600e-01
5.000000e-01 7.017000e-01  6.379091e-01  1.000000e-01 5.496022e-05 8.000000e-04 4.045104e+01 3.180178e+01 2.287741e+01 6.922906e+01 4.040473e-03 6.055853e-02 1.464937e-02 5.058167e-02 5.262211e-01
5.000000e-01 7.017000e-01  6.379091e-01  1.000000e-01 5.642470e-05 8.000000e-04 4.045104e+01 3.180176e+01 2.287684e+01 6.922891e+01 4.262060e-03 6.346405e-02 1.544047e-02 5.331319e-02 5.546383e-01
5.000000e-01 7.017000e-01  6.379091e-01  1.000000e-01 5.792820e-05 8.000000e-04 4.045104e+01 3.180175e+01 2.287627e+01 6.922861e+01 4.493144e-03 6.684756e-02 1.627429e-02 5.619223e-02 5.845901e-01
5.000000e-01 7.017000e-01  6.379091e-01  1.000000e-01 5.947176e-05 8.000000e-04 4.045104e+01 3.180174e+01 2.287555e+01 6.922828e+01 4.699228e-03 7.128683e-02 1.715314e-02 5.922674e-02 6.161593e-01
5.000000e-01 7.017000e-01  6.379091e-01  1.000000e-01 6.105646e-05 8.000000e-04 4.045104e+01 3.180172e+01 2.287508e+01 6.922813e+01 4.928627e-03 7.361757e-02 1.807945e-02 6.242512e-02 6.494333e-01
5.000000e-01 7.017000e-01  6.379091e-01  1.000000e-01 6.268338e-05 8.000000e-04 4.045104e+01 3.180170e+01 2.287445e+01 6.922787e+01 5.237464e-03 7.780260e-02 1.905578e-02 6.579622e-02 6.845042e-01
5.000000e-01 7.017000e-01  6.379091e-01  1.000000e-01 6.435365e-05 8.000000e-04 4.045104e+01 3.180168e+01 2.287359e+01 6.922754e+01 5.497349e-03 8.276108e-02 2.008484e-02 6.934937e-02 7.214690e-01
5.000000e-01 7.017000e-01  6.379091e-01  1.000000e-01 6.606842e-05 8.000000e-04 4.045104e+01 3.180166e+01 2.287291e+01 6.922715e+01 5.801516e-03 8.693938e-02 2.116946e-02 7.309439e-02 7.604300e-01
5.000000e-01 7.017000e-01  6.379091e-01  1.000000e-01 6.782889e-05 8.000000e-04 4.045104e+01 3.180164e+01 2.287189e+01 6.922678e+01 6.129647e-03 9.222502e-02 2.231266e-02 7.704166e-02 8.014950e-01
5.000000e-01 7.017000e-01  6.379091e-01  1.000000e-01 6.963627e-05 8.000000e-04 4.045104e+01 3.180162e+01 2.287102e+01 6.922648e+01 6.449612e-03 9.645791e-02 2.351760e-02 8.120209e-02 8.447776e-01
5.000000e-01 7.017000e-01  6.379091e-01  1.000000e-01 7.149181e-05 8.000000e-04 4.045104e+01 3.180160e+01 2.286997e+01 6.922604e+01 6.760347e-03 1.025609e-01 2.478760e-02 8.558719e-02 8.903975e-01
5.000000e-01 7.017000e-01  6.379091e-01  1.000000e-01 7.339679e-05 8.000000e-04 4.045104e+01 3.180158e+01 2.286890e+01 6.922572e+01 7.194102e-03 1.082903e-01 2.612619e-02 9.020909e-02 9.384810e-01
5.000000e-01 7.017000e-01  6.379091e-01  1.000000e-01 7.535253e-05 8.000000e-04 4.045104e+01 3.180156e+01 2.286824e+01 6.922533e+01 7.537021e-03 1.135821e-01 2.753707e-02 9.508059e-02 9.891612e-01
5.000000e-01 7.017000e-01  6.379091e-01  1.000000e-01 7.736039e-05 8.000000e-04 4.045104e+01 3.180152e+01 2.286677e+01 6.922481e+01 8.012387e-03 1.199561e-01 2.902413e-02 1.002152e-01 1.042578e+00
5.000000e-01 7.017000e-01  6.379091e-01  1.000000e-01 7.942174e-05 8.000000e-04 4.045104e+01 3.180149e+01 2.286584e+01 6.922422e+01 8.397405e-03 1.272468e-01 3.059150e-02 1.056270e-01 1.098880e+00
5.000000e-01 7.017000e-01  6.379091e-01  1.000000e-01 8.153803e-05 8.000000e-04 4.045104e+01 3.180148e+01 2.286467e+01 6.922393e+01 8.812089e-03 1.324806e-01 3.224351e-02 1.113311e-01 1.158222e+00
5.000000e-01 7.017000e-01  6.379091e-01  1.000000e-01 8.371070e-05 8.000000e-04 4.045104e+01 3.180143e+01 2.286306e+01 6.922310e+01 9.347815e-03 1.413456e-01 3.398474e-02 1.173433e-01 1.220768e+00
5.000000e-01 7.017000e-01  6.379091e-01  1.000000e-01 8.594127e-05 8.000000e-04 4.045104e+01 3.180141e+01 2.286179e+01 6.922270e+01 9.880198e-03 1.485248e-01 3.581999e-02 1.236801e-01 1.286693e+00
5.000000e-01 7.017000e-01  6.379091e-01  1.000000e-01 8.823127e-05 8.000000e-04 4.045104e+01 3.180138e+01 2.285987e+01 6.922204e+01 1.036550e-02 1.570938e-01 3.775435e-02 1.303591e-01 1.356177e+00
5.000000e-01 7.017000e-01  6.379091e-01  1.000000e-01 9.058230e-05 8.000000e-04 4.045104e+01 3.180135e+01 2.285949e+01 6.922184e+01 1.093977e-02 1.633298e-01 3.979318e-02 1.373988e-01 1.429414e+00
5.000000e-01 7.017000e-01  6.379091e-01  1.000000e-01 9.299597e-05 8.000000e-04 4.045104e+01 3.180129e+01 2.285757e+01 6.922111e+01 1.151718e-02 1.745801e-01 4.194210e-02 1.448186e-01 1.506606e+00
5.000000e-01 7.017000e-01  6.379091e-01  1.000000e-01 9.547395e-05 8.000000e-04 4.045104e+01 3.180127e+01 2.285591e+01 6.922048e+01 1.213437e-02 1.813591e-01 4.420707e-02 1.526392e-01 1.587966e+00
5.000000e-01 7.017000e-01  6.379091e-01  1.000000e-01 9.801796e-05 8.000000e-04 4.045104e+01 3.180121e+01 2.285450e+01 6.921967e+01 1.296111e-02 1.915744e-01 4.659435e-02 1.608820e-01 1.673720e+00
5.000000e-01 7.017000e-01  6.379091e-01  1.000000e-01 1.006298e-04 8.000000e-04 4.045104e+01 3.180117e+01 2.285228e+01 6.921853e+01 1.342628e-02 2.021782e-01 4.911056e-02 1.695700e-01 1.764104e+00
5.000000e-01 7.017000e-01  6.379091e-01  1.000000e-01 1.033112e-04 8.000000e-04 4.045104e+01 3.180113e+01 2.285022e+01 6.921802e+01 1.431451e-02 2.137978e-01 5.176264e-02 1.787272e-01 1.859370e+00
5.000000e-01 7.017000e-01  6.379091e-01  1.000000e-01 1.060640e-04 8.000000e-04 4.045104e+01 3.180108e+01 2.284833e+01 6.921728e+01 1.506474e-02 2.246882e-01 5.455794e-02 1.883789e-01 1.959780e+00
5.000000e-01 7.017000e-01  6.379091e-01  1.000000e-01 1.088902e-04 8.000000e-04 4.045104e+01 3.180102e+01 2.284651e+01 6.921626e+01 1.594770e-02 2.373699e-01 5.750420e-02 1.985518e-01 2.065613e+00
5.000000e-01 7.017000e-01  6.379091e-01  1.000000e-01 1.117917e-04 8.000000e-04 4.045104e+01 3.180097e+01 2.284365e+01 6.921545e+01 1.672827e-02 2.510864e-01 6.060956e-02 2.092740e-01 2.177161e+00
5.000000e-01 7.017000e-01  6.379091e-01  1.000000e-01 1.147705e-04 8.000000e-04 4.045104e+01 3.180091e+01 2.284164e+01 6.921448e+01 1.759683e-02 2.627585e-01 6.388261e-02 2.205753e-01 2.294733e+00
5.000000e-01 7.017000e-01  6.379091e-01  1.000000e-01 1.178287e-04 8.000000e-04 4.045104e+01 3.180084e+01 2.283968e+01 6.921367e+01 1.872266e-02 2.773817e-01 6.733242e-02 2.324869e-01 2.418653e+00
5.000000e-01 7.017000e-01  6.379091e-01  1.000000e-01 1.209684e-04 8.000000e-04 4.045104e+01 3.180080e+01 2.283628e+01 6.921254e+01 1.959651e-02 2.943293e-01 7.096853e-02 2.450417e-01 2.549266e+00
5.000000e-01 7.017000e-01  6.379091e-01  1.000000e-01 1.241917e-04 8.000000e-04 4.045104e+01 3.180071e+01 2.283400e+01 6.921112e+01 2.067586e-02 3.081434e-01 7.480099e-02 2.582745e-01 2.686933e+00
5.000000e-01 7.017000e-01  6.379091e-01  1.000000e-01 1.275010e-04 8.000000e-04 4.045104e+01 3.180067e+01 2.283082e+01 6.921005e+01 2.160289e-02 3.249508e-01 7.884042e-02 2.722220e-01 2.832033e+00
5.000000e-01 7.017000e-01  6.379091e-01  1.000000e-01 1.308984e-04 8.000000e-04 4.045104e+01 3.180059e+01 2.282760e+01 6.920891e+01 2.280816e-02 3.454538e-01 8.309799e-02 2.869226e-01 2.984969e+00
5.000000e-01 7.017000e-01  6.379091e-01  1.000000e-01 1.343863e-04 8.000000e-04 4.045104e+01 3.180050e+01 2.282444e+01 6.920769e+01 2.409521e-02 3.631992e-01 8.758547e-02 3.024171e-01 3.146165e+00
5.000000e-01 7.017000e-01  6.379091e-01  1.000000e-01 1.379672e-04 8.000000e-04 4.045104e+01 3.180041e+01 2.282136e+01 6.920611e+01 2.530493e-02 3.811547e-01 9.231529e-02 3.187483e-01 3.316065e+00
5.000000e-01 7.017000e-01  6.379091e-01  1.000000e-01 1.416435e-04 8.000000e-04 4.045104e+01 3.180037e+01 2.281745e+01 6.920460e+01 2.664560e-02 3.995537e-01 9.730053e-02 3.359614e-01 3.495140e+00
5.000000e-01 7.017000e-01  6.379091e-01  1.000000e-01 1.454177e-04 8.000000e-04 4.045104e+01 3.180022e+01 2.281347e+01 6.920337e+01 2.825717e-02 4.238966e-01 1.025550e-01 3.541041e-01 3.683886e+00
5.000000e-01 7.017000e-01  6.379091e-01  1.000000e-01 1.492926e-04 8.000000e-04 4.045104e+01 3.180013e+01 2.280947e+01 6.920150e+01 2.976544e-02 4.458268e-01 1.080932e-01 3.732265e-01 3.882824e+00
5.000000e-01 7.017000e-01  6.379091e-01  1.000000e-01 1.532706e-04 8.000000e-04 4.045104e+01 3.180006e+01 2.280539e+01 6.920005e+01 3.131097e-02 4.704889e-01 1.139305e-01 3.933816e-01 4.092505e+00
5.000000e-01 7.017000e-01  6.379091e-01  1.000000e-01 1.573547e-04 8.000000e-04 4.045104e+01 3.179996e+01 2.280087e+01 6.919784e+01 3.295690e-02 4.938463e-01 1.200830e-01 4.146252e-01 4.313510e+00
5.000000e-01 7.017000e-01  6.379091e-01  1.000000e-01 1.615476e-04 8.000000e-04 4.045104e+01 3.179978e+01 2.279657e+01 6.919602e+01 3.499995e-02 5.203621e-01 1.265677e-01 4.370159e-01 4.546450e+00
5.000000e-01 7.017000e-01  6.379091e-01  1.000000e-01 1.658522e-04 8.000000e-04 4.045104e+01 3.179972e+01 2.279091e+01 6.919394e+01 3.654399e-02 5.484986e-01 1.334027e-01 4.606157e-01 4.791969e+00
5.000000e-01 7.017000e-01  6.379091e-01  1.000000e-01 1.702715e-04 8.000000e-04 4.045104e+01 3.179960e+01 2.278631e+01 6.919166e+01 3.826591e-02 5.828281e-01 1.406067e-01 4.854901e-01 5.050746e+00
5.000000e-01 7.017000e-01  6.379091e-01  1.000000e-01 1.748086e-04 8.000000e-04 4.045104e+01 3.179946e+01 2.278068e+01 6.919027e+01 4.060968e-02 6.106663e-01 1.481998e-01 5.117077e-01 5.323498e+00
5.000000e-01 7.017000e-01  6.379091e-01  1.000000e-01 1.794666e-04 8.000000e-04 4.045104e+01 3.179927e+01 2.277655e+01 6.918833e+01 4.308385e-02 6.404255e-01 1.562030e-01 5.393410e-01 5.610979e+00
5.000000e-01 7.017000e-01  6.379091e-01  1.000000e-01 1.842487e-04 8.000000e-04 4.045104e+01 3.179916e+01 2.277094e+01 6.918566e+01 4.527813e-02 6.765093e-01 1.646383e-01 5.684667e-01 5.913985e+00
5.000000e-01 7.017000e-01  6.379091e-01  1.000000e-01 1.891582e-04 8.000000e-04 4.045104e+01 3.179895e+01 2.276192e+01 6.918201e+01 4.787905e-02 7.096925e-01 1.735291e-01 5.991652e-01 6.233354e+00
5.000000e-01 7.017000e-01  6.379091e-01  1.000000e-01 1.941986e-04 8.000000e-04 4.045104e+01 3.179883e+01 2.275608e+01 6.917969e+01 5.050849e-02 7.522288e-01 1.829001e-01 6.315215e-01 6.569969e+00
5.000000e-01 7.017000e-01  6.379091e-01  1.000000e-01 1.993732e-04 8.000000e-04 4.045104e+01 3.179865e+01 2.274967e+01 6.917722e+01 5.301774e-02 7.922624e-01 1.927771e-01 6.656252e-01 6.924763e+00
5.000000e-01 7.017000e-01  6.379091e-01  1.000000e-01 2.046857e-04 8.000000e-04 4.045104e+01 3.179853e+01 2.274193e+01 6.917482e+01 5.586612e-02 8.393938e-01 2.031875e-01 7.015705e-01 7.298716e+00
5.000000e-01 7.017000e-01  6.379091e-01  1.000000e-01 2.101398e-04 8.000000e-04 4.045104e+01 3.179828e+01 2.273382e+01 6.917040e+01 5.916400e-02 8.839714e-01 2.141601e-01 7.394569e-01 7.692864e+00
5.000000e-01 7.017000e-01  6.379091e-01  1.000000e-01 2.157392e-04 8.000000e-04 4.045104e+01 3.179811e+01 2.272586e+01 6.916863e+01 6.155361e-02 9.318498e-01 2.257253e-01 7.793893e-01 8.108296e+00
5.000000e-01 7.017000e-01  6.379091e-01  1.000000e-01 2.214878e-04 8.000000e-04 4.045104e+01 3.179790e+01 2.271609e+01 6.916410e+01 6.528590e-02 9.792024e-01 2.379150e-01 8.214781e-01 8.546163e+00
5.000000e-01 7.017000e-01  6.379091e-01  1.000000e-01 2.273896e-04 8.000000e-04 4.045104e+01 3.179763e+01 2.270651e+01 6.916044e+01 6.921583e-02 1.037916e+00 2.507629e-01 8.658398e-01 9.007675e+00
5.000000e-01 7.017000e-01  6.379091e-01  1.000000e-01 2.334487e-04 8.000000e-04 4.045104e+01 3.179752e+01 2.269734e+01 6.915684e+01 7.188475e-02 1.090562e+00 2.643047e-01 9.125972e-01 9.494110e+00
5.000000e-01 7.017000e-01  6.379091e-01  1.000000e-01 2.396692e-04 8.000000e-04 4.045104e+01 3.179713e+01 2.268592e+01 6.915175e+01 7.689547e-02 1.153731e+00 2.785778e-01 9.618795e-01 1.000681e+01
5.000000e-01 7.017000e-01  6.379091e-01  1.000000e-01 2.460555e-04 8.000000e-04 4.045104e+01 3.179684e+01 2.267632e+01 6.914735e+01 8.133645e-02 1.222011e+00 2.936216e-01 1.013823e+00 1.054721e+01
5.000000e-01 7.017000e-01  6.379091e-01  1.000000e-01 2.526119e-04 8.000000e-04 4.045104e+01 3.179660e+01 2.266257e+01 6.914276e+01 8.478432e-02 1.278673e+00 3.094779e-01 1.068572e+00 1.111678e+01
5.000000e-01 7.017000e-01  6.379091e-01  1.000000e-01 2.593430e-04 8.000000e-04 4.045104e+01 3.179625e+01 2.265496e+01 6.914058e+01 9.030372e-02 1.342960e+00 3.261904e-01 1.126277e+00 1.171711e+01
5.000000e-01 7.017000e-01  6.379091e-01  1.000000e-01 2.662535e-04 8.000000e-04 4.045104e+01 3.179610e+01 2.264344e+01 6.913414e+01 9.448503e-02 1.415594e+00 3.438054e-01 1.187099e+00 1.234986e+01
5.000000e-01 7.017000e-01  6.379091e-01  1.000000e-01 2.733482e-04 8.000000e-04 4.045104e+01 3.179563e+01 2.262784e+01 6.913062e+01 1.000639e-01 1.505684e+00 3.623717e-01 1.251205e+00 1.301678e+01
5.000000e-01 7.017000e-01  6.379091e-01  1.000000e-01 2.806318e-04 8.000000e-04 4.045104e+01 3.179536e+01 2.261745e+01 6.912549e+01 1.042173e-01 1.570831e+00 3.819406e-01 1.318773e+00 1.371972e+01
5.000000e-01 7.017000e-01  6.379091e-01  1.000000e-01 2.881096e-04 8.000000e-04 4.045104e+01 3.179500e+01 2.260909e+01 6.912267e+01 1.101693e-01 1.632624e+00 4.025663e-01 1.389990e+00 1.446062e+01
5.000000e-01 7.017000e-01  6.379091e-01  1.000000e-01 2.957866e-04 8.000000e-04 4.045104e+01 3.179451e+01 2.258813e+01 6.911528e+01 1.183618e-01 1.732561e+00 4.243058e-01 1.465052e+00 1.524152e+01
5.000000e-01 7.017000e-01  6.379091e-01  1.000000e-01 3.036682e-04 8.000000e-04 4.045104e+01 3.179428e+01 2.257002e+01 6.910810e+01 1.228503e-01 1.845686e+00 4.472193e-01 1.544169e+00 1.606460e+01
5.000000e-01 7.017000e-01  6.379091e-01  1.000000e-01 3.117598e-04 8.000000e-04 4.045104e+01 3.179380e+01 2.255181e+01 6.909908e+01 1.296059e-01 1.962223e+00 4.713702e-01 1.627557e+00 1.693213e+01
5.000000e-01 7.017000e-01  6.379091e-01  1.000000e-01 3.200670e-04 8.000000e-04 4.045104e+01 3.179338e+01 2.253589e+01 6.909288e+01 1.358811e-01 2.050420e+00 4.968253e-01 1.715449e+00 1.784650e+01
5.000000e-01 7.017000e-01  6.379091e-01  1.000000e-01 3.285955e-04 8.000000e-04 4.045104e+01 3.179281e+01 2.251299e+01 6.908759e+01 1.449659e-01 2.175110e+00 5.236550e-01 1.808087e+00 1.881025e+01
5.000000e-01 7.017000e-01  6.379091e-01  1.000000e-01 3.373513e-04 8.000000e-04 4.045104e+01 3.179230e+01 2.249080e+01 6.907788e+01 1.531248e-01 2.294269e+00 5.519336e-01 1.905728e+00 1.982605e+01
5.000000e-01 7.017000e-01  6.379091e-01  1.000000e-01 3.463404e-04 8.000000e-04 4.045104e+01 3.179180e+01 2.247056e+01 6.906895e+01 1.615270e-01 2.405795e+00 5.817392e-01 2.008642e+00 2.089670e+01
5.000000e-01 7.017000e-01  6.379091e-01  1.000000e-01 3.555691e-04 8.000000e-04 4.045104e+01 3.179128e+01 2.244665e+01 6.906478e+01 1.685413e-01 2.560878e+00 6.131545e-01 2.117113e+00 2.202517e+01
5.000000e-01 7.017000e-01  6.379091e-01  1.000000e-01 3.650436e-04 8.000000e-04 4.045104e+01 3.179089e+01 2.243144e+01 6.905616e+01 1.757515e-01 2.650722e+00 6.462663e-01 2.231443e+00 2.321458e+01
5.000000e-01 7.017000e-01  6.379091e-01  1.000000e-01 3.747706e-04 8.000000e-04 4.045104e+01 3.179011e+01 2.240741e+01 6.905040e+01 1.894591e-01 2.811835e+00 6.811661e-01 2.351946e+00 2.446822e+01
5.000000e-01 7.017000e-01  6.379091e-01  1.000000e-01 3.847568e-04 8.000000e-04 4.045104e+01 3.178941e+01 2.237740e+01 6.903471e+01 1.986943e-01 2.959283e+00 7.179507e-01 2.478956e+00 2.578956e+01
5.000000e-01 7.017000e-01  6.379091e-01  1.000000e-01 3.950091e-04 8.000000e-04 4.045104e+01 3.178856e+01 2.234730e+01 6.902856e+01 2.093982e-01 3.128415e+00 7.567217e-01 2.612825e+00 2.718226e+01
5.000000e-01 7.017000e-01  6.379091e-01  1.000000e-01 4.055346e-04 8.000000e-04 4.045104e+01 3.178805e+01 2.233044e+01 6.901952e+01 2.193596e-01 3.295105e+00 7.975864e-01 2.753924e+00 2.865017e+01
5.000000e-01 7.017000e-01  6.379091e-01  1.000000e-01 4.163405e-04 8.000000e-04 4.045104e+01 3.178757e+01 2.229099e+01 6.900345e+01 2.294773e-01 3.455191e+00 8.406579e-01 2.902642e+00 3.019734e+01
5.000000e-01 7.017000e-01  6.379091e-01  1.000000e-01 4.274344e-04 8.000000e-04 4.045104e+01 3.178671e+01 2.226304e+01 6.899931e+01 2.433677e-01 3.653890e+00 8.860554e-01 3.059392e+00 3.182807e+01
5.000000e-01 7.017000e-01  6.379091e-01  1.000000e-01 4.388239e-04 8.000000e-04 4.045104e+01 3.178566e+01 2.222902e+01 6.898501e+01 2.567139e-01 3.859203e+00 9.339044e-01 3.224606e+00 3.354686e+01
5.000000e-01 7.017000e-01  6.379091e-01  1.000000e-01 4.505168e-04 8.000000e-04 4.045104e+01 3.178491e+01 2.218887e+01 6.897322e+01 2.700801e-01 4.056176e+00 9.843374e-01 3.398742e+00 3.535846e+01
5.000000e-01 7.017000e-01  6.379091e-01  1.000000e-01 4.625214e-04 8.000000e-04 4.045104e+01 3.178396e+01 2.216007e+01 6.896162e+01 2.841993e-01 4.273716e+00 1.037494e+00 3.582282e+00 3.726790e+01
5.000000e-01 7.017000e-01  6.379091e-01  1.000000e-01 4.748458e-04 8.000000e-04 4.045104e+01 3.178310e+01 2.211213e+01 6.894286e+01 3.017419e-01 4.540066e+00 1.093521e+00 3.775734e+00 3.928046e+01
5.000000e-01 7.017000e-01  6.379091e-01  1.000000e-01 4.874986e-04 8.000000e-04 4.045104e+01 3.178191e+01 2.208202e+01 6.894520e+01 3.174036e-01 4.763293e+00 1.152574e+00 3.979632e+00 4.140169e+01
5.000000e-01 7.017000e-01  6.379091e-01  1.000000e-01 5.004886e-04 8.000000e-04 4.045104e+01 3.178101e+01 2.203745e+01 6.892457e+01 3.317066e-01 5.004687e+00 1.214815e+00 4.194541e+00 4.363748e+01
5.000000e-01 7.017000e-01  6.379091e-01  1.000000e-01 5.138247e-04 8.000000e-04 4.045104e+01 3.177952e+01 2.200261e+01 6.891998e+01 3.518110e-01 5.293581e+00 1.280418e+00 4.421056e+00 4.599400e+01
5.000000e-01 7.017000e-01  6.379091e-01  1.000000e-01 5.275161e-04 8.000000e-04 4.045104e+01 3.177828e+01 2.195108e+01 6.890001e+01 3.765376e-01 5.591444e+00 1.349564e+00 4.659804e+00 4.847779e+01
5.000000e-01 7.017000e-01  6.379091e-01  1.000000e-01 5.415724e-04 8.000000e-04 4.045104e+01 3.177692e+01 2.191079e+01 6.887634e+01 3.901122e-01 5.856268e+00 1.422443e+00 4.911444e+00 5.109570e+01
5.000000e-01 7.017000e-01  6.379091e-01  1.000000e-01 5.560032e-04 8.000000e-04 4.045104e+01 3.177561e+01 2.185064e+01 6.886727e+01 4.133725e-01 6.215429e+00 1.499259e+00 5.176673e+00 5.385499e+01
5.000000e-01 7.017000e-01  6.379091e-01  1.000000e-01 5.708185e-04 8.000000e-04 4.045104e+01 3.177438e+01 2.178096e+01 6.884536e+01 4.347965e-01 6.552912e+00 1.580222e+00 5.456226e+00 5.676328e+01
5.000000e-01 7.017000e-01  6.379091e-01  1.000000e-01 5.860287e-04 8.000000e-04 4.045104e+01 3.177268e+01 2.173914e+01 6.883491e+01 4.585091e-01 6.875826e+00 1.665558e+00 5.750874e+00 5.982863e+01
5.000000e-01 7.017000e-01  6.379091e-01  1.000000e-01 6.016441e-04 8.000000e-04 4.045104e+01 3.177183e+01 2.167915e+01 6.881379e+01 4.798391e-01 7.265012e+00 1.755502e+00 6.061435e+00 6.305951e+01
5.000000e-01 7.017000e-01  6.379091e-01  1.000000e-01 6.176756e-04 8.000000e-04 4.045104e+01 3.176925e+01 2.163488e+01 6.880722e+01 5.116266e-01 7.628682e+00 1.850303e+00 6.388767e+00 6.646487e+01
5.000000e-01 7.017000e-01  6.379091e-01  1.000000e-01 6.341342e-04 8.000000e-04 4.045104e+01 3.176800e+01 2.157119e+01 6.878720e+01 5.307297e-01 8.034258e+00 1.950223e+00 6.733775e+00 7.005413e+01
5.000000e-01 7.017000e-01  6.379091e-01  1.000000e-01 6.510315e-04 8.000000e-04 4.045104e+01 3.176653e+01 2.149800e+01 6.877171e+01 5.679605e-01 8.514711e+00 2.055540e+00 7.097414e+00 7.383722e+01
5.000000e-01 7.017000e-01  6.379091e-01  1.000000e-01 6.683790e-04 8.000000e-04 4.045104e+01 3.176408e+01 2.141874e+01 6.875604e+01 5.995583e-01 8.957341e+00 2.166544e+00 7.480691e+00 7.782460e+01
5.000000e-01 7.017000e-01  6.379091e-01  1.000000e-01 6.861887e-04 8.000000e-04 4.045104e+01 3.176208e+01 2.135192e+01 6.874886e+01 6.285589e-01 9.450534e+00 2.283542e+00 7.884666e+00 8.202731e+01
5.000000e-01 7.017000e-01  6.379091e-01  1.000000e-01 7.044730e-04 8.000000e-04 4.045104e+01 3.175982e+01 2.125808e+01 6.872758e+01 6.606490e-01 9.950575e+00 2.406859e+00 8.310456e+00 8.645697e+01
5.000000e-01 7.017000e-01  6.379091e-01  1.000000e-01 7.232445e-04 8.000000e-04 4.045104e+01 3.175819e+01 2.119363e+01 6.870938e+01 6.904417e-01 1.051708e+01 2.536835e+00 8.759240e+00 9.112585e+01
5.000000e-01 7.017000e-01  6.379091e-01  1.000000e-01 7.425162e-04 8.000000e-04 4.045104e+01 3.175598e+01 2.114834e+01 6.869692e+01 7.321805e-01 1.090750e+01 2.673830e+00 9.232259e+00 9.604686e+01
5.000000e-01 7.017000e-01  6.379091e-01  1.000000e-01 7.623014e-04 8.000000e-04 4.045104e+01 3.175279e+01 2.106872e+01 6.866764e+01 7.743400e-01 1.155843e+01 2.818223e+00 9.730823e+00 1.012336e+02
5.000000e-01 7.017000e-01  6.379091e-01  1.000000e-01 7.826138e-04 8.000000e-04 4.045104e+01 3.175022e+01 2.094843e+01 6.867307e+01 8.153892e-01 1.225224e+01 2.970414e+00 1.025631e+01 1.067005e+02
5.000000e-01 7.017000e-01  6.379091e-01  1.000000e-01 8.034674e-04 8.000000e-04 4.045104e+01 3.174778e+01 2.085279e+01 6.864365e+01 8.607935e-01 1.295795e+01 3.130823e+00 1.081017e+01 1.124625e+02
5.000000e-01 7.017000e-01  6.379091e-01  1.000000e-01 8.248767e-04 8.000000e-04 4.045104e+01 3.174401e+01 2.073821e+01 6.861412e+01 9.105145e-01 1.368952e+01 3.299895e+00 1.139395e+01 1.185358e+02
5.000000e-01 7.017000e-01  6.379091e-01  1.000000e-01 8.468565e-04 8.000000e-04 4.045104e+01 3.174164e+01 2.067063e+01 6.861662e+01 9.513612e-01 1.424657e+01 3.478097e+00 1.200925e+01 1.249370e+02
5.000000e-01 7.017000e-01  6.379091e-01  1.000000e-01 8.694220e-04 8.000000e-04 4.045104e+01 3.173780e+01 2.052351e+01 6.859235e+01 1.009465e+00 1.511553e+01 3.665922e+00 1.265778e+01 1.316839e+02
5.000000e-01 7.017000e-01  6.379091e-01  1.000000e-01 8.925887e-04 8.000000e-04 4.045104e+01 3.173500e+01 2.046524e+01 6.860235e+01 1.072188e+00 1.583621e+01 3.863890e+00 1.334133e+01 1.387951e+02
5.000000e-01 7.017000e-01  6.379091e-01  1.000000e-01 9.163728e-04 8.000000e-04 4.045104e+01 3.173118e+01 2.032977e+01 6.858923e+01 1.122036e+00 1.684415e+01 4.072549e+00 1.406179e+01 1.462904e+02
5.000000e-01 7.017000e-01  6.379091e-01  1.000000e-01 9.407906e-04 8.000000e-04 4.045104e+01 3.172784e+01 2.019956e+01 6.857446e+01 1.186528e+00 1.767277e+01 4.292476e+00 1.482116e+01 1.541904e+02
5.000000e-01 7.017000e-01  6.379091e-01  1.000000e-01 9.658591e-04 8.000000e-04 4.045104e+01 3.172381e+01 2.010378e+01 6.856720e+01 1.246968e+00 1.867310e+01 4.524280e+00 1.562154e+01 1.625170e+02
5.000000e-01 7.017000e-01  6.379091e-01  1.000000e-01 9.915955e-04 8.000000e-04 4.045104e+01 3.171821e+01 1.997657e+01 6.861592e+01 1.318777e+00 1.964176e+01 4.768602e+00 1.646513e+01 1.712933e+02
5.000000e-01 7.017000e-01  6.379091e-01  1.000000e-01 1.018018e-03 8.000000e-04 4.045104e+01 3.171473e+01 1.984098e+01 6.858499e+01 1.378831e+00 2.061472e+01 5.026118e+00 1.735429e+01 1.805436e+02
5.000000e-01 7.017000e-01  6.379091e-01  1.000000e-01 1.045144e-03 8.000000e-04 4.045104e+01 3.171011e+01 1.972746e+01 6.861106e+01 1.465288e+00 2.186423e+01 5.297540e+00 1.829146e+01 1.902933e+02
5.000000e-01 7.017000e-01  6.379091e-01  1.000000e-01 1.072993e-03 8.000000e-04 4.045104e+01 3.170525e+01 1.958109e+01 6.863185e+01 1.540071e+00 2.305364e+01 5.583619e+00 1.927924e+01 2.005696e+02
5.000000e-01 7.017000e-01  6.379091e-01  1.000000e-01 1.101584e-03 8.000000e-04 4.045104e+01 3.170022e+01 1.941574e+01 6.864975e+01 1.617866e+00 2.430309e+01 5.885148e+00 2.032037e+01 2.114009e+02
5.000000e-01 7.017000e-01  6.379091e-01  1.000000e-01 1.130937e-03 8.000000e-04 4.045104e+01 3.169501e+01 1.930062e+01 6.867807e+01 1.686822e+00 2.552990e+01 6.202960e+00 2.141772e+01 2.228170e+02
5.000000e-01 7.017000e-01  6.379091e-01  1.000000e-01 1.161072e-03 8.000000e-04 4.045104e+01 3.168620e+01 1.913338e+01 6.868023e+01 1.813337e+00 2.715594e+01 6.537934e+00 2.257432e+01 2.348496e+02
5.000000e-01 7.017000e-01  6.379091e-01  1.000000e-01 1.192010e-03 8.000000e-04 4.045104e+01 3.168208e+01 1.902405e+01 6.879407e+01 1.885000e+00 2.854487e+01 6.890998e+00 2.379339e+01 2.475321e+02
5.000000e-01 7.017000e-01  6.379091e-01  1.000000e-01 1.223773e-03 8.000000e-04 4.045104e+01 3.167819e+01 1.887284e+01 6.885053e+01 1.976679e+00 2.992255e+01 7.263128e+00 2.507829e+01 2.608994e+02
5.000000e-01 7.017000e-01  6.379091e-01  1.000000e-01 1.256382e-03 8.000000e-04 4.045104e+01 3.167010e+01 1.874018e+01 6.885818e+01 2.092612e+00 3.171374e+01 7.655354e+00 2.643258e+01 2.749886e+02
5.000000e-01 7.017000e-01  6.379091e-01  1.000000e-01 1.289860e-03 8.000000e-04 4.045104e+01 3.166137e+01 1.855024e+01 6.893449e+01 2.223712e+00 3.321857e+01 8.068761e+00 2.786000e+01 2.898386e+02
5.000000e-01 7.017000e-01  6.379091e-01  1.000000e-01 1.324229e-03 8.000000e-04 4.045104e+01 3.165301e+01 1.841559e+01 6.906731e+01 2.342234e+00 3.486448e+01 8.504493e+00 2.936450e+01 3.054906e+02
5.000000e-01 7.017000e-01  6.379091e-01  1.000000e-01 1.359515e-03 8.000000e-04 4.045104e+01 3.164384e+01 1.826712e+01 6.919356e+01 2.491239e+00 3.706614e+01 8.963756e+00 3.095025e+01 3.219878e+02
5.000000e-01 7.017000e-01  6.379091e-01  1.000000e-01 1.395741e-03 8.000000e-04 4.045104e+01 3.163912e+01 1.811196e+01 6.934018e+01 2.570512e+00 3.897930e+01 9.447820e+00 3.262164e+01 3.393759e+02
5.000000e-01 7.017000e-01  6.379091e-01  1.000000e-01 1.432932e-03 8.000000e-04 4.045104e+01 3.162780e+01 1.802210e+01 6.939100e+01 2.740754e+00 4.089518e+01 9.958024e+00 3.438329e+01 3.577030e+02
5.000000e-01 7.017000e-01  6.379091e-01  1.000000e-01 1.471114e-03 8.000000e-04 4.045104e+01 3.161734e+01 1.780513e+01 6.947686e+01 2.879636e+00 4.338237e+01 1.049578e+01 3.624007e+01 3.770198e+02
5.000000e-01 7.017000e-01  6.379091e-01  1.000000e-01 1.510314e-03 8.000000e-04 4.045104e+01 3.161003e+01 1.767017e+01 6.973592e+01 3.033146e+00 4.559330e+01 1.106258e+01 3.819712e+01 3.973798e+02
5.000000e-01 7.017000e-01  6.379091e-01  1.000000e-01 1.550558e-03 8.000000e-04 4.045104e+01 3.159704e+01 1.750498e+01 6.993970e+01 3.186409e+00 4.834686e+01 1.165998e+01 4.025985e+01 4.188392e+02
5.000000e-01 7.017000e-01  6.379091e-01  1.000000e-01 1.591874e-03 8.000000e-04 4.045104e+01 3.159052e+01 1.739639e+01 7.013026e+01 3.356263e+00 5.066963e+01 1.228965e+01 4.243398e+01 4.414575e+02
5.000000e-01 7.017000e-01  6.379091e-01  1.000000e-01 1.634292e-03 8.000000e-04 4.045104e+01 3.157415e+01 1.726159e+01 7.048932e+01 3.584716e+00 5.336397e+01 1.295332e+01 4.472552e+01 4.652973e+02
5.000000e-01 7.017000e-01  6.379091e-01  1.000000e-01 1.677839e-03 8.000000e-04 4.045104e+01 3.156460e+01 1.712649e+01 7.081658e+01 3.748408e+00 5.674332e+01 1.365283e+01 4.714080e+01 4.904245e+02
5.000000e-01 7.017000e-01  6.379091e-01  1.000000e-01 1.722547e-03 8.000000e-04 4.045104e+01 3.155066e+01 1.701207e+01 7.091455e+01 3.967936e+00 5.921515e+01 1.439012e+01 4.968652e+01 5.169085e+02
5.000000e-01 7.017000e-01  6.379091e-01  1.000000e-01 1.768447e-03 8.000000e-04 4.045104e+01 3.153831e+01 1.689426e+01 7.123740e+01 4.172888e+00 6.264658e+01 1.516722e+01 5.236971e+01 5.448228e+02
5.000000e-01 7.017000e-01  6.379091e-01  1.000000e-01 1.815569e-03 8.000000e-04 4.045104e+01 3.152767e+01 1.687714e+01 7.201577e+01 4.361811e+00 6.569836e+01 1.598628e+01 5.519780e+01 5.742446e+02
5.000000e-01 7.017000e-01  6.379091e-01  1.000000e-01 1.863947e-03 8.000000e-04 4.045104e+01 3.150887e+01 1.678889e+01 7.209863e+01 4.632889e+00 6.942785e+01 1.684958e+01 5.817861e+01 6.052552e+02
5.000000e-01 7.017000e-01  6.379091e-01  1.000000e-01 1.913614e-03 8.000000e-04 4.045104e+01 3.149213e+01 1.672136e+01 7.233982e+01 4.895193e+00 7.327055e+01 1.775950e+01 6.132040e+01 6.379404e+02
5.000000e-01 7.017000e-01  6.379091e-01  1.000000e-01 1.964605e-03 8.000000e-04 4.045104e+01 3.147757e+01 1.667437e+01 7.291310e+01 5.186232e+00 7.674854e+01 1.871856e+01 6.463184e+01 6.723907e+02
5.000000e-01 7.017000e-01  6.379091e-01  1.000000e-01 2.016954e-03 8.000000e-04 4.045104e+01 3.145754e+01 1.670663e+01 7.365386e+01 5.449888e+00 8.123703e+01 1.972940e+01 6.812212e+01 7.087015e+02
