5.000000e-01 4.375000e-01  3.977273e-01  1.000000e-01 2.000000e-06 8.000000e-04 4.335472e+02 3.180203e+01 2.288800e+01 6.923340e+01 1.195956e-05 1.446331e-04 9.571819e-05 5.447257e-04 6.078831e-03
5.000000e-01 4.375000e-01  3.977273e-01  1.000000e-01 2.053292e-06 8.000000e-04 4.335472e+02 3.180203e+01 2.288800e+01 6.923340e+01 1.284751e-05 1.540145e-04 1.008872e-04 5.741421e-04 6.407102e-03
5.000000e-01 4.375000e-01  3.977273e-01  1.000000e-01 2.108005e-06 8.000000e-04 4.335472e+02 3.180203e+01 2.288800e+01 6.923340e+01 1.305625e-05 1.619915e-04 1.063353e-04 6.051471e-04 6.753100e-03
5.000000e-01 4.375000e-01  3.977273e-01  1.000000e-01 2.164175e-06 8.000000e-04 4.335472e+02 3.180203e+01 2.288800e+01 6.923340e+01 1.401636e-05 1.706715e-04 1.120777e-04 6.378264e-04 7.117783e-03
5.000000e-01 4.375000e-01  3.977273e-01  1.000000e-01 2.221842e-06 8.000000e-04 4.335472e+02 3.180203e+01 2.288800e+01 6.923340e+01 1.447990e-05 1.790934e-04 1.181301e-04 6.722705e-04 7.502160e-03
5.000000e-01 4.375000e-01  3.977273e-01  1.000000e-01 2.281045e-06 8.000000e-04 4.335472e+02 3.180203e+01 2.288799e+01 6.923340e+01 1.554423e-05 1.888340e-04 1.245094e-04 7.085747e-04 7.907294e-03
5.000000e-01 4.375000e-01  3.977273e-01  1.000000e-01 2.341826e-06 8.000000e-04 4.335472e+02 3.180203e+01 2.288799e+01 6.923340e+01 1.672915e-05 1.982901e-04 1.312332e-04 7.468394e-04 8.334306e-03
5.000000e-01 4.375000e-01  3.977273e-01  1.000000e-01 2.404227e-06 8.000000e-04 4.335472e+02 3.180203e+01 2.288799e+01 6.923340e+01 1.719155e-05 2.087383e-04 1.383201e-04 7.871704e-04 8.784378e-03
5.000000e-01 4.375000e-01  3.977273e-01  1.000000e-01 2.468290e-06 8.000000e-04 4.335472e+02 3.180203e+01 2.288799e+01 6.923340e+01 1.808270e-05 2.200737e-04 1.457897e-04 8.296795e-04 9.258754e-03
5.000000e-01 4.375000e-01  3.977273e-01  1.000000e-01 2.534061e-06 8.000000e-04 4.335472e+02 3.180203e+01 2.288799e+01 6.923340e+01 1.909517e-05 2.324082e-04 1.536627e-04 8.744841e-04 9.758749e-03
5.000000e-01 4.375000e-01  3.977273e-01  1.000000e-01 2.601584e-06 8.000000e-04 4.335472e+02 3.180203e+01 2.288799e+01 6.923340e+01 2.016586e-05 2.478568e-04 1.619609e-04 9.217082e-04 1.028574e-02
5.000000e-01 4.375000e-01  3.977273e-01  1.000000e-01 2.670906e-06 8.000000e-04 4.335472e+02 3.180203e+01 2.288799e+01 6.923340e+01 2.177333e-05 2.595639e-04 1.707071e-04 9.714826e-04 1.084120e-02
5.000000e-01 4.375000e-01  3.977273e-01  1.000000e-01 2.742075e-06 8.000000e-04 4.335472e+02 3.180203e+01 2.288798e+01 6.923340e+01 2.217870e-05 2.725871e-04 1.799257e-04 1.023945e-03 1.142665e-02
5.000000e-01 4.375000e-01  3.977273e-01  1.000000e-01 2.815141e-06 8.000000e-04 4.335472e+02 3.180203e+01 2.288798e+01 6.923340e+01 2.405338e-05 2.873861e-04 1.896421e-04 1.079240e-03 1.204371e-02
5.000000e-01 4.375000e-01  3.977273e-01  1.000000e-01 2.890154e-06 8.000000e-04 4.335472e+02 3.180203e+01 2.288798e+01 6.923340e+01 2.487448e-05 3.032073e-04 1.998832e-04 1.137522e-03 1.269410e-02
5.000000e-01 4.375000e-01  3.977273e-01  1.000000e-01 2.967165e-06 8.000000e-04 4.335472e+02 3.180203e+01 2.288798e+01 6.923340e+01 2.651721e-05 3.195227e-04 2.106774e-04 1.198951e-03 1.337961e-02
5.000000e-01 4.375000e-01  3.977273e-01  1.000000e-01 3.046229e-06 8.000000e-04 4.335472e+02 3.180203e+01 2.288798e+01 6.923339e+01 2.804909e-05 3.356468e-04 2.220545e-04 1.263697e-03 1.410214e-02
5.000000e-01 4.375000e-01  3.977273e-01  1.000000e-01 3.127399e-06 8.000000e-04 4.335472e+02 3.180203e+01 2.288797e+01 6.923339e+01 2.914445e-05 3.582382e-04 2.340459e-04 1.331939e-03 1.486369e-02
5.000000e-01 4.375000e-01  3.977273e-01  1.000000e-01 3.210732e-06 8.000000e-04 4.335472e+02 3.180203e+01 2.288797e+01 6.923339e+01 3.035500e-05 3.744499e-04 2.466849e-04 1.403867e-03 1.566636e-02
5.000000e-01 4.375000e-01  3.977273e-01  1.000000e-01 3.296286e-06 8.000000e-04 4.335472e+02 3.180203e+01 2.288797e+01 6.923339e+01 3.274456e-05 3.959154e-04 2.600065e-04 1.479679e-03 1.651238e-02
5.000000e-01 4.375000e-01  3.977273e-01  1.000000e-01 3.384119e-06 8.000000e-04 4.335472e+02 3.180203e+01 2.288797e+01 6.923339e+01 3.416018e-05 4.159398e-04 2.740474e-04 1.559585e-03 1.740409e-02
5.000000e-01 4.375000e-01  3.977273e-01  1.000000e-01 3.474293e-06 8.000000e-04 4.335472e+02 3.180203e+01 2.288796e+01 6.923339e+01 3.656859e-05 4.390216e-04 2.888466e-04 1.643806e-03 1.834395e-02
5.000000e-01 4.375000e-01  3.977273e-01  1.000000e-01 3.566869e-06 8.000000e-04 4.335472e+02 3.180203e+01 2.288796e+01 6.923339e+01 3.801440e-05 4.611773e-04 3.044450e-04 1.732576e-03 1.933457e-02
5.000000e-01 4.375000e-01  3.977273e-01  1.000000e-01 3.661913e-06 8.000000e-04 4.335472e+02 3.180203e+01 2.288796e+01 6.923339e+01 4.081561e-05 4.844886e-04 3.208857e-04 1.826139e-03 2.037868e-02
5.000000e-01 4.375000e-01  3.977273e-01  1.000000e-01 3.759488e-06 8.000000e-04 4.335472e+02 3.180203e+01 2.288795e+01 6.923339e+01 4.183024e-05 5.147701e-04 3.382143e-04 1.924755e-03 2.147917e-02
5.000000e-01 4.375000e-01  3.977273e-01  1.000000e-01 3.859664e-06 8.000000e-04 4.335472e+02 3.180203e+01 2.288795e+01 6.923338e+01 4.409607e-05 5.385593e-04 3.564787e-04 2.028696e-03 2.263910e-02
5.000000e-01 4.375000e-01  3.977273e-01  1.000000e-01 3.962510e-06 8.000000e-04 4.335472e+02 3.180203e+01 2.288794e+01 6.923338e+01 4.713823e-05 5.708963e-04 3.757293e-04 2.138250e-03 2.386166e-02
5.000000e-01 4.375000e-01  3.977273e-01  1.000000e-01 4.068095e-06 8.000000e-04 4.335472e+02 3.180203e+01 2.288794e+01 6.923338e+01 4.886357e-05 6.015756e-04 3.960196e-04 2.253720e-03 2.515025e-02
5.000000e-01 4.375000e-01  3.977273e-01  1.000000e-01 4.176494e-06 8.000000e-04 4.335472e+02 3.180203e+01 2.288794e+01 6.923338e+01 5.300064e-05 6.322823e-04 4.174056e-04 2.375427e-03 2.650842e-02
5.000000e-01 4.375000e-01  3.977273e-01  1.000000e-01 4.287782e-06 8.000000e-04 4.335472e+02 3.180203e+01 2.288793e+01 6.923338e+01 5.593544e-05 6.701998e-04 4.399464e-04 2.503705e-03 2.793994e-02
5.000000e-01 4.375000e-01  3.977273e-01  1.000000e-01 4.402035e-06 8.000000e-04 4.335472e+02 3.180203e+01 2.288793e+01 6.923338e+01 5.912193e-05 7.053198e-04 4.637046e-04 2.638911e-03 2.944876e-02
5.000000e-01 4.375000e-01  3.977273e-01  1.000000e-01 4.519332e-06 8.000000e-04 4.335472e+02 3.180203e+01 2.288792e+01 6.923337e+01 6.166629e-05 7.385672e-04 4.887457e-04 2.781418e-03 3.103906e-02
5.000000e-01 4.375000e-01  3.977273e-01  1.000000e-01 4.639755e-06 8.000000e-04 4.335472e+02 3.180203e+01 2.288792e+01 6.923337e+01 6.343368e-05 7.811543e-04 5.151391e-04 2.931621e-03 3.271524e-02
5.000000e-01 4.375000e-01  3.977273e-01  1.000000e-01 4.763386e-06 8.000000e-04 4.335472e+02 3.180203e+01 2.288791e+01 6.923337e+01 6.769783e-05 8.274354e-04 5.429578e-04 3.089936e-03 3.448194e-02
5.000000e-01 4.375000e-01  3.977273e-01  1.000000e-01 4.890312e-06 8.000000e-04 4.335472e+02 3.180203e+01 2.288791e+01 6.923337e+01 7.055391e-05 8.708284e-04 5.722788e-04 3.256799e-03 3.634404e-02
5.000000e-01 4.375000e-01  3.977273e-01  1.000000e-01 5.020620e-06 8.000000e-04 4.335472e+02 3.180203e+01 2.288790e+01 6.923337e+01 7.456303e-05 9.138195e-04 6.031831e-04 3.432674e-03 3.830670e-02
5.000000e-01 4.375000e-01  3.977273e-01  1.000000e-01 5.154400e-06 8.000000e-04 4.335472e+02 3.180203e+01 2.288789e+01 6.923336e+01 8.001100e-05 9.607218e-04 6.357564e-04 3.618046e-03 4.037535e-02
5.000000e-01 4.375000e-01  3.977273e-01  1.000000e-01 5.291745e-06 8.000000e-04 4.335472e+02 3.180203e+01 2.288788e+01 6.923336e+01 8.590316e-05 1.014493e-03 6.700887e-04 3.813429e-03 4.255572e-02
5.000000e-01 4.375000e-01  3.977273e-01  1.000000e-01 5.432750e-06 8.000000e-04 4.335472e+02 3.180203e+01 2.288788e+01 6.923336e+01 8.724979e-05 1.074590e-03 7.062751e-04 4.019363e-03 4.485382e-02
5.000000e-01 4.375000e-01  3.977273e-01  1.000000e-01 5.577512e-06 8.000000e-04 4.335472e+02 3.180203e+01 2.288787e+01 6.923335e+01 9.402378e-05 1.134896e-03 7.444156e-04 4.236418e-03 4.727603e-02
5.000000e-01 4.375000e-01  3.977273e-01  1.000000e-01 5.726131e-06 8.000000e-04 4.335472e+02 3.180203e+01 2.288786e+01 6.923335e+01 9.802735e-05 1.183494e-03 7.846157e-04 4.465194e-03 4.982905e-02
5.000000e-01 4.375000e-01  3.977273e-01  1.000000e-01 5.878710e-06 8.000000e-04 4.335472e+02 3.180203e+01 2.288785e+01 6.923335e+01 1.043075e-04 1.259209e-03 8.269868e-04 4.706325e-03 5.251993e-02
5.000000e-01 4.375000e-01  3.977273e-01  1.000000e-01 6.035355e-06 8.000000e-04 4.335472e+02 3.180203e+01 2.288785e+01 6.923335e+01 1.095981e-04 1.321344e-03 8.716460e-04 4.960477e-03 5.535613e-02
5.000000e-01 4.375000e-01  3.977273e-01  1.000000e-01 6.196174e-06 8.000000e-04 4.335472e+02 3.180202e+01 2.288784e+01 6.923334e+01 1.132650e-04 1.384976e-03 9.187169e-04 5.228355e-03 5.834549e-02
5.000000e-01 4.375000e-01  3.977273e-01  1.000000e-01 6.361278e-06 8.000000e-04 4.335472e+02 3.180202e+01 2.288782e+01 6.923334e+01 1.220628e-04 1.471343e-03 9.683297e-04 5.510698e-03 6.149628e-02
5.000000e-01 4.375000e-01  3.977273e-01  1.000000e-01 6.530782e-06 8.000000e-04 4.335472e+02 3.180202e+01 2.288781e+01 6.923333e+01 1.268948e-04 1.555822e-03 1.020622e-03 5.808288e-03 6.481722e-02
5.000000e-01 4.375000e-01  3.977273e-01  1.000000e-01 6.704802e-06 8.000000e-04 4.335472e+02 3.180202e+01 2.288780e+01 6.923333e+01 1.363124e-04 1.632076e-03 1.075738e-03 6.121949e-03 6.831750e-02
5.000000e-01 4.375000e-01  3.977273e-01  1.000000e-01 6.883459e-06 8.000000e-04 4.335472e+02 3.180202e+01 2.288779e+01 6.923332e+01 1.411192e-04 1.724145e-03 1.133830e-03 6.452549e-03 7.200680e-02
5.000000e-01 4.375000e-01  3.977273e-01  1.000000e-01 7.066877e-06 8.000000e-04 4.335472e+02 3.180202e+01 2.288778e+01 6.923332e+01 1.510049e-04 1.809063e-03 1.195059e-03 6.801001e-03 7.589534e-02
5.000000e-01 4.375000e-01  3.977273e-01  1.000000e-01 7.255182e-06 8.000000e-04 4.335472e+02 3.180202e+01 2.288776e+01 6.923331e+01 1.547938e-04 1.916973e-03 1.259595e-03 7.168271e-03 7.999386e-02
5.000000e-01 4.375000e-01  3.977273e-01  1.000000e-01 7.448504e-06 8.000000e-04 4.335472e+02 3.180202e+01 2.288775e+01 6.923331e+01 1.648475e-04 2.005211e-03 1.327616e-03 7.555374e-03 8.431371e-02
5.000000e-01 4.375000e-01  3.977273e-01  1.000000e-01 7.646978e-06 8.000000e-04 4.335472e+02 3.180202e+01 2.288774e+01 6.923330e+01 1.770356e-04 2.129596e-03 1.399311e-03 7.963382e-03 8.886685e-02
5.000000e-01 4.375000e-01  3.977273e-01  1.000000e-01 7.850741e-06 8.000000e-04 4.335472e+02 3.180202e+01 2.288772e+01 6.923330e+01 1.819250e-04 2.241393e-03 1.474877e-03 8.393423e-03 9.366586e-02
5.000000e-01 4.375000e-01  3.977273e-01  1.000000e-01 8.059933e-06 8.000000e-04 4.335472e+02 3.180202e+01 2.288770e+01 6.923329e+01 1.991595e-04 2.364784e-03 1.554524e-03 8.846687e-03 9.872404e-02
5.000000e-01 4.375000e-01  3.977273e-01  1.000000e-01 8.274699e-06 8.000000e-04 4.335472e+02 3.180202e+01 2.288769e+01 6.923328e+01 2.044118e-04 2.504804e-03 1.638471e-03 9.324429e-03 1.040554e-01
5.000000e-01 4.375000e-01  3.977273e-01  1.000000e-01 8.495188e-06 8.000000e-04 4.335472e+02 3.180202e+01 2.288767e+01 6.923328e+01 2.157335e-04 2.604943e-03 1.726953e-03 9.827970e-03 1.096746e-01
5.000000e-01 4.375000e-01  3.977273e-01  1.000000e-01 8.721552e-06 8.000000e-04 4.335472e+02 3.180202e+01 2.288766e+01 6.923327e+01 2.321065e-04 2.741782e-03 1.820212e-03 1.035870e-02 1.155973e-01
5.000000e-01 4.375000e-01  3.977273e-01  1.000000e-01 8.953948e-06 8.000000e-04 4.335472e+02 3.180202e+01 2.288764e+01 6.923326e+01 2.402964e-04 2.906574e-03 1.918508e-03 1.091810e-02 1.218398e-01
5.000000e-01 4.375000e-01  3.977273e-01  1.000000e-01 9.192536e-06 8.000000e-04 4.335472e+02 3.180202e+01 2.288761e+01 6.923326e+01 2.503625e-04 3.067494e-03 2.022112e-03 1.150770e-02 1.284194e-01
5.000000e-01 4.375000e-01  3.977273e-01  1.000000e-01 9.437481e-06 8.000000e-04 4.335472e+02 3.180202e+01 2.288759e+01 6.923324e+01 2.711076e-04 3.218579e-03 2.131310e-03 1.212914e-02 1.353544e-01
5.000000e-01 4.375000e-01  3.977273e-01  1.000000e-01 9.688954e-06 8.000000e-04 4.335472e+02 3.180202e+01 2.288757e+01 6.923324e+01 2.819185e-04 3.421432e-03 2.246406e-03 1.278414e-02 1.426638e-01
5.000000e-01 4.375000e-01  3.977273e-01  1.000000e-01 9.947127e-06 8.000000e-04 4.335472e+02 3.180202e+01 2.288754e+01 6.923323e+01 2.943789e-04 3.605508e-03 2.367717e-03 1.347452e-02 1.503680e-01
5.000000e-01 4.375000e-01  3.977273e-01  1.000000e-01 1.021218e-05 8.000000e-04 4.335472e+02 3.180201e+01 2.288752e+01 6.923322e+01 3.149639e-04 3.785232e-03 2.495579e-03 1.420217e-02 1.584882e-01
5.000000e-01 4.375000e-01  3.977273e-01  1.000000e-01 1.048430e-05 8.000000e-04 4.335472e+02 3.180201e+01 2.288749e+01 6.923321e+01 3.210897e-04 3.986694e-03 2.630346e-03 1.496912e-02 1.670469e-01
5.000000e-01 4.375000e-01  3.977273e-01  1.000000e-01 1.076366e-05 8.000000e-04 4.335472e+02 3.180201e+01 2.288747e+01 6.923320e+01 3.510818e-04 4.187831e-03 2.772391e-03 1.577749e-02 1.760679e-01
5.000000e-01 4.375000e-01  3.977273e-01  1.000000e-01 1.105047e-05 8.000000e-04 4.335472e+02 3.180201e+01 2.288743e+01 6.923318e+01 3.750032e-04 4.429697e-03 2.922107e-03 1.662951e-02 1.855759e-01
5.000000e-01 4.375000e-01  3.977273e-01  1.000000e-01 1.134492e-05 8.000000e-04 4.335472e+02 3.180201e+01 2.288739e+01 6.923317e+01 3.878478e-04 4.681383e-03 3.079907e-03 1.752754e-02 1.955975e-01
5.000000e-01 4.375000e-01  3.977273e-01  1.000000e-01 1.164722e-05 8.000000e-04 4.335472e+02 3.180201e+01 2.288736e+01 6.923316e+01 3.967577e-04 4.963417e-03 3.246229e-03 1.847407e-02 2.061602e-01
5.000000e-01 4.375000e-01  3.977273e-01  1.000000e-01 1.195758e-05 8.000000e-04 4.335472e+02 3.180201e+01 2.288736e+01 6.923315e+01 4.335807e-04 5.193390e-03 3.421533e-03 1.947171e-02 2.172933e-01
5.000000e-01 4.375000e-01  3.977273e-01  1.000000e-01 1.227620e-05 8.000000e-04 4.335472e+02 3.180201e+01 2.288731e+01 6.923314e+01 4.501848e-04 5.452348e-03 3.606304e-03 2.052323e-02 2.290277e-01
5.000000e-01 4.375000e-01  3.977273e-01  1.000000e-01 1.260331e-05 8.000000e-04 4.335472e+02 3.180200e+01 2.288726e+01 6.923312e+01 4.759894e-04 5.726064e-03 3.801053e-03 2.163153e-02 2.413957e-01
5.000000e-01 4.375000e-01  3.977273e-01  1.000000e-01 1.293914e-05 8.000000e-04 4.335472e+02 3.180200e+01 2.288721e+01 6.923310e+01 5.093358e-04 6.090706e-03 4.006318e-03 2.279968e-02 2.544316e-01
5.000000e-01 4.375000e-01  3.977273e-01  1.000000e-01 1.328392e-05 8.000000e-04 4.335472e+02 3.180200e+01 2.288717e+01 6.923308e+01 5.279701e-04 6.356222e-03 4.222669e-03 2.403092e-02 2.681715e-01
5.000000e-01 4.375000e-01  3.977273e-01  1.000000e-01 1.363789e-05 8.000000e-04 4.335472e+02 3.180200e+01 2.288713e+01 6.923307e+01 5.689038e-04 6.770248e-03 4.450703e-03 2.532864e-02 2.826534e-01
5.000000e-01 4.375000e-01  3.977273e-01  1.000000e-01 1.400128e-05 8.000000e-04 4.335472e+02 3.180200e+01 2.288707e+01 6.923305e+01 5.929257e-04 7.160052e-03 4.691051e-03 2.669645e-02 2.979173e-01
5.000000e-01 4.375000e-01  3.977273e-01  1.000000e-01 1.437436e-05 8.000000e-04 4.335472e+02 3.180200e+01 2.288702e+01 6.923303e+01 6.097009e-04 7.530141e-03 4.944379e-03 2.813812e-02 3.140055e-01
5.000000e-01 4.375000e-01  3.977273e-01  1.000000e-01 1.475738e-05 8.000000e-04 4.335472e+02 3.180200e+01 2.288697e+01 6.923301e+01 6.472870e-04 7.962340e-03 5.211386e-03 2.965764e-02 3.309626e-01
5.000000e-01 4.375000e-01  3.977273e-01  1.000000e-01 1.515061e-05 8.000000e-04 4.335472e+02 3.180199e+01 2.288692e+01 6.923299e+01 6.872878e-04 8.242091e-03 5.492813e-03 3.125922e-02 3.488353e-01
5.000000e-01 4.375000e-01  3.977273e-01  1.000000e-01 1.555432e-05 8.000000e-04 4.335472e+02 3.180199e+01 2.288687e+01 6.923297e+01 7.323629e-04 8.771916e-03 5.789438e-03 3.294729e-02 3.676732e-01
5.000000e-01 4.375000e-01  3.977273e-01  1.000000e-01 1.596878e-05 8.000000e-04 4.335472e+02 3.180199e+01 2.288680e+01 6.923294e+01 7.637462e-04 9.195606e-03 6.102081e-03 3.472652e-02 3.875284e-01
5.000000e-01 4.375000e-01  3.977273e-01  1.000000e-01 1.639429e-05 8.000000e-04 4.335472e+02 3.180199e+01 2.288671e+01 6.923291e+01 8.017235e-04 9.798280e-03 6.431607e-03 3.660184e-02 4.084558e-01
5.000000e-01 4.375000e-01  3.977273e-01  1.000000e-01 1.683113e-05 8.000000e-04 4.335472e+02 3.180199e+01 2.288666e+01 6.923289e+01 8.350734e-04 1.026170e-02 6.778929e-03 3.857842e-02 4.305134e-01
5.000000e-01 4.375000e-01  3.977273e-01  1.000000e-01 1.727962e-05 8.000000e-04 4.335472e+02 3.180198e+01 2.288658e+01 6.923286e+01 8.812944e-04 1.081790e-02 7.145007e-03 4.066174e-02 4.537621e-01
5.000000e-01 4.375000e-01  3.977273e-01  1.000000e-01 1.774005e-05 8.000000e-04 4.335472e+02 3.180198e+01 2.288650e+01 6.923282e+01 9.338771e-04 1.149224e-02 7.530854e-03 4.285757e-02 4.782663e-01
5.000000e-01 4.375000e-01  3.977273e-01  1.000000e-01 1.821276e-05 8.000000e-04 4.335472e+02 3.180198e+01 2.288643e+01 6.923278e+01 9.830288e-04 1.201321e-02 7.937537e-03 4.517198e-02 5.040938e-01
5.000000e-01 4.375000e-01  3.977273e-01  1.000000e-01 1.869805e-05 8.000000e-04 4.335472e+02 3.180197e+01 2.288633e+01 6.923276e+01 1.046866e-03 1.274930e-02 8.366183e-03 4.761137e-02 5.313160e-01
5.000000e-01 4.375000e-01  3.977273e-01  1.000000e-01 1.919629e-05 8.000000e-04 4.335472e+02 3.180197e+01 2.288626e+01 6.923273e+01 1.095747e-03 1.331394e-02 8.817976e-03 5.018250e-02 5.600083e-01
5.000000e-01 4.375000e-01  3.977273e-01  1.000000e-01 1.970779e-05 8.000000e-04 4.335472e+02 3.180197e+01 2.288612e+01 6.923269e+01 1.165145e-03 1.424712e-02 9.294167e-03 5.289247e-02 5.902501e-01
5.000000e-01 4.375000e-01  3.977273e-01  1.000000e-01 2.023293e-05 8.000000e-04 4.335472e+02 3.180197e+01 2.288607e+01 6.923266e+01 1.231903e-03 1.485648e-02 9.796073e-03 5.574878e-02 6.221250e-01
5.000000e-01 4.375000e-01  3.977273e-01  1.000000e-01 2.077206e-05 8.000000e-04 4.335472e+02 3.180196e+01 2.288596e+01 6.923263e+01 1.274775e-03 1.566496e-02 1.032508e-02 5.875935e-02 6.557211e-01
5.000000e-01 4.375000e-01  3.977273e-01  1.000000e-01 2.132555e-05 8.000000e-04 4.335472e+02 3.180196e+01 2.288585e+01 6.923257e+01 1.345911e-03 1.641458e-02 1.088266e-02 6.193249e-02 6.911316e-01
5.000000e-01 4.375000e-01  3.977273e-01  1.000000e-01 2.189380e-05 8.000000e-04 4.335472e+02 3.180195e+01 2.288569e+01 6.923251e+01 1.437179e-03 1.749885e-02 1.147035e-02 6.527698e-02 7.284543e-01
5.000000e-01 4.375000e-01  3.977273e-01  1.000000e-01 2.247718e-05 8.000000e-04 4.335472e+02 3.180195e+01 2.288562e+01 6.923248e+01 1.515646e-03 1.820005e-02 1.208978e-02 6.880209e-02 7.677925e-01
5.000000e-01 4.375000e-01  3.977273e-01  1.000000e-01 2.307611e-05 8.000000e-04 4.335472e+02 3.180194e+01 2.288546e+01 6.923243e+01 1.589680e-03 1.938093e-02 1.274265e-02 7.251756e-02 8.092551e-01
5.000000e-01 4.375000e-01  3.977273e-01  1.000000e-01 2.369100e-05 8.000000e-04 4.335472e+02 3.180194e+01 2.288536e+01 6.923239e+01 1.692028e-03 2.018855e-02 1.343079e-02 7.643368e-02 8.529567e-01
5.000000e-01 4.375000e-01  3.977273e-01  1.000000e-01 2.432228e-05 8.000000e-04 4.335472e+02 3.180193e+01 2.288519e+01 6.923231e+01 1.746332e-03 2.156009e-02 1.415608e-02 8.056127e-02 8.990184e-01
5.000000e-01 4.375000e-01  3.977273e-01  1.000000e-01 2.497037e-05 8.000000e-04 4.335472e+02 3.180193e+01 2.288500e+01 6.923226e+01 1.821880e-03 2.267937e-02 1.492054e-02 8.491177e-02 9.475674e-01
5.000000e-01 4.375000e-01  3.977273e-01  1.000000e-01 2.563574e-05 8.000000e-04 4.335472e+02 3.180193e+01 2.288480e+01 6.923218e+01 1.942042e-03 2.393085e-02 1.572628e-02 8.949720e-02 9.987383e-01
5.000000e-01 4.375000e-01  3.977273e-01  1.000000e-01 2.631883e-05 8.000000e-04 4.335472e+02 3.180192e+01 2.288466e+01 6.923213e+01 2.079893e-03 2.503606e-02 1.657554e-02 9.433026e-02 1.052672e+00
5.000000e-01 4.375000e-01  3.977273e-01  1.000000e-01 2.702013e-05 8.000000e-04 4.335472e+02 3.180191e+01 2.288455e+01 6.923208e+01 2.208745e-03 2.628611e-02 1.747066e-02 9.942431e-02 1.109519e+00
5.000000e-01 4.375000e-01  3.977273e-01  1.000000e-01 2.774011e-05 8.000000e-04 4.335472e+02 3.180191e+01 2.288431e+01 6.923197e+01 2.324394e-03 2.787655e-02 1.841411e-02 1.047935e-01 1.169436e+00
5.000000e-01 4.375000e-01  3.977273e-01  1.000000e-01 2.847928e-05 8.000000e-04 4.335472e+02 3.180190e+01 2.288413e+01 6.923192e+01 2.440542e-03 2.942100e-02 1.940852e-02 1.104525e-01 1.232588e+00
5.000000e-01 4.375000e-01  3.977273e-01  1.000000e-01 2.923814e-05 8.000000e-04 4.335472e+02 3.180190e+01 2.288397e+01 6.923186e+01 2.520419e-03 3.085210e-02 2.045662e-02 1.164172e-01 1.299151e+00
5.000000e-01 4.375000e-01  3.977273e-01  1.000000e-01 3.001722e-05 8.000000e-04 4.335472e+02 3.180188e+01 2.288366e+01 6.923171e+01 2.716576e-03 3.277594e-02 2.156133e-02 1.227040e-01 1.369308e+00
5.000000e-01 4.375000e-01  3.977273e-01  1.000000e-01 3.081707e-05 8.000000e-04 4.335472e+02 3.180188e+01 2.288339e+01 6.923163e+01 2.822769e-03 3.468196e-02 2.272569e-02 1.293303e-01 1.443254e+00
5.000000e-01 4.375000e-01  3.977273e-01  1.000000e-01 3.163822e-05 8.000000e-04 4.335472e+02 3.180186e+01 2.288327e+01 6.923157e+01 3.052933e-03 3.637071e-02 2.395293e-02 1.363145e-01 1.521193e+00
5.000000e-01 4.375000e-01  3.977273e-01  1.000000e-01 3.248126e-05 8.000000e-04 4.335472e+02 3.180186e+01 2.288291e+01 6.923143e+01 3.208841e-03 3.834721e-02 2.524644e-02 1.436758e-01 1.603340e+00
5.000000e-01 4.375000e-01  3.977273e-01  1.000000e-01 3.334676e-05 8.000000e-04 4.335472e+02 3.180185e+01 2.288272e+01 6.923137e+01 3.352112e-03 4.041550e-02 2.660981e-02 1.514346e-01 1.689925e+00
5.000000e-01 4.375000e-01  3.977273e-01  1.000000e-01 3.423532e-05 8.000000e-04 4.335472e+02 3.180183e+01 2.288236e+01 6.923125e+01 3.528520e-03 4.252895e-02 2.804680e-02 1.596124e-01 1.781184e+00
5.000000e-01 4.375000e-01  3.977273e-01  1.000000e-01 3.514756e-05 8.000000e-04 4.335472e+02 3.180183e+01 2.288205e+01 6.923114e+01 3.679728e-03 4.480988e-02 2.956139e-02 1.682318e-01 1.877372e+00
5.000000e-01 4.375000e-01  3.977273e-01  1.000000e-01 3.608411e-05 8.000000e-04 4.335472e+02 3.180181e+01 2.288184e+01 6.923102e+01 3.981089e-03 4.695129e-02 3.115777e-02 1.773168e-01 1.978755e+00
5.000000e-01 4.375000e-01  3.977273e-01  1.000000e-01 3.704561e-05 8.000000e-04 4.335472e+02 3.180180e+01 2.288146e+01 6.923091e+01 4.059284e-03 4.953909e-02 3.284037e-02 1.868923e-01 2.085612e+00
5.000000e-01 4.375000e-01  3.977273e-01  1.000000e-01 3.803273e-05 8.000000e-04 4.335472e+02 3.180178e+01 2.288088e+01 6.923065e+01 4.415343e-03 5.252932e-02 3.461382e-02 1.969849e-01 2.198240e+00
5.000000e-01 4.375000e-01  3.977273e-01  1.000000e-01 3.904616e-05 8.000000e-04 4.335472e+02 3.180177e+01 2.288071e+01 6.923058e+01 4.613995e-03 5.518788e-02 3.648305e-02 2.076225e-01 2.316950e+00
5.000000e-01 4.375000e-01  3.977273e-01  1.000000e-01 4.008659e-05 8.000000e-04 4.335472e+02 3.180177e+01 2.288027e+01 6.923043e+01 4.720883e-03 5.851299e-02 3.845322e-02 2.188346e-01 2.442071e+00
5.000000e-01 4.375000e-01  3.977273e-01  1.000000e-01 4.115474e-05 8.000000e-04 4.335472e+02 3.180176e+01 2.287991e+01 6.923027e+01 5.121069e-03 6.164732e-02 4.052978e-02 2.306522e-01 2.573948e+00
5.000000e-01 4.375000e-01  3.977273e-01  1.000000e-01 4.225136e-05 8.000000e-04 4.335472e+02 3.180175e+01 2.287948e+01 6.923007e+01 5.437283e-03 6.499089e-02 4.271848e-02 2.431079e-01 2.712947e+00
5.000000e-01 4.375000e-01  3.977273e-01  1.000000e-01 4.337719e-05 8.000000e-04 4.335472e+02 3.180174e+01 2.287891e+01 6.922992e+01 5.703248e-03 6.855082e-02 4.502538e-02 2.562363e-01 2.859453e+00
5.000000e-01 4.375000e-01  3.977273e-01  1.000000e-01 4.453303e-05 8.000000e-04 4.335472e+02 3.180170e+01 2.287856e+01 6.922973e+01 5.998908e-03 7.245514e-02 4.745685e-02 2.700737e-01 3.013870e+00
5.000000e-01 4.375000e-01  3.977273e-01  1.000000e-01 4.571966e-05 8.000000e-04 4.335472e+02 3.180169e+01 2.287797e+01 6.922954e+01 6.234609e-03 7.611425e-02 5.001963e-02 2.846583e-01 3.176626e+00
5.000000e-01 4.375000e-01  3.977273e-01  1.000000e-01 4.693791e-05 8.000000e-04 4.335472e+02 3.180167e+01 2.287757e+01 6.922934e+01 6.579083e-03 7.953521e-02 5.272081e-02 3.000305e-01 3.348171e+00
5.000000e-01 4.375000e-01  3.977273e-01  1.000000e-01 4.818863e-05 8.000000e-04 4.335472e+02 3.180165e+01 2.287687e+01 6.922913e+01 7.018974e-03 8.423897e-02 5.556785e-02 3.162328e-01 3.528980e+00
5.000000e-01 4.375000e-01  3.977273e-01  1.000000e-01 4.947267e-05 8.000000e-04 4.335472e+02 3.180162e+01 2.287622e+01 6.922889e+01 7.416162e-03 8.924069e-02 5.856865e-02 3.333101e-01 3.719553e+00
5.000000e-01 4.375000e-01  3.977273e-01  1.000000e-01 5.079093e-05 8.000000e-04 4.335472e+02 3.180161e+01 2.287568e+01 6.922868e+01 7.661428e-03 9.359813e-02 6.173149e-02 3.513097e-01 3.920418e+00
5.000000e-01 4.375000e-01  3.977273e-01  1.000000e-01 5.214431e-05 8.000000e-04 4.335472e+02 3.180159e+01 2.287485e+01 6.922833e+01 8.207553e-03 9.873728e-02 6.506513e-02 3.702812e-01 4.132129e+00
5.000000e-01 4.375000e-01  3.977273e-01  1.000000e-01 5.353375e-05 8.000000e-04 4.335472e+02 3.180156e+01 2.287444e+01 6.922820e+01 8.680660e-03 1.038257e-01 6.857880e-02 3.902772e-01 4.355274e+00
5.000000e-01 4.375000e-01  3.977273e-01  1.000000e-01 5.496022e-05 8.000000e-04 4.335472e+02 3.180156e+01 2.287344e+01 6.922781e+01 8.886612e-03 1.103630e-01 7.228221e-02 4.113531e-01 4.590469e+00
5.000000e-01 4.375000e-01  3.977273e-01  1.000000e-01 5.642470e-05 8.000000e-04 4.335472e+02 3.180151e+01 2.287267e+01 6.922756e+01 9.454524e-03 1.162750e-01 7.618562e-02 4.335671e-01 4.838364e+00
5.000000e-01 4.375000e-01  3.977273e-01  1.000000e-01 5.792820e-05 8.000000e-04 4.335472e+02 3.180148e+01 2.287182e+01 6.922719e+01 1.017909e-02 1.218304e-01 8.029982e-02 4.569808e-01 5.099647e+00
5.000000e-01 4.375000e-01  3.977273e-01  1.000000e-01 5.947176e-05 8.000000e-04 4.335472e+02 3.180146e+01 2.287109e+01 6.922695e+01 1.067401e-02 1.275465e-01 8.463619e-02 4.816588e-01 5.375040e+00
5.000000e-01 4.375000e-01  3.977273e-01  1.000000e-01 6.105646e-05 8.000000e-04 4.335472e+02 3.180138e+01 2.286980e+01 6.922630e+01 1.132051e-02 1.358754e-01 8.920674e-02 5.076695e-01 5.665305e+00
5.000000e-01 4.375000e-01  3.977273e-01  1.000000e-01 6.268338e-05 8.000000e-04 4.335472e+02 3.180140e+01 2.286916e+01 6.922628e+01 1.181950e-02 1.432611e-01 9.402411e-02 5.350848e-01 5.971244e+00
5.000000e-01 4.375000e-01  3.977273e-01  1.000000e-01 6.435365e-05 8.000000e-04 4.335472e+02 3.180136e+01 2.286799e+01 6.922577e+01 1.231230e-02 1.504269e-01 9.910163e-02 5.639806e-01 6.293705e+00
5.000000e-01 4.375000e-01  3.977273e-01  1.000000e-01 6.606842e-05 8.000000e-04 4.335472e+02 3.180135e+01 2.286720e+01 6.922532e+01 1.317326e-02 1.593054e-01 1.044534e-01 5.944369e-01 6.633580e+00
5.000000e-01 4.375000e-01  3.977273e-01  1.000000e-01 6.782889e-05 8.000000e-04 4.335472e+02 3.180130e+01 2.286570e+01 6.922493e+01 1.372415e-02 1.669893e-01 1.100941e-01 6.265378e-01 6.991809e+00
5.000000e-01 4.375000e-01  3.977273e-01  1.000000e-01 6.963627e-05 8.000000e-04 4.335472e+02 3.180123e+01 2.286487e+01 6.922452e+01 1.469462e-02 1.757841e-01 1.160394e-01 6.603723e-01 7.369382e+00
5.000000e-01 4.375000e-01  3.977273e-01  1.000000e-01 7.149181e-05 8.000000e-04 4.335472e+02 3.180119e+01 2.286357e+01 6.922403e+01 1.539600e-02 1.853009e-01 1.223058e-01 6.960339e-01 7.767346e+00
5.000000e-01 4.375000e-01  3.977273e-01  1.000000e-01 7.339679e-05 8.000000e-04 4.335472e+02 3.180116e+01 2.286214e+01 6.922334e+01 1.596409e-02 1.962874e-01 1.289106e-01 7.336214e-01 8.186801e+00
5.000000e-01 4.375000e-01  3.977273e-01  1.000000e-01 7.535253e-05 8.000000e-04 4.335472e+02 3.180109e+01 2.286092e+01 6.922273e+01 1.729944e-02 2.070614e-01 1.358721e-01 7.732386e-01 8.628907e+00
5.000000e-01 4.375000e-01  3.977273e-01  1.000000e-01 7.736039e-05 8.000000e-04 4.335472e+02 3.180101e+01 2.285912e+01 6.922219e+01 1.807549e-02 2.169202e-01 1.432095e-01 8.149953e-01 9.094888e+00
5.000000e-01 4.375000e-01  3.977273e-01  1.000000e-01 7.942174e-05 8.000000e-04 4.335472e+02 3.180099e+01 2.285793e+01 6.922183e+01 1.900682e-02 2.307566e-01 1.509431e-01 8.590069e-01 9.586033e+00
5.000000e-01 4.375000e-01  3.977273e-01  1.000000e-01 8.153803e-05 8.000000e-04 4.335472e+02 3.180095e+01 2.285586e+01 6.922115e+01 2.015049e-02 2.419404e-01 1.590944e-01 9.053953e-01 1.010370e+01
5.000000e-01 4.375000e-01  3.977273e-01  1.000000e-01 8.371070e-05 8.000000e-04 4.335472e+02 3.180087e+01 2.285402e+01 6.922037e+01 2.107067e-02 2.553721e-01 1.676859e-01 9.542887e-01 1.064932e+01
5.000000e-01 4.375000e-01  3.977273e-01  1.000000e-01 8.594127e-05 8.000000e-04 4.335472e+02 3.180084e+01 2.285172e+01 6.921963e+01 2.206669e-02 2.696378e-01 1.767413e-01 1.005823e+00 1.122441e+01
5.000000e-01 4.375000e-01  3.977273e-01  1.000000e-01 8.823127e-05 8.000000e-04 4.335472e+02 3.180082e+01 2.285032e+01 6.921906e+01 2.293784e-02 2.839973e-01 1.862857e-01 1.060139e+00 1.183056e+01
5.000000e-01 4.375000e-01  3.977273e-01  1.000000e-01 9.058230e-05 8.000000e-04 4.335472e+02 3.180068e+01 2.284911e+01 6.921840e+01 2.463368e-02 2.958884e-01 1.963456e-01 1.117389e+00 1.246943e+01
5.000000e-01 4.375000e-01  3.977273e-01  1.000000e-01 9.299597e-05 8.000000e-04 4.335472e+02 3.180064e+01 2.284738e+01 6.921778e+01 2.569677e-02 3.132984e-01 2.069487e-01 1.177731e+00 1.314281e+01
5.000000e-01 4.375000e-01  3.977273e-01  1.000000e-01 9.547395e-05 8.000000e-04 4.335472e+02 3.180066e+01 2.284465e+01 6.921696e+01 2.701184e-02 3.283895e-01 2.181244e-01 1.241331e+00 1.385255e+01
5.000000e-01 4.375000e-01  3.977273e-01  1.000000e-01 9.801796e-05 8.000000e-04 4.335472e+02 3.180049e+01 2.284129e+01 6.921550e+01 2.910102e-02 3.488736e-01 2.299036e-01 1.308366e+00 1.460062e+01
5.000000e-01 4.375000e-01  3.977273e-01  1.000000e-01 1.006298e-04 8.000000e-04 4.335472e+02 3.180039e+01 2.283855e+01 6.921497e+01 3.119597e-02 3.657835e-01 2.423190e-01 1.379021e+00 1.538909e+01
5.000000e-01 4.375000e-01  3.977273e-01  1.000000e-01 1.033112e-04 8.000000e-04 4.335472e+02 3.180030e+01 2.283710e+01 6.921373e+01 3.214557e-02 3.868867e-01 2.554047e-01 1.453491e+00 1.622014e+01
5.000000e-01 4.375000e-01  3.977273e-01  1.000000e-01 1.060640e-04 8.000000e-04 4.335472e+02 3.180018e+01 2.283343e+01 6.921268e+01 3.307734e-02 4.109993e-01 2.691972e-01 1.531983e+00 1.709606e+01
5.000000e-01 4.375000e-01  3.977273e-01  1.000000e-01 1.088902e-04 8.000000e-04 4.335472e+02 3.180010e+01 2.283195e+01 6.921174e+01 3.524544e-02 4.291864e-01 2.837345e-01 1.614713e+00 1.801929e+01
5.000000e-01 4.375000e-01  3.977273e-01  1.000000e-01 1.117917e-04 8.000000e-04 4.335472e+02 3.179998e+01 2.282835e+01 6.921070e+01 3.779788e-02 4.535520e-01 2.990568e-01 1.701912e+00 1.899237e+01
5.000000e-01 4.375000e-01  3.977273e-01  1.000000e-01 1.147705e-04 8.000000e-04 4.335472e+02 3.179981e+01 2.282521e+01 6.920924e+01 4.020259e-02 4.784264e-01 3.152065e-01 1.793819e+00 2.001800e+01
5.000000e-01 4.375000e-01  3.977273e-01  1.000000e-01 1.178287e-04 8.000000e-04 4.335472e+02 3.179981e+01 2.282134e+01 6.920812e+01 4.067245e-02 5.069284e-01 3.322284e-01 1.890689e+00 2.109902e+01
5.000000e-01 4.375000e-01  3.977273e-01  1.000000e-01 1.209684e-04 8.000000e-04 4.335472e+02 3.179971e+01 2.281809e+01 6.920617e+01 4.334115e-02 5.320757e-01 3.501695e-01 1.992791e+00 2.223842e+01
5.000000e-01 4.375000e-01  3.977273e-01  1.000000e-01 1.241917e-04 8.000000e-04 4.335472e+02 3.179958e+01 2.281461e+01 6.920567e+01 4.700662e-02 5.580179e-01 3.690795e-01 2.100406e+00 2.343935e+01
5.000000e-01 4.375000e-01  3.977273e-01  1.000000e-01 1.275010e-04 8.000000e-04 4.335472e+02 3.179945e+01 2.280882e+01 6.920377e+01 4.778910e-02 5.898540e-01 3.890106e-01 2.213833e+00 2.470512e+01
5.000000e-01 4.375000e-01  3.977273e-01  1.000000e-01 1.308984e-04 8.000000e-04 4.335472e+02 3.179916e+01 2.280656e+01 6.920280e+01 5.242925e-02 6.182286e-01 4.100181e-01 2.333385e+00 2.603926e+01
5.000000e-01 4.375000e-01  3.977273e-01  1.000000e-01 1.343863e-04 8.000000e-04 4.335472e+02 3.179921e+01 2.280221e+01 6.920080e+01 5.295211e-02 6.549590e-01 4.321600e-01 2.459393e+00 2.744544e+01
5.000000e-01 4.375000e-01  3.977273e-01  1.000000e-01 1.379672e-04 8.000000e-04 4.335472e+02 3.179897e+01 2.279744e+01 6.919883e+01 5.720659e-02 6.924748e-01 4.554977e-01 2.592206e+00 2.892756e+01
5.000000e-01 4.375000e-01  3.977273e-01  1.000000e-01 1.416435e-04 8.000000e-04 4.335472e+02 3.179885e+01 2.279241e+01 6.919716e+01 5.938190e-02 7.326612e-01 4.800956e-01 2.732191e+00 3.048971e+01
5.000000e-01 4.375000e-01  3.977273e-01  1.000000e-01 1.454177e-04 8.000000e-04 4.335472e+02 3.179856e+01 2.278576e+01 6.919456e+01 6.388290e-02 7.652496e-01 5.060219e-01 2.879736e+00 3.213623e+01
5.000000e-01 4.375000e-01  3.977273e-01  1.000000e-01 1.492926e-04 8.000000e-04 4.335472e+02 3.179834e+01 2.278131e+01 6.919263e+01 6.753668e-02 8.105998e-01 5.333482e-01 3.035248e+00 3.387166e+01
5.000000e-01 4.375000e-01  3.977273e-01  1.000000e-01 1.532706e-04 8.000000e-04 4.335472e+02 3.179827e+01 2.277663e+01 6.919191e+01 7.006208e-02 8.514066e-01 5.621502e-01 3.199158e+00 3.570080e+01
5.000000e-01 4.375000e-01  3.977273e-01  1.000000e-01 1.573547e-04 8.000000e-04 4.335472e+02 3.179814e+01 2.277006e+01 6.918907e+01 7.279186e-02 8.935453e-01 5.925076e-01 3.371920e+00 3.762873e+01
5.000000e-01 4.375000e-01  3.977273e-01  1.000000e-01 1.615476e-04 8.000000e-04 4.335472e+02 3.179769e+01 2.276256e+01 6.918543e+01 7.954863e-02 9.458770e-01 6.245044e-01 3.554012e+00 3.966077e+01
5.000000e-01 4.375000e-01  3.977273e-01  1.000000e-01 1.658522e-04 8.000000e-04 4.335472e+02 3.179756e+01 2.275597e+01 6.918330e+01 8.203677e-02 1.003828e+00 6.582291e-01 3.745937e+00 4.180254e+01
5.000000e-01 4.375000e-01  3.977273e-01  1.000000e-01 1.702715e-04 8.000000e-04 4.335472e+02 3.179735e+01 2.275122e+01 6.918202e+01 8.907280e-02 1.050379e+00 6.937750e-01 3.948226e+00 4.405997e+01
5.000000e-01 4.375000e-01  3.977273e-01  1.000000e-01 1.748086e-04 8.000000e-04 4.335472e+02 3.179693e+01 2.274241e+01 6.917772e+01 9.175246e-02 1.114931e+00 7.312405e-01 4.161439e+00 4.643931e+01
5.000000e-01 4.375000e-01  3.977273e-01  1.000000e-01 1.794666e-04 8.000000e-04 4.335472e+02 3.179695e+01 2.273306e+01 6.917564e+01 9.622211e-02 1.170664e+00 7.707291e-01 4.386167e+00 4.894715e+01
5.000000e-01 4.375000e-01  3.977273e-01  1.000000e-01 1.842487e-04 8.000000e-04 4.335472e+02 3.179665e+01 2.272544e+01 6.917269e+01 1.018137e-01 1.227920e+00 8.123503e-01 4.623030e+00 5.159040e+01
5.000000e-01 4.375000e-01  3.977273e-01  1.000000e-01 1.891582e-04 8.000000e-04 4.335472e+02 3.179617e+01 2.271581e+01 6.916843e+01 1.083490e-01 1.305460e+00 8.562191e-01 4.872684e+00 5.437641e+01
5.000000e-01 4.375000e-01  3.977273e-01  1.000000e-01 1.941986e-04 8.000000e-04 4.335472e+02 3.179597e+01 2.271023e+01 6.916706e+01 1.138639e-01 1.365449e+00 9.024569e-01 5.135820e+00 5.731286e+01
5.000000e-01 4.375000e-01  3.977273e-01  1.000000e-01 1.993732e-04 8.000000e-04 4.335472e+02 3.179538e+01 2.269816e+01 6.916327e+01 1.200247e-01 1.441454e+00 9.511917e-01 5.413167e+00 6.040788e+01
5.000000e-01 4.375000e-01  3.977273e-01  1.000000e-01 2.046857e-04 8.000000e-04 4.335472e+02 3.179492e+01 2.268721e+01 6.915858e+01 1.278674e-01 1.521326e+00 1.002558e+00 5.705490e+00 6.367005e+01
5.000000e-01 4.375000e-01  3.977273e-01  1.000000e-01 2.101398e-04 8.000000e-04 4.335472e+02 3.179464e+01 2.267737e+01 6.915469e+01 1.335306e-01 1.597319e+00 1.056699e+00 6.013600e+00 6.710838e+01
5.000000e-01 4.375000e-01  3.977273e-01  1.000000e-01 2.157392e-04 8.000000e-04 4.335472e+02 3.179427e+01 2.266566e+01 6.914898e+01 1.424520e-01 1.699531e+00 1.113763e+00 6.338348e+00 7.073239e+01
5.000000e-01 4.375000e-01  3.977273e-01  1.000000e-01 2.214878e-04 8.000000e-04 4.335472e+02 3.179426e+01 2.265816e+01 6.914689e+01 1.442770e-01 1.773428e+00 1.173909e+00 6.680633e+00 7.455210e+01
5.000000e-01 4.375000e-01  3.977273e-01  1.000000e-01 2.273896e-04 8.000000e-04 4.335472e+02 3.179302e+01 2.263795e+01 6.913907e+01 1.582459e-01 1.887391e+00 1.237302e+00 7.041403e+00 7.857808e+01
5.000000e-01 4.375000e-01  3.977273e-01  1.000000e-01 2.334487e-04 8.000000e-04 4.335472e+02 3.179300e+01 2.263036e+01 6.913875e+01 1.648338e-01 1.974556e+00 1.304120e+00 7.421655e+00 8.282148e+01
5.000000e-01 4.375000e-01  3.977273e-01  1.000000e-01 2.396692e-04 8.000000e-04 4.335472e+02 3.179233e+01 2.262024e+01 6.913330e+01 1.714325e-01 2.071370e+00 1.374545e+00 7.822442e+00 8.729403e+01
5.000000e-01 4.375000e-01  3.977273e-01  1.000000e-01 2.460555e-04 8.000000e-04 4.335472e+02 3.179256e+01 2.260484e+01 6.913039e+01 1.769127e-01 2.196204e+00 1.448774e+00 8.244872e+00 9.200811e+01
5.000000e-01 4.375000e-01  3.977273e-01  1.000000e-01 2.526119e-04 8.000000e-04 4.335472e+02 3.179130e+01 2.258911e+01 6.912238e+01 1.914181e-01 2.304554e+00 1.527011e+00 8.690114e+00 9.697677e+01
5.000000e-01 4.375000e-01  3.977273e-01  1.000000e-01 2.593430e-04 8.000000e-04 4.335472e+02 3.179097e+01 2.256653e+01 6.911666e+01 2.019587e-01 2.454581e+00 1.609473e+00 9.159400e+00 1.022137e+02
5.000000e-01 4.375000e-01  3.977273e-01  1.000000e-01 2.662535e-04 8.000000e-04 4.335472e+02 3.179072e+01 2.255340e+01 6.911157e+01 2.108517e-01 2.570766e+00 1.696388e+00 9.654029e+00 1.077335e+02
5.000000e-01 4.375000e-01  3.977273e-01  1.000000e-01 2.733482e-04 8.000000e-04 4.335472e+02 3.178996e+01 2.253496e+01 6.910274e+01 2.245391e-01 2.715446e+00 1.787997e+00 1.017537e+01 1.135514e+02
5.000000e-01 4.375000e-01  3.977273e-01  1.000000e-01 2.806318e-04 8.000000e-04 4.335472e+02 3.178908e+01 2.252064e+01 6.910166e+01 2.399178e-01 2.851388e+00 1.884553e+00 1.072486e+01 1.196834e+02
5.000000e-01 4.375000e-01  3.977273e-01  1.000000e-01 2.881096e-04 8.000000e-04 4.335472e+02 3.178806e+01 2.249657e+01 6.909123e+01 2.493835e-01 3.026700e+00 1.986323e+00 1.130403e+01 1.261466e+02
5.000000e-01 4.375000e-01  3.977273e-01  1.000000e-01 2.957866e-04 8.000000e-04 4.335472e+02 3.178768e+01 2.247247e+01 6.908445e+01 2.637387e-01 3.188410e+00 2.093589e+00 1.191447e+01 1.329588e+02
5.000000e-01 4.375000e-01  3.977273e-01  1.000000e-01 3.036682e-04 8.000000e-04 4.335472e+02 3.178689e+01 2.246159e+01 6.908140e+01 2.766708e-01 3.355405e+00 2.206648e+00 1.255788e+01 1.401389e+02
5.000000e-01 4.375000e-01  3.977273e-01  1.000000e-01 3.117598e-04 8.000000e-04 4.335472e+02 3.178570e+01 2.241908e+01 6.906484e+01 2.945970e-01 3.572024e+00 2.325812e+00 1.323604e+01 1.477067e+02
5.000000e-01 4.375000e-01  3.977273e-01  1.000000e-01 3.200670e-04 8.000000e-04 4.335472e+02 3.178529e+01 2.240118e+01 6.905866e+01 3.073516e-01 3.729557e+00 2.451411e+00 1.395081e+01 1.556832e+02
5.000000e-01 4.375000e-01  3.977273e-01  1.000000e-01 3.285955e-04 8.000000e-04 4.335472e+02 3.178515e+01 2.238297e+01 6.905534e+01 3.272283e-01 3.909817e+00 2.583793e+00 1.470419e+01 1.640905e+02
5.000000e-01 4.375000e-01  3.977273e-01  1.000000e-01 3.373513e-04 8.000000e-04 4.335472e+02 3.178372e+01 2.234752e+01 6.904471e+01 3.393641e-01 4.138593e+00 2.723324e+00 1.549825e+01 1.729517e+02
5.000000e-01 4.375000e-01  3.977273e-01  1.000000e-01 3.463404e-04 8.000000e-04 4.335472e+02 3.178221e+01 2.233960e+01 6.903702e+01 3.626233e-01 4.370517e+00 2.870390e+00 1.633519e+01 1.822915e+02
5.000000e-01 4.375000e-01  3.977273e-01  1.000000e-01 3.555691e-04 8.000000e-04 4.335472e+02 3.178185e+01 2.229706e+01 6.902544e+01 3.834253e-01 4.540646e+00 3.025397e+00 1.721733e+01 1.921357e+02
5.000000e-01 4.375000e-01  3.977273e-01  1.000000e-01 3.650436e-04 8.000000e-04 4.335472e+02 3.178067e+01 2.226419e+01 6.901757e+01 3.973229e-01 4.842376e+00 3.188776e+00 1.814711e+01 2.025115e+02
5.000000e-01 4.375000e-01  3.977273e-01  1.000000e-01 3.747706e-04 8.000000e-04 4.335472e+02 3.178093e+01 2.223494e+01 6.901165e+01 4.091397e-01 5.103750e+00 3.360977e+00 1.912709e+01 2.134475e+02
5.000000e-01 4.375000e-01  3.977273e-01  1.000000e-01 3.847568e-04 8.000000e-04 4.335472e+02 3.177838e+01 2.220379e+01 6.900139e+01 4.403379e-01 5.416903e+00 3.542478e+00 2.016000e+01 2.249742e+02
5.000000e-01 4.375000e-01  3.977273e-01  1.000000e-01 3.950091e-04 8.000000e-04 4.335472e+02 3.177664e+01 2.216677e+01 6.898658e+01 4.655561e-01 5.649742e+00 3.733780e+00 2.124868e+01 2.371233e+02
5.000000e-01 4.375000e-01  3.977273e-01  1.000000e-01 4.055346e-04 8.000000e-04 4.335472e+02 3.177463e+01 2.213997e+01 6.897311e+01 4.994098e-01 5.954229e+00 3.935413e+00 2.239616e+01 2.499285e+02
5.000000e-01 4.375000e-01  3.977273e-01  1.000000e-01 4.163405e-04 8.000000e-04 4.335472e+02 3.177354e+01 2.209528e+01 6.896604e+01 5.156243e-01 6.324657e+00 4.147934e+00 2.360561e+01 2.634253e+02
5.000000e-01 4.375000e-01  3.977273e-01  1.000000e-01 4.274344e-04 8.000000e-04 4.335472e+02 3.177198e+01 2.205487e+01 6.895438e+01 5.458430e-01 6.604495e+00 4.371932e+00 2.488037e+01 2.776508e+02
5.000000e-01 4.375000e-01  3.977273e-01  1.000000e-01 4.388239e-04 8.000000e-04 4.335472e+02 3.177128e+01 2.200818e+01 6.894235e+01 5.782095e-01 6.988818e+00 4.608026e+00 2.622396e+01 2.926446e+02
5.000000e-01 4.375000e-01  3.977273e-01  1.000000e-01 4.505168e-04 8.000000e-04 4.335472e+02 3.176933e+01 2.195204e+01 6.892912e+01 6.101301e-01 7.373556e+00 4.856871e+00 2.764012e+01 3.084481e+02
5.000000e-01 4.375000e-01  3.977273e-01  1.000000e-01 4.625214e-04 8.000000e-04 4.335472e+02 3.176648e+01 2.190875e+01 6.891236e+01 6.452602e-01 7.794564e+00 5.119153e+00 2.913275e+01 3.251050e+02
5.000000e-01 4.375000e-01  3.977273e-01  1.000000e-01 4.748458e-04 8.000000e-04 4.335472e+02 3.176514e+01 2.185938e+01 6.889623e+01 6.773480e-01 8.203908e+00 5.395599e+00 3.070598e+01 3.426614e+02
5.000000e-01 4.375000e-01  3.977273e-01  1.000000e-01 4.874986e-04 8.000000e-04 4.335472e+02 3.176409e+01 2.180386e+01 6.889196e+01 7.045235e-01 8.702792e+00 5.686974e+00 3.236418e+01 3.611660e+02
5.000000e-01 4.375000e-01  3.977273e-01  1.000000e-01 5.004886e-04 8.000000e-04 4.335472e+02 3.176034e+01 2.174286e+01 6.886375e+01 7.557879e-01 9.109901e+00 5.994084e+00 3.411192e+01 3.806698e+02
5.000000e-01 4.375000e-01  3.977273e-01  1.000000e-01 5.138247e-04 8.000000e-04 4.335472e+02 3.175978e+01 2.169124e+01 6.887039e+01 7.965064e-01 9.571079e+00 6.317778e+00 3.595404e+01 4.012268e+02
5.000000e-01 4.375000e-01  3.977273e-01  1.000000e-01 5.275161e-04 8.000000e-04 4.335472e+02 3.175449e+01 2.163061e+01 6.885297e+01 8.561865e-01 1.014743e+01 6.658953e+00 3.789564e+01 4.228940e+02
5.000000e-01 4.375000e-01  3.977273e-01  1.000000e-01 5.415724e-04 8.000000e-04 4.335472e+02 3.175382e+01 2.157165e+01 6.882845e+01 8.817393e-01 1.062052e+01 7.018551e+00 3.994210e+01 4.457312e+02
5.000000e-01 4.375000e-01  3.977273e-01  1.000000e-01 5.560032e-04 8.000000e-04 4.335472e+02 3.175124e+01 2.152751e+01 6.882174e+01 9.314243e-01 1.120941e+01 7.397570e+00 4.209906e+01 4.698018e+02
5.000000e-01 4.375000e-01  3.977273e-01  1.000000e-01 5.708185e-04 8.000000e-04 4.335472e+02 3.175050e+01 2.146183e+01 6.881078e+01 9.501687e-01 1.187097e+01 7.797055e+00 4.437251e+01 4.951721e+02
5.000000e-01 4.375000e-01  3.977273e-01  1.000000e-01 5.860287e-04 8.000000e-04 4.335472e+02 3.174690e+01 2.136457e+01 6.879484e+01 1.022086e+00 1.240610e+01 8.218115e+00 4.676873e+01 5.219126e+02
5.000000e-01 4.375000e-01  3.977273e-01  1.000000e-01 6.016441e-04 8.000000e-04 4.335472e+02 3.174477e+01 2.128449e+01 6.877102e+01 1.085020e+00 1.316820e+01 8.661912e+00 4.929435e+01 5.500971e+02
5.000000e-01 4.375000e-01  3.977273e-01  1.000000e-01 6.176756e-04 8.000000e-04 4.335472e+02 3.174148e+01 2.123704e+01 6.877628e+01 1.121792e+00 1.380713e+01 9.129675e+00 5.195636e+01 5.798036e+02
5.000000e-01 4.375000e-01  3.977273e-01  1.000000e-01 6.341342e-04 8.000000e-04 4.335472e+02 3.173784e+01 2.113605e+01 6.877549e+01 1.220413e+00 1.471910e+01 9.622699e+00 5.476212e+01 6.111143e+02
5.000000e-01 4.375000e-01  3.977273e-01  1.000000e-01 6.510315e-04 8.000000e-04 4.335472e+02 3.173376e+01 2.105652e+01 6.874775e+01 1.275532e+00 1.528009e+01 1.014235e+01 5.771940e+01 6.441159e+02
5.000000e-01 4.375000e-01  3.977273e-01  1.000000e-01 6.683790e-04 8.000000e-04 4.335472e+02 3.173213e+01 2.097591e+01 6.872962e+01 1.306970e+00 1.625433e+01 1.069006e+01 6.083638e+01 6.788997e+02
5.000000e-01 4.375000e-01  3.977273e-01  1.000000e-01 6.861887e-04 8.000000e-04 4.335472e+02 3.172659e+01 2.089415e+01 6.873160e+01 1.400369e+00 1.695991e+01 1.126735e+01 6.412169e+01 7.155619e+02
5.000000e-01 4.375000e-01  3.977273e-01  1.000000e-01 7.044730e-04 8.000000e-04 4.335472e+02 3.172039e+01 2.080604e+01 6.871799e+01 1.507596e+00 1.796041e+01 1.187581e+01 6.758441e+01 7.542039e+02
5.000000e-01 4.375000e-01  3.977273e-01  1.000000e-01 7.232445e-04 8.000000e-04 4.335472e+02 3.171578e+01 2.065741e+01 6.872643e+01 1.594082e+00 1.899595e+01 1.251713e+01 7.123412e+01 7.949326e+02
5.000000e-01 4.375000e-01  3.977273e-01  1.000000e-01 7.425162e-04 8.000000e-04 4.335472e+02 3.171020e+01 2.053267e+01 6.873605e+01 1.675126e+00 2.021849e+01 1.319308e+01 7.508093e+01 8.378608e+02
5.000000e-01 4.375000e-01  3.977273e-01  1.000000e-01 7.623014e-04 8.000000e-04 4.335472e+02 3.170642e+01 2.047470e+01 6.871124e+01 1.774328e+00 2.096134e+01 1.390554e+01 7.913548e+01 8.831073e+02
5.000000e-01 4.375000e-01  3.977273e-01  1.000000e-01 7.826138e-04 8.000000e-04 4.335472e+02 3.170467e+01 2.035525e+01 6.872589e+01 1.806343e+00 2.228192e+01 1.465647e+01 8.340898e+01 9.307971e+02
5.000000e-01 4.375000e-01  3.977273e-01  1.000000e-01 8.034674e-04 8.000000e-04 4.335472e+02 3.169831e+01 2.026173e+01 6.871929e+01 1.935153e+00 2.352372e+01 1.544796e+01 8.791326e+01 9.810623e+02
5.000000e-01 4.375000e-01  3.977273e-01  1.000000e-01 8.248767e-04 8.000000e-04 4.335472e+02 3.168930e+01 2.009881e+01 6.875172e+01 2.027436e+00 2.504143e+01 1.628218e+01 9.266078e+01 1.034042e+03
5.000000e-01 4.375000e-01  3.977273e-01  1.000000e-01 8.468565e-04 8.000000e-04 4.335472e+02 3.168123e+01 1.999688e+01 6.873434e+01 2.112627e+00 2.612520e+01 1.716146e+01 9.766467e+01 1.089883e+03
5.000000e-01 4.375000e-01  3.977273e-01  1.000000e-01 8.694220e-04 8.000000e-04 4.335472e+02 3.168052e+01 1.991422e+01 6.876964e+01 2.293213e+00 2.750813e+01 1.808822e+01 1.029388e+02 1.148739e+03
5.000000e-01 4.375000e-01  3.977273e-01  1.000000e-01 8.925887e-04 8.000000e-04 4.335472e+02 3.166827e+01 1.976276e+01 6.878508e+01 2.429614e+00 2.882649e+01 1.906502e+01 1.084977e+02 1.210773e+03
5.000000e-01 4.375000e-01  3.977273e-01  1.000000e-01 9.163728e-04 8.000000e-04 4.335472e+02 3.166958e+01 1.965356e+01 6.881493e+01 2.484888e+00 3.051755e+01 2.009458e+01 1.143569e+02 1.276158e+03
5.000000e-01 4.375000e-01  3.977273e-01  1.000000e-01 9.407906e-04 8.000000e-04 4.335472e+02 3.165432e+01 1.951730e+01 6.887641e+01 2.690655e+00 3.241484e+01 2.117973e+01 1.205324e+02 1.345074e+03
5.000000e-01 4.375000e-01  3.977273e-01  1.000000e-01 9.658591e-04 8.000000e-04 4.335472e+02 3.165210e+01 1.941572e+01 6.889719e+01 2.789515e+00 3.373547e+01 2.232349e+01 1.270414e+02 1.417711e+03
5.000000e-01 4.375000e-01  3.977273e-01  1.000000e-01 9.915955e-04 8.000000e-04 4.335472e+02 3.164343e+01 1.927567e+01 6.888622e+01 2.908613e+00 3.547919e+01 2.352901e+01 1.339020e+02 1.494270e+03
5.000000e-01 4.375000e-01  3.977273e-01  1.000000e-01 1.018018e-03 8.000000e-04 4.335472e+02 3.163484e+01 1.909981e+01 6.898621e+01 3.085539e+00 3.759964e+01 2.479963e+01 1.411330e+02 1.574964e+03
5.000000e-01 4.375000e-01  3.977273e-01  1.000000e-01 1.045144e-03 8.000000e-04 4.335472e+02 3.162609e+01 1.900596e+01 6.908630e+01 3.241448e+00 3.972426e+01 2.613887e+01 1.487545e+02 1.660016e+03
5.000000e-01 4.375000e-01  3.977273e-01  1.000000e-01 1.072993e-03 8.000000e-04 4.335472e+02 3.162318e+01 1.879979e+01 6.917768e+01 3.400259e+00 4.189187e+01 2.755043e+01 1.567876e+02 1.749661e+03
5.000000e-01 4.375000e-01  3.977273e-01  1.000000e-01 1.101584e-03 8.000000e-04 4.335472e+02 3.160092e+01 1.870887e+01 6.925118e+01 3.650796e+00 4.376385e+01 2.903821e+01 1.652545e+02 1.844147e+03
5.000000e-01 4.375000e-01  3.977273e-01  1.000000e-01 1.130937e-03 8.000000e-04 4.335472e+02 3.159898e+01 1.850782e+01 6.944878e+01 3.821204e+00 4.681722e+01 3.060635e+01 1.741786e+02 1.943735e+03
5.000000e-01 4.375000e-01  3.977273e-01  1.000000e-01 1.161072e-03 8.000000e-04 4.335472e+02 3.158535e+01 1.837884e+01 6.943743e+01 4.093690e+00 4.887643e+01 3.225916e+01 1.835847e+02 2.048701e+03
5.000000e-01 4.375000e-01  3.977273e-01  1.000000e-01 1.192010e-03 8.000000e-04 4.335472e+02 3.156545e+01 1.821319e+01 6.972510e+01 4.190951e+00 5.174138e+01 3.400123e+01 1.934987e+02 2.159336e+03
5.000000e-01 4.375000e-01  3.977273e-01  1.000000e-01 1.223773e-03 8.000000e-04 4.335472e+02 3.154618e+01 1.809132e+01 6.983762e+01 4.572088e+00 5.429995e+01 3.583738e+01 2.039481e+02 2.275945e+03
5.000000e-01 4.375000e-01  3.977273e-01  1.000000e-01 1.256382e-03 8.000000e-04 4.335472e+02 3.154113e+01 1.799565e+01 7.000841e+01 4.761791e+00 5.719386e+01 3.777268e+01 2.149617e+02 2.398852e+03
5.000000e-01 4.375000e-01  3.977273e-01  1.000000e-01 1.289860e-03 8.000000e-04 4.335472e+02 3.152943e+01 1.787945e+01 7.021391e+01 4.958817e+00 5.982731e+01 3.981249e+01 2.265702e+02 2.528395e+03
5.000000e-01 4.375000e-01  3.977273e-01  1.000000e-01 1.324229e-03 8.000000e-04 4.335472e+02 3.152075e+01 1.771049e+01 7.044136e+01 5.174059e+00 6.417669e+01 4.196246e+01 2.388055e+02 2.664935e+03
5.000000e-01 4.375000e-01  3.977273e-01  1.000000e-01 1.359515e-03 8.000000e-04 4.335472e+02 3.149888e+01 1.761999e+01 7.067743e+01 5.426398e+00 6.718412e+01 4.422853e+01 2.517016e+02 2.808847e+03
5.000000e-01 4.375000e-01  3.977273e-01  1.000000e-01 1.395741e-03 8.000000e-04 4.335472e+02 3.148472e+01 1.747887e+01 7.114937e+01 5.884330e+00 7.130153e+01 4.661698e+01 2.652940e+02 2.960532e+03
5.000000e-01 4.375000e-01  3.977273e-01  1.000000e-01 1.432932e-03 8.000000e-04 4.335472e+02 3.146897e+01 1.742011e+01 7.140099e+01 6.021786e+00 7.482463e+01 4.913441e+01 2.796205e+02 3.120407e+03
5.000000e-01 4.375000e-01  3.977273e-01  1.000000e-01 1.471114e-03 8.000000e-04 4.335472e+02 3.145394e+01 1.733910e+01 7.170299e+01 6.496632e+00 7.834675e+01 5.178778e+01 2.947207e+02 3.288917e+03
5.000000e-01 4.375000e-01  3.977273e-01  1.000000e-01 1.510314e-03 8.000000e-04 4.335472e+02 3.143929e+01 1.726628e+01 7.201659e+01 6.798003e+00 8.293733e+01 5.458444e+01 3.106363e+02 3.466526e+03
5.000000e-01 4.375000e-01  3.977273e-01  1.000000e-01 1.550558e-03 8.000000e-04 4.335472e+02 3.142188e+01 1.722919e+01 7.248691e+01 7.272995e+00 8.725083e+01 5.753213e+01 3.274114e+02 3.653727e+03
5.000000e-01 4.375000e-01  3.977273e-01  1.000000e-01 1.591874e-03 8.000000e-04 4.335472e+02 3.138768e+01 1.717924e+01 7.300529e+01 7.625865e+00 9.226311e+01 6.063900e+01 3.450924e+02 3.851037e+03
5.000000e-01 4.375000e-01  3.977273e-01  1.000000e-01 1.634292e-03 8.000000e-04 4.335472e+02 3.138150e+01 1.714984e+01 7.361558e+01 8.050406e+00 9.769827e+01 6.391366e+01 3.637282e+02 4.059002e+03
5.000000e-01 4.375000e-01  3.977273e-01  1.000000e-01 1.677839e-03 8.000000e-04 4.335472e+02 3.135092e+01 1.719311e+01 7.411768e+01 8.470249e+00 1.024542e+02 6.736515e+01 3.833704e+02 4.278198e+03
5.000000e-01 4.375000e-01  3.977273e-01  1.000000e-01 1.722547e-03 8.000000e-04 4.335472e+02 3.132434e+01 1.713953e+01 7.453531e+01 8.978279e+00 1.076085e+02 7.100302e+01 4.040733e+02 4.509230e+03
5.000000e-01 4.375000e-01  3.977273e-01  1.000000e-01 1.768447e-03 8.000000e-04 4.335472e+02 3.128924e+01 1.731337e+01 7.567469e+01 9.354002e+00 1.145549e+02 7.483736e+01 4.258943e+02 4.752740e+03
5.000000e-01 4.375000e-01  3.977273e-01  1.000000e-01 1.815569e-03 8.000000e-04 4.335472e+02 3.128128e+01 1.730729e+01 7.607199e+01 9.946465e+00 1.206830e+02 7.887875e+01 4.488936e+02 5.009399e+03
5.000000e-01 4.375000e-01  3.977273e-01  1.000000e-01 1.863947e-03 8.000000e-04 4.335472e+02 3.126568e+01 1.754547e+01 7.722879e+01 1.024555e+01 1.256711e+02 8.313840e+01 4.731349e+02 5.279919e+03
5.000000e-01 4.375000e-01  3.977273e-01  1.000000e-01 1.913614e-03 8.000000e-04 4.335472e+02 3.122989e+01 1.781399e+01 7.842970e+01 1.089357e+01 1.332100e+02 8.762807e+01 4.986853e+02 5.565047e+03
5.000000e-01 4.375000e-01  3.977273e-01  1.000000e-01 1.964605e-03 8.000000e-04 4.335472e+02 3.120114e+01 1.793494e+01 7.916488e+01 1.149994e+01 1.399107e+02 9.236020e+01 5.256156e+02 5.865573e+03
5.000000e-01 4.375000e-01  3.977273e-01  1.000000e-01 2.016954e-03 8.000000e-04 4.335472e+02 3.114879e+01 1.815578e+01 8.009218e+01 1.231359e+01 1.480831e+02 9.734787e+01 5.540001e+02 6.182328e+03
5.000000e-01 4.375000e-01  3.977273e-01  1.000000e-01 2.070698e-03 8.000000e-04 4.335472e+02 3.113104e+01 1.846949e+01 8.131871e+01 1.271748e+01 1.559529e+02 1.026049e+02 5.839174e+02 6.516189e+03
5.000000e-01 4.375000e-01  3.977273e-01  1.000000e-01 2.125874e-03 8.000000e-04 4.335472e+02 3.108201e+01 1.870436e+01 8.217701e+01 1.351194e+01 1.657052e+02 1.081458e+02 6.154504e+02 6.868079e+03
5.000000e-01 4.375000e-01  3.977273e-01  1.000000e-01 2.182521e-03 8.000000e-04 4.335472e+02 3.105453e+01 1.926404e+01 8.397455e+01 1.398015e+01 1.742832e+02 1.139859e+02 6.486862e+02 7.238972e+03
5.000000e-01 4.375000e-01  3.977273e-01  1.000000e-01 2.240677e-03 8.000000e-04 4.335472e+02 3.097505e+01 1.952687e+01 8.468097e+01 1.501772e+01 1.835274e+02 1.201415e+02 6.837168e+02 7.629894e+03
5.000000e-01 4.375000e-01  3.977273e-01  1.000000e-01 2.300382e-03 8.000000e-04 4.335472e+02 3.097822e+01 2.002706e+01 8.627048e+01 1.575904e+01 1.929496e+02 1.266294e+02 7.206392e+02 8.041927e+03
5.000000e-01 4.375000e-01  3.977273e-01  1.000000e-01 2.361679e-03 8.000000e-04 4.335472e+02 3.088144e+01 2.063573e+01 8.785889e+01 1.717036e+01 2.027713e+02 1.334677e+02 7.595555e+02 8.476211e+03
5.000000e-01 4.375000e-01  3.977273e-01  1.000000e-01 2.424609e-03 8.000000e-04 4.335472e+02 3.087883e+01 2.081847e+01 8.841730e+01 1.757467e+01 2.145222e+02 1.406753e+02 8.005734e+02 8.933947e+03
5.000000e-01 4.375000e-01  3.977273e-01  1.000000e-01 2.489215e-03 8.000000e-04 4.335472e+02 3.077364e+01 2.156714e+01 9.025815e+01 1.856765e+01 2.259278e+02 1.482721e+02 8.438063e+02 9.416403e+03
5.000000e-01 4.375000e-01  3.977273e-01  1.000000e-01 2.555544e-03 8.000000e-04 4.335472e+02 3.077639e+01 2.238283e+01 9.245664e+01 1.962968e+01 2.370824e+02 1.562792e+02 8.893740e+02 9.924912e+03
5.000000e-01 4.375000e-01  3.977273e-01  1.000000e-01 2.623639e-03 8.000000e-04 4.335472e+02 3.072194e+01 2.274324e+01 9.324644e+01 2.020718e+01 2.476911e+02 1.647186e+02 9.374024e+02 1.046088e+04
5.000000e-01 4.375000e-01  3.977273e-01  1.000000e-01 2.693549e-03 8.000000e-04 4.335472e+02 3.061923e+01 2.367769e+01 9.544104e+01 2.185212e+01 2.628104e+02 1.736138e+02 9.880245e+02 1.102580e+04
5.000000e-01 4.375000e-01  3.977273e-01  1.000000e-01 2.765322e-03 8.000000e-04 4.335472e+02 3.055989e+01 2.473066e+01 9.798408e+01 2.295570e+01 2.748727e+02 1.829894e+02 1.041380e+03 1.162122e+04
