1.000000e-01 4.125000e-02  3.750000e-02  1.000000e-01 2.000000e-06 8.000000e-04 1.079300e+05 3.180203e+01 2.288802e+01 6.923341e+01 3.626088e-05 2.411723e-05 1.949659e-04 3.554972e-03 1.225025e-02
1.000000e-01 4.125000e-02  3.750000e-02  1.000000e-01 2.053292e-06 8.000000e-04 1.079300e+05 3.180203e+01 2.288802e+01 6.923341e+01 3.900636e-05 2.515774e-05 2.054945e-04 3.746948e-03 1.291179e-02
1.000000e-01 4.125000e-02  3.750000e-02  1.000000e-01 2.108005e-06 8.000000e-04 1.079300e+05 3.180203e+01 2.288802e+01 6.923341e+01 3.938314e-05 2.642229e-05 2.165917e-04 3.949292e-03 1.360906e-02
1.000000e-01 4.125000e-02  3.750000e-02  1.000000e-01 2.164175e-06 8.000000e-04 1.079300e+05 3.180203e+01 2.288802e+01 6.923341e+01 4.415107e-05 2.850959e-05 2.282881e-04 4.162563e-03 1.434398e-02
1.000000e-01 4.125000e-02  3.750000e-02  1.000000e-01 2.221842e-06 8.000000e-04 1.079300e+05 3.180203e+01 2.288802e+01 6.923341e+01 4.399772e-05 2.998024e-05 2.406162e-04 4.387351e-03 1.511859e-02
1.000000e-01 4.125000e-02  3.750000e-02  1.000000e-01 2.281045e-06 8.000000e-04 1.079300e+05 3.180203e+01 2.288802e+01 6.923341e+01 4.875084e-05 3.151189e-05 2.536101e-04 4.624278e-03 1.593502e-02
1.000000e-01 4.125000e-02  3.750000e-02  1.000000e-01 2.341826e-06 8.000000e-04 1.079300e+05 3.180203e+01 2.288802e+01 6.923341e+01 5.117674e-05 3.317062e-05 2.673056e-04 4.874000e-03 1.679555e-02
1.000000e-01 4.125000e-02  3.750000e-02  1.000000e-01 2.404227e-06 8.000000e-04 1.079300e+05 3.180203e+01 2.288802e+01 6.923341e+01 5.311025e-05 3.491553e-05 2.817407e-04 5.137207e-03 1.770255e-02
1.000000e-01 4.125000e-02  3.750000e-02  1.000000e-01 2.468290e-06 8.000000e-04 1.079300e+05 3.180203e+01 2.288802e+01 6.923341e+01 5.767218e-05 3.719820e-05 2.969554e-04 5.414628e-03 1.865853e-02
1.000000e-01 4.125000e-02  3.750000e-02  1.000000e-01 2.534061e-06 8.000000e-04 1.079300e+05 3.180203e+01 2.288802e+01 6.923341e+01 5.804446e-05 3.859254e-05 3.129916e-04 5.707031e-03 1.966613e-02
1.000000e-01 4.125000e-02  3.750000e-02  1.000000e-01 2.601584e-06 8.000000e-04 1.079300e+05 3.180203e+01 2.288802e+01 6.923341e+01 6.322335e-05 4.080373e-05 3.298939e-04 6.015223e-03 2.072815e-02
1.000000e-01 4.125000e-02  3.750000e-02  1.000000e-01 2.670906e-06 8.000000e-04 1.079300e+05 3.180203e+01 2.288802e+01 6.923341e+01 6.541783e-05 4.340659e-05 3.477089e-04 6.340059e-03 2.184752e-02
1.000000e-01 4.125000e-02  3.750000e-02  1.000000e-01 2.742075e-06 8.000000e-04 1.079300e+05 3.180203e+01 2.288802e+01 6.923340e+01 7.436584e-05 4.506491e-05 3.664860e-04 6.682437e-03 2.302733e-02
1.000000e-01 4.125000e-02  3.750000e-02  1.000000e-01 2.815141e-06 8.000000e-04 1.079300e+05 3.180203e+01 2.288802e+01 6.923340e+01 7.410277e-05 4.738581e-05 3.862771e-04 7.043304e-03 2.427086e-02
1.000000e-01 4.125000e-02  3.750000e-02  1.000000e-01 2.890154e-06 8.000000e-04 1.079300e+05 3.180203e+01 2.288802e+01 6.923340e+01 7.697058e-05 5.072726e-05 4.071370e-04 7.423659e-03 2.558155e-02
1.000000e-01 4.125000e-02  3.750000e-02  1.000000e-01 2.967165e-06 8.000000e-04 1.079300e+05 3.180203e+01 2.288801e+01 6.923340e+01 8.303575e-05 5.318383e-05 4.291233e-04 7.824554e-03 2.696301e-02
1.000000e-01 4.125000e-02  3.750000e-02  1.000000e-01 3.046229e-06 8.000000e-04 1.079300e+05 3.180203e+01 2.288801e+01 6.923340e+01 8.925221e-05 5.699531e-05 4.522970e-04 8.247098e-03 2.841907e-02
1.000000e-01 4.125000e-02  3.750000e-02  1.000000e-01 3.127399e-06 8.000000e-04 1.079300e+05 3.180203e+01 2.288801e+01 6.923340e+01 9.232278e-05 5.922961e-05 4.767220e-04 8.692460e-03 2.995377e-02
1.000000e-01 4.125000e-02  3.750000e-02  1.000000e-01 3.210732e-06 8.000000e-04 1.079300e+05 3.180203e+01 2.288801e+01 6.923340e+01 9.449652e-05 6.197250e-05 5.024661e-04 9.161873e-03 3.157134e-02
1.000000e-01 4.125000e-02  3.750000e-02  1.000000e-01 3.296286e-06 8.000000e-04 1.079300e+05 3.180203e+01 2.288801e+01 6.923340e+01 1.027732e-04 6.531002e-05 5.296005e-04 9.656635e-03 3.327627e-02
1.000000e-01 4.125000e-02  3.750000e-02  1.000000e-01 3.384119e-06 8.000000e-04 1.079300e+05 3.180203e+01 2.288801e+01 6.923340e+01 1.034999e-04 6.930868e-05 5.582001e-04 1.017812e-02 3.507326e-02
1.000000e-01 4.125000e-02  3.750000e-02  1.000000e-01 3.474293e-06 8.000000e-04 1.079300e+05 3.180203e+01 2.288801e+01 6.923340e+01 1.094503e-04 7.364140e-05 5.883442e-04 1.072776e-02 3.696730e-02
1.000000e-01 4.125000e-02  3.750000e-02  1.000000e-01 3.566869e-06 8.000000e-04 1.079300e+05 3.180203e+01 2.288801e+01 6.923340e+01 1.189212e-04 7.571441e-05 6.201162e-04 1.130708e-02 3.896362e-02
1.000000e-01 4.125000e-02  3.750000e-02  1.000000e-01 3.661913e-06 8.000000e-04 1.079300e+05 3.180203e+01 2.288801e+01 6.923340e+01 1.217971e-04 8.031671e-05 6.536039e-04 1.191769e-02 4.106775e-02
1.000000e-01 4.125000e-02  3.750000e-02  1.000000e-01 3.759488e-06 8.000000e-04 1.079300e+05 3.180203e+01 2.288801e+01 6.923340e+01 1.296158e-04 8.508035e-05 6.889000e-04 1.256127e-02 4.328550e-02
1.000000e-01 4.125000e-02  3.750000e-02  1.000000e-01 3.859664e-06 8.000000e-04 1.079300e+05 3.180203e+01 2.288801e+01 6.923340e+01 1.388908e-04 9.005023e-05 7.261022e-04 1.323961e-02 4.562302e-02
1.000000e-01 4.125000e-02  3.750000e-02  1.000000e-01 3.962510e-06 8.000000e-04 1.079300e+05 3.180203e+01 2.288801e+01 6.923340e+01 1.456920e-04 9.526749e-05 7.653134e-04 1.395458e-02 4.808676e-02
1.000000e-01 4.125000e-02  3.750000e-02  1.000000e-01 4.068095e-06 8.000000e-04 1.079300e+05 3.180202e+01 2.288801e+01 6.923340e+01 1.476866e-04 9.963173e-05 8.066421e-04 1.470816e-02 5.068356e-02
1.000000e-01 4.125000e-02  3.750000e-02  1.000000e-01 4.176494e-06 8.000000e-04 1.079300e+05 3.180202e+01 2.288801e+01 6.923340e+01 1.590341e-04 1.065529e-04 8.502026e-04 1.550243e-02 5.342059e-02
1.000000e-01 4.125000e-02  3.750000e-02  1.000000e-01 4.287782e-06 8.000000e-04 1.079300e+05 3.180202e+01 2.288801e+01 6.923340e+01 1.730248e-04 1.113110e-04 8.961155e-04 1.633960e-02 5.630543e-02
1.000000e-01 4.125000e-02  3.750000e-02  1.000000e-01 4.402035e-06 8.000000e-04 1.079300e+05 3.180202e+01 2.288801e+01 6.923339e+01 1.769353e-04 1.166788e-04 9.445078e-04 1.722198e-02 5.934605e-02
1.000000e-01 4.125000e-02  3.750000e-02  1.000000e-01 4.519332e-06 8.000000e-04 1.079300e+05 3.180202e+01 2.288801e+01 6.923339e+01 1.919223e-04 1.225335e-04 9.955134e-04 1.815200e-02 6.255087e-02
1.000000e-01 4.125000e-02  3.750000e-02  1.000000e-01 4.639755e-06 8.000000e-04 1.079300e+05 3.180202e+01 2.288801e+01 6.923339e+01 1.964996e-04 1.285713e-04 1.049273e-03 1.913225e-02 6.592876e-02
1.000000e-01 4.125000e-02  3.750000e-02  1.000000e-01 4.763386e-06 8.000000e-04 1.079300e+05 3.180202e+01 2.288801e+01 6.923339e+01 2.016704e-04 1.387662e-04 1.105937e-03 2.016544e-02 6.948907e-02
1.000000e-01 4.125000e-02  3.750000e-02  1.000000e-01 4.890312e-06 8.000000e-04 1.079300e+05 3.180202e+01 2.288801e+01 6.923339e+01 2.162557e-04 1.457459e-04 1.165660e-03 2.125442e-02 7.324164e-02
1.000000e-01 4.125000e-02  3.750000e-02  1.000000e-01 5.020620e-06 8.000000e-04 1.079300e+05 3.180202e+01 2.288800e+01 6.923339e+01 2.423493e-04 1.521024e-04 1.228608e-03 2.240221e-02 7.719686e-02
1.000000e-01 4.125000e-02  3.750000e-02  1.000000e-01 5.154400e-06 8.000000e-04 1.079300e+05 3.180202e+01 2.288800e+01 6.923339e+01 2.397917e-04 1.605690e-04 1.294956e-03 2.361198e-02 8.136567e-02
1.000000e-01 4.125000e-02  3.750000e-02  1.000000e-01 5.291745e-06 8.000000e-04 1.079300e+05 3.180202e+01 2.288800e+01 6.923338e+01 2.579257e-04 1.697469e-04 1.364886e-03 2.488708e-02 8.575960e-02
1.000000e-01 4.125000e-02  3.750000e-02  1.000000e-01 5.432750e-06 8.000000e-04 1.079300e+05 3.180202e+01 2.288800e+01 6.923339e+01 2.675006e-04 1.771879e-04 1.438593e-03 2.623104e-02 9.039082e-02
1.000000e-01 4.125000e-02  3.750000e-02  1.000000e-01 5.577512e-06 8.000000e-04 1.079300e+05 3.180202e+01 2.288800e+01 6.923338e+01 2.967204e-04 1.878015e-04 1.516281e-03 2.764758e-02 9.527213e-02
1.000000e-01 4.125000e-02  3.750000e-02  1.000000e-01 5.726131e-06 8.000000e-04 1.079300e+05 3.180202e+01 2.288800e+01 6.923338e+01 3.047543e-04 1.977208e-04 1.598163e-03 2.914061e-02 1.004170e-01
1.000000e-01 4.125000e-02  3.750000e-02  1.000000e-01 5.878710e-06 8.000000e-04 1.079300e+05 3.180202e+01 2.288800e+01 6.923338e+01 3.265977e-04 2.055003e-04 1.684468e-03 3.071427e-02 1.058398e-01
1.000000e-01 4.125000e-02  3.750000e-02  1.000000e-01 6.035355e-06 8.000000e-04 1.079300e+05 3.180202e+01 2.288800e+01 6.923338e+01 3.443543e-04 2.198178e-04 1.775433e-03 3.237291e-02 1.115554e-01
1.000000e-01 4.125000e-02  3.750000e-02  1.000000e-01 6.196174e-06 8.000000e-04 1.079300e+05 3.180202e+01 2.288800e+01 6.923338e+01 3.413023e-04 2.345735e-04 1.871311e-03 3.412113e-02 1.175796e-01
1.000000e-01 4.125000e-02  3.750000e-02  1.000000e-01 6.361278e-06 8.000000e-04 1.079300e+05 3.180202e+01 2.288799e+01 6.923337e+01 3.756796e-04 2.462908e-04 1.972366e-03 3.596374e-02 1.239292e-01
1.000000e-01 4.125000e-02  3.750000e-02  1.000000e-01 6.530782e-06 8.000000e-04 1.079300e+05 3.180201e+01 2.288799e+01 6.923337e+01 4.010803e-04 2.599891e-04 2.078878e-03 3.790587e-02 1.306217e-01
1.000000e-01 4.125000e-02  3.750000e-02  1.000000e-01 6.704802e-06 8.000000e-04 1.079300e+05 3.180201e+01 2.288799e+01 6.923337e+01 4.101575e-04 2.703546e-04 2.191142e-03 3.995287e-02 1.376755e-01
1.000000e-01 4.125000e-02  3.750000e-02  1.000000e-01 6.883459e-06 8.000000e-04 1.079300e+05 3.180201e+01 2.288799e+01 6.923337e+01 4.486521e-04 2.922277e-04 2.309469e-03 4.211042e-02 1.451103e-01
1.000000e-01 4.125000e-02  3.750000e-02  1.000000e-01 7.066877e-06 8.000000e-04 1.079300e+05 3.180201e+01 2.288799e+01 6.923336e+01 4.771615e-04 3.074520e-04 2.434186e-03 4.438448e-02 1.529466e-01
1.000000e-01 4.125000e-02  3.750000e-02  1.000000e-01 7.255182e-06 8.000000e-04 1.079300e+05 3.180201e+01 2.288799e+01 6.923336e+01 4.689731e-04 3.160971e-04 2.565637e-03 4.678135e-02 1.612061e-01
1.000000e-01 4.125000e-02  3.750000e-02  1.000000e-01 7.448504e-06 8.000000e-04 1.079300e+05 3.180201e+01 2.288799e+01 6.923337e+01 4.854250e-04 3.354358e-04 2.704188e-03 4.930765e-02 1.699116e-01
1.000000e-01 4.125000e-02  3.750000e-02  1.000000e-01 7.646978e-06 8.000000e-04 1.079300e+05 3.180201e+01 2.288798e+01 6.923336e+01 5.374795e-04 3.540215e-04 2.850220e-03 5.197037e-02 1.790872e-01
1.000000e-01 4.125000e-02  3.750000e-02  1.000000e-01 7.850741e-06 8.000000e-04 1.079300e+05 3.180201e+01 2.288798e+01 6.923335e+01 5.648018e-04 3.716400e-04 3.004138e-03 5.477690e-02 1.887584e-01
1.000000e-01 4.125000e-02  3.750000e-02  1.000000e-01 8.059933e-06 8.000000e-04 1.079300e+05 3.180200e+01 2.288798e+01 6.923335e+01 5.887551e-04 3.949630e-04 3.166369e-03 5.773497e-02 1.989517e-01
1.000000e-01 4.125000e-02  3.750000e-02  1.000000e-01 8.274699e-06 8.000000e-04 1.079300e+05 3.180201e+01 2.288798e+01 6.923335e+01 6.296819e-04 4.132294e-04 3.337360e-03 6.085280e-02 2.096956e-01
1.000000e-01 4.125000e-02  3.750000e-02  1.000000e-01 8.495188e-06 8.000000e-04 1.079300e+05 3.180200e+01 2.288797e+01 6.923335e+01 6.697323e-04 4.368793e-04 3.517585e-03 6.413899e-02 2.210197e-01
1.000000e-01 4.125000e-02  3.750000e-02  1.000000e-01 8.721552e-06 8.000000e-04 1.079300e+05 3.180200e+01 2.288797e+01 6.923334e+01 6.777035e-04 4.628159e-04 3.707543e-03 6.760264e-02 2.329552e-01
1.000000e-01 4.125000e-02  3.750000e-02  1.000000e-01 8.953948e-06 8.000000e-04 1.079300e+05 3.180200e+01 2.288797e+01 6.923334e+01 6.907826e-04 4.902998e-04 3.907759e-03 7.125334e-02 2.455353e-01
1.000000e-01 4.125000e-02  3.750000e-02  1.000000e-01 9.192536e-06 8.000000e-04 1.079300e+05 3.180200e+01 2.288797e+01 6.923333e+01 7.519071e-04 5.056797e-04 4.118787e-03 7.510119e-02 2.587948e-01
1.000000e-01 4.125000e-02  3.750000e-02  1.000000e-01 9.437481e-06 8.000000e-04 1.079300e+05 3.180200e+01 2.288796e+01 6.923334e+01 7.976200e-04 5.360359e-04 4.341211e-03 7.915682e-02 2.727703e-01
1.000000e-01 4.125000e-02  3.750000e-02  1.000000e-01 9.688954e-06 8.000000e-04 1.079300e+05 3.180200e+01 2.288796e+01 6.923333e+01 8.230656e-04 5.668790e-04 4.575646e-03 8.343147e-02 2.875006e-01
1.000000e-01 4.125000e-02  3.750000e-02  1.000000e-01 9.947127e-06 8.000000e-04 1.079300e+05 3.180199e+01 2.288796e+01 6.923331e+01 9.158526e-04 6.062699e-04 4.822742e-03 8.793697e-02 3.030263e-01
1.000000e-01 4.125000e-02  3.750000e-02  1.000000e-01 1.021218e-05 8.000000e-04 1.079300e+05 3.180199e+01 2.288796e+01 6.923332e+01 9.739165e-04 6.322710e-04 5.083181e-03 9.268577e-02 3.193904e-01
1.000000e-01 4.125000e-02  3.750000e-02  1.000000e-01 1.048430e-05 8.000000e-04 1.079300e+05 3.180199e+01 2.288795e+01 6.923330e+01 1.023534e-03 6.688568e-04 5.357684e-03 9.769101e-02 3.366382e-01
1.000000e-01 4.125000e-02  3.750000e-02  1.000000e-01 1.076366e-05 8.000000e-04 1.079300e+05 3.180198e+01 2.288795e+01 6.923330e+01 1.071562e-03 6.941405e-04 5.647012e-03 1.029666e-01 3.548174e-01
1.000000e-01 4.125000e-02  3.750000e-02  1.000000e-01 1.105047e-05 8.000000e-04 1.079300e+05 3.180199e+01 2.288794e+01 6.923330e+01 1.147368e-03 7.341427e-04 5.951964e-03 1.085270e-01 3.739784e-01
1.000000e-01 4.125000e-02  3.750000e-02  1.000000e-01 1.134492e-05 8.000000e-04 1.079300e+05 3.180198e+01 2.288794e+01 6.923329e+01 1.176821e-03 7.778944e-04 6.273383e-03 1.143877e-01 3.941741e-01
1.000000e-01 4.125000e-02  3.750000e-02  1.000000e-01 1.164722e-05 8.000000e-04 1.079300e+05 3.180198e+01 2.288794e+01 6.923329e+01 1.207075e-03 8.082973e-04 6.612160e-03 1.205649e-01 4.154604e-01
1.000000e-01 4.125000e-02  3.750000e-02  1.000000e-01 1.195758e-05 8.000000e-04 1.079300e+05 3.180198e+01 2.288793e+01 6.923328e+01 1.251583e-03 8.605169e-04 6.969232e-03 1.270757e-01 4.378962e-01
1.000000e-01 4.125000e-02  3.750000e-02  1.000000e-01 1.227620e-05 8.000000e-04 1.079300e+05 3.180197e+01 2.288793e+01 6.923327e+01 1.429164e-03 8.991217e-04 7.345587e-03 1.339381e-01 4.615436e-01
1.000000e-01 4.125000e-02  3.750000e-02  1.000000e-01 1.260331e-05 8.000000e-04 1.079300e+05 3.180197e+01 2.288792e+01 6.923326e+01 1.492130e-03 9.593361e-04 7.742266e-03 1.411710e-01 4.864681e-01
1.000000e-01 4.125000e-02  3.750000e-02  1.000000e-01 1.293914e-05 8.000000e-04 1.079300e+05 3.180197e+01 2.288792e+01 6.923325e+01 1.534012e-03 1.003695e-03 8.160366e-03 1.487946e-01 5.127385e-01
1.000000e-01 4.125000e-02  3.750000e-02  1.000000e-01 1.328392e-05 8.000000e-04 1.079300e+05 3.180196e+01 2.288791e+01 6.923324e+01 1.634791e-03 1.073754e-03 8.601045e-03 1.568298e-01 5.404275e-01
1.000000e-01 4.125000e-02  3.750000e-02  1.000000e-01 1.363789e-05 8.000000e-04 1.079300e+05 3.180196e+01 2.288790e+01 6.923323e+01 1.768223e-03 1.133886e-03 9.065521e-03 1.652990e-01 5.696119e-01
1.000000e-01 4.125000e-02  3.750000e-02  1.000000e-01 1.400128e-05 8.000000e-04 1.079300e+05 3.180195e+01 2.288790e+01 6.923322e+01 1.797295e-03 1.179085e-03 9.555080e-03 1.742255e-01 6.003722e-01
1.000000e-01 4.125000e-02  3.750000e-02  1.000000e-01 1.437436e-05 8.000000e-04 1.079300e+05 3.180194e+01 2.288790e+01 6.923321e+01 1.894366e-03 1.235048e-03 1.007108e-02 1.836341e-01 6.327937e-01
1.000000e-01 4.125000e-02  3.750000e-02  1.000000e-01 1.475738e-05 8.000000e-04 1.079300e+05 3.180195e+01 2.288788e+01 6.923321e+01 1.917479e-03 1.303167e-03 1.061494e-02 1.935508e-01 6.669660e-01
1.000000e-01 4.125000e-02  3.750000e-02  1.000000e-01 1.515061e-05 8.000000e-04 1.079300e+05 3.180195e+01 2.288788e+01 6.923321e+01 1.974197e-03 1.366920e-03 1.118817e-02 2.040030e-01 7.029837e-01
1.000000e-01 4.125000e-02  3.750000e-02  1.000000e-01 1.555432e-05 8.000000e-04 1.079300e+05 3.180194e+01 2.288787e+01 6.923318e+01 2.290804e-03 1.453622e-03 1.179236e-02 2.150196e-01 7.409465e-01
1.000000e-01 4.125000e-02  3.750000e-02  1.000000e-01 1.596878e-05 8.000000e-04 1.079300e+05 3.180193e+01 2.288786e+01 6.923318e+01 2.288768e-03 1.569500e-03 1.242917e-02 2.266312e-01 7.809593e-01
1.000000e-01 4.125000e-02  3.750000e-02  1.000000e-01 1.639429e-05 8.000000e-04 1.079300e+05 3.180193e+01 2.288785e+01 6.923317e+01 2.486371e-03 1.626135e-03 1.310037e-02 2.388698e-01 8.231329e-01
1.000000e-01 4.125000e-02  3.750000e-02  1.000000e-01 1.683113e-05 8.000000e-04 1.079300e+05 3.180192e+01 2.288784e+01 6.923314e+01 2.641148e-03 1.695103e-03 1.380782e-02 2.517693e-01 8.675840e-01
1.000000e-01 4.125000e-02  3.750000e-02  1.000000e-01 1.727962e-05 8.000000e-04 1.079300e+05 3.180191e+01 2.288783e+01 6.923311e+01 2.841417e-03 1.809198e-03 1.455348e-02 2.653654e-01 9.144355e-01
1.000000e-01 4.125000e-02  3.750000e-02  1.000000e-01 1.774005e-05 8.000000e-04 1.079300e+05 3.180191e+01 2.288782e+01 6.923311e+01 2.867930e-03 1.881714e-03 1.533940e-02 2.796958e-01 9.638172e-01
1.000000e-01 4.125000e-02  3.750000e-02  1.000000e-01 1.821276e-05 8.000000e-04 1.079300e+05 3.180191e+01 2.288782e+01 6.923313e+01 3.070860e-03 1.956157e-03 1.616776e-02 2.948000e-01 1.015866e+00
1.000000e-01 4.125000e-02  3.750000e-02  1.000000e-01 1.869805e-05 8.000000e-04 1.079300e+05 3.180190e+01 2.288780e+01 6.923310e+01 3.222660e-03 2.089982e-03 1.704086e-02 3.107198e-01 1.070725e+00
1.000000e-01 4.125000e-02  3.750000e-02  1.000000e-01 1.919629e-05 8.000000e-04 1.079300e+05 3.180188e+01 2.288778e+01 6.923305e+01 3.416288e-03 2.259927e-03 1.796111e-02 3.274994e-01 1.128546e+00
1.000000e-01 4.125000e-02  3.750000e-02  1.000000e-01 1.970779e-05 8.000000e-04 1.079300e+05 3.180190e+01 2.288778e+01 6.923309e+01 3.480728e-03 2.369160e-03 1.893105e-02 3.451852e-01 1.189490e+00
1.000000e-01 4.125000e-02  3.750000e-02  1.000000e-01 2.023293e-05 8.000000e-04 1.079300e+05 3.180188e+01 2.288777e+01 6.923304e+01 3.715667e-03 2.437105e-03 1.995337e-02 3.638260e-01 1.253726e+00
1.000000e-01 4.125000e-02  3.750000e-02  1.000000e-01 2.077206e-05 8.000000e-04 1.079300e+05 3.180188e+01 2.288776e+01 6.923303e+01 3.900219e-03 2.609467e-03 2.103090e-02 3.834734e-01 1.321430e+00
1.000000e-01 4.125000e-02  3.750000e-02  1.000000e-01 2.132555e-05 8.000000e-04 1.079300e+05 3.180186e+01 2.288773e+01 6.923300e+01 4.220451e-03 2.752769e-03 2.216661e-02 4.041819e-01 1.392790e+00
1.000000e-01 4.125000e-02  3.750000e-02  1.000000e-01 2.189380e-05 8.000000e-04 1.079300e+05 3.180185e+01 2.288772e+01 6.923297e+01 4.438898e-03 2.889499e-03 2.336366e-02 4.260086e-01 1.468004e+00
1.000000e-01 4.125000e-02  3.750000e-02  1.000000e-01 2.247718e-05 8.000000e-04 1.079300e+05 3.180186e+01 2.288771e+01 6.923298e+01 4.535545e-03 3.118276e-03 2.462535e-02 4.490141e-01 1.547279e+00
1.000000e-01 4.125000e-02  3.750000e-02  1.000000e-01 2.307611e-05 8.000000e-04 1.079300e+05 3.180184e+01 2.288770e+01 6.923295e+01 4.666752e-03 3.165161e-03 2.595518e-02 4.732619e-01 1.630836e+00
1.000000e-01 4.125000e-02  3.750000e-02  1.000000e-01 2.369100e-05 8.000000e-04 1.079300e+05 3.180181e+01 2.288768e+01 6.923287e+01 5.368904e-03 3.378056e-03 2.735682e-02 4.988191e-01 1.718905e+00
1.000000e-01 4.125000e-02  3.750000e-02  1.000000e-01 2.432228e-05 8.000000e-04 1.079300e+05 3.180180e+01 2.288768e+01 6.923286e+01 5.261183e-03 3.471997e-03 2.883415e-02 5.257565e-01 1.811730e+00
1.000000e-01 4.125000e-02  3.750000e-02  1.000000e-01 2.497037e-05 8.000000e-04 1.079300e+05 3.180179e+01 2.288763e+01 6.923281e+01 5.669130e-03 3.769979e-03 3.039126e-02 5.541485e-01 1.909567e+00
1.000000e-01 4.125000e-02  3.750000e-02  1.000000e-01 2.563574e-05 8.000000e-04 1.079300e+05 3.180177e+01 2.288760e+01 6.923277e+01 5.772707e-03 3.991739e-03 3.203246e-02 5.840738e-01 2.012688e+00
1.000000e-01 4.125000e-02  3.750000e-02  1.000000e-01 2.631883e-05 8.000000e-04 1.079300e+05 3.180179e+01 2.288758e+01 6.923282e+01 6.164452e-03 4.228692e-03 3.376229e-02 6.156152e-01 2.121378e+00
1.000000e-01 4.125000e-02  3.750000e-02  1.000000e-01 2.702013e-05 8.000000e-04 1.079300e+05 3.180177e+01 2.288757e+01 6.923278e+01 6.739820e-03 4.464555e-03 3.558553e-02 6.488598e-01 2.235938e+00
1.000000e-01 4.125000e-02  3.750000e-02  1.000000e-01 2.774011e-05 8.000000e-04 1.079300e+05 3.180173e+01 2.288752e+01 6.923270e+01 7.021352e-03 4.621947e-03 3.750723e-02 6.838997e-01 2.356683e+00
1.000000e-01 4.125000e-02  3.750000e-02  1.000000e-01 2.847928e-05 8.000000e-04 1.079300e+05 3.180173e+01 2.288752e+01 6.923268e+01 7.425271e-03 4.885746e-03 3.953271e-02 7.208319e-01 2.483950e+00
1.000000e-01 4.125000e-02  3.750000e-02  1.000000e-01 2.923814e-05 8.000000e-04 1.079300e+05 3.180173e+01 2.288748e+01 6.923265e+01 7.673167e-03 5.189293e-03 4.166756e-02 7.597585e-01 2.618089e+00
1.000000e-01 4.125000e-02  3.750000e-02  1.000000e-01 3.001722e-05 8.000000e-04 1.079300e+05 3.180169e+01 2.288746e+01 6.923258e+01 8.082069e-03 5.449651e-03 4.391771e-02 8.007872e-01 2.759472e+00
1.000000e-01 4.125000e-02  3.750000e-02  1.000000e-01 3.081707e-05 8.000000e-04 1.079300e+05 3.180165e+01 2.288743e+01 6.923250e+01 8.882196e-03 5.673984e-03 4.628936e-02 8.440316e-01 2.908489e+00
1.000000e-01 4.125000e-02  3.750000e-02  1.000000e-01 3.163822e-05 8.000000e-04 1.079300e+05 3.180166e+01 2.288739e+01 6.923249e+01 9.034719e-03 5.944775e-03 4.878910e-02 8.896112e-01 3.065555e+00
1.000000e-01 4.125000e-02  3.750000e-02  1.000000e-01 3.248126e-05 8.000000e-04 1.079300e+05 3.180162e+01 2.288737e+01 6.923241e+01 9.778688e-03 6.248297e-03 5.142382e-02 9.376523e-01 3.231102e+00
1.000000e-01 4.125000e-02  3.750000e-02  1.000000e-01 3.334676e-05 8.000000e-04 1.079300e+05 3.180161e+01 2.288733e+01 6.923238e+01 1.053942e-02 6.618351e-03 5.420083e-02 9.882877e-01 3.405589e+00
1.000000e-01 4.125000e-02  3.750000e-02  1.000000e-01 3.423532e-05 8.000000e-04 1.079300e+05 3.180155e+01 2.288730e+01 6.923226e+01 1.096261e-02 7.011828e-03 5.712780e-02 1.041658e+00 3.589498e+00
1.000000e-01 4.125000e-02  3.750000e-02  1.000000e-01 3.514756e-05 8.000000e-04 1.079300e+05 3.180155e+01 2.288725e+01 6.923224e+01 1.108907e-02 7.446002e-03 6.021283e-02 1.097909e+00 3.783339e+00
1.000000e-01 4.125000e-02  3.750000e-02  1.000000e-01 3.608411e-05 8.000000e-04 1.079300e+05 3.180152e+01 2.288723e+01 6.923218e+01 1.154751e-02 7.663539e-03 6.346446e-02 1.157199e+00 3.987648e+00
1.000000e-01 4.125000e-02  3.750000e-02  1.000000e-01 3.704561e-05 8.000000e-04 1.079300e+05 3.180154e+01 2.288714e+01 6.923218e+01 1.246650e-02 8.280753e-03 6.689169e-02 1.219690e+00 4.202991e+00
1.000000e-01 4.125000e-02  3.750000e-02  1.000000e-01 3.803273e-05 8.000000e-04 1.079300e+05 3.180142e+01 2.288710e+01 6.923195e+01 1.343956e-02 8.923230e-03 7.050400e-02 1.285557e+00 4.429962e+00
1.000000e-01 4.125000e-02  3.750000e-02  1.000000e-01 3.904616e-05 8.000000e-04 1.079300e+05 3.180137e+01 2.288708e+01 6.923187e+01 1.415855e-02 9.189700e-03 7.431137e-02 1.354980e+00 4.669190e+00
1.000000e-01 4.125000e-02  3.750000e-02  1.000000e-01 4.008659e-05 8.000000e-04 1.079300e+05 3.180138e+01 2.288704e+01 6.923184e+01 1.467228e-02 9.549374e-03 7.832436e-02 1.428152e+00 4.921337e+00
1.000000e-01 4.125000e-02  3.750000e-02  1.000000e-01 4.115474e-05 8.000000e-04 1.079300e+05 3.180141e+01 2.288700e+01 6.923189e+01 1.511187e-02 1.034464e-02 8.255406e-02 1.505275e+00 5.187101e+00
1.000000e-01 4.125000e-02  3.750000e-02  1.000000e-01 4.225136e-05 8.000000e-04 1.079300e+05 3.180135e+01 2.288692e+01 6.923176e+01 1.652095e-02 1.073162e-02 8.701217e-02 1.586563e+00 5.467216e+00
1.000000e-01 4.125000e-02  3.750000e-02  1.000000e-01 4.337719e-05 8.000000e-04 1.079300e+05 3.180134e+01 2.288686e+01 6.923173e+01 1.747753e-02 1.120012e-02 9.171102e-02 1.672242e+00 5.762458e+00
1.000000e-01 4.125000e-02  3.750000e-02  1.000000e-01 4.453303e-05 8.000000e-04 1.079300e+05 3.180127e+01 2.288680e+01 6.923157e+01 1.796981e-02 1.200023e-02 9.666363e-02 1.762546e+00 6.073644e+00
1.000000e-01 4.125000e-02  3.750000e-02  1.000000e-01 4.571966e-05 8.000000e-04 1.079300e+05 3.180124e+01 2.288671e+01 6.923147e+01 1.935579e-02 1.263990e-02 1.018837e-01 1.857728e+00 6.401635e+00
1.000000e-01 4.125000e-02  3.750000e-02  1.000000e-01 4.693791e-05 8.000000e-04 1.079300e+05 3.180118e+01 2.288662e+01 6.923137e+01 2.022385e-02 1.332955e-02 1.073856e-01 1.958050e+00 6.747338e+00
1.000000e-01 4.125000e-02  3.750000e-02  1.000000e-01 4.818863e-05 8.000000e-04 1.079300e+05 3.180120e+01 2.288660e+01 6.923137e+01 2.017710e-02 1.410868e-02 1.131847e-01 2.063789e+00 7.111710e+00
1.000000e-01 4.125000e-02  3.750000e-02  1.000000e-01 4.947267e-05 8.000000e-04 1.079300e+05 3.180111e+01 2.288650e+01 6.923116e+01 2.262392e-02 1.494025e-02 1.192970e-01 2.175238e+00 7.495759e+00
1.000000e-01 4.125000e-02  3.750000e-02  1.000000e-01 5.079093e-05 8.000000e-04 1.079300e+05 3.180106e+01 2.288646e+01 6.923105e+01 2.429602e-02 1.547174e-02 1.257393e-01 2.292706e+00 7.900547e+00
1.000000e-01 4.125000e-02  3.750000e-02  1.000000e-01 5.214431e-05 8.000000e-04 1.079300e+05 3.180091e+01 2.288635e+01 6.923075e+01 2.532916e-02 1.622339e-02 1.325295e-01 2.416518e+00 8.327195e+00
1.000000e-01 4.125000e-02  3.750000e-02  1.000000e-01 5.353375e-05 8.000000e-04 1.079300e+05 3.180087e+01 2.288624e+01 6.923063e+01 2.674942e-02 1.723534e-02 1.396864e-01 2.547015e+00 8.776883e+00
1.000000e-01 4.125000e-02  3.750000e-02  1.000000e-01 5.496022e-05 8.000000e-04 1.079300e+05 3.180088e+01 2.288613e+01 6.923056e+01 2.758904e-02 1.838447e-02 1.472298e-01 2.684560e+00 9.250855e+00
1.000000e-01 4.125000e-02  3.750000e-02  1.000000e-01 5.642470e-05 8.000000e-04 1.079300e+05 3.180085e+01 2.288610e+01 6.923054e+01 2.919829e-02 1.888529e-02 1.551805e-01 2.829532e+00 9.750423e+00
1.000000e-01 4.125000e-02  3.750000e-02  1.000000e-01 5.792820e-05 8.000000e-04 1.079300e+05 3.180076e+01 2.288591e+01 6.923036e+01 3.079440e-02 2.026344e-02 1.635606e-01 2.982334e+00 1.027697e+01
1.000000e-01 4.125000e-02  3.750000e-02  1.000000e-01 5.947176e-05 8.000000e-04 1.079300e+05 3.180073e+01 2.288583e+01 6.923029e+01 3.195942e-02 2.137496e-02 1.723933e-01 3.143386e+00 1.083195e+01
1.000000e-01 4.125000e-02  3.750000e-02  1.000000e-01 6.105646e-05 8.000000e-04 1.079300e+05 3.180058e+01 2.288564e+01 6.922988e+01 3.406847e-02 2.288169e-02 1.817029e-01 3.313137e+00 1.141690e+01
1.000000e-01 4.125000e-02  3.750000e-02  1.000000e-01 6.268338e-05 8.000000e-04 1.079300e+05 3.180055e+01 2.288558e+01 6.922976e+01 3.573256e-02 2.370124e-02 1.915153e-01 3.492054e+00 1.203344e+01
1.000000e-01 4.125000e-02  3.750000e-02  1.000000e-01 6.435365e-05 8.000000e-04 1.079300e+05 3.180051e+01 2.288543e+01 6.922967e+01 3.722427e-02 2.481801e-02 2.018575e-01 3.680633e+00 1.268327e+01
1.000000e-01 4.125000e-02  3.750000e-02  1.000000e-01 6.606842e-05 8.000000e-04 1.079300e+05 3.180031e+01 2.288532e+01 6.922926e+01 4.075594e-02 2.599232e-02 2.127583e-01 3.879395e+00 1.336820e+01
1.000000e-01 4.125000e-02  3.750000e-02  1.000000e-01 6.782889e-05 8.000000e-04 1.079300e+05 3.180026e+01 2.288519e+01 6.922909e+01 4.186724e-02 2.753180e-02 2.242478e-01 4.088892e+00 1.409011e+01
1.000000e-01 4.125000e-02  3.750000e-02  1.000000e-01 6.963627e-05 8.000000e-04 1.079300e+05 3.180037e+01 2.288495e+01 6.922926e+01 4.334404e-02 2.961845e-02 2.363577e-01 4.309701e+00 1.485101e+01
1.000000e-01 4.125000e-02  3.750000e-02  1.000000e-01 7.149181e-05 8.000000e-04 1.079300e+05 3.180003e+01 2.288486e+01 6.922858e+01 4.817582e-02 3.033699e-02 2.491215e-01 4.542435e+00 1.565300e+01
1.000000e-01 4.125000e-02  3.750000e-02  1.000000e-01 7.339679e-05 8.000000e-04 1.079300e+05 3.179999e+01 2.288468e+01 6.922850e+01 5.128422e-02 3.264106e-02 2.625747e-01 4.787737e+00 1.649830e+01
1.000000e-01 4.125000e-02  3.750000e-02  1.000000e-01 7.535253e-05 8.000000e-04 1.079300e+05 3.179973e+01 2.288448e+01 6.922788e+01 5.291864e-02 3.425521e-02 2.767543e-01 5.046286e+00 1.738924e+01
1.000000e-01 4.125000e-02  3.750000e-02  1.000000e-01 7.736039e-05 8.000000e-04 1.079300e+05 3.179976e+01 2.288438e+01 6.922788e+01 5.241496e-02 3.613550e-02 2.916997e-01 5.318797e+00 1.832830e+01
1.000000e-01 4.125000e-02  3.750000e-02  1.000000e-01 7.942174e-05 8.000000e-04 1.079300e+05 3.179955e+01 2.288392e+01 6.922726e+01 6.057665e-02 3.820124e-02 3.074521e-01 5.606024e+00 1.931807e+01
1.000000e-01 4.125000e-02  3.750000e-02  1.000000e-01 8.153803e-05 8.000000e-04 1.079300e+05 3.179944e+01 2.288401e+01 6.922722e+01 6.217983e-02 3.982728e-02 3.240552e-01 5.908762e+00 2.036129e+01
1.000000e-01 4.125000e-02  3.750000e-02  1.000000e-01 8.371070e-05 8.000000e-04 1.079300e+05 3.179918e+01 2.288373e+01 6.922653e+01 6.740156e-02 4.227727e-02 3.415550e-01 6.227849e+00 2.146085e+01
1.000000e-01 4.125000e-02  3.750000e-02  1.000000e-01 8.594127e-05 8.000000e-04 1.079300e+05 3.179938e+01 2.288350e+01 6.922693e+01 6.406609e-02 4.446576e-02 3.599997e-01 6.564168e+00 2.261978e+01
1.000000e-01 4.125000e-02  3.750000e-02  1.000000e-01 8.823127e-05 8.000000e-04 1.079300e+05 3.179948e+01 2.288326e+01 6.922703e+01 6.717734e-02 4.619014e-02 3.794406e-01 6.918648e+00 2.384130e+01
1.000000e-01 4.125000e-02  3.750000e-02  1.000000e-01 9.058230e-05 8.000000e-04 1.079300e+05 3.179889e+01 2.288302e+01 6.922585e+01 7.552456e-02 4.916963e-02 3.999312e-01 7.292271e+00 2.512879e+01
1.000000e-01 4.125000e-02  3.750000e-02  1.000000e-01 9.299597e-05 8.000000e-04 1.079300e+05 3.179877e+01 2.288289e+01 6.922554e+01 7.702455e-02 5.266919e-02 4.215284e-01 7.686070e+00 2.648580e+01
1.000000e-01 4.125000e-02  3.750000e-02  1.000000e-01 9.547395e-05 8.000000e-04 1.079300e+05 3.179862e+01 2.288228e+01 6.922493e+01 8.191765e-02 5.480054e-02 4.442919e-01 8.101136e+00 2.791610e+01
1.000000e-01 4.125000e-02  3.750000e-02  1.000000e-01 9.801796e-05 8.000000e-04 1.079300e+05 3.179871e+01 2.288204e+01 6.922513e+01 8.641051e-02 5.729803e-02 4.682847e-01 8.538616e+00 2.942363e+01
1.000000e-01 4.125000e-02  3.750000e-02  1.000000e-01 1.006298e-04 8.000000e-04 1.079300e+05 3.179841e+01 2.288183e+01 6.922448e+01 9.330608e-02 6.137542e-02 4.935732e-01 8.999721e+00 3.101257e+01
1.000000e-01 4.125000e-02  3.750000e-02  1.000000e-01 1.033112e-04 8.000000e-04 1.079300e+05 3.179787e+01 2.288130e+01 6.922342e+01 9.791691e-02 6.415386e-02 5.202273e-01 9.485727e+00 3.268733e+01
1.000000e-01 4.125000e-02  3.750000e-02  1.000000e-01 1.060640e-04 8.000000e-04 1.079300e+05 3.179786e+01 2.288085e+01 6.922326e+01 1.020966e-01 6.784858e-02 5.483208e-01 9.997978e+00 3.445252e+01
1.000000e-01 4.125000e-02  3.750000e-02  1.000000e-01 1.088902e-04 8.000000e-04 1.079300e+05 3.179666e+01 2.288078e+01 6.922083e+01 1.128068e-01 7.182471e-02 5.779314e-01 1.053789e+01 3.631303e+01
1.000000e-01 4.125000e-02  3.750000e-02  1.000000e-01 1.117917e-04 8.000000e-04 1.079300e+05 3.179750e+01 2.288025e+01 6.922224e+01 1.173867e-01 7.597211e-02 6.091410e-01 1.110696e+01 3.827402e+01
1.000000e-01 4.125000e-02  3.750000e-02  1.000000e-01 1.147705e-04 8.000000e-04 1.079300e+05 3.179685e+01 2.287984e+01 6.922089e+01 1.175214e-01 7.978801e-02 6.420360e-01 1.170676e+01 4.034091e+01
1.000000e-01 4.125000e-02  3.750000e-02  1.000000e-01 1.178287e-04 8.000000e-04 1.079300e+05 3.179683e+01 2.287967e+01 6.922072e+01 1.258631e-01 8.386908e-02 6.767074e-01 1.233896e+01 4.251941e+01
1.000000e-01 4.125000e-02  3.750000e-02  1.000000e-01 1.209684e-04 8.000000e-04 1.079300e+05 3.179598e+01 2.287894e+01 6.921877e+01 1.430727e-01 8.894478e-02 7.132512e-01 1.300529e+01 4.481555e+01
1.000000e-01 4.125000e-02  3.750000e-02  1.000000e-01 1.241917e-04 8.000000e-04 1.079300e+05 3.179649e+01 2.287839e+01 6.921970e+01 1.391533e-01 9.416738e-02 7.517684e-01 1.370760e+01 4.723570e+01
1.000000e-01 4.125000e-02  3.750000e-02  1.000000e-01 1.275010e-04 8.000000e-04 1.079300e+05 3.179547e+01 2.287840e+01 6.921803e+01 1.503900e-01 9.616526e-02 7.923656e-01 1.444785e+01 4.978653e+01
1.000000e-01 4.125000e-02  3.750000e-02  1.000000e-01 1.308984e-04 8.000000e-04 1.079300e+05 3.179611e+01 2.287742e+01 6.921882e+01 1.525278e-01 1.035276e-01 8.351552e-01 1.522806e+01 5.247512e+01
1.000000e-01 4.125000e-02  3.750000e-02  1.000000e-01 1.343863e-04 8.000000e-04 1.079300e+05 3.179461e+01 2.287708e+01 6.921585e+01 1.626484e-01 1.096137e-01 8.802555e-01 1.605041e+01 5.530890e+01
1.000000e-01 4.125000e-02  3.750000e-02  1.000000e-01 1.379672e-04 8.000000e-04 1.079300e+05 3.179384e+01 2.287638e+01 6.921401e+01 1.784973e-01 1.156628e-01 9.277914e-01 1.691717e+01 5.829571e+01
1.000000e-01 4.125000e-02  3.750000e-02  1.000000e-01 1.416435e-04 8.000000e-04 1.079300e+05 3.179405e+01 2.287532e+01 6.921384e+01 1.825060e-01 1.223778e-01 9.778942e-01 1.783074e+01 6.144381e+01
1.000000e-01 4.125000e-02  3.750000e-02  1.000000e-01 1.454177e-04 8.000000e-04 1.079300e+05 3.179395e+01 2.287457e+01 6.921388e+01 1.927448e-01 1.287566e-01 1.030703e+00 1.879364e+01 6.476192e+01
1.000000e-01 4.125000e-02  3.750000e-02  1.000000e-01 1.492926e-04 8.000000e-04 1.079300e+05 3.179364e+01 2.287367e+01 6.921283e+01 2.079308e-01 1.331735e-01 1.086363e+00 1.980854e+01 6.825921e+01
1.000000e-01 4.125000e-02  3.750000e-02  1.000000e-01 1.532706e-04 8.000000e-04 1.079300e+05 3.179324e+01 2.287287e+01 6.921154e+01 2.078038e-01 1.431750e-01 1.145029e+00 2.087825e+01 7.194537e+01
1.000000e-01 4.125000e-02  3.750000e-02  1.000000e-01 1.573547e-04 8.000000e-04 1.079300e+05 3.179153e+01 2.287221e+01 6.920825e+01 2.467564e-01 1.517048e-01 1.206863e+00 2.200572e+01 7.583058e+01
1.000000e-01 4.125000e-02  3.750000e-02  1.000000e-01 1.615476e-04 8.000000e-04 1.079300e+05 3.179195e+01 2.287175e+01 6.920901e+01 2.426778e-01 1.593863e-01 1.272037e+00 2.319408e+01 7.992561e+01
1.000000e-01 4.125000e-02  3.750000e-02  1.000000e-01 1.658522e-04 8.000000e-04 1.079300e+05 3.179023e+01 2.287093e+01 6.920509e+01 2.551554e-01 1.659013e-01 1.340730e+00 2.444662e+01 8.424178e+01
1.000000e-01 4.125000e-02  3.750000e-02  1.000000e-01 1.702715e-04 8.000000e-04 1.079300e+05 3.179076e+01 2.287018e+01 6.920611e+01 2.636549e-01 1.770652e-01 1.413132e+00 2.576679e+01 8.879103e+01
1.000000e-01 4.125000e-02  3.750000e-02  1.000000e-01 1.748086e-04 8.000000e-04 1.079300e+05 3.178993e+01 2.286841e+01 6.920410e+01 2.881540e-01 1.859859e-01 1.489445e+00 2.715826e+01 9.358595e+01
1.000000e-01 4.125000e-02  3.750000e-02  1.000000e-01 1.794666e-04 8.000000e-04 1.079300e+05 3.178960e+01 2.286802e+01 6.920410e+01 2.948122e-01 1.939972e-01 1.569878e+00 2.862486e+01 9.863981e+01
1.000000e-01 4.125000e-02  3.750000e-02  1.000000e-01 1.842487e-04 8.000000e-04 1.079300e+05 3.178867e+01 2.286695e+01 6.920131e+01 3.241069e-01 2.023297e-01 1.654655e+00 3.017067e+01 1.039666e+02
1.000000e-01 4.125000e-02  3.750000e-02  1.000000e-01 1.891582e-04 8.000000e-04 1.079300e+05 3.178863e+01 2.286573e+01 6.920102e+01 3.185192e-01 2.155708e-01 1.744010e+00 3.179996e+01 1.095810e+02
1.000000e-01 4.125000e-02  3.750000e-02  1.000000e-01 1.941986e-04 8.000000e-04 1.079300e+05 3.178829e+01 2.286451e+01 6.919973e+01 3.358550e-01 2.263877e-01 1.838191e+00 3.351723e+01 1.154987e+02
1.000000e-01 4.125000e-02  3.750000e-02  1.000000e-01 1.993732e-04 8.000000e-04 1.079300e+05 3.178662e+01 2.286273e+01 6.919601e+01 3.796231e-01 2.438873e-01 1.937458e+00 3.532724e+01 1.217358e+02
1.000000e-01 4.125000e-02  3.750000e-02  1.000000e-01 2.046857e-04 8.000000e-04 1.079300e+05 3.178402e+01 2.286226e+01 6.919068e+01 4.121940e-01 2.523361e-01 2.042085e+00 3.723499e+01 1.283099e+02
1.000000e-01 4.125000e-02  3.750000e-02  1.000000e-01 2.101398e-04 8.000000e-04 1.079300e+05 3.178518e+01 2.286035e+01 6.919250e+01 4.130215e-01 2.644193e-01 2.152362e+00 3.924577e+01 1.352389e+02
1.000000e-01 4.125000e-02  3.750000e-02  1.000000e-01 2.157392e-04 8.000000e-04 1.079300e+05 3.178472e+01 2.285852e+01 6.919096e+01 4.261360e-01 2.802134e-01 2.268595e+00 4.136513e+01 1.425421e+02
1.000000e-01 4.125000e-02  3.750000e-02  1.000000e-01 2.214878e-04 8.000000e-04 1.079300e+05 3.178404e+01 2.285831e+01 6.918924e+01 4.397426e-01 2.940686e-01 2.391104e+00 4.359894e+01 1.502397e+02
1.000000e-01 4.125000e-02  3.750000e-02  1.000000e-01 2.273896e-04 8.000000e-04 1.079300e+05 3.178079e+01 2.285539e+01 6.918230e+01 4.834135e-01 3.140740e-01 2.520229e+00 4.595338e+01 1.583530e+02
1.000000e-01 4.125000e-02  3.750000e-02  1.000000e-01 2.334487e-04 8.000000e-04 1.079300e+05 3.177941e+01 2.285368e+01 6.917859e+01 5.048024e-01 3.261767e-01 2.656327e+00 4.843497e+01 1.669044e+02
1.000000e-01 4.125000e-02  3.750000e-02  1.000000e-01 2.396692e-04 8.000000e-04 1.079300e+05 3.177936e+01 2.285318e+01 6.918019e+01 5.447270e-01 3.461271e-01 2.799775e+00 5.105057e+01 1.759177e+02
1.000000e-01 4.125000e-02  3.750000e-02  1.000000e-01 2.460555e-04 8.000000e-04 1.079300e+05 3.177870e+01 2.285087e+01 6.917720e+01 5.330553e-01 3.679467e-01 2.950970e+00 5.380742e+01 1.854176e+02
1.000000e-01 4.125000e-02  3.750000e-02  1.000000e-01 2.526119e-04 8.000000e-04 1.079300e+05 3.177963e+01 2.284766e+01 6.917756e+01 5.908424e-01 3.862082e-01 3.110329e+00 5.671315e+01 1.954306e+02
1.000000e-01 4.125000e-02  3.750000e-02  1.000000e-01 2.593430e-04 8.000000e-04 1.079300e+05 3.177555e+01 2.284418e+01 6.916943e+01 6.153730e-01 4.059052e-01 3.278294e+00 5.977579e+01 2.059843e+02
1.000000e-01 4.125000e-02  3.750000e-02  1.000000e-01 2.662535e-04 8.000000e-04 1.079300e+05 3.177431e+01 2.284302e+01 6.916616e+01 6.590395e-01 4.353476e-01 3.455329e+00 6.300382e+01 2.171079e+02
1.000000e-01 4.125000e-02  3.750000e-02  1.000000e-01 2.733482e-04 8.000000e-04 1.079300e+05 3.177353e+01 2.284105e+01 6.916476e+01 6.751599e-01 4.540626e-01 3.641925e+00 6.640617e+01 2.288323e+02
1.000000e-01 4.125000e-02  3.750000e-02  1.000000e-01 2.806318e-04 8.000000e-04 1.079300e+05 3.177191e+01 2.283794e+01 6.916012e+01 7.323991e-01 4.783641e-01 3.838597e+00 6.999226e+01 2.411897e+02
1.000000e-01 4.125000e-02  3.750000e-02  1.000000e-01 2.881096e-04 8.000000e-04 1.079300e+05 3.176774e+01 2.283889e+01 6.915135e+01 7.937082e-01 4.901336e-01 4.045890e+00 7.377200e+01 2.542145e+02
1.000000e-01 4.125000e-02  3.750000e-02  1.000000e-01 2.957866e-04 8.000000e-04 1.079300e+05 3.176757e+01 2.283329e+01 6.914823e+01 7.994000e-01 5.218877e-01 4.264378e+00 7.775586e+01 2.679427e+02
1.000000e-01 4.125000e-02  3.750000e-02  1.000000e-01 3.036682e-04 8.000000e-04 1.079300e+05 3.176394e+01 2.283102e+01 6.914364e+01 8.625407e-01 5.568342e-01 4.494664e+00 8.195486e+01 2.824122e+02
1.000000e-01 4.125000e-02  3.750000e-02  1.000000e-01 3.117598e-04 8.000000e-04 1.079300e+05 3.176866e+01 2.282914e+01 6.915087e+01 8.816719e-01 5.809008e-01 4.737386e+00 8.638061e+01 2.976631e+02
1.000000e-01 4.125000e-02  3.750000e-02  1.000000e-01 3.200670e-04 8.000000e-04 1.079300e+05 3.176534e+01 2.282131e+01 6.914135e+01 9.664930e-01 6.257712e-01 4.993216e+00 9.104536e+01 3.137376e+02
1.000000e-01 4.125000e-02  3.750000e-02  1.000000e-01 3.285955e-04 8.000000e-04 1.079300e+05 3.176151e+01 2.282330e+01 6.913440e+01 9.842049e-01 6.494338e-01 5.262861e+00 9.596202e+01 3.306802e+02
1.000000e-01 4.125000e-02  3.750000e-02  1.000000e-01 3.373513e-04 8.000000e-04 1.079300e+05 3.175601e+01 2.281277e+01 6.912324e+01 1.057249e+00 6.963934e-01 5.547068e+00 1.011442e+02 3.485377e+02
1.000000e-01 4.125000e-02  3.750000e-02  1.000000e-01 3.463404e-04 8.000000e-04 1.079300e+05 3.175556e+01 2.281554e+01 6.912034e+01 1.100607e+00 7.274446e-01 5.846623e+00 1.066062e+02 3.673595e+02
1.000000e-01 4.125000e-02  3.750000e-02  1.000000e-01 3.555691e-04 8.000000e-04 1.079300e+05 3.175144e+01 2.280792e+01 6.911287e+01 1.163513e+00 7.665839e-01 6.162354e+00 1.123632e+02 3.871978e+02
