1.250000e+00 1.425000e-02  1.295455e-02  1.000000e-01 2.000000e-06 8.000000e-04 3.048469e+12 3.180203e+01 2.288802e+01 6.923341e+01 4.112912e-17 6.365828e-17 1.738229e-16 3.541944e-15 1.404606e-14
1.250000e+00 1.425000e-02  1.295455e-02  1.000000e-01 2.053292e-06 8.000000e-04 3.048469e+12 3.180203e+01 2.288802e+01 6.923341e+01 4.420675e-17 6.740418e-17 1.832097e-16 3.733217e-15 1.480458e-14
1.250000e+00 1.425000e-02  1.295455e-02  1.000000e-01 2.108005e-06 8.000000e-04 3.048469e+12 3.180203e+01 2.288802e+01 6.923341e+01 4.251602e-17 7.032198e-17 1.931035e-16 3.934819e-15 1.560407e-14
1.250000e+00 1.425000e-02  1.295455e-02  1.000000e-01 2.164175e-06 8.000000e-04 3.048469e+12 3.180203e+01 2.288802e+01 6.923341e+01 4.713326e-17 7.600099e-17 2.035315e-16 4.147309e-15 1.644672e-14
1.250000e+00 1.425000e-02  1.295455e-02  1.000000e-01 2.221842e-06 8.000000e-04 3.048469e+12 3.180203e+01 2.288802e+01 6.923341e+01 4.989753e-17 7.901836e-17 2.145227e-16 4.371273e-15 1.733488e-14
1.250000e+00 1.425000e-02  1.295455e-02  1.000000e-01 2.281045e-06 8.000000e-04 3.048469e+12 3.180203e+01 2.288802e+01 6.923341e+01 5.337772e-17 8.299036e-17 2.261074e-16 4.607332e-15 1.827101e-14
1.250000e+00 1.425000e-02  1.295455e-02  1.000000e-01 2.341826e-06 8.000000e-04 3.048469e+12 3.180203e+01 2.288802e+01 6.923341e+01 5.405784e-17 8.761341e-17 2.383177e-16 4.856138e-15 1.925768e-14
1.250000e+00 1.425000e-02  1.295455e-02  1.000000e-01 2.404227e-06 8.000000e-04 3.048469e+12 3.180203e+01 2.288802e+01 6.923341e+01 5.941695e-17 9.212395e-17 2.511874e-16 5.118381e-15 2.029764e-14
1.250000e+00 1.425000e-02  1.295455e-02  1.000000e-01 2.468290e-06 8.000000e-04 3.048469e+12 3.180203e+01 2.288802e+01 6.923341e+01 6.108485e-17 9.832194e-17 2.647521e-16 5.394785e-15 2.139376e-14
1.250000e+00 1.425000e-02  1.295455e-02  1.000000e-01 2.534061e-06 8.000000e-04 3.048469e+12 3.180203e+01 2.288802e+01 6.923341e+01 6.559109e-17 1.022870e-16 2.790494e-16 5.686116e-15 2.254907e-14
1.250000e+00 1.425000e-02  1.295455e-02  1.000000e-01 2.601584e-06 8.000000e-04 3.048469e+12 3.180203e+01 2.288802e+01 6.923341e+01 6.769792e-17 1.081409e-16 2.941187e-16 5.993180e-15 2.376678e-14
1.250000e+00 1.425000e-02  1.295455e-02  1.000000e-01 2.670906e-06 8.000000e-04 3.048469e+12 3.180203e+01 2.288802e+01 6.923341e+01 6.963030e-17 1.129213e-16 3.100018e-16 6.316825e-15 2.505024e-14
1.250000e+00 1.425000e-02  1.295455e-02  1.000000e-01 2.742075e-06 8.000000e-04 3.048469e+12 3.180203e+01 2.288802e+01 6.923341e+01 8.033232e-17 1.188159e-16 3.267426e-16 6.657948e-15 2.640301e-14
1.250000e+00 1.425000e-02  1.295455e-02  1.000000e-01 2.815141e-06 8.000000e-04 3.048469e+12 3.180203e+01 2.288802e+01 6.923341e+01 7.667631e-17 1.278426e-16 3.443874e-16 7.017493e-15 2.782883e-14
1.250000e+00 1.425000e-02  1.295455e-02  1.000000e-01 2.890154e-06 8.000000e-04 3.048469e+12 3.180203e+01 2.288802e+01 6.923341e+01 8.445898e-17 1.334019e-16 3.629851e-16 7.396454e-15 2.933165e-14
1.250000e+00 1.425000e-02  1.295455e-02  1.000000e-01 2.967165e-06 8.000000e-04 3.048469e+12 3.180203e+01 2.288802e+01 6.923341e+01 9.115439e-17 1.400032e-16 3.825872e-16 7.795880e-15 3.091563e-14
1.250000e+00 1.425000e-02  1.295455e-02  1.000000e-01 3.046229e-06 8.000000e-04 3.048469e+12 3.180203e+01 2.288802e+01 6.923341e+01 9.235750e-17 1.492415e-16 4.032478e-16 8.216875e-15 3.258514e-14
1.250000e+00 1.425000e-02  1.295455e-02  1.000000e-01 3.127399e-06 8.000000e-04 3.048469e+12 3.180203e+01 2.288802e+01 6.923341e+01 9.737054e-17 1.576760e-16 4.250241e-16 8.660605e-15 3.434482e-14
1.250000e+00 1.425000e-02  1.295455e-02  1.000000e-01 3.210732e-06 8.000000e-04 3.048469e+12 3.180203e+01 2.288802e+01 6.923341e+01 1.027670e-16 1.659606e-16 4.479764e-16 9.128298e-15 3.619952e-14
1.250000e+00 1.425000e-02  1.295455e-02  1.000000e-01 3.296286e-06 8.000000e-04 3.048469e+12 3.180203e+01 2.288802e+01 6.923341e+01 1.084930e-16 1.742215e-16 4.721681e-16 9.621247e-15 3.815437e-14
1.250000e+00 1.425000e-02  1.295455e-02  1.000000e-01 3.384119e-06 8.000000e-04 3.048469e+12 3.180203e+01 2.288802e+01 6.923341e+01 1.156370e-16 1.823280e-16 4.976663e-16 1.014082e-14 4.021480e-14
1.250000e+00 1.425000e-02  1.295455e-02  1.000000e-01 3.474293e-06 8.000000e-04 3.048469e+12 3.180203e+01 2.288802e+01 6.923341e+01 1.262246e-16 1.923560e-16 5.245414e-16 1.068844e-14 4.238649e-14
1.250000e+00 1.425000e-02  1.295455e-02  1.000000e-01 3.566869e-06 8.000000e-04 3.048469e+12 3.180203e+01 2.288802e+01 6.923341e+01 1.277779e-16 2.028593e-16 5.528679e-16 1.126565e-14 4.467546e-14
1.250000e+00 1.425000e-02  1.295455e-02  1.000000e-01 3.661913e-06 8.000000e-04 3.048469e+12 3.180203e+01 2.288802e+01 6.923341e+01 1.288207e-16 2.150337e-16 5.827240e-16 1.187402e-14 4.708804e-14
1.250000e+00 1.425000e-02  1.295455e-02  1.000000e-01 3.759488e-06 8.000000e-04 3.048469e+12 3.180203e+01 2.288802e+01 6.923341e+01 1.366942e-16 2.237056e-16 6.141925e-16 1.251524e-14 4.963090e-14
1.250000e+00 1.425000e-02  1.295455e-02  1.000000e-01 3.859664e-06 8.000000e-04 3.048469e+12 3.180203e+01 2.288802e+01 6.923341e+01 1.541901e-16 2.365926e-16 6.473603e-16 1.319109e-14 5.231108e-14
1.250000e+00 1.425000e-02  1.295455e-02  1.000000e-01 3.962510e-06 8.000000e-04 3.048469e+12 3.180203e+01 2.288802e+01 6.923341e+01 1.497558e-16 2.496630e-16 6.823192e-16 1.390344e-14 5.513600e-14
1.250000e+00 1.425000e-02  1.295455e-02  1.000000e-01 4.068095e-06 8.000000e-04 3.048469e+12 3.180203e+01 2.288802e+01 6.923341e+01 1.574120e-16 2.632872e-16 7.191660e-16 1.465426e-14 5.811347e-14
1.250000e+00 1.425000e-02  1.295455e-02  1.000000e-01 4.176494e-06 8.000000e-04 3.048469e+12 3.180203e+01 2.288802e+01 6.923341e+01 1.824035e-16 2.788387e-16 7.580027e-16 1.544562e-14 6.125174e-14
1.250000e+00 1.425000e-02  1.295455e-02  1.000000e-01 4.287782e-06 8.000000e-04 3.048469e+12 3.180203e+01 2.288802e+01 6.923341e+01 1.832995e-16 2.927892e-16 7.989366e-16 1.627972e-14 6.455947e-14
1.250000e+00 1.425000e-02  1.295455e-02  1.000000e-01 4.402035e-06 8.000000e-04 3.048469e+12 3.180203e+01 2.288802e+01 6.923341e+01 1.920824e-16 3.170251e-16 8.420810e-16 1.715887e-14 6.804583e-14
1.250000e+00 1.425000e-02  1.295455e-02  1.000000e-01 4.519332e-06 8.000000e-04 3.048469e+12 3.180203e+01 2.288802e+01 6.923341e+01 2.124586e-16 3.272542e-16 8.875553e-16 1.808548e-14 7.172046e-14
1.250000e+00 1.425000e-02  1.295455e-02  1.000000e-01 4.639755e-06 8.000000e-04 3.048469e+12 3.180203e+01 2.288802e+01 6.923341e+01 2.200865e-16 3.437213e-16 9.354853e-16 1.906214e-14 7.559353e-14
1.250000e+00 1.425000e-02  1.295455e-02  1.000000e-01 4.763386e-06 8.000000e-04 3.048469e+12 3.180203e+01 2.288802e+01 6.923341e+01 2.241724e-16 3.646428e-16 9.860037e-16 2.009154e-14 7.967576e-14
1.250000e+00 1.425000e-02  1.295455e-02  1.000000e-01 4.890312e-06 8.000000e-04 3.048469e+12 3.180203e+01 2.288802e+01 6.923341e+01 2.284808e-16 3.761168e-16 1.039250e-15 2.117653e-14 8.397844e-14
1.250000e+00 1.425000e-02  1.295455e-02  1.000000e-01 5.020620e-06 8.000000e-04 3.048469e+12 3.180203e+01 2.288802e+01 6.923341e+01 2.629435e-16 4.015962e-16 1.095372e-15 2.232011e-14 8.851346e-14
1.250000e+00 1.425000e-02  1.295455e-02  1.000000e-01 5.154400e-06 8.000000e-04 3.048469e+12 3.180203e+01 2.288802e+01 6.923341e+01 2.804383e-16 4.216167e-16 1.154525e-15 2.352545e-14 9.329340e-14
1.250000e+00 1.425000e-02  1.295455e-02  1.000000e-01 5.291745e-06 8.000000e-04 3.048469e+12 3.180203e+01 2.288802e+01 6.923341e+01 2.756701e-16 4.385939e-16 1.216872e-15 2.479588e-14 9.833146e-14
1.250000e+00 1.425000e-02  1.295455e-02  1.000000e-01 5.432750e-06 8.000000e-04 3.048469e+12 3.180203e+01 2.288802e+01 6.923341e+01 2.809079e-16 4.690780e-16 1.282586e-15 2.613491e-14 1.036416e-13
1.250000e+00 1.425000e-02  1.295455e-02  1.000000e-01 5.577512e-06 8.000000e-04 3.048469e+12 3.180203e+01 2.288802e+01 6.923341e+01 3.032344e-16 4.950021e-16 1.351848e-15 2.754626e-14 1.092385e-13
1.250000e+00 1.425000e-02  1.295455e-02  1.000000e-01 5.726131e-06 8.000000e-04 3.048469e+12 3.180203e+01 2.288802e+01 6.923341e+01 3.161098e-16 5.240329e-16 1.424851e-15 2.903382e-14 1.151376e-13
1.250000e+00 1.425000e-02  1.295455e-02  1.000000e-01 5.878710e-06 8.000000e-04 3.048469e+12 3.180203e+01 2.288802e+01 6.923341e+01 3.543666e-16 5.591725e-16 1.501796e-15 3.060171e-14 1.213553e-13
1.250000e+00 1.425000e-02  1.295455e-02  1.000000e-01 6.035355e-06 8.000000e-04 3.048469e+12 3.180203e+01 2.288802e+01 6.923341e+01 3.820884e-16 5.878494e-16 1.582897e-15 3.225428e-14 1.279088e-13
1.250000e+00 1.425000e-02  1.295455e-02  1.000000e-01 6.196174e-06 8.000000e-04 3.048469e+12 3.180203e+01 2.288802e+01 6.923341e+01 3.757328e-16 6.166865e-16 1.668377e-15 3.399608e-14 1.348161e-13
1.250000e+00 1.425000e-02  1.295455e-02  1.000000e-01 6.361278e-06 8.000000e-04 3.048469e+12 3.180203e+01 2.288802e+01 6.923341e+01 3.873336e-16 6.581039e-16 1.758473e-15 3.583195e-14 1.420965e-13
1.250000e+00 1.425000e-02  1.295455e-02  1.000000e-01 6.530782e-06 8.000000e-04 3.048469e+12 3.180203e+01 2.288802e+01 6.923341e+01 4.419927e-16 6.828994e-16 1.853435e-15 3.776696e-14 1.497700e-13
1.250000e+00 1.425000e-02  1.295455e-02  1.000000e-01 6.704802e-06 8.000000e-04 3.048469e+12 3.180203e+01 2.288802e+01 6.923341e+01 4.375658e-16 7.108285e-16 1.953525e-15 3.980646e-14 1.578580e-13
1.250000e+00 1.425000e-02  1.295455e-02  1.000000e-01 6.883459e-06 8.000000e-04 3.048469e+12 3.180203e+01 2.288802e+01 6.923341e+01 4.937600e-16 7.606817e-16 2.059019e-15 4.195610e-14 1.663827e-13
1.250000e+00 1.425000e-02  1.295455e-02  1.000000e-01 7.066877e-06 8.000000e-04 3.048469e+12 3.180203e+01 2.288802e+01 6.923341e+01 4.792840e-16 8.010639e-16 2.170211e-15 4.422183e-14 1.753677e-13
1.250000e+00 1.425000e-02  1.295455e-02  1.000000e-01 7.255182e-06 8.000000e-04 3.048469e+12 3.180203e+01 2.288802e+01 6.923341e+01 5.348853e-16 8.493160e-16 2.287408e-15 4.660991e-14 1.848380e-13
1.250000e+00 1.425000e-02  1.295455e-02  1.000000e-01 7.448504e-06 8.000000e-04 3.048469e+12 3.180203e+01 2.288802e+01 6.923341e+01 5.732986e-16 8.880215e-16 2.410933e-15 4.912695e-14 1.948197e-13
1.250000e+00 1.425000e-02  1.295455e-02  1.000000e-01 7.646978e-06 8.000000e-04 3.048469e+12 3.180203e+01 2.288802e+01 6.923341e+01 6.002478e-16 9.298178e-16 2.541129e-15 5.177992e-14 2.053404e-13
1.250000e+00 1.425000e-02  1.295455e-02  1.000000e-01 7.850741e-06 8.000000e-04 3.048469e+12 3.180203e+01 2.288802e+01 6.923341e+01 6.300932e-16 9.912488e-16 2.678356e-15 5.457616e-14 2.164292e-13
1.250000e+00 1.425000e-02  1.295455e-02  1.000000e-01 8.059933e-06 8.000000e-04 3.048469e+12 3.180203e+01 2.288802e+01 6.923341e+01 6.471053e-16 1.039266e-15 2.822993e-15 5.752340e-14 2.281169e-13
1.250000e+00 1.425000e-02  1.295455e-02  1.000000e-01 8.274699e-06 8.000000e-04 3.048469e+12 3.180203e+01 2.288802e+01 6.923341e+01 7.019075e-16 1.083778e-15 2.975441e-15 6.062979e-14 2.404357e-13
1.250000e+00 1.425000e-02  1.295455e-02  1.000000e-01 8.495188e-06 8.000000e-04 3.048469e+12 3.180203e+01 2.288802e+01 6.923341e+01 7.128636e-16 1.157708e-15 3.136122e-15 6.390394e-14 2.534198e-13
1.250000e+00 1.425000e-02  1.295455e-02  1.000000e-01 8.721552e-06 8.000000e-04 3.048469e+12 3.180203e+01 2.288802e+01 6.923341e+01 7.468954e-16 1.212961e-15 3.305480e-15 6.735490e-14 2.671051e-13
1.250000e+00 1.425000e-02  1.295455e-02  1.000000e-01 8.953948e-06 8.000000e-04 3.048469e+12 3.180203e+01 2.288802e+01 6.923341e+01 8.098463e-16 1.280371e-15 3.483983e-15 7.099222e-14 2.815294e-13
1.250000e+00 1.425000e-02  1.295455e-02  1.000000e-01 9.192536e-06 8.000000e-04 3.048469e+12 3.180203e+01 2.288802e+01 6.923341e+01 8.464339e-16 1.349141e-15 3.672126e-15 7.482597e-14 2.967326e-13
1.250000e+00 1.425000e-02  1.295455e-02  1.000000e-01 9.437481e-06 8.000000e-04 3.048469e+12 3.180203e+01 2.288802e+01 6.923341e+01 9.418842e-16 1.425531e-15 3.870430e-15 7.886674e-14 3.127569e-13
1.250000e+00 1.425000e-02  1.295455e-02  1.000000e-01 9.688954e-06 8.000000e-04 3.048469e+12 3.180203e+01 2.288802e+01 6.923341e+01 9.153251e-16 1.496425e-15 4.079442e-15 8.312573e-14 3.296465e-13
1.250000e+00 1.425000e-02  1.295455e-02  1.000000e-01 9.947127e-06 8.000000e-04 3.048469e+12 3.180203e+01 2.288802e+01 6.923341e+01 9.944488e-16 1.573952e-15 4.299741e-15 8.761471e-14 3.474481e-13
1.250000e+00 1.425000e-02  1.295455e-02  1.000000e-01 1.021218e-05 8.000000e-04 3.048469e+12 3.180203e+01 2.288802e+01 6.923341e+01 1.058311e-15 1.677921e-15 4.531937e-15 9.234611e-14 3.662111e-13
1.250000e+00 1.425000e-02  1.295455e-02  1.000000e-01 1.048430e-05 8.000000e-04 3.048469e+12 3.180203e+01 2.288802e+01 6.923341e+01 1.050867e-15 1.748116e-15 4.776672e-15 9.733301e-14 3.859874e-13
1.250000e+00 1.425000e-02  1.295455e-02  1.000000e-01 1.076366e-05 8.000000e-04 3.048469e+12 3.180203e+01 2.288802e+01 6.923341e+01 1.181086e-15 1.842451e-15 5.034624e-15 1.025892e-13 4.068316e-13
1.250000e+00 1.425000e-02  1.295455e-02  1.000000e-01 1.105047e-05 8.000000e-04 3.048469e+12 3.180203e+01 2.288802e+01 6.923341e+01 1.186779e-15 1.938687e-15 5.306505e-15 1.081293e-13 4.288014e-13
1.250000e+00 1.425000e-02  1.295455e-02  1.000000e-01 1.134492e-05 8.000000e-04 3.048469e+12 3.180203e+01 2.288802e+01 6.923341e+01 1.328380e-15 2.046016e-15 5.593068e-15 1.139685e-13 4.519577e-13
1.250000e+00 1.425000e-02  1.295455e-02  1.000000e-01 1.164722e-05 8.000000e-04 3.048469e+12 3.180203e+01 2.288802e+01 6.923341e+01 1.383275e-15 2.187491e-15 5.895107e-15 1.201231e-13 4.763645e-13
1.250000e+00 1.425000e-02  1.295455e-02  1.000000e-01 1.195758e-05 8.000000e-04 3.048469e+12 3.180203e+01 2.288802e+01 6.923341e+01 1.412011e-15 2.284808e-15 6.213456e-15 1.266100e-13 5.020893e-13
1.250000e+00 1.425000e-02  1.295455e-02  1.000000e-01 1.227620e-05 8.000000e-04 3.048469e+12 3.180203e+01 2.288802e+01 6.923341e+01 1.517148e-15 2.429637e-15 6.548997e-15 1.334472e-13 5.292032e-13
1.250000e+00 1.425000e-02  1.295455e-02  1.000000e-01 1.260331e-05 8.000000e-04 3.048469e+12 3.180203e+01 2.288802e+01 6.923341e+01 1.572520e-15 2.561103e-15 6.902658e-15 1.406537e-13 5.577814e-13
1.250000e+00 1.425000e-02  1.295455e-02  1.000000e-01 1.293914e-05 8.000000e-04 3.048469e+12 3.180203e+01 2.288802e+01 6.923341e+01 1.665988e-15 2.666006e-15 7.275418e-15 1.482493e-13 5.879029e-13
1.250000e+00 1.425000e-02  1.295455e-02  1.000000e-01 1.328392e-05 8.000000e-04 3.048469e+12 3.180203e+01 2.288802e+01 6.923341e+01 1.788924e-15 2.835763e-15 7.668307e-15 1.562551e-13 6.196510e-13
1.250000e+00 1.425000e-02  1.295455e-02  1.000000e-01 1.363789e-05 8.000000e-04 3.048469e+12 3.180203e+01 2.288802e+01 6.923341e+01 1.894003e-15 2.969246e-15 8.082414e-15 1.646932e-13 6.531136e-13
1.250000e+00 1.425000e-02  1.295455e-02  1.000000e-01 1.400128e-05 8.000000e-04 3.048469e+12 3.180203e+01 2.288802e+01 6.923341e+01 1.982403e-15 3.171834e-15 8.518883e-15 1.735871e-13 6.883833e-13
1.250000e+00 1.425000e-02  1.295455e-02  1.000000e-01 1.437436e-05 8.000000e-04 3.048469e+12 3.180203e+01 2.288802e+01 6.923341e+01 2.129144e-15 3.297750e-15 8.978922e-15 1.829612e-13 7.255576e-13
1.250000e+00 1.425000e-02  1.295455e-02  1.000000e-01 1.475738e-05 8.000000e-04 3.048469e+12 3.180203e+01 2.288802e+01 6.923341e+01 2.182081e-15 3.491350e-15 9.463805e-15 1.928415e-13 7.647393e-13
1.250000e+00 1.425000e-02  1.295455e-02  1.000000e-01 1.515061e-05 8.000000e-04 3.048469e+12 3.180203e+01 2.288802e+01 6.923341e+01 2.374003e-15 3.701067e-15 9.974872e-15 2.032554e-13 8.060370e-13
1.250000e+00 1.425000e-02  1.295455e-02  1.000000e-01 1.555432e-05 8.000000e-04 3.048469e+12 3.180203e+01 2.288802e+01 6.923341e+01 2.589360e-15 3.925015e-15 1.051354e-14 2.142316e-13 8.495649e-13
1.250000e+00 1.425000e-02  1.295455e-02  1.000000e-01 1.596878e-05 8.000000e-04 3.048469e+12 3.180203e+01 2.288802e+01 6.923341e+01 2.619365e-15 4.047452e-15 1.108129e-14 2.258006e-13 8.954434e-13
1.250000e+00 1.425000e-02  1.295455e-02  1.000000e-01 1.639429e-05 8.000000e-04 3.048469e+12 3.180203e+01 2.288802e+01 6.923341e+01 2.646122e-15 4.336584e-15 1.167971e-14 2.379944e-13 9.437994e-13
1.250000e+00 1.425000e-02  1.295455e-02  1.000000e-01 1.683113e-05 8.000000e-04 3.048469e+12 3.180203e+01 2.288802e+01 6.923341e+01 2.850883e-15 4.544049e-15 1.231044e-14 2.508466e-13 9.947667e-13
1.250000e+00 1.425000e-02  1.295455e-02  1.000000e-01 1.727962e-05 8.000000e-04 3.048469e+12 3.180203e+01 2.288802e+01 6.923341e+01 3.015787e-15 4.757835e-15 1.297523e-14 2.643929e-13 1.048486e-12
1.250000e+00 1.425000e-02  1.295455e-02  1.000000e-01 1.774005e-05 8.000000e-04 3.048469e+12 3.180203e+01 2.288802e+01 6.923341e+01 3.096106e-15 5.010864e-15 1.367592e-14 2.786708e-13 1.105107e-12
1.250000e+00 1.425000e-02  1.295455e-02  1.000000e-01 1.821276e-05 8.000000e-04 3.048469e+12 3.180203e+01 2.288802e+01 6.923341e+01 3.295786e-15 5.285392e-15 1.441446e-14 2.937196e-13 1.164785e-12
1.250000e+00 1.425000e-02  1.295455e-02  1.000000e-01 1.869805e-05 8.000000e-04 3.048469e+12 3.180203e+01 2.288802e+01 6.923341e+01 3.523312e-15 5.595281e-15 1.519287e-14 3.095812e-13 1.227687e-12
1.250000e+00 1.425000e-02  1.295455e-02  1.000000e-01 1.919629e-05 8.000000e-04 3.048469e+12 3.180203e+01 2.288802e+01 6.923341e+01 3.673430e-15 5.819778e-15 1.601332e-14 3.262993e-13 1.293984e-12
1.250000e+00 1.425000e-02  1.295455e-02  1.000000e-01 1.970779e-05 8.000000e-04 3.048469e+12 3.180203e+01 2.288802e+01 6.923341e+01 3.703047e-15 6.192726e-15 1.687808e-14 3.439202e-13 1.363863e-12
1.250000e+00 1.425000e-02  1.295455e-02  1.000000e-01 2.023293e-05 8.000000e-04 3.048469e+12 3.180203e+01 2.288802e+01 6.923341e+01 4.356191e-15 6.589744e-15 1.778953e-14 3.624927e-13 1.437514e-12
1.250000e+00 1.425000e-02  1.295455e-02  1.000000e-01 2.077206e-05 8.000000e-04 3.048469e+12 3.180203e+01 2.288802e+01 6.923341e+01 4.292367e-15 6.853045e-15 1.875021e-14 3.820681e-13 1.515143e-12
1.250000e+00 1.425000e-02  1.295455e-02  1.000000e-01 2.132555e-05 8.000000e-04 3.048469e+12 3.180203e+01 2.288802e+01 6.923341e+01 4.777401e-15 7.281966e-15 1.976276e-14 4.027007e-13 1.596965e-12
1.250000e+00 1.425000e-02  1.295455e-02  1.000000e-01 2.189380e-05 8.000000e-04 3.048469e+12 3.180203e+01 2.288802e+01 6.923341e+01 4.780236e-15 7.676175e-15 2.083000e-14 4.244474e-13 1.683204e-12
1.250000e+00 1.425000e-02  1.295455e-02  1.000000e-01 2.247718e-05 8.000000e-04 3.048469e+12 3.180203e+01 2.288802e+01 6.923341e+01 4.956250e-15 8.002443e-15 2.195487e-14 4.473686e-13 1.774101e-12
1.250000e+00 1.425000e-02  1.295455e-02  1.000000e-01 2.307611e-05 8.000000e-04 3.048469e+12 3.180203e+01 2.288802e+01 6.923341e+01 5.513119e-15 8.549969e-15 2.314048e-14 4.715275e-13 1.869907e-12
1.250000e+00 1.425000e-02  1.295455e-02  1.000000e-01 2.369100e-05 8.000000e-04 3.048469e+12 3.180203e+01 2.288802e+01 6.923341e+01 5.439456e-15 8.919458e-15 2.439012e-14 4.969911e-13 1.970886e-12
1.250000e+00 1.425000e-02  1.295455e-02  1.000000e-01 2.432228e-05 8.000000e-04 3.048469e+12 3.180203e+01 2.288802e+01 6.923341e+01 5.732023e-15 9.547750e-15 2.570724e-14 5.238298e-13 2.077319e-12
1.250000e+00 1.425000e-02  1.295455e-02  1.000000e-01 2.497037e-05 8.000000e-04 3.048469e+12 3.180203e+01 2.288802e+01 6.923341e+01 6.426712e-15 9.932358e-15 2.709549e-14 5.521178e-13 2.189499e-12
1.250000e+00 1.425000e-02  1.295455e-02  1.000000e-01 2.563574e-05 8.000000e-04 3.048469e+12 3.180203e+01 2.288802e+01 6.923341e+01 6.807154e-15 1.042862e-14 2.855871e-14 5.819334e-13 2.307737e-12
1.250000e+00 1.425000e-02  1.295455e-02  1.000000e-01 2.631883e-05 8.000000e-04 3.048469e+12 3.180203e+01 2.288802e+01 6.923341e+01 7.104521e-15 1.107466e-14 3.010095e-14 6.133592e-13 2.432360e-12
1.250000e+00 1.425000e-02  1.295455e-02  1.000000e-01 2.702013e-05 8.000000e-04 3.048469e+12 3.180203e+01 2.288802e+01 6.923341e+01 7.712991e-15 1.167646e-14 3.172647e-14 6.464820e-13 2.563713e-12
1.250000e+00 1.425000e-02  1.295455e-02  1.000000e-01 2.774011e-05 8.000000e-04 3.048469e+12 3.180203e+01 2.288802e+01 6.923341e+01 7.232172e-15 1.236060e-14 3.343977e-14 6.813935e-13 2.702159e-12
1.250000e+00 1.425000e-02  1.295455e-02  1.000000e-01 2.847928e-05 8.000000e-04 3.048469e+12 3.180203e+01 2.288802e+01 6.923341e+01 8.400223e-15 1.276748e-14 3.524559e-14 7.181903e-13 2.848082e-12
1.250000e+00 1.425000e-02  1.295455e-02  1.000000e-01 2.923814e-05 8.000000e-04 3.048469e+12 3.180203e+01 2.288802e+01 6.923341e+01 8.505365e-15 1.363623e-14 3.714894e-14 7.569743e-13 3.001885e-12
1.250000e+00 1.425000e-02  1.295455e-02  1.000000e-01 3.001722e-05 8.000000e-04 3.048469e+12 3.180203e+01 2.288802e+01 6.923341e+01 8.788004e-15 1.442078e-14 3.915507e-14 7.978526e-13 3.163994e-12
1.250000e+00 1.425000e-02  1.295455e-02  1.000000e-01 3.081707e-05 8.000000e-04 3.048469e+12 3.180203e+01 2.288802e+01 6.923341e+01 9.725948e-15 1.525697e-14 4.126953e-14 8.409385e-13 3.334857e-12
1.250000e+00 1.425000e-02  1.295455e-02  1.000000e-01 3.163822e-05 8.000000e-04 3.048469e+12 3.180203e+01 2.288802e+01 6.923341e+01 9.866253e-15 1.612695e-14 4.349818e-14 8.863511e-13 3.514947e-12
1.250000e+00 1.425000e-02  1.295455e-02  1.000000e-01 3.248126e-05 8.000000e-04 3.048469e+12 3.180203e+01 2.288802e+01 6.923341e+01 1.060533e-14 1.685299e-14 4.584718e-14 9.342161e-13 3.704762e-12
1.250000e+00 1.425000e-02  1.295455e-02  1.000000e-01 3.334676e-05 8.000000e-04 3.048469e+12 3.180203e+01 2.288802e+01 6.923341e+01 1.131343e-14 1.788424e-14 4.832304e-14 9.846660e-13 3.904828e-12
1.250000e+00 1.425000e-02  1.295455e-02  1.000000e-01 3.423532e-05 8.000000e-04 3.048469e+12 3.180203e+01 2.288802e+01 6.923341e+01 1.197066e-14 1.880040e-14 5.093259e-14 1.037840e-12 4.115698e-12
1.250000e+00 1.425000e-02  1.295455e-02  1.000000e-01 3.514756e-05 8.000000e-04 3.048469e+12 3.180203e+01 2.288802e+01 6.923341e+01 1.187752e-14 1.993638e-14 5.368307e-14 1.093886e-12 4.337955e-12
1.250000e+00 1.425000e-02  1.295455e-02  1.000000e-01 3.608411e-05 8.000000e-04 3.048469e+12 3.180203e+01 2.288802e+01 6.923341e+01 1.313023e-14 2.069308e-14 5.658208e-14 1.152958e-12 4.572214e-12
1.250000e+00 1.425000e-02  1.295455e-02  1.000000e-01 3.704561e-05 8.000000e-04 3.048469e+12 3.180203e+01 2.288802e+01 6.923341e+01 1.385527e-14 2.189848e-14 5.963764e-14 1.215221e-12 4.819124e-12
1.250000e+00 1.425000e-02  1.295455e-02  1.000000e-01 3.803273e-05 8.000000e-04 3.048469e+12 3.180203e+01 2.288802e+01 6.923341e+01 1.495769e-14 2.331258e-14 6.285821e-14 1.280845e-12 5.079368e-12
1.250000e+00 1.425000e-02  1.295455e-02  1.000000e-01 3.904616e-05 8.000000e-04 3.048469e+12 3.180203e+01 2.288802e+01 6.923341e+01 1.520168e-14 2.452386e-14 6.625270e-14 1.350014e-12 5.353666e-12
1.250000e+00 1.425000e-02  1.295455e-02  1.000000e-01 4.008659e-05 8.000000e-04 3.048469e+12 3.180203e+01 2.288802e+01 6.923341e+01 1.679405e-14 2.597369e-14 6.983050e-14 1.422918e-12 5.642776e-12
1.250000e+00 1.425000e-02  1.295455e-02  1.000000e-01 4.115474e-05 8.000000e-04 3.048469e+12 3.180203e+01 2.288802e+01 6.923341e+01 1.771758e-14 2.722318e-14 7.360151e-14 1.499759e-12 5.947499e-12
1.250000e+00 1.425000e-02  1.295455e-02  1.000000e-01 4.225136e-05 8.000000e-04 3.048469e+12 3.180203e+01 2.288802e+01 6.923341e+01 1.755404e-14 2.857873e-14 7.757616e-14 1.580749e-12 6.268678e-12
1.250000e+00 1.425000e-02  1.295455e-02  1.000000e-01 4.337719e-05 8.000000e-04 3.048469e+12 3.180203e+01 2.288802e+01 6.923341e+01 1.923911e-14 2.999650e-14 8.176545e-14 1.666113e-12 6.607201e-12
1.250000e+00 1.425000e-02  1.295455e-02  1.000000e-01 4.453303e-05 8.000000e-04 3.048469e+12 3.180203e+01 2.288802e+01 6.923341e+01 2.007225e-14 3.207991e-14 8.618098e-14 1.756087e-12 6.964005e-12
1.250000e+00 1.425000e-02  1.295455e-02  1.000000e-01 4.571966e-05 8.000000e-04 3.048469e+12 3.180203e+01 2.288802e+01 6.923341e+01 2.046879e-14 3.338512e-14 9.083495e-14 1.850920e-12 7.340077e-12
1.250000e+00 1.425000e-02  1.295455e-02  1.000000e-01 4.693791e-05 8.000000e-04 3.048469e+12 3.180203e+01 2.288802e+01 6.923341e+01 2.335680e-14 3.530403e-14 9.574025e-14 1.950874e-12 7.736459e-12
1.250000e+00 1.425000e-02  1.295455e-02  1.000000e-01 4.818863e-05 8.000000e-04 3.048469e+12 3.180203e+01 2.288802e+01 6.923341e+01 2.390202e-14 3.711358e-14 1.009104e-13 2.056226e-12 8.154245e-12
1.250000e+00 1.425000e-02  1.295455e-02  1.000000e-01 4.947267e-05 8.000000e-04 3.048469e+12 3.180203e+01 2.288802e+01 6.923341e+01 2.686391e-14 3.915215e-14 1.063598e-13 2.167267e-12 8.594593e-12
1.250000e+00 1.425000e-02  1.295455e-02  1.000000e-01 5.079093e-05 8.000000e-04 3.048469e+12 3.180203e+01 2.288802e+01 6.923341e+01 2.506923e-14 4.111074e-14 1.121035e-13 2.284304e-12 9.058721e-12
1.250000e+00 1.425000e-02  1.295455e-02  1.000000e-01 5.214431e-05 8.000000e-04 3.048469e+12 3.180203e+01 2.288802e+01 6.923341e+01 2.728344e-14 4.378945e-14 1.181574e-13 2.407662e-12 9.547913e-12
1.250000e+00 1.425000e-02  1.295455e-02  1.000000e-01 5.353375e-05 8.000000e-04 3.048469e+12 3.180203e+01 2.288802e+01 6.923341e+01 2.951627e-14 4.539481e-14 1.245381e-13 2.537681e-12 1.006352e-11
1.250000e+00 1.425000e-02  1.295455e-02  1.000000e-01 5.496022e-05 8.000000e-04 3.048469e+12 3.180203e+01 2.288802e+01 6.923341e+01 3.051803e-14 4.805994e-14 1.312635e-13 2.674722e-12 1.060698e-11
