6.000000e-02 2.285000e-02  2.077273e-02  1.000000e-01 2.000000e-06 8.000000e-04 3.927575e+05 3.180203e+01 2.288802e+01 6.923341e+01 2.777380e-05 1.455903e-05 1.599080e-04 2.725785e-03 8.562517e-03
6.000000e-02 2.285000e-02  2.077273e-02  1.000000e-01 2.053292e-06 8.000000e-04 3.927575e+05 3.180203e+01 2.288802e+01 6.923341e+01 2.732059e-05 1.562585e-05 1.685434e-04 2.872984e-03 9.024913e-03
6.000000e-02 2.285000e-02  2.077273e-02  1.000000e-01 2.108005e-06 8.000000e-04 3.927575e+05 3.180203e+01 2.288802e+01 6.923341e+01 2.956192e-05 1.620887e-05 1.776451e-04 3.028132e-03 9.512279e-03
6.000000e-02 2.285000e-02  2.077273e-02  1.000000e-01 2.164175e-06 8.000000e-04 3.927575e+05 3.180203e+01 2.288802e+01 6.923341e+01 3.261344e-05 1.727835e-05 1.872384e-04 3.191658e-03 1.002596e-02
6.000000e-02 2.285000e-02  2.077273e-02  1.000000e-01 2.221842e-06 8.000000e-04 3.927575e+05 3.180203e+01 2.288802e+01 6.923341e+01 3.305135e-05 1.793796e-05 1.973497e-04 3.364015e-03 1.056739e-02
6.000000e-02 2.285000e-02  2.077273e-02  1.000000e-01 2.281045e-06 8.000000e-04 3.927575e+05 3.180203e+01 2.288802e+01 6.923341e+01 3.386686e-05 1.928260e-05 2.080070e-04 3.545679e-03 1.113805e-02
6.000000e-02 2.285000e-02  2.077273e-02  1.000000e-01 2.341826e-06 8.000000e-04 3.927575e+05 3.180203e+01 2.288802e+01 6.923341e+01 3.686668e-05 2.030285e-05 2.192399e-04 3.737154e-03 1.173953e-02
6.000000e-02 2.285000e-02  2.077273e-02  1.000000e-01 2.404227e-06 8.000000e-04 3.927575e+05 3.180203e+01 2.288802e+01 6.923341e+01 3.748617e-05 2.123347e-05 2.310793e-04 3.938969e-03 1.237350e-02
6.000000e-02 2.285000e-02  2.077273e-02  1.000000e-01 2.468290e-06 8.000000e-04 3.927575e+05 3.180203e+01 2.288802e+01 6.923341e+01 4.115801e-05 2.190516e-05 2.435581e-04 4.151682e-03 1.304169e-02
6.000000e-02 2.285000e-02  2.077273e-02  1.000000e-01 2.534061e-06 8.000000e-04 3.927575e+05 3.180203e+01 2.288802e+01 6.923341e+01 4.361868e-05 2.365824e-05 2.567108e-04 4.375883e-03 1.374597e-02
6.000000e-02 2.285000e-02  2.077273e-02  1.000000e-01 2.601584e-06 8.000000e-04 3.927575e+05 3.180203e+01 2.288802e+01 6.923341e+01 4.610273e-05 2.435825e-05 2.705738e-04 4.612191e-03 1.448829e-02
6.000000e-02 2.285000e-02  2.077273e-02  1.000000e-01 2.670906e-06 8.000000e-04 3.927575e+05 3.180203e+01 2.288802e+01 6.923341e+01 4.590508e-05 2.594755e-05 2.851854e-04 4.861260e-03 1.527069e-02
6.000000e-02 2.285000e-02  2.077273e-02  1.000000e-01 2.742075e-06 8.000000e-04 3.927575e+05 3.180203e+01 2.288802e+01 6.923341e+01 5.325574e-05 2.755738e-05 3.005861e-04 5.123779e-03 1.609534e-02
6.000000e-02 2.285000e-02  2.077273e-02  1.000000e-01 2.815141e-06 8.000000e-04 3.927575e+05 3.180203e+01 2.288802e+01 6.923341e+01 5.568039e-05 2.977197e-05 3.168184e-04 5.400475e-03 1.696453e-02
6.000000e-02 2.285000e-02  2.077273e-02  1.000000e-01 2.890154e-06 8.000000e-04 3.927575e+05 3.180203e+01 2.288802e+01 6.923341e+01 5.645489e-05 3.060473e-05 3.339274e-04 5.692113e-03 1.788065e-02
6.000000e-02 2.285000e-02  2.077273e-02  1.000000e-01 2.967165e-06 8.000000e-04 3.927575e+05 3.180203e+01 2.288802e+01 6.923341e+01 5.900771e-05 3.176785e-05 3.519602e-04 5.999500e-03 1.884625e-02
6.000000e-02 2.285000e-02  2.077273e-02  1.000000e-01 3.046229e-06 8.000000e-04 3.927575e+05 3.180203e+01 2.288802e+01 6.923341e+01 6.406017e-05 3.466626e-05 3.709669e-04 6.323487e-03 1.986399e-02
6.000000e-02 2.285000e-02  2.077273e-02  1.000000e-01 3.127399e-06 8.000000e-04 3.927575e+05 3.180203e+01 2.288802e+01 6.923341e+01 6.328133e-05 3.619945e-05 3.909999e-04 6.664970e-03 2.093669e-02
6.000000e-02 2.285000e-02  2.077273e-02  1.000000e-01 3.210732e-06 8.000000e-04 3.927575e+05 3.180203e+01 2.288802e+01 6.923341e+01 6.930490e-05 3.724449e-05 4.121149e-04 7.024894e-03 2.206732e-02
6.000000e-02 2.285000e-02  2.077273e-02  1.000000e-01 3.296286e-06 8.000000e-04 3.927575e+05 3.180203e+01 2.288802e+01 6.923341e+01 6.763747e-05 3.976098e-05 4.343700e-04 7.404254e-03 2.325901e-02
6.000000e-02 2.285000e-02  2.077273e-02  1.000000e-01 3.384119e-06 8.000000e-04 3.927575e+05 3.180203e+01 2.288802e+01 6.923341e+01 7.551825e-05 4.168937e-05 4.578270e-04 7.804101e-03 2.451505e-02
6.000000e-02 2.285000e-02  2.077273e-02  1.000000e-01 3.474293e-06 8.000000e-04 3.927575e+05 3.180203e+01 2.288802e+01 6.923340e+01 8.730391e-05 4.365417e-05 4.825507e-04 8.225541e-03 2.583892e-02
6.000000e-02 2.285000e-02  2.077273e-02  1.000000e-01 3.566869e-06 8.000000e-04 3.927575e+05 3.180203e+01 2.288802e+01 6.923340e+01 8.943275e-05 4.620523e-05 5.086096e-04 8.669739e-03 2.723428e-02
6.000000e-02 2.285000e-02  2.077273e-02  1.000000e-01 3.661913e-06 8.000000e-04 3.927575e+05 3.180203e+01 2.288802e+01 6.923340e+01 8.688316e-05 4.980407e-05 5.360756e-04 9.137925e-03 2.870499e-02
6.000000e-02 2.285000e-02  2.077273e-02  1.000000e-01 3.759488e-06 8.000000e-04 3.927575e+05 3.180203e+01 2.288802e+01 6.923340e+01 9.394326e-05 5.156139e-05 5.650250e-04 9.631394e-03 3.025513e-02
6.000000e-02 2.285000e-02  2.077273e-02  1.000000e-01 3.859664e-06 8.000000e-04 3.927575e+05 3.180203e+01 2.288802e+01 6.923340e+01 1.047264e-04 5.445342e-05 5.955376e-04 1.015151e-02 3.188897e-02
6.000000e-02 2.285000e-02  2.077273e-02  1.000000e-01 3.962510e-06 8.000000e-04 3.927575e+05 3.180203e+01 2.288801e+01 6.923340e+01 1.055805e-04 5.658928e-05 6.276980e-04 1.069972e-02 3.361105e-02
6.000000e-02 2.285000e-02  2.077273e-02  1.000000e-01 4.068095e-06 8.000000e-04 3.927575e+05 3.180203e+01 2.288801e+01 6.923340e+01 1.132143e-04 6.059800e-05 6.615952e-04 1.127753e-02 3.542613e-02
6.000000e-02 2.285000e-02  2.077273e-02  1.000000e-01 4.176494e-06 8.000000e-04 3.927575e+05 3.180203e+01 2.288801e+01 6.923340e+01 1.185634e-04 6.402831e-05 6.973228e-04 1.188654e-02 3.733922e-02
6.000000e-02 2.285000e-02  2.077273e-02  1.000000e-01 4.287782e-06 8.000000e-04 3.927575e+05 3.180203e+01 2.288801e+01 6.923340e+01 1.289584e-04 6.817611e-05 7.349799e-04 1.252844e-02 3.935562e-02
6.000000e-02 2.285000e-02  2.077273e-02  1.000000e-01 4.402035e-06 8.000000e-04 3.927575e+05 3.180203e+01 2.288801e+01 6.923340e+01 1.323737e-04 7.098647e-05 7.746705e-04 1.320500e-02 4.148092e-02
6.000000e-02 2.285000e-02  2.077273e-02  1.000000e-01 4.519332e-06 8.000000e-04 3.927575e+05 3.180203e+01 2.288801e+01 6.923340e+01 1.317678e-04 7.454929e-05 8.165045e-04 1.391810e-02 4.372098e-02
6.000000e-02 2.285000e-02  2.077273e-02  1.000000e-01 4.639755e-06 8.000000e-04 3.927575e+05 3.180202e+01 2.288801e+01 6.923340e+01 1.597864e-04 7.782085e-05 8.605976e-04 1.466971e-02 4.608202e-02
6.000000e-02 2.285000e-02  2.077273e-02  1.000000e-01 4.763386e-06 8.000000e-04 3.927575e+05 3.180203e+01 2.288801e+01 6.923340e+01 1.473265e-04 8.268757e-05 9.070719e-04 1.546191e-02 4.857055e-02
6.000000e-02 2.285000e-02  2.077273e-02  1.000000e-01 4.890312e-06 8.000000e-04 3.927575e+05 3.180203e+01 2.288801e+01 6.923340e+01 1.583128e-04 8.772608e-05 9.560559e-04 1.629689e-02 5.119348e-02
6.000000e-02 2.285000e-02  2.077273e-02  1.000000e-01 5.020620e-06 8.000000e-04 3.927575e+05 3.180203e+01 2.288801e+01 6.923340e+01 1.699964e-04 9.120052e-05 1.007685e-03 1.717696e-02 5.395804e-02
6.000000e-02 2.285000e-02  2.077273e-02  1.000000e-01 5.154400e-06 8.000000e-04 3.927575e+05 3.180202e+01 2.288801e+01 6.923339e+01 1.860347e-04 9.688538e-05 1.062102e-03 1.810456e-02 5.687190e-02
6.000000e-02 2.285000e-02  2.077273e-02  1.000000e-01 5.291745e-06 8.000000e-04 3.927575e+05 3.180202e+01 2.288801e+01 6.923340e+01 1.788516e-04 1.010460e-04 1.119458e-03 1.908224e-02 5.994311e-02
6.000000e-02 2.285000e-02  2.077273e-02  1.000000e-01 5.432750e-06 8.000000e-04 3.927575e+05 3.180203e+01 2.288801e+01 6.923340e+01 1.961770e-04 1.074036e-04 1.179912e-03 2.011273e-02 6.318018e-02
6.000000e-02 2.285000e-02  2.077273e-02  1.000000e-01 5.577512e-06 8.000000e-04 3.927575e+05 3.180202e+01 2.288801e+01 6.923339e+01 2.109113e-04 1.128984e-04 1.243630e-03 2.119886e-02 6.659206e-02
6.000000e-02 2.285000e-02  2.077273e-02  1.000000e-01 5.726131e-06 8.000000e-04 3.927575e+05 3.180202e+01 2.288801e+01 6.923339e+01 2.288475e-04 1.197214e-04 1.310789e-03 2.234365e-02 7.018818e-02
6.000000e-02 2.285000e-02  2.077273e-02  1.000000e-01 5.878710e-06 8.000000e-04 3.927575e+05 3.180202e+01 2.288801e+01 6.923339e+01 2.327183e-04 1.237385e-04 1.381574e-03 2.355026e-02 7.397851e-02
6.000000e-02 2.285000e-02  2.077273e-02  1.000000e-01 6.035355e-06 8.000000e-04 3.927575e+05 3.180202e+01 2.288801e+01 6.923339e+01 2.542220e-04 1.334402e-04 1.456182e-03 2.482203e-02 7.797352e-02
6.000000e-02 2.285000e-02  2.077273e-02  1.000000e-01 6.196174e-06 8.000000e-04 3.927575e+05 3.180202e+01 2.288801e+01 6.923339e+01 2.509483e-04 1.417806e-04 1.534820e-03 2.616248e-02 8.218427e-02
6.000000e-02 2.285000e-02  2.077273e-02  1.000000e-01 6.361278e-06 8.000000e-04 3.927575e+05 3.180202e+01 2.288801e+01 6.923339e+01 2.661200e-04 1.492401e-04 1.617703e-03 2.757531e-02 8.662241e-02
6.000000e-02 2.285000e-02  2.077273e-02  1.000000e-01 6.530782e-06 8.000000e-04 3.927575e+05 3.180202e+01 2.288801e+01 6.923339e+01 2.885082e-04 1.525830e-04 1.705063e-03 2.906444e-02 9.130022e-02
6.000000e-02 2.285000e-02  2.077273e-02  1.000000e-01 6.704802e-06 8.000000e-04 3.927575e+05 3.180202e+01 2.288800e+01 6.923339e+01 3.022206e-04 1.630109e-04 1.797141e-03 3.063399e-02 9.623064e-02
6.000000e-02 2.285000e-02  2.077273e-02  1.000000e-01 6.883459e-06 8.000000e-04 3.927575e+05 3.180202e+01 2.288800e+01 6.923339e+01 3.019266e-04 1.756169e-04 1.894190e-03 3.228829e-02 1.014273e-01
6.000000e-02 2.285000e-02  2.077273e-02  1.000000e-01 7.066877e-06 8.000000e-04 3.927575e+05 3.180202e+01 2.288800e+01 6.923339e+01 3.120627e-04 1.849420e-04 1.996481e-03 3.403194e-02 1.069046e-01
6.000000e-02 2.285000e-02  2.077273e-02  1.000000e-01 7.255182e-06 8.000000e-04 3.927575e+05 3.180202e+01 2.288800e+01 6.923338e+01 3.456245e-04 1.919452e-04 2.104295e-03 3.586974e-02 1.126777e-01
6.000000e-02 2.285000e-02  2.077273e-02  1.000000e-01 7.448504e-06 8.000000e-04 3.927575e+05 3.180202e+01 2.288800e+01 6.923338e+01 3.569631e-04 2.016123e-04 2.217932e-03 3.780679e-02 1.187626e-01
6.000000e-02 2.285000e-02  2.077273e-02  1.000000e-01 7.646978e-06 8.000000e-04 3.927575e+05 3.180202e+01 2.288800e+01 6.923338e+01 4.053463e-04 2.121990e-04 2.337706e-03 3.984844e-02 1.251760e-01
6.000000e-02 2.285000e-02  2.077273e-02  1.000000e-01 7.850741e-06 8.000000e-04 3.927575e+05 3.180201e+01 2.288800e+01 6.923337e+01 4.344275e-04 2.243449e-04 2.463947e-03 4.200035e-02 1.319358e-01
6.000000e-02 2.285000e-02  2.077273e-02  1.000000e-01 8.059933e-06 8.000000e-04 3.927575e+05 3.180202e+01 2.288800e+01 6.923338e+01 4.303127e-04 2.380437e-04 2.597006e-03 4.426847e-02 1.390607e-01
6.000000e-02 2.285000e-02  2.077273e-02  1.000000e-01 8.274699e-06 8.000000e-04 3.927575e+05 3.180202e+01 2.288800e+01 6.923337e+01 4.554982e-04 2.484635e-04 2.737250e-03 4.665907e-02 1.465703e-01
6.000000e-02 2.285000e-02  2.077273e-02  1.000000e-01 8.495188e-06 8.000000e-04 3.927575e+05 3.180201e+01 2.288800e+01 6.923337e+01 4.873976e-04 2.627266e-04 2.885068e-03 4.917876e-02 1.544854e-01
6.000000e-02 2.285000e-02  2.077273e-02  1.000000e-01 8.721552e-06 8.000000e-04 3.927575e+05 3.180201e+01 2.288799e+01 6.923337e+01 4.975260e-04 2.775130e-04 3.040869e-03 5.183453e-02 1.628280e-01
6.000000e-02 2.285000e-02  2.077273e-02  1.000000e-01 8.953948e-06 8.000000e-04 3.927575e+05 3.180201e+01 2.288799e+01 6.923337e+01 5.616121e-04 2.882535e-04 3.205083e-03 5.463371e-02 1.716211e-01
6.000000e-02 2.285000e-02  2.077273e-02  1.000000e-01 9.192536e-06 8.000000e-04 3.927575e+05 3.180201e+01 2.288799e+01 6.923336e+01 5.434005e-04 3.055540e-04 3.378164e-03 5.758406e-02 1.808890e-01
6.000000e-02 2.285000e-02  2.077273e-02  1.000000e-01 9.437481e-06 8.000000e-04 3.927575e+05 3.180201e+01 2.288799e+01 6.923336e+01 5.860141e-04 3.278430e-04 3.560593e-03 6.069373e-02 1.906574e-01
6.000000e-02 2.285000e-02  2.077273e-02  1.000000e-01 9.688954e-06 8.000000e-04 3.927575e+05 3.180201e+01 2.288799e+01 6.923336e+01 6.428583e-04 3.456230e-04 3.752873e-03 6.397134e-02 2.009534e-01
6.000000e-02 2.285000e-02  2.077273e-02  1.000000e-01 9.947127e-06 8.000000e-04 3.927575e+05 3.180201e+01 2.288799e+01 6.923336e+01 6.663664e-04 3.630942e-04 3.955537e-03 6.742594e-02 2.118053e-01
6.000000e-02 2.285000e-02  2.077273e-02  1.000000e-01 1.021218e-05 8.000000e-04 3.927575e+05 3.180200e+01 2.288798e+01 6.923335e+01 7.437155e-04 3.821758e-04 4.169145e-03 7.106709e-02 2.232433e-01
6.000000e-02 2.285000e-02  2.077273e-02  1.000000e-01 1.048430e-05 8.000000e-04 3.927575e+05 3.180200e+01 2.288798e+01 6.923335e+01 7.872907e-04 3.955767e-04 4.394289e-03 7.490488e-02 2.352989e-01
6.000000e-02 2.285000e-02  2.077273e-02  1.000000e-01 1.076366e-05 8.000000e-04 3.927575e+05 3.180200e+01 2.288798e+01 6.923335e+01 7.833766e-04 4.216289e-04 4.631591e-03 7.894992e-02 2.480056e-01
6.000000e-02 2.285000e-02  2.077273e-02  1.000000e-01 1.105047e-05 8.000000e-04 3.927575e+05 3.180200e+01 2.288798e+01 6.923334e+01 9.085899e-04 4.442122e-04 4.881707e-03 8.321339e-02 2.613985e-01
6.000000e-02 2.285000e-02  2.077273e-02  1.000000e-01 1.134492e-05 8.000000e-04 3.927575e+05 3.180200e+01 2.288798e+01 6.923334e+01 8.748233e-04 4.699267e-04 5.145331e-03 8.770711e-02 2.755146e-01
6.000000e-02 2.285000e-02  2.077273e-02  1.000000e-01 1.164722e-05 8.000000e-04 3.927575e+05 3.180200e+01 2.288798e+01 6.923334e+01 8.420539e-04 4.988824e-04 5.423190e-03 9.244350e-02 2.903930e-01
6.000000e-02 2.285000e-02  2.077273e-02  1.000000e-01 1.195758e-05 8.000000e-04 3.927575e+05 3.180200e+01 2.288797e+01 6.923333e+01 9.497258e-04 5.298292e-04 5.716055e-03 9.743566e-02 3.060749e-01
6.000000e-02 2.285000e-02  2.077273e-02  1.000000e-01 1.227620e-05 8.000000e-04 3.927575e+05 3.180199e+01 2.288797e+01 6.923332e+01 1.022999e-03 5.520859e-04 6.024735e-03 1.026974e-01 3.226037e-01
6.000000e-02 2.285000e-02  2.077273e-02  1.000000e-01 1.260331e-05 8.000000e-04 3.927575e+05 3.180200e+01 2.288797e+01 6.923333e+01 1.101277e-03 5.829604e-04 6.350085e-03 1.082433e-01 3.400250e-01
6.000000e-02 2.285000e-02  2.077273e-02  1.000000e-01 1.293914e-05 8.000000e-04 3.927575e+05 3.180199e+01 2.288796e+01 6.923332e+01 1.137611e-03 6.110641e-04 6.693004e-03 1.140887e-01 3.583872e-01
6.000000e-02 2.285000e-02  2.077273e-02  1.000000e-01 1.328392e-05 8.000000e-04 3.927575e+05 3.180199e+01 2.288796e+01 6.923332e+01 1.175454e-03 6.442016e-04 7.054442e-03 1.202497e-01 3.777409e-01
6.000000e-02 2.285000e-02  2.077273e-02  1.000000e-01 1.363789e-05 8.000000e-04 3.927575e+05 3.180198e+01 2.288796e+01 6.923330e+01 1.267390e-03 6.778170e-04 7.435398e-03 1.267435e-01 3.981398e-01
6.000000e-02 2.285000e-02  2.077273e-02  1.000000e-01 1.400128e-05 8.000000e-04 3.927575e+05 3.180199e+01 2.288796e+01 6.923331e+01 1.300335e-03 7.073767e-04 7.836927e-03 1.335880e-01 4.196403e-01
6.000000e-02 2.285000e-02  2.077273e-02  1.000000e-01 1.437436e-05 8.000000e-04 3.927575e+05 3.180198e+01 2.288795e+01 6.923329e+01 1.354672e-03 7.581661e-04 8.260139e-03 1.408020e-01 4.423018e-01
6.000000e-02 2.285000e-02  2.077273e-02  1.000000e-01 1.475738e-05 8.000000e-04 3.927575e+05 3.180198e+01 2.288795e+01 6.923329e+01 1.451273e-03 7.890333e-04 8.706206e-03 1.484056e-01 4.661871e-01
6.000000e-02 2.285000e-02  2.077273e-02  1.000000e-01 1.515061e-05 8.000000e-04 3.927575e+05 3.180197e+01 2.288794e+01 6.923328e+01 1.597844e-03 8.456351e-04 9.176361e-03 1.564199e-01 4.913623e-01
6.000000e-02 2.285000e-02  2.077273e-02  1.000000e-01 1.555432e-05 8.000000e-04 3.927575e+05 3.180198e+01 2.288794e+01 6.923328e+01 1.632318e-03 8.813992e-04 9.671906e-03 1.648669e-01 5.178970e-01
6.000000e-02 2.285000e-02  2.077273e-02  1.000000e-01 1.596878e-05 8.000000e-04 3.927575e+05 3.180196e+01 2.288794e+01 6.923325e+01 1.714940e-03 9.416572e-04 1.019421e-02 1.737701e-01 5.458646e-01
6.000000e-02 2.285000e-02  2.077273e-02  1.000000e-01 1.639429e-05 8.000000e-04 3.927575e+05 3.180197e+01 2.288793e+01 6.923327e+01 1.721510e-03 9.914171e-04 1.074472e-02 1.831541e-01 5.753426e-01
6.000000e-02 2.285000e-02  2.077273e-02  1.000000e-01 1.683113e-05 8.000000e-04 3.927575e+05 3.180196e+01 2.288793e+01 6.923325e+01 1.886920e-03 1.042868e-03 1.132496e-02 1.930449e-01 6.064124e-01
6.000000e-02 2.285000e-02  2.077273e-02  1.000000e-01 1.727962e-05 8.000000e-04 3.927575e+05 3.180197e+01 2.288792e+01 6.923326e+01 2.121810e-03 1.101785e-03 1.193654e-02 2.034697e-01 6.391601e-01
6.000000e-02 2.285000e-02  2.077273e-02  1.000000e-01 1.774005e-05 8.000000e-04 3.927575e+05 3.180195e+01 2.288791e+01 6.923323e+01 2.154804e-03 1.142330e-03 1.258114e-02 2.144576e-01 6.736762e-01
6.000000e-02 2.285000e-02  2.077273e-02  1.000000e-01 1.821276e-05 8.000000e-04 3.927575e+05 3.180195e+01 2.288791e+01 6.923322e+01 2.233679e-03 1.201166e-03 1.326055e-02 2.260388e-01 7.100563e-01
6.000000e-02 2.285000e-02  2.077273e-02  1.000000e-01 1.869805e-05 8.000000e-04 3.927575e+05 3.180194e+01 2.288791e+01 6.923319e+01 2.420209e-03 1.258930e-03 1.397665e-02 2.382454e-01 7.484010e-01
6.000000e-02 2.285000e-02  2.077273e-02  1.000000e-01 1.919629e-05 8.000000e-04 3.927575e+05 3.180193e+01 2.288790e+01 6.923319e+01 2.516421e-03 1.349042e-03 1.473142e-02 2.511112e-01 7.888163e-01
6.000000e-02 2.285000e-02  2.077273e-02  1.000000e-01 1.970779e-05 8.000000e-04 3.927575e+05 3.180194e+01 2.288789e+01 6.923320e+01 2.559847e-03 1.434553e-03 1.552695e-02 2.646718e-01 8.314142e-01
6.000000e-02 2.285000e-02  2.077273e-02  1.000000e-01 2.023293e-05 8.000000e-04 3.927575e+05 3.180194e+01 2.288788e+01 6.923319e+01 2.822261e-03 1.492330e-03 1.636544e-02 2.789647e-01 8.763125e-01
6.000000e-02 2.285000e-02  2.077273e-02  1.000000e-01 2.077206e-05 8.000000e-04 3.927575e+05 3.180191e+01 2.288788e+01 6.923313e+01 3.051085e-03 1.599953e-03 1.724921e-02 2.940294e-01 9.236354e-01
6.000000e-02 2.285000e-02  2.077273e-02  1.000000e-01 2.132555e-05 8.000000e-04 3.927575e+05 3.180192e+01 2.288786e+01 6.923315e+01 2.978294e-03 1.687180e-03 1.818071e-02 3.099077e-01 9.735139e-01
6.000000e-02 2.285000e-02  2.077273e-02  1.000000e-01 2.189380e-05 8.000000e-04 3.927575e+05 3.180191e+01 2.288786e+01 6.923313e+01 3.275233e-03 1.744094e-03 1.916251e-02 3.266434e-01 1.026086e+00
6.000000e-02 2.285000e-02  2.077273e-02  1.000000e-01 2.247718e-05 8.000000e-04 3.927575e+05 3.180191e+01 2.288785e+01 6.923312e+01 3.515297e-03 1.847511e-03 2.019733e-02 3.442829e-01 1.081497e+00
6.000000e-02 2.285000e-02  2.077273e-02  1.000000e-01 2.307611e-05 8.000000e-04 3.927575e+05 3.180190e+01 2.288784e+01 6.923311e+01 3.582191e-03 1.883126e-03 2.128803e-02 3.628750e-01 1.139900e+00
6.000000e-02 2.285000e-02  2.077273e-02  1.000000e-01 2.369100e-05 8.000000e-04 3.927575e+05 3.180189e+01 2.288783e+01 6.923307e+01 3.832177e-03 2.075664e-03 2.243763e-02 3.824710e-01 1.201457e+00
6.000000e-02 2.285000e-02  2.077273e-02  1.000000e-01 2.432228e-05 8.000000e-04 3.927575e+05 3.180192e+01 2.288782e+01 6.923313e+01 4.018739e-03 2.185553e-03 2.364932e-02 4.031254e-01 1.266339e+00
6.000000e-02 2.285000e-02  2.077273e-02  1.000000e-01 2.497037e-05 8.000000e-04 3.927575e+05 3.180190e+01 2.288781e+01 6.923308e+01 4.278386e-03 2.273067e-03 2.492644e-02 4.248951e-01 1.334724e+00
6.000000e-02 2.285000e-02  2.077273e-02  1.000000e-01 2.563574e-05 8.000000e-04 3.927575e+05 3.180189e+01 2.288780e+01 6.923307e+01 4.324497e-03 2.420133e-03 2.627252e-02 4.478404e-01 1.406802e+00
6.000000e-02 2.285000e-02  2.077273e-02  1.000000e-01 2.631883e-05 8.000000e-04 3.927575e+05 3.180187e+01 2.288780e+01 6.923302e+01 4.441538e-03 2.555569e-03 2.769130e-02 4.720248e-01 1.482773e+00
6.000000e-02 2.285000e-02  2.077273e-02  1.000000e-01 2.702013e-05 8.000000e-04 3.927575e+05 3.180186e+01 2.288779e+01 6.923301e+01 5.050016e-03 2.637870e-03 2.918669e-02 4.975152e-01 1.562846e+00
6.000000e-02 2.285000e-02  2.077273e-02  1.000000e-01 2.774011e-05 8.000000e-04 3.927575e+05 3.180185e+01 2.288776e+01 6.923297e+01 5.025390e-03 2.821876e-03 3.076284e-02 5.243822e-01 1.647243e+00
6.000000e-02 2.285000e-02  2.077273e-02  1.000000e-01 2.847928e-05 8.000000e-04 3.927575e+05 3.180184e+01 2.288776e+01 6.923296e+01 5.453923e-03 2.943478e-03 3.242411e-02 5.527000e-01 1.736198e+00
6.000000e-02 2.285000e-02  2.077273e-02  1.000000e-01 2.923814e-05 8.000000e-04 3.927575e+05 3.180186e+01 2.288774e+01 6.923299e+01 5.774138e-03 3.143297e-03 3.417508e-02 5.825471e-01 1.829957e+00
6.000000e-02 2.285000e-02  2.077273e-02  1.000000e-01 3.001722e-05 8.000000e-04 3.927575e+05 3.180182e+01 2.288772e+01 6.923291e+01 6.223911e-03 3.312193e-03 3.602062e-02 6.140060e-01 1.928779e+00
6.000000e-02 2.285000e-02  2.077273e-02  1.000000e-01 3.081707e-05 8.000000e-04 3.927575e+05 3.180180e+01 2.288771e+01 6.923287e+01 6.659109e-03 3.488626e-03 3.796581e-02 6.471638e-01 2.032938e+00
6.000000e-02 2.285000e-02  2.077273e-02  1.000000e-01 3.163822e-05 8.000000e-04 3.927575e+05 3.180181e+01 2.288769e+01 6.923288e+01 6.660296e-03 3.647940e-03 4.001605e-02 6.821121e-01 2.142721e+00
6.000000e-02 2.285000e-02  2.077273e-02  1.000000e-01 3.248126e-05 8.000000e-04 3.927575e+05 3.180175e+01 2.288766e+01 6.923276e+01 7.366975e-03 3.833118e-03 4.217701e-02 7.189477e-01 2.258433e+00
6.000000e-02 2.285000e-02  2.077273e-02  1.000000e-01 3.334676e-05 8.000000e-04 3.927575e+05 3.180177e+01 2.288766e+01 6.923279e+01 7.483164e-03 4.044883e-03 4.445467e-02 7.577726e-01 2.380393e+00
6.000000e-02 2.285000e-02  2.077273e-02  1.000000e-01 3.423532e-05 8.000000e-04 3.927575e+05 3.180173e+01 2.288765e+01 6.923272e+01 8.045414e-03 4.281497e-03 4.685532e-02 7.986940e-01 2.508940e+00
6.000000e-02 2.285000e-02  2.077273e-02  1.000000e-01 3.514756e-05 8.000000e-04 3.927575e+05 3.180171e+01 2.288761e+01 6.923266e+01 8.744437e-03 4.561961e-03 4.938562e-02 8.418254e-01 2.644429e+00
6.000000e-02 2.285000e-02  2.077273e-02  1.000000e-01 3.608411e-05 8.000000e-04 3.927575e+05 3.180171e+01 2.288760e+01 6.923266e+01 9.014937e-03 4.753767e-03 5.205256e-02 8.872859e-01 2.787234e+00
6.000000e-02 2.285000e-02  2.077273e-02  1.000000e-01 3.704561e-05 8.000000e-04 3.927575e+05 3.180168e+01 2.288759e+01 6.923260e+01 9.585533e-03 4.909623e-03 5.486352e-02 9.352014e-01 2.937751e+00
6.000000e-02 2.285000e-02  2.077273e-02  1.000000e-01 3.803273e-05 8.000000e-04 3.927575e+05 3.180170e+01 2.288753e+01 6.923262e+01 9.768920e-03 5.389197e-03 5.782627e-02 9.857044e-01 3.096396e+00
6.000000e-02 2.285000e-02  2.077273e-02  1.000000e-01 3.904616e-05 8.000000e-04 3.927575e+05 3.180166e+01 2.288752e+01 6.923254e+01 1.006848e-02 5.532467e-03 6.094903e-02 1.038935e+00 3.263609e+00
6.000000e-02 2.285000e-02  2.077273e-02  1.000000e-01 4.008659e-05 8.000000e-04 3.927575e+05 3.180168e+01 2.288749e+01 6.923257e+01 1.006497e-02 5.861508e-03 6.424041e-02 1.095040e+00 3.439851e+00
6.000000e-02 2.285000e-02  2.077273e-02  1.000000e-01 4.115474e-05 8.000000e-04 3.927575e+05 3.180167e+01 2.288746e+01 6.923255e+01 1.108045e-02 6.126630e-03 6.770954e-02 1.154174e+00 3.625611e+00
6.000000e-02 2.285000e-02  2.077273e-02  1.000000e-01 4.225136e-05 8.000000e-04 3.927575e+05 3.180163e+01 2.288744e+01 6.923245e+01 1.226930e-02 6.486038e-03 7.136602e-02 1.216502e+00 3.821403e+00
6.000000e-02 2.285000e-02  2.077273e-02  1.000000e-01 4.337719e-05 8.000000e-04 3.927575e+05 3.180153e+01 2.288739e+01 6.923222e+01 1.329580e-02 6.943864e-03 7.521995e-02 1.282196e+00 4.027767e+00
6.000000e-02 2.285000e-02  2.077273e-02  1.000000e-01 4.453303e-05 8.000000e-04 3.927575e+05 3.180157e+01 2.288737e+01 6.923234e+01 1.343531e-02 7.205806e-03 7.928200e-02 1.351438e+00 4.245276e+00
6.000000e-02 2.285000e-02  2.077273e-02  1.000000e-01 4.571966e-05 8.000000e-04 3.927575e+05 3.180149e+01 2.288733e+01 6.923214e+01 1.463829e-02 7.590903e-03 8.356341e-02 1.424419e+00 4.474531e+00
6.000000e-02 2.285000e-02  2.077273e-02  1.000000e-01 4.693791e-05 8.000000e-04 3.927575e+05 3.180150e+01 2.288729e+01 6.923216e+01 1.447610e-02 8.104975e-03 8.807602e-02 1.501341e+00 4.716166e+00
6.000000e-02 2.285000e-02  2.077273e-02  1.000000e-01 4.818863e-05 8.000000e-04 3.927575e+05 3.180152e+01 2.288729e+01 6.923217e+01 1.486121e-02 8.344257e-03 9.283233e-02 1.582416e+00 4.970849e+00
6.000000e-02 2.285000e-02  2.077273e-02  1.000000e-01 4.947267e-05 8.000000e-04 3.927575e+05 3.180143e+01 2.288721e+01 6.923198e+01 1.686040e-02 8.921713e-03 9.784549e-02 1.667871e+00 5.239287e+00
6.000000e-02 2.285000e-02  2.077273e-02  1.000000e-01 5.079093e-05 8.000000e-04 3.927575e+05 3.180146e+01 2.288715e+01 6.923204e+01 1.752733e-02 9.565735e-03 1.031294e-01 1.757939e+00 5.522220e+00
6.000000e-02 2.285000e-02  2.077273e-02  1.000000e-01 5.214431e-05 8.000000e-04 3.927575e+05 3.180136e+01 2.288711e+01 6.923184e+01 1.931652e-02 1.008098e-02 1.086986e-01 1.852872e+00 5.820433e+00
6.000000e-02 2.285000e-02  2.077273e-02  1.000000e-01 5.353375e-05 8.000000e-04 3.927575e+05 3.180128e+01 2.288710e+01 6.923169e+01 1.894349e-02 1.036547e-02 1.145686e-01 1.952932e+00 6.134750e+00
6.000000e-02 2.285000e-02  2.077273e-02  1.000000e-01 5.496022e-05 8.000000e-04 3.927575e+05 3.180125e+01 2.288705e+01 6.923159e+01 2.148534e-02 1.108376e-02 1.207555e-01 2.058394e+00 6.466041e+00
6.000000e-02 2.285000e-02  2.077273e-02  1.000000e-01 5.642470e-05 8.000000e-04 3.927575e+05 3.180114e+01 2.288692e+01 6.923134e+01 2.214388e-02 1.169002e-02 1.272766e-01 2.169552e+00 6.815222e+00
6.000000e-02 2.285000e-02  2.077273e-02  1.000000e-01 5.792820e-05 8.000000e-04 3.927575e+05 3.180112e+01 2.288695e+01 6.923128e+01 2.259735e-02 1.217587e-02 1.341499e-01 2.286713e+00 7.183259e+00
6.000000e-02 2.285000e-02  2.077273e-02  1.000000e-01 5.947176e-05 8.000000e-04 3.927575e+05 3.180115e+01 2.288682e+01 6.923132e+01 2.333617e-02 1.292506e-02 1.413943e-01 2.410201e+00 7.571172e+00
6.000000e-02 2.285000e-02  2.077273e-02  1.000000e-01 6.105646e-05 8.000000e-04 3.927575e+05 3.180117e+01 2.288682e+01 6.923135e+01 2.557308e-02 1.365183e-02 1.490299e-01 2.540357e+00 7.980033e+00
6.000000e-02 2.285000e-02  2.077273e-02  1.000000e-01 6.268338e-05 8.000000e-04 3.927575e+05 3.180113e+01 2.288672e+01 6.923126e+01 2.622877e-02 1.443889e-02 1.570778e-01 2.677543e+00 8.410973e+00
6.000000e-02 2.285000e-02  2.077273e-02  1.000000e-01 6.435365e-05 8.000000e-04 3.927575e+05 3.180109e+01 2.288665e+01 6.923114e+01 2.834397e-02 1.517569e-02 1.655604e-01 2.822136e+00 8.865185e+00
6.000000e-02 2.285000e-02  2.077273e-02  1.000000e-01 6.606842e-05 8.000000e-04 3.927575e+05 3.180111e+01 2.288662e+01 6.923118e+01 2.855542e-02 1.574327e-02 1.745010e-01 2.974538e+00 9.343925e+00
6.000000e-02 2.285000e-02  2.077273e-02  1.000000e-01 6.782889e-05 8.000000e-04 3.927575e+05 3.180089e+01 2.288647e+01 6.923071e+01 3.232983e-02 1.673733e-02 1.839245e-01 3.135170e+00 9.848519e+00
6.000000e-02 2.285000e-02  2.077273e-02  1.000000e-01 6.963627e-05 8.000000e-04 3.927575e+05 3.180080e+01 2.288640e+01 6.923051e+01 3.177773e-02 1.760547e-02 1.938569e-01 3.304476e+00 1.038036e+01
6.000000e-02 2.285000e-02  2.077273e-02  1.000000e-01 7.149181e-05 8.000000e-04 3.927575e+05 3.180076e+01 2.288634e+01 6.923044e+01 3.357372e-02 1.858874e-02 2.043256e-01 3.482926e+00 1.094093e+01
6.000000e-02 2.285000e-02  2.077273e-02  1.000000e-01 7.339679e-05 8.000000e-04 3.927575e+05 3.180071e+01 2.288628e+01 6.923029e+01 3.610332e-02 1.954471e-02 2.153596e-01 3.671012e+00 1.153176e+01
6.000000e-02 2.285000e-02  2.077273e-02  1.000000e-01 7.535253e-05 8.000000e-04 3.927575e+05 3.180049e+01 2.288613e+01 6.922983e+01 3.973260e-02 2.054246e-02 2.269895e-01 3.869255e+00 1.215450e+01
6.000000e-02 2.285000e-02  2.077273e-02  1.000000e-01 7.736039e-05 8.000000e-04 3.927575e+05 3.180036e+01 2.288599e+01 6.922948e+01 4.310908e-02 2.191325e-02 2.392475e-01 4.078204e+00 1.281087e+01
6.000000e-02 2.285000e-02  2.077273e-02  1.000000e-01 7.942174e-05 8.000000e-04 3.927575e+05 3.180046e+01 2.288599e+01 6.922970e+01 4.244101e-02 2.269357e-02 2.521674e-01 4.298436e+00 1.350269e+01
6.000000e-02 2.285000e-02  2.077273e-02  1.000000e-01 8.153803e-05 8.000000e-04 3.927575e+05 3.180041e+01 2.288580e+01 6.922957e+01 4.589202e-02 2.414830e-02 2.657850e-01 4.530562e+00 1.423187e+01
6.000000e-02 2.285000e-02  2.077273e-02  1.000000e-01 8.371070e-05 8.000000e-04 3.927575e+05 3.180032e+01 2.288567e+01 6.922939e+01 4.643845e-02 2.528487e-02 2.801380e-01 4.775222e+00 1.500042e+01
6.000000e-02 2.285000e-02  2.077273e-02  1.000000e-01 8.594127e-05 8.000000e-04 3.927575e+05 3.180025e+01 2.288562e+01 6.922916e+01 4.739976e-02 2.683651e-02 2.952661e-01 5.033095e+00 1.581048e+01
6.000000e-02 2.285000e-02  2.077273e-02  1.000000e-01 8.823127e-05 8.000000e-04 3.927575e+05 3.179997e+01 2.288541e+01 6.922860e+01 5.335737e-02 2.878525e-02 3.112112e-01 5.304894e+00 1.666428e+01
6.000000e-02 2.285000e-02  2.077273e-02  1.000000e-01 9.058230e-05 8.000000e-04 3.927575e+05 3.180030e+01 2.288526e+01 6.922918e+01 5.400277e-02 2.973218e-02 3.280173e-01 5.591371e+00 1.756419e+01
6.000000e-02 2.285000e-02  2.077273e-02  1.000000e-01 9.299597e-05 8.000000e-04 3.927575e+05 3.180002e+01 2.288518e+01 6.922859e+01 5.752410e-02 3.186963e-02 3.457310e-01 5.893318e+00 1.851270e+01
6.000000e-02 2.285000e-02  2.077273e-02  1.000000e-01 9.547395e-05 8.000000e-04 3.927575e+05 3.179982e+01 2.288504e+01 6.922814e+01 6.223252e-02 3.367175e-02 3.644013e-01 6.211570e+00 1.951243e+01
6.000000e-02 2.285000e-02  2.077273e-02  1.000000e-01 9.801796e-05 8.000000e-04 3.927575e+05 3.179978e+01 2.288484e+01 6.922803e+01 6.437461e-02 3.496638e-02 3.840798e-01 6.547010e+00 2.056614e+01
6.000000e-02 2.285000e-02  2.077273e-02  1.000000e-01 1.006298e-04 8.000000e-04 3.927575e+05 3.179954e+01 2.288462e+01 6.922759e+01 6.849113e-02 3.742838e-02 4.048210e-01 6.900563e+00 2.167676e+01
6.000000e-02 2.285000e-02  2.077273e-02  1.000000e-01 1.033112e-04 8.000000e-04 3.927575e+05 3.179955e+01 2.288453e+01 6.922754e+01 7.124929e-02 3.921918e-02 4.266823e-01 7.273210e+00 2.284736e+01
6.000000e-02 2.285000e-02  2.077273e-02  1.000000e-01 1.060640e-04 8.000000e-04 3.927575e+05 3.179934e+01 2.288428e+01 6.922702e+01 7.885607e-02 4.058458e-02 4.497241e-01 7.665980e+00 2.408117e+01
6.000000e-02 2.285000e-02  2.077273e-02  1.000000e-01 1.088902e-04 8.000000e-04 3.927575e+05 3.179917e+01 2.288410e+01 6.922660e+01 7.928519e-02 4.333316e-02 4.740102e-01 8.079960e+00 2.538160e+01
6.000000e-02 2.285000e-02  2.077273e-02  1.000000e-01 1.117917e-04 8.000000e-04 3.927575e+05 3.179874e+01 2.288379e+01 6.922560e+01 8.635081e-02 4.624070e-02 4.996079e-01 8.516297e+00 2.675227e+01
6.000000e-02 2.285000e-02  2.077273e-02  1.000000e-01 1.147705e-04 8.000000e-04 3.927575e+05 3.179857e+01 2.288367e+01 6.922538e+01 9.435973e-02 4.733117e-02 5.265879e-01 8.976197e+00 2.819695e+01
6.000000e-02 2.285000e-02  2.077273e-02  1.000000e-01 1.178287e-04 8.000000e-04 3.927575e+05 3.179829e+01 2.288343e+01 6.922474e+01 9.454270e-02 5.029876e-02 5.550248e-01 9.460932e+00 2.971965e+01
6.000000e-02 2.285000e-02  2.077273e-02  1.000000e-01 1.209684e-04 8.000000e-04 3.927575e+05 3.179834e+01 2.288306e+01 6.922460e+01 9.522502e-02 5.328209e-02 5.849975e-01 9.971844e+00 3.132458e+01
6.000000e-02 2.285000e-02  2.077273e-02  1.000000e-01 1.241917e-04 8.000000e-04 3.927575e+05 3.179816e+01 2.288327e+01 6.922432e+01 1.036569e-01 5.515096e-02 6.165887e-01 1.051035e+01 3.301618e+01
6.000000e-02 2.285000e-02  2.077273e-02  1.000000e-01 1.275010e-04 8.000000e-04 3.927575e+05 3.179775e+01 2.288262e+01 6.922346e+01 1.146964e-01 5.889898e-02 6.498859e-01 1.107793e+01 3.479913e+01
6.000000e-02 2.285000e-02  2.077273e-02  1.000000e-01 1.308984e-04 8.000000e-04 3.927575e+05 3.179700e+01 2.288242e+01 6.922180e+01 1.204457e-01 6.305020e-02 6.849812e-01 1.167616e+01 3.667837e+01
6.000000e-02 2.285000e-02  2.077273e-02  1.000000e-01 1.343863e-04 8.000000e-04 3.927575e+05 3.179782e+01 2.288188e+01 6.922334e+01 1.210466e-01 6.646258e-02 7.219718e-01 1.230670e+01 3.865909e+01
6.000000e-02 2.285000e-02  2.077273e-02  1.000000e-01 1.379672e-04 8.000000e-04 3.927575e+05 3.179716e+01 2.288164e+01 6.922185e+01 1.357815e-01 6.881484e-02 7.609599e-01 1.297129e+01 4.074677e+01
6.000000e-02 2.285000e-02  2.077273e-02  1.000000e-01 1.416435e-04 8.000000e-04 3.927575e+05 3.179749e+01 2.288118e+01 6.922236e+01 1.329440e-01 7.320299e-02 8.020535e-01 1.367177e+01 4.294718e+01
6.000000e-02 2.285000e-02  2.077273e-02  1.000000e-01 1.454177e-04 8.000000e-04 3.927575e+05 3.179725e+01 2.288116e+01 6.922202e+01 1.355429e-01 7.718124e-02 8.453663e-01 1.441008e+01 4.526643e+01
6.000000e-02 2.285000e-02  2.077273e-02  1.000000e-01 1.492926e-04 8.000000e-04 3.927575e+05 3.179703e+01 2.288097e+01 6.922164e+01 1.535147e-01 7.970713e-02 8.910180e-01 1.518826e+01 4.771092e+01
6.000000e-02 2.285000e-02  2.077273e-02  1.000000e-01 1.532706e-04 8.000000e-04 3.927575e+05 3.179616e+01 2.287982e+01 6.921971e+01 1.595562e-01 8.707365e-02 9.391351e-01 1.600846e+01 5.028742e+01
6.000000e-02 2.285000e-02  2.077273e-02  1.000000e-01 1.573547e-04 8.000000e-04 3.927575e+05 3.179603e+01 2.287988e+01 6.921920e+01 1.638822e-01 9.188963e-02 9.898505e-01 1.687295e+01 5.300306e+01
6.000000e-02 2.285000e-02  2.077273e-02  1.000000e-01 1.615476e-04 8.000000e-04 3.927575e+05 3.179594e+01 2.287969e+01 6.921900e+01 1.684212e-01 9.468290e-02 1.043305e+00 1.778413e+01 5.586535e+01
6.000000e-02 2.285000e-02  2.077273e-02  1.000000e-01 1.658522e-04 8.000000e-04 3.927575e+05 3.179531e+01 2.287883e+01 6.921744e+01 1.832252e-01 1.014713e-01 1.099646e+00 1.874452e+01 5.888221e+01
6.000000e-02 2.285000e-02  2.077273e-02  1.000000e-01 1.702715e-04 8.000000e-04 3.927575e+05 3.179480e+01 2.287903e+01 6.921667e+01 2.043628e-01 1.051335e-01 1.159029e+00 1.975676e+01 6.206198e+01
6.000000e-02 2.285000e-02  2.077273e-02  1.000000e-01 1.748086e-04 8.000000e-04 3.927575e+05 3.179531e+01 2.287751e+01 6.921708e+01 1.992732e-01 1.139733e-01 1.221619e+00 2.082367e+01 6.541347e+01
6.000000e-02 2.285000e-02  2.077273e-02  1.000000e-01 1.794666e-04 8.000000e-04 3.927575e+05 3.179390e+01 2.287768e+01 6.921444e+01 2.154062e-01 1.156020e-01 1.287590e+00 2.194820e+01 6.894595e+01
6.000000e-02 2.285000e-02  2.077273e-02  1.000000e-01 1.842487e-04 8.000000e-04 3.927575e+05 3.179410e+01 2.287740e+01 6.921464e+01 2.364561e-01 1.241169e-01 1.357122e+00 2.313345e+01 7.266919e+01
6.000000e-02 2.285000e-02  2.077273e-02  1.000000e-01 1.891582e-04 8.000000e-04 3.927575e+05 3.179427e+01 2.287628e+01 6.921473e+01 2.380166e-01 1.321829e-01 1.430410e+00 2.438271e+01 7.659350e+01
6.000000e-02 2.285000e-02  2.077273e-02  1.000000e-01 1.941986e-04 8.000000e-04 3.927575e+05 3.179336e+01 2.287594e+01 6.921259e+01 2.433552e-01 1.344432e-01 1.507656e+00 2.569944e+01 8.072972e+01
6.000000e-02 2.285000e-02  2.077273e-02  1.000000e-01 1.993732e-04 8.000000e-04 3.927575e+05 3.179186e+01 2.287526e+01 6.920967e+01 2.770931e-01 1.437585e-01 1.589072e+00 2.708727e+01 8.508931e+01
6.000000e-02 2.285000e-02  2.077273e-02  1.000000e-01 2.046857e-04 8.000000e-04 3.927575e+05 3.179201e+01 2.287404e+01 6.920954e+01 2.777429e-01 1.549801e-01 1.674886e+00 2.855004e+01 8.968433e+01
6.000000e-02 2.285000e-02  2.077273e-02  1.000000e-01 2.101398e-04 8.000000e-04 3.927575e+05 3.179074e+01 2.287354e+01 6.920698e+01 2.947069e-01 1.593339e-01 1.765334e+00 3.009181e+01 9.452750e+01
6.000000e-02 2.285000e-02  2.077273e-02  1.000000e-01 2.157392e-04 8.000000e-04 3.927575e+05 3.179012e+01 2.287336e+01 6.920567e+01 3.279750e-01 1.696479e-01 1.860666e+00 3.171684e+01 9.963220e+01
6.000000e-02 2.285000e-02  2.077273e-02  1.000000e-01 2.214878e-04 8.000000e-04 3.927575e+05 3.179150e+01 2.287199e+01 6.920807e+01 3.208281e-01 1.783001e-01 1.961146e+00 3.342962e+01 1.050126e+02
6.000000e-02 2.285000e-02  2.077273e-02  1.000000e-01 2.273896e-04 8.000000e-04 3.927575e+05 3.178889e+01 2.287090e+01 6.920213e+01 3.754959e-01 1.884579e-01 2.067052e+00 3.523490e+01 1.106835e+02
6.000000e-02 2.285000e-02  2.077273e-02  1.000000e-01 2.334487e-04 8.000000e-04 3.927575e+05 3.178854e+01 2.287010e+01 6.920131e+01 3.747419e-01 2.010252e-01 2.178678e+00 3.713766e+01 1.166607e+02
6.000000e-02 2.285000e-02  2.077273e-02  1.000000e-01 2.396692e-04 8.000000e-04 3.927575e+05 3.178769e+01 2.286919e+01 6.919955e+01 4.073943e-01 2.070723e-01 2.296332e+00 3.914318e+01 1.229606e+02
6.000000e-02 2.285000e-02  2.077273e-02  1.000000e-01 2.460555e-04 8.000000e-04 3.927575e+05 3.178850e+01 2.286692e+01 6.920069e+01 3.987070e-01 2.234451e-01 2.420339e+00 4.125700e+01 1.296008e+02
6.000000e-02 2.285000e-02  2.077273e-02  1.000000e-01 2.526119e-04 8.000000e-04 3.927575e+05 3.178711e+01 2.286721e+01 6.919794e+01 4.204319e-01 2.323579e-01 2.551043e+00 4.348498e+01 1.365995e+02
6.000000e-02 2.285000e-02  2.077273e-02  1.000000e-01 2.593430e-04 8.000000e-04 3.927575e+05 3.178577e+01 2.286562e+01 6.919459e+01 4.461565e-01 2.441719e-01 2.688805e+00 4.583327e+01 1.439762e+02
6.000000e-02 2.285000e-02  2.077273e-02  1.000000e-01 2.662535e-04 8.000000e-04 3.927575e+05 3.178457e+01 2.286414e+01 6.919188e+01 4.767477e-01 2.606397e-01 2.834007e+00 4.830837e+01 1.517512e+02
6.000000e-02 2.285000e-02  2.077273e-02  1.000000e-01 2.733482e-04 8.000000e-04 3.927575e+05 3.178176e+01 2.286318e+01 6.918591e+01 4.945251e-01 2.742188e-01 2.987050e+00 5.091713e+01 1.599461e+02
6.000000e-02 2.285000e-02  2.077273e-02  1.000000e-01 2.806318e-04 8.000000e-04 3.927575e+05 3.178261e+01 2.286143e+01 6.918705e+01 5.364777e-01 2.921509e-01 3.148357e+00 5.366678e+01 1.685836e+02
6.000000e-02 2.285000e-02  2.077273e-02  1.000000e-01 2.881096e-04 8.000000e-04 3.927575e+05 3.178383e+01 2.286037e+01 6.918938e+01 5.637251e-01 3.060497e-01 3.318376e+00 5.656491e+01 1.776875e+02
6.000000e-02 2.285000e-02  2.077273e-02  1.000000e-01 2.957866e-04 8.000000e-04 3.927575e+05 3.178194e+01 2.285968e+01 6.918533e+01 5.895241e-01 3.157934e-01 3.497576e+00 5.961954e+01 1.872831e+02
6.000000e-02 2.285000e-02  2.077273e-02  1.000000e-01 3.036682e-04 8.000000e-04 3.927575e+05 3.178160e+01 2.285712e+01 6.918420e+01 6.202743e-01 3.353330e-01 3.686453e+00 6.283914e+01 1.973968e+02
6.000000e-02 2.285000e-02  2.077273e-02  1.000000e-01 3.117598e-04 8.000000e-04 3.927575e+05 3.177695e+01 2.285423e+01 6.917345e+01 6.567992e-01 3.521378e-01 3.885530e+00 6.623259e+01 2.080567e+02
6.000000e-02 2.285000e-02  2.077273e-02  1.000000e-01 3.200670e-04 8.000000e-04 3.927575e+05 3.177633e+01 2.285470e+01 6.917307e+01 7.085385e-01 3.702807e-01 4.095358e+00 6.980931e+01 2.192922e+02
6.000000e-02 2.285000e-02  2.077273e-02  1.000000e-01 3.285955e-04 8.000000e-04 3.927575e+05 3.177878e+01 2.285080e+01 6.917660e+01 7.173281e-01 4.005657e-01 4.316516e+00 7.357917e+01 2.311345e+02
6.000000e-02 2.285000e-02  2.077273e-02  1.000000e-01 3.373513e-04 8.000000e-04 3.927575e+05 3.177261e+01 2.285003e+01 6.916447e+01 7.589850e-01 4.148340e-01 4.549618e+00 7.755262e+01 2.436163e+02
6.000000e-02 2.285000e-02  2.077273e-02  1.000000e-01 3.463404e-04 8.000000e-04 3.927575e+05 3.177257e+01 2.284874e+01 6.916380e+01 7.900122e-01 4.377655e-01 4.795308e+00 8.174064e+01 2.567721e+02
6.000000e-02 2.285000e-02  2.077273e-02  1.000000e-01 3.555691e-04 8.000000e-04 3.927575e+05 3.177155e+01 2.284756e+01 6.916254e+01 8.524603e-01 4.611447e-01 5.054266e+00 8.615482e+01 2.706384e+02
6.000000e-02 2.285000e-02  2.077273e-02  1.000000e-01 3.650436e-04 8.000000e-04 3.927575e+05 3.176882e+01 2.284500e+01 6.915507e+01 8.692422e-01 4.881888e-01 5.327208e+00 9.080738e+01 2.852535e+02
6.000000e-02 2.285000e-02  2.077273e-02  1.000000e-01 3.747706e-04 8.000000e-04 3.927575e+05 3.176674e+01 2.284168e+01 6.914941e+01 9.683991e-01 5.095461e-01 5.614890e+00 9.571119e+01 3.006579e+02
6.000000e-02 2.285000e-02  2.077273e-02  1.000000e-01 3.847568e-04 8.000000e-04 3.927575e+05 3.177015e+01 2.283876e+01 6.915640e+01 9.623045e-01 5.424911e-01 5.918107e+00 1.008798e+02 3.168941e+02
6.000000e-02 2.285000e-02  2.077273e-02  1.000000e-01 3.950091e-04 8.000000e-04 3.927575e+05 3.175840e+01 2.283668e+01 6.913140e+01 1.150235e+00 5.673997e-01 6.237698e+00 1.063276e+02 3.340071e+02
6.000000e-02 2.285000e-02  2.077273e-02  1.000000e-01 4.055346e-04 8.000000e-04 3.927575e+05 3.176027e+01 2.283312e+01 6.913403e+01 1.122814e+00 6.007494e-01 6.574548e+00 1.120695e+02 3.520443e+02
6.000000e-02 2.285000e-02  2.077273e-02  1.000000e-01 4.163405e-04 8.000000e-04 3.927575e+05 3.175966e+01 2.283052e+01 6.913319e+01 1.303605e+00 6.287355e-01 6.929589e+00 1.181215e+02 3.710555e+02
6.000000e-02 2.285000e-02  2.077273e-02  1.000000e-01 4.274344e-04 8.000000e-04 3.927575e+05 3.175710e+01 2.282798e+01 6.912681e+01 1.223218e+00 6.668002e-01 7.303803e+00 1.245003e+02 3.910933e+02
6.000000e-02 2.285000e-02  2.077273e-02  1.000000e-01 4.388239e-04 8.000000e-04 3.927575e+05 3.175678e+01 2.282459e+01 6.912598e+01 1.272838e+00 7.142888e-01 7.698225e+00 1.312236e+02 4.122133e+02
6.000000e-02 2.285000e-02  2.077273e-02  1.000000e-01 4.505168e-04 8.000000e-04 3.927575e+05 3.175136e+01 2.282150e+01 6.911473e+01 1.391513e+00 7.394325e-01 8.113947e+00 1.383100e+02 4.344737e+02
6.000000e-02 2.285000e-02  2.077273e-02  1.000000e-01 4.625214e-04 8.000000e-04 3.927575e+05 3.174707e+01 2.281568e+01 6.910348e+01 1.438737e+00 7.884747e-01 8.552119e+00 1.457791e+02 4.579363e+02
6.000000e-02 2.285000e-02  2.077273e-02  1.000000e-01 4.748458e-04 8.000000e-04 3.927575e+05 3.175062e+01 2.281230e+01 6.910917e+01 1.552019e+00 8.307946e-01 9.013953e+00 1.536515e+02 4.826659e+02
6.000000e-02 2.285000e-02  2.077273e-02  1.000000e-01 4.874986e-04 8.000000e-04 3.927575e+05 3.174282e+01 2.280945e+01 6.909228e+01 1.584900e+00 8.724806e-01 9.500728e+00 1.619490e+02 5.087310e+02
6.000000e-02 2.285000e-02  2.077273e-02  1.000000e-01 5.004886e-04 8.000000e-04 3.927575e+05 3.173835e+01 2.280581e+01 6.908430e+01 1.762094e+00 9.115374e-01 1.001379e+01 1.706947e+02 5.362037e+02
6.000000e-02 2.285000e-02  2.077273e-02  1.000000e-01 5.138247e-04 8.000000e-04 3.927575e+05 3.173126e+01 2.280027e+01 6.906983e+01 1.794538e+00 9.650590e-01 1.055456e+01 1.799126e+02 5.651599e+02
6.000000e-02 2.285000e-02  2.077273e-02  1.000000e-01 5.275161e-04 8.000000e-04 3.927575e+05 3.173378e+01 2.279684e+01 6.907267e+01 1.941850e+00 1.023416e+00 1.112453e+01 1.896283e+02 5.956799e+02
6.000000e-02 2.285000e-02  2.077273e-02  1.000000e-01 5.415724e-04 8.000000e-04 3.927575e+05 3.173984e+01 2.279299e+01 6.908541e+01 1.906055e+00 1.087517e+00 1.172528e+01 1.998686e+02 6.278479e+02
6.000000e-02 2.285000e-02  2.077273e-02  1.000000e-01 5.560032e-04 8.000000e-04 3.927575e+05 3.172573e+01 2.278640e+01 6.906170e+01 2.008036e+00 1.123639e+00 1.235847e+01 2.106620e+02 6.617532e+02
6.000000e-02 2.285000e-02  2.077273e-02  1.000000e-01 5.708185e-04 8.000000e-04 3.927575e+05 3.171872e+01 2.277950e+01 6.903865e+01 2.326953e+00 1.183286e+00 1.302586e+01 2.220382e+02 6.974894e+02
6.000000e-02 2.285000e-02  2.077273e-02  1.000000e-01 5.860287e-04 8.000000e-04 3.927575e+05 3.172252e+01 2.277403e+01 6.904191e+01 2.331866e+00 1.266136e+00 1.372928e+01 2.340288e+02 7.351554e+02
6.000000e-02 2.285000e-02  2.077273e-02  1.000000e-01 6.016441e-04 8.000000e-04 3.927575e+05 3.172091e+01 2.277406e+01 6.903960e+01 2.551656e+00 1.324191e+00 1.447070e+01 2.466669e+02 7.748555e+02
6.000000e-02 2.285000e-02  2.077273e-02  1.000000e-01 6.176756e-04 8.000000e-04 3.927575e+05 3.170453e+01 2.275789e+01 6.900309e+01 2.676630e+00 1.428373e+00 1.525215e+01 2.599875e+02 8.166995e+02
6.000000e-02 2.285000e-02  2.077273e-02  1.000000e-01 6.341342e-04 8.000000e-04 3.927575e+05 3.170385e+01 2.275328e+01 6.899900e+01 2.743161e+00 1.451894e+00 1.607580e+01 2.740274e+02 8.608032e+02
6.000000e-02 2.285000e-02  2.077273e-02  1.000000e-01 6.510315e-04 8.000000e-04 3.927575e+05 3.170367e+01 2.274753e+01 6.899926e+01 2.866257e+00 1.547775e+00 1.694393e+01 2.888256e+02 9.072886e+02
6.000000e-02 2.285000e-02  2.077273e-02  1.000000e-01 6.683790e-04 8.000000e-04 3.927575e+05 3.170728e+01 2.274818e+01 6.900624e+01 2.892660e+00 1.628185e+00 1.785894e+01 3.044228e+02 9.562843e+02
6.000000e-02 2.285000e-02  2.077273e-02  1.000000e-01 6.861887e-04 8.000000e-04 3.927575e+05 3.167678e+01 2.273004e+01 6.893502e+01 3.158508e+00 1.727723e+00 1.882336e+01 3.208623e+02 1.007926e+03
6.000000e-02 2.285000e-02  2.077273e-02  1.000000e-01 7.044730e-04 8.000000e-04 3.927575e+05 3.169090e+01 2.272857e+01 6.896826e+01 3.542132e+00 1.798882e+00 1.983987e+01 3.381897e+02 1.062356e+03
6.000000e-02 2.285000e-02  2.077273e-02  1.000000e-01 7.232445e-04 8.000000e-04 3.927575e+05 3.167905e+01 2.271679e+01 6.893715e+01 3.423998e+00 1.896451e+00 2.091127e+01 3.564527e+02 1.119726e+03
6.000000e-02 2.285000e-02  2.077273e-02  1.000000e-01 7.425162e-04 8.000000e-04 3.927575e+05 3.166972e+01 2.269943e+01 6.891723e+01 3.930635e+00 2.055236e+00 2.204053e+01 3.757020e+02 1.180194e+03
6.000000e-02 2.285000e-02  2.077273e-02  1.000000e-01 7.623014e-04 8.000000e-04 3.927575e+05 3.165451e+01 2.269752e+01 6.888665e+01 4.110789e+00 2.134784e+00 2.323077e+01 3.959907e+02 1.243927e+03
6.000000e-02 2.285000e-02  2.077273e-02  1.000000e-01 7.826138e-04 8.000000e-04 3.927575e+05 3.164912e+01 2.268644e+01 6.887555e+01 4.186415e+00 2.226720e+00 2.448528e+01 4.173752e+02 1.311102e+03
6.000000e-02 2.285000e-02  2.077273e-02  1.000000e-01 8.034674e-04 8.000000e-04 3.927575e+05 3.164368e+01 2.268812e+01 6.886754e+01 4.243936e+00 2.336892e+00 2.580754e+01 4.399144e+02 1.381904e+03
6.000000e-02 2.285000e-02  2.077273e-02  1.000000e-01 8.248767e-04 8.000000e-04 3.927575e+05 3.164767e+01 2.266784e+01 6.886636e+01 4.838783e+00 2.515939e+00 2.720121e+01 4.636708e+02 1.456530e+03
6.000000e-02 2.285000e-02  2.077273e-02  1.000000e-01 8.468565e-04 8.000000e-04 3.927575e+05 3.163321e+01 2.264717e+01 6.882737e+01 4.638650e+00 2.598834e+00 2.867014e+01 4.887101e+02 1.535187e+03
6.000000e-02 2.285000e-02  2.077273e-02  1.000000e-01 8.694220e-04 8.000000e-04 3.927575e+05 3.164329e+01 2.264381e+01 6.885316e+01 5.055224e+00 2.772580e+00 3.021839e+01 5.151016e+02 1.618090e+03
6.000000e-02 2.285000e-02  2.077273e-02  1.000000e-01 8.925887e-04 8.000000e-04 3.927575e+05 3.161607e+01 2.262441e+01 6.878756e+01 5.630104e+00 2.905393e+00 3.185026e+01 5.429183e+02 1.705471e+03
6.000000e-02 2.285000e-02  2.077273e-02  1.000000e-01 9.163728e-04 8.000000e-04 3.927575e+05 3.160419e+01 2.261063e+01 6.876793e+01 5.484616e+00 3.087442e+00 3.357025e+01 5.722371e+02 1.797570e+03
6.000000e-02 2.285000e-02  2.077273e-02  1.000000e-01 9.407906e-04 8.000000e-04 3.927575e+05 3.158091e+01 2.260018e+01 6.872185e+01 6.383935e+00 3.217327e+00 3.538312e+01 6.031393e+02 1.894643e+03
6.000000e-02 2.285000e-02  2.077273e-02  1.000000e-01 9.658591e-04 8.000000e-04 3.927575e+05 3.156482e+01 2.257833e+01 6.867094e+01 6.880731e+00 3.431464e+00 3.729389e+01 6.357102e+02 1.996958e+03
6.000000e-02 2.285000e-02  2.077273e-02  1.000000e-01 9.915955e-04 8.000000e-04 3.927575e+05 3.159483e+01 2.256656e+01 6.873707e+01 6.166613e+00 3.561451e+00 3.930785e+01 6.700400e+02 2.104799e+03
6.000000e-02 2.285000e-02  2.077273e-02  1.000000e-01 1.018018e-03 8.000000e-04 3.927575e+05 3.152923e+01 2.256359e+01 6.859799e+01 7.105305e+00 3.787250e+00 4.143056e+01 7.062237e+02 2.218463e+03
6.000000e-02 2.285000e-02  2.077273e-02  1.000000e-01 1.045144e-03 8.000000e-04 3.927575e+05 3.155554e+01 2.253466e+01 6.865151e+01 7.192909e+00 4.000624e+00 4.366791e+01 7.443615e+02 2.338265e+03
6.000000e-02 2.285000e-02  2.077273e-02  1.000000e-01 1.072993e-03 8.000000e-04 3.927575e+05 3.151150e+01 2.250579e+01 6.855424e+01 7.906760e+00 4.215036e+00 4.602608e+01 7.845587e+02 2.464537e+03
6.000000e-02 2.285000e-02  2.077273e-02  1.000000e-01 1.101584e-03 8.000000e-04 3.927575e+05 3.153185e+01 2.247755e+01 6.858203e+01 8.373079e+00 4.463960e+00 4.851159e+01 8.269268e+02 2.597628e+03
6.000000e-02 2.285000e-02  2.077273e-02  1.000000e-01 1.130937e-03 8.000000e-04 3.927575e+05 3.147778e+01 2.249466e+01 6.847419e+01 8.772073e+00 4.652657e+00 5.113133e+01 8.715827e+02 2.737906e+03
6.000000e-02 2.285000e-02  2.077273e-02  1.000000e-01 1.161072e-03 8.000000e-04 3.927575e+05 3.148154e+01 2.245870e+01 6.846449e+01 9.386122e+00 4.843251e+00 5.389255e+01 9.186503e+02 2.885759e+03
6.000000e-02 2.285000e-02  2.077273e-02  1.000000e-01 1.192010e-03 8.000000e-04 3.927575e+05 3.145210e+01 2.242795e+01 6.841348e+01 9.882641e+00 5.202471e+00 5.680287e+01 9.682595e+02 3.041597e+03
6.000000e-02 2.285000e-02  2.077273e-02  1.000000e-01 1.223773e-03 8.000000e-04 3.927575e+05 3.147450e+01 2.242196e+01 6.846027e+01 9.962807e+00 5.393041e+00 5.987036e+01 1.020548e+03 3.205850e+03
6.000000e-02 2.285000e-02  2.077273e-02  1.000000e-01 1.256382e-03 8.000000e-04 3.927575e+05 3.143879e+01 2.239390e+01 6.838501e+01 1.045310e+01 5.653915e+00 6.310350e+01 1.075660e+03 3.378973e+03
6.000000e-02 2.285000e-02  2.077273e-02  1.000000e-01 1.289860e-03 8.000000e-04 3.927575e+05 3.135615e+01 2.237519e+01 6.818232e+01 1.127053e+01 6.080727e+00 6.651124e+01 1.133748e+03 3.561446e+03
6.000000e-02 2.285000e-02  2.077273e-02  1.000000e-01 1.324229e-03 8.000000e-04 3.927575e+05 3.137342e+01 2.230764e+01 6.821848e+01 1.212665e+01 6.485019e+00 7.010300e+01 1.194973e+03 3.753772e+03
6.000000e-02 2.285000e-02  2.077273e-02  1.000000e-01 1.359515e-03 8.000000e-04 3.927575e+05 3.135960e+01 2.230176e+01 6.818621e+01 1.241652e+01 6.676869e+00 7.388873e+01 1.259504e+03 3.956485e+03
6.000000e-02 2.285000e-02  2.077273e-02  1.000000e-01 1.395741e-03 8.000000e-04 3.927575e+05 3.135210e+01 2.225785e+01 6.816520e+01 1.363332e+01 7.338532e+00 7.787889e+01 1.327521e+03 4.170145e+03
6.000000e-02 2.285000e-02  2.077273e-02  1.000000e-01 1.432932e-03 8.000000e-04 3.927575e+05 3.124402e+01 2.221675e+01 6.793407e+01 1.435185e+01 7.498357e+00 8.208454e+01 1.399210e+03 4.395342e+03
6.000000e-02 2.285000e-02  2.077273e-02  1.000000e-01 1.471114e-03 8.000000e-04 3.927575e+05 3.130456e+01 2.218591e+01 6.805172e+01 1.440812e+01 7.842459e+00 8.651730e+01 1.474771e+03 4.632701e+03
6.000000e-02 2.285000e-02  2.077273e-02  1.000000e-01 1.510314e-03 8.000000e-04 3.927575e+05 3.126519e+01 2.216007e+01 6.795636e+01 1.528118e+01 8.255820e+00 9.118944e+01 1.554412e+03 4.882878e+03
6.000000e-02 2.285000e-02  2.077273e-02  1.000000e-01 1.550558e-03 8.000000e-04 3.927575e+05 3.125003e+01 2.212916e+01 6.794576e+01 1.619078e+01 8.814513e+00 9.611388e+01 1.638354e+03 5.146565e+03
6.000000e-02 2.285000e-02  2.077273e-02  1.000000e-01 1.591874e-03 8.000000e-04 3.927575e+05 3.118635e+01 2.207710e+01 6.780036e+01 1.749330e+01 9.191212e+00 1.013043e+02 1.726829e+03 5.424492e+03
6.000000e-02 2.285000e-02  2.077273e-02  1.000000e-01 1.634292e-03 8.000000e-04 3.927575e+05 3.113951e+01 2.202220e+01 6.767636e+01 1.815890e+01 9.652572e+00 1.067749e+02 1.820081e+03 5.717427e+03
6.000000e-02 2.285000e-02  2.077273e-02  1.000000e-01 1.677839e-03 8.000000e-04 3.927575e+05 3.114901e+01 2.199630e+01 6.766123e+01 1.991400e+01 1.023865e+01 1.125410e+02 1.918370e+03 6.026182e+03
6.000000e-02 2.285000e-02  2.077273e-02  1.000000e-01 1.722547e-03 8.000000e-04 3.927575e+05 3.114667e+01 2.196286e+01 6.770159e+01 2.019102e+01 1.088949e+01 1.186185e+02 2.021967e+03 6.351610e+03
6.000000e-02 2.285000e-02  2.077273e-02  1.000000e-01 1.768447e-03 8.000000e-04 3.927575e+05 3.113902e+01 2.187699e+01 6.765313e+01 2.153506e+01 1.149644e+01 1.250242e+02 2.131158e+03 6.694612e+03
6.000000e-02 2.285000e-02  2.077273e-02  1.000000e-01 1.815569e-03 8.000000e-04 3.927575e+05 3.110466e+01 2.186705e+01 6.757639e+01 2.125843e+01 1.186009e+01 1.317758e+02 2.246245e+03 7.056138e+03
6.000000e-02 2.285000e-02  2.077273e-02  1.000000e-01 1.863947e-03 8.000000e-04 3.927575e+05 3.105774e+01 2.179992e+01 6.745264e+01 2.221112e+01 1.270016e+01 1.388920e+02 2.367548e+03 7.437186e+03
6.000000e-02 2.285000e-02  2.077273e-02  1.000000e-01 1.913614e-03 8.000000e-04 3.927575e+05 3.094948e+01 2.172591e+01 6.721558e+01 2.480301e+01 1.339007e+01 1.463925e+02 2.495401e+03 7.838812e+03
6.000000e-02 2.285000e-02  2.077273e-02  1.000000e-01 1.964605e-03 8.000000e-04 3.927575e+05 3.096570e+01 2.167494e+01 6.725095e+01 2.570921e+01 1.384082e+01 1.542981e+02 2.630159e+03 8.262127e+03
6.000000e-02 2.285000e-02  2.077273e-02  1.000000e-01 2.016954e-03 8.000000e-04 3.927575e+05 3.089336e+01 2.163167e+01 6.711633e+01 2.833896e+01 1.470779e+01 1.626305e+02 2.772194e+03 8.708301e+03
6.000000e-02 2.285000e-02  2.077273e-02  1.000000e-01 2.070698e-03 8.000000e-04 3.927575e+05 3.082960e+01 2.159088e+01 6.692404e+01 2.763027e+01 1.552270e+01 1.714130e+02 2.921899e+03 9.178571e+03
6.000000e-02 2.285000e-02  2.077273e-02  1.000000e-01 2.125874e-03 8.000000e-04 3.927575e+05 3.066413e+01 2.151074e+01 6.664523e+01 3.206039e+01 1.652148e+01 1.806697e+02 3.079689e+03 9.674236e+03
