2.000000e-01 2.424000e-01  2.203636e-01  1.000000e-01 2.000000e-06 8.000000e-04 2.119570e+02 3.180201e+01 2.288732e+01 6.923315e+01 3.406714e-04 5.902569e-03 5.147516e-03 2.481021e-02 3.388160e-01
2.000000e-01 2.424000e-01  2.203636e-01  1.000000e-01 2.053292e-06 8.000000e-04 2.119570e+02 3.180201e+01 2.288729e+01 6.923315e+01 3.683299e-04 6.206124e-03 5.425494e-03 2.615002e-02 3.571128e-01
2.000000e-01 2.424000e-01  2.203636e-01  1.000000e-01 2.108005e-06 8.000000e-04 2.119570e+02 3.180201e+01 2.288726e+01 6.923314e+01 3.753504e-04 6.569997e-03 5.718483e-03 2.756218e-02 3.763978e-01
2.000000e-01 2.424000e-01  2.203636e-01  1.000000e-01 2.164175e-06 8.000000e-04 2.119570e+02 3.180201e+01 2.288721e+01 6.923312e+01 3.881972e-04 6.792488e-03 6.027295e-03 2.905060e-02 3.967241e-01
2.000000e-01 2.424000e-01  2.203636e-01  1.000000e-01 2.221842e-06 8.000000e-04 2.119570e+02 3.180201e+01 2.288718e+01 6.923311e+01 4.297986e-04 7.319445e-03 6.352782e-03 3.061940e-02 4.181481e-01
2.000000e-01 2.424000e-01  2.203636e-01  1.000000e-01 2.281045e-06 8.000000e-04 2.119570e+02 3.180201e+01 2.288711e+01 6.923309e+01 4.309228e-04 7.669489e-03 6.695847e-03 3.227292e-02 4.407291e-01
2.000000e-01 2.424000e-01  2.203636e-01  1.000000e-01 2.341826e-06 8.000000e-04 2.119570e+02 3.180201e+01 2.288709e+01 6.923308e+01 4.706546e-04 8.057234e-03 7.057439e-03 3.401573e-02 4.645295e-01
2.000000e-01 2.424000e-01  2.203636e-01  1.000000e-01 2.404227e-06 8.000000e-04 2.119570e+02 3.180201e+01 2.288704e+01 6.923306e+01 4.992724e-04 8.385908e-03 7.438557e-03 3.585266e-02 4.896151e-01
2.000000e-01 2.424000e-01  2.203636e-01  1.000000e-01 2.468290e-06 8.000000e-04 2.119570e+02 3.180201e+01 2.288697e+01 6.923303e+01 5.203628e-04 8.877492e-03 7.840256e-03 3.778878e-02 5.160555e-01
2.000000e-01 2.424000e-01  2.203636e-01  1.000000e-01 2.534061e-06 8.000000e-04 2.119570e+02 3.180200e+01 2.288692e+01 6.923302e+01 5.633791e-04 9.348889e-03 8.263648e-03 3.982946e-02 5.439237e-01
2.000000e-01 2.424000e-01  2.203636e-01  1.000000e-01 2.601584e-06 8.000000e-04 2.119570e+02 3.180200e+01 2.288686e+01 6.923299e+01 5.877632e-04 9.808818e-03 8.709904e-03 4.198035e-02 5.732968e-01
2.000000e-01 2.424000e-01  2.203636e-01  1.000000e-01 2.670906e-06 8.000000e-04 2.119570e+02 3.180200e+01 2.288677e+01 6.923296e+01 6.162288e-04 1.044723e-02 9.180259e-03 4.424738e-02 6.042562e-01
2.000000e-01 2.424000e-01  2.203636e-01  1.000000e-01 2.742075e-06 8.000000e-04 2.119570e+02 3.180200e+01 2.288671e+01 6.923293e+01 6.755395e-04 1.108093e-02 9.676014e-03 4.663684e-02 6.368874e-01
2.000000e-01 2.424000e-01  2.203636e-01  1.000000e-01 2.815141e-06 8.000000e-04 2.119570e+02 3.180200e+01 2.288663e+01 6.923291e+01 6.602664e-04 1.153602e-02 1.019854e-02 4.915534e-02 6.712808e-01
2.000000e-01 2.424000e-01  2.203636e-01  1.000000e-01 2.890154e-06 8.000000e-04 2.119570e+02 3.180200e+01 2.288660e+01 6.923290e+01 7.126081e-04 1.222452e-02 1.074929e-02 5.180984e-02 7.075315e-01
2.000000e-01 2.424000e-01  2.203636e-01  1.000000e-01 2.967165e-06 8.000000e-04 2.119570e+02 3.180199e+01 2.288650e+01 6.923287e+01 7.489820e-04 1.296994e-02 1.132977e-02 5.460770e-02 7.457398e-01
2.000000e-01 2.424000e-01  2.203636e-01  1.000000e-01 3.046229e-06 8.000000e-04 2.119570e+02 3.180199e+01 2.288637e+01 6.923282e+01 7.986205e-04 1.384682e-02 1.194161e-02 5.755664e-02 7.860115e-01
2.000000e-01 2.424000e-01  2.203636e-01  1.000000e-01 3.127399e-06 8.000000e-04 2.119570e+02 3.180199e+01 2.288634e+01 6.923281e+01 8.184896e-04 1.441463e-02 1.258648e-02 6.066483e-02 8.284580e-01
2.000000e-01 2.424000e-01  2.203636e-01  1.000000e-01 3.210732e-06 8.000000e-04 2.119570e+02 3.180199e+01 2.288623e+01 6.923278e+01 8.874539e-04 1.506602e-02 1.326618e-02 6.394087e-02 8.731966e-01
2.000000e-01 2.424000e-01  2.203636e-01  1.000000e-01 3.296286e-06 8.000000e-04 2.119570e+02 3.180198e+01 2.288614e+01 6.923273e+01 9.356817e-04 1.595318e-02 1.398258e-02 6.739382e-02 9.203512e-01
2.000000e-01 2.424000e-01  2.203636e-01  1.000000e-01 3.384119e-06 8.000000e-04 2.119570e+02 3.180198e+01 2.288608e+01 6.923271e+01 9.682070e-04 1.684146e-02 1.473768e-02 7.103325e-02 9.700523e-01
2.000000e-01 2.424000e-01  2.203636e-01  1.000000e-01 3.474293e-06 8.000000e-04 2.119570e+02 3.180198e+01 2.288593e+01 6.923266e+01 1.081866e-03 1.775008e-02 1.553354e-02 7.486921e-02 1.022437e+00
2.000000e-01 2.424000e-01  2.203636e-01  1.000000e-01 3.566869e-06 8.000000e-04 2.119570e+02 3.180197e+01 2.288581e+01 6.923261e+01 1.102890e-03 1.857289e-02 1.637239e-02 7.891232e-02 1.077651e+00
2.000000e-01 2.424000e-01  2.203636e-01  1.000000e-01 3.661913e-06 8.000000e-04 2.119570e+02 3.180198e+01 2.288574e+01 6.923260e+01 1.138958e-03 1.968192e-02 1.725654e-02 8.317376e-02 1.135847e+00
2.000000e-01 2.424000e-01  2.203636e-01  1.000000e-01 3.759488e-06 8.000000e-04 2.119570e+02 3.180197e+01 2.288558e+01 6.923252e+01 1.221928e-03 2.067272e-02 1.818843e-02 8.766534e-02 1.197185e+00
2.000000e-01 2.424000e-01  2.203636e-01  1.000000e-01 3.859664e-06 8.000000e-04 2.119570e+02 3.180197e+01 2.288547e+01 6.923250e+01 1.268580e-03 2.165653e-02 1.917065e-02 9.239947e-02 1.261836e+00
2.000000e-01 2.424000e-01  2.203636e-01  1.000000e-01 3.962510e-06 8.000000e-04 2.119570e+02 3.180196e+01 2.288530e+01 6.923241e+01 1.329363e-03 2.310387e-02 2.020591e-02 9.738926e-02 1.329978e+00
2.000000e-01 2.424000e-01  2.203636e-01  1.000000e-01 4.068095e-06 8.000000e-04 2.119570e+02 3.180196e+01 2.288518e+01 6.923240e+01 1.397089e-03 2.421024e-02 2.129707e-02 1.026485e-01 1.401800e+00
2.000000e-01 2.424000e-01  2.203636e-01  1.000000e-01 4.176494e-06 8.000000e-04 2.119570e+02 3.180195e+01 2.288499e+01 6.923230e+01 1.514206e-03 2.588550e-02 2.244716e-02 1.081918e-01 1.477501e+00
2.000000e-01 2.424000e-01  2.203636e-01  1.000000e-01 4.287782e-06 8.000000e-04 2.119570e+02 3.180196e+01 2.288483e+01 6.923226e+01 1.553398e-03 2.681732e-02 2.365936e-02 1.140344e-01 1.557289e+00
2.000000e-01 2.424000e-01  2.203636e-01  1.000000e-01 4.402035e-06 8.000000e-04 2.119570e+02 3.180195e+01 2.288471e+01 6.923223e+01 1.614298e-03 2.829068e-02 2.493702e-02 1.201925e-01 1.641386e+00
2.000000e-01 2.424000e-01  2.203636e-01  1.000000e-01 4.519332e-06 8.000000e-04 2.119570e+02 3.180195e+01 2.288447e+01 6.923216e+01 1.724736e-03 2.983144e-02 2.628368e-02 1.266832e-01 1.730025e+00
2.000000e-01 2.424000e-01  2.203636e-01  1.000000e-01 4.639755e-06 8.000000e-04 2.119570e+02 3.180194e+01 2.288433e+01 6.923206e+01 1.836840e-03 3.177711e-02 2.770306e-02 1.335243e-01 1.823450e+00
2.000000e-01 2.424000e-01  2.203636e-01  1.000000e-01 4.763386e-06 8.000000e-04 2.119570e+02 3.180194e+01 2.288410e+01 6.923202e+01 1.931774e-03 3.327843e-02 2.919909e-02 1.407350e-01 1.921921e+00
2.000000e-01 2.424000e-01  2.203636e-01  1.000000e-01 4.890312e-06 8.000000e-04 2.119570e+02 3.180193e+01 2.288388e+01 6.923191e+01 2.033790e-03 3.533001e-02 3.077591e-02 1.483350e-01 2.025709e+00
2.000000e-01 2.424000e-01  2.203636e-01  1.000000e-01 5.020620e-06 8.000000e-04 2.119570e+02 3.180193e+01 2.288372e+01 6.923185e+01 2.155701e-03 3.683632e-02 3.243788e-02 1.563454e-01 2.135102e+00
2.000000e-01 2.424000e-01  2.203636e-01  1.000000e-01 5.154400e-06 8.000000e-04 2.119570e+02 3.180192e+01 2.288336e+01 6.923172e+01 2.238449e-03 3.961907e-02 3.418960e-02 1.647884e-01 2.250402e+00
2.000000e-01 2.424000e-01  2.203636e-01  1.000000e-01 5.291745e-06 8.000000e-04 2.119570e+02 3.180191e+01 2.288317e+01 6.923167e+01 2.405615e-03 4.140902e-02 3.603592e-02 1.736874e-01 2.371929e+00
2.000000e-01 2.424000e-01  2.203636e-01  1.000000e-01 5.432750e-06 8.000000e-04 2.119570e+02 3.180191e+01 2.288298e+01 6.923159e+01 2.616908e-03 4.350022e-02 3.798194e-02 1.830669e-01 2.500019e+00
2.000000e-01 2.424000e-01  2.203636e-01  1.000000e-01 5.577512e-06 8.000000e-04 2.119570e+02 3.180189e+01 2.288262e+01 6.923146e+01 2.702401e-03 4.594309e-02 4.003305e-02 1.929529e-01 2.635026e+00
2.000000e-01 2.424000e-01  2.203636e-01  1.000000e-01 5.726131e-06 8.000000e-04 2.119570e+02 3.180189e+01 2.288247e+01 6.923141e+01 2.763065e-03 4.819135e-02 4.219493e-02 2.033728e-01 2.777323e+00
2.000000e-01 2.424000e-01  2.203636e-01  1.000000e-01 5.878710e-06 8.000000e-04 2.119570e+02 3.180188e+01 2.288200e+01 6.923125e+01 2.900829e-03 5.096338e-02 4.447355e-02 2.143554e-01 2.927305e+00
2.000000e-01 2.424000e-01  2.203636e-01  1.000000e-01 6.035355e-06 8.000000e-04 2.119570e+02 3.180186e+01 2.288178e+01 6.923112e+01 3.192289e-03 5.349194e-02 4.687523e-02 2.259311e-01 3.085386e+00
2.000000e-01 2.424000e-01  2.203636e-01  1.000000e-01 6.196174e-06 8.000000e-04 2.119570e+02 3.180188e+01 2.288122e+01 6.923102e+01 3.163218e-03 5.654280e-02 4.940660e-02 2.381319e-01 3.252004e+00
2.000000e-01 2.424000e-01  2.203636e-01  1.000000e-01 6.361278e-06 8.000000e-04 2.119570e+02 3.180184e+01 2.288102e+01 6.923089e+01 3.579290e-03 5.891326e-02 5.207467e-02 2.509916e-01 3.427620e+00
2.000000e-01 2.424000e-01  2.203636e-01  1.000000e-01 6.530782e-06 8.000000e-04 2.119570e+02 3.180184e+01 2.288061e+01 6.923071e+01 3.744544e-03 6.299640e-02 5.488682e-02 2.645457e-01 3.612719e+00
2.000000e-01 2.424000e-01  2.203636e-01  1.000000e-01 6.704802e-06 8.000000e-04 2.119570e+02 3.180184e+01 2.288016e+01 6.923059e+01 3.824216e-03 6.614612e-02 5.785083e-02 2.788318e-01 3.807815e+00
2.000000e-01 2.424000e-01  2.203636e-01  1.000000e-01 6.883459e-06 8.000000e-04 2.119570e+02 3.180184e+01 2.287985e+01 6.923048e+01 4.045698e-03 6.970365e-02 6.097491e-02 2.938894e-01 4.013445e+00
2.000000e-01 2.424000e-01  2.203636e-01  1.000000e-01 7.066877e-06 8.000000e-04 2.119570e+02 3.180182e+01 2.287946e+01 6.923037e+01 4.259691e-03 7.325945e-02 6.426770e-02 3.097601e-01 4.230181e+00
2.000000e-01 2.424000e-01  2.203636e-01  1.000000e-01 7.255182e-06 8.000000e-04 2.119570e+02 3.180182e+01 2.287898e+01 6.923014e+01 4.453926e-03 7.732932e-02 6.773830e-02 3.264878e-01 4.458620e+00
2.000000e-01 2.424000e-01  2.203636e-01  1.000000e-01 7.448504e-06 8.000000e-04 2.119570e+02 3.180180e+01 2.287835e+01 6.923000e+01 4.671918e-03 8.217875e-02 7.139633e-02 3.441189e-01 4.699396e+00
2.000000e-01 2.424000e-01  2.203636e-01  1.000000e-01 7.646978e-06 8.000000e-04 2.119570e+02 3.180179e+01 2.287785e+01 6.922981e+01 4.901012e-03 8.604219e-02 7.525190e-02 3.627021e-01 4.953174e+00
2.000000e-01 2.424000e-01  2.203636e-01  1.000000e-01 7.850741e-06 8.000000e-04 2.119570e+02 3.180176e+01 2.287738e+01 6.922963e+01 5.252860e-03 9.100904e-02 7.931567e-02 3.822889e-01 5.220657e+00
2.000000e-01 2.424000e-01  2.203636e-01  1.000000e-01 8.059933e-06 8.000000e-04 2.119570e+02 3.180176e+01 2.287667e+01 6.922935e+01 5.577876e-03 9.549631e-02 8.359890e-02 4.029334e-01 5.502585e+00
2.000000e-01 2.424000e-01  2.203636e-01  1.000000e-01 8.274699e-06 8.000000e-04 2.119570e+02 3.180175e+01 2.287621e+01 6.922926e+01 5.826620e-03 1.002632e-01 8.811344e-02 4.246927e-01 5.799737e+00
2.000000e-01 2.424000e-01  2.203636e-01  1.000000e-01 8.495188e-06 8.000000e-04 2.119570e+02 3.180174e+01 2.287539e+01 6.922886e+01 6.185414e-03 1.061011e-01 9.287177e-02 4.476271e-01 6.112936e+00
2.000000e-01 2.424000e-01  2.203636e-01  1.000000e-01 8.721552e-06 8.000000e-04 2.119570e+02 3.180170e+01 2.287503e+01 6.922866e+01 6.659571e-03 1.113649e-01 9.788706e-02 4.718000e-01 6.443049e+00
2.000000e-01 2.424000e-01  2.203636e-01  1.000000e-01 8.953948e-06 8.000000e-04 2.119570e+02 3.180168e+01 2.287426e+01 6.922844e+01 6.826850e-03 1.183450e-01 1.031732e-01 4.972783e-01 6.790989e+00
2.000000e-01 2.424000e-01  2.203636e-01  1.000000e-01 9.192536e-06 8.000000e-04 2.119570e+02 3.180169e+01 2.287330e+01 6.922812e+01 7.141132e-03 1.238089e-01 1.087448e-01 5.241325e-01 7.157718e+00
2.000000e-01 2.424000e-01  2.203636e-01  1.000000e-01 9.437481e-06 8.000000e-04 2.119570e+02 3.180167e+01 2.287240e+01 6.922785e+01 7.582161e-03 1.316768e-01 1.146172e-01 5.524368e-01 7.544251e+00
2.000000e-01 2.424000e-01  2.203636e-01  1.000000e-01 9.688954e-06 8.000000e-04 2.119570e+02 3.180160e+01 2.287187e+01 6.922753e+01 8.172955e-03 1.395045e-01 1.208068e-01 5.822697e-01 7.951658e+00
2.000000e-01 2.424000e-01  2.203636e-01  1.000000e-01 9.947127e-06 8.000000e-04 2.119570e+02 3.180160e+01 2.287099e+01 6.922708e+01 8.651946e-03 1.434115e-01 1.273307e-01 6.137136e-01 8.381066e+00
2.000000e-01 2.424000e-01  2.203636e-01  1.000000e-01 1.021218e-05 8.000000e-04 2.119570e+02 3.180159e+01 2.286993e+01 6.922679e+01 8.874271e-03 1.545044e-01 1.342068e-01 6.468556e-01 8.833663e+00
2.000000e-01 2.424000e-01  2.203636e-01  1.000000e-01 1.048430e-05 8.000000e-04 2.119570e+02 3.180156e+01 2.286924e+01 6.922655e+01 9.542070e-03 1.619206e-01 1.414543e-01 6.817873e-01 9.310701e+00
2.000000e-01 2.424000e-01  2.203636e-01  1.000000e-01 1.076366e-05 8.000000e-04 2.119570e+02 3.180153e+01 2.286834e+01 6.922635e+01 9.895961e-03 1.685370e-01 1.490932e-01 7.186053e-01 9.813500e+00
2.000000e-01 2.424000e-01  2.203636e-01  1.000000e-01 1.105047e-05 8.000000e-04 2.119570e+02 3.180151e+01 2.286677e+01 6.922583e+01 1.040880e-02 1.792316e-01 1.571446e-01 7.574117e-01 1.034345e+01
2.000000e-01 2.424000e-01  2.203636e-01  1.000000e-01 1.134492e-05 8.000000e-04 2.119570e+02 3.180148e+01 2.286588e+01 6.922553e+01 1.105714e-02 1.910599e-01 1.656307e-01 7.983137e-01 1.090202e+01
2.000000e-01 2.424000e-01  2.203636e-01  1.000000e-01 1.164722e-05 8.000000e-04 2.119570e+02 3.180142e+01 2.286474e+01 6.922496e+01 1.179716e-02 1.980702e-01 1.745752e-01 8.414245e-01 1.149076e+01
2.000000e-01 2.424000e-01  2.203636e-01  1.000000e-01 1.195758e-05 8.000000e-04 2.119570e+02 3.180136e+01 2.286318e+01 6.922431e+01 1.275317e-02 2.101835e-01 1.840026e-01 8.868633e-01 1.211128e+01
2.000000e-01 2.424000e-01  2.203636e-01  1.000000e-01 1.227620e-05 8.000000e-04 2.119570e+02 3.180140e+01 2.286221e+01 6.922431e+01 1.282005e-02 2.216739e-01 1.939392e-01 9.347560e-01 1.276532e+01
2.000000e-01 2.424000e-01  2.203636e-01  1.000000e-01 1.260331e-05 8.000000e-04 2.119570e+02 3.180134e+01 2.286126e+01 6.922370e+01 1.378738e-02 2.325617e-01 2.044124e-01 9.852350e-01 1.345468e+01
2.000000e-01 2.424000e-01  2.203636e-01  1.000000e-01 1.293914e-05 8.000000e-04 2.119570e+02 3.180130e+01 2.285881e+01 6.922290e+01 1.446770e-02 2.498251e-01 2.154511e-01 1.038440e+00 1.418126e+01
2.000000e-01 2.424000e-01  2.203636e-01  1.000000e-01 1.328392e-05 8.000000e-04 2.119570e+02 3.180126e+01 2.285667e+01 6.922211e+01 1.521247e-02 2.609782e-01 2.270860e-01 1.094518e+00 1.494708e+01
2.000000e-01 2.424000e-01  2.203636e-01  1.000000e-01 1.363789e-05 8.000000e-04 2.119570e+02 3.180125e+01 2.285601e+01 6.922165e+01 1.543465e-02 2.750813e-01 2.393491e-01 1.153625e+00 1.575426e+01
2.000000e-01 2.424000e-01  2.203636e-01  1.000000e-01 1.400128e-05 8.000000e-04 2.119570e+02 3.180122e+01 2.285467e+01 6.922158e+01 1.670571e-02 2.875411e-01 2.522745e-01 1.215923e+00 1.660503e+01
2.000000e-01 2.424000e-01  2.203636e-01  1.000000e-01 1.437436e-05 8.000000e-04 2.119570e+02 3.180109e+01 2.285230e+01 6.922087e+01 1.785847e-02 3.022346e-01 2.658979e-01 1.281586e+00 1.750174e+01
2.000000e-01 2.424000e-01  2.203636e-01  1.000000e-01 1.475738e-05 8.000000e-04 2.119570e+02 3.180112e+01 2.284949e+01 6.921947e+01 1.836832e-02 3.208098e-01 2.802570e-01 1.350794e+00 1.844687e+01
2.000000e-01 2.424000e-01  2.203636e-01  1.000000e-01 1.515061e-05 8.000000e-04 2.119570e+02 3.180113e+01 2.284761e+01 6.921933e+01 1.950990e-02 3.370559e-01 2.953916e-01 1.423740e+00 1.944304e+01
2.000000e-01 2.424000e-01  2.203636e-01  1.000000e-01 1.555432e-05 8.000000e-04 2.119570e+02 3.180097e+01 2.284652e+01 6.921825e+01 2.104030e-02 3.529761e-01 3.113434e-01 1.500626e+00 2.049301e+01
2.000000e-01 2.424000e-01  2.203636e-01  1.000000e-01 1.596878e-05 8.000000e-04 2.119570e+02 3.180099e+01 2.284426e+01 6.921751e+01 2.226546e-02 3.727881e-01 3.281567e-01 1.581663e+00 2.159968e+01
2.000000e-01 2.424000e-01  2.203636e-01  1.000000e-01 1.639429e-05 8.000000e-04 2.119570e+02 3.180088e+01 2.284120e+01 6.921672e+01 2.337699e-02 3.961200e-01 3.458779e-01 1.667076e+00 2.276612e+01
2.000000e-01 2.424000e-01  2.203636e-01  1.000000e-01 1.683113e-05 8.000000e-04 2.119570e+02 3.180075e+01 2.283905e+01 6.921569e+01 2.413767e-02 4.160243e-01 3.645561e-01 1.757102e+00 2.399554e+01
2.000000e-01 2.424000e-01  2.203636e-01  1.000000e-01 1.727962e-05 8.000000e-04 2.119570e+02 3.180078e+01 2.283723e+01 6.921508e+01 2.545430e-02 4.389950e-01 3.842429e-01 1.851990e+00 2.529135e+01
2.000000e-01 2.424000e-01  2.203636e-01  1.000000e-01 1.774005e-05 8.000000e-04 2.119570e+02 3.180072e+01 2.283382e+01 6.921433e+01 2.639361e-02 4.673647e-01 4.049930e-01 1.952001e+00 2.665715e+01
2.000000e-01 2.424000e-01  2.203636e-01  1.000000e-01 1.821276e-05 8.000000e-04 2.119570e+02 3.180058e+01 2.283032e+01 6.921276e+01 2.886183e-02 4.834620e-01 4.268635e-01 2.057414e+00 2.809669e+01
2.000000e-01 2.424000e-01  2.203636e-01  1.000000e-01 1.869805e-05 8.000000e-04 2.119570e+02 3.180048e+01 2.282826e+01 6.921143e+01 2.990065e-02 5.135391e-01 4.499151e-01 2.168519e+00 2.961398e+01
2.000000e-01 2.424000e-01  2.203636e-01  1.000000e-01 1.919629e-05 8.000000e-04 2.119570e+02 3.180048e+01 2.282434e+01 6.921116e+01 3.201939e-02 5.427948e-01 4.742116e-01 2.285624e+00 3.121320e+01
2.000000e-01 2.424000e-01  2.203636e-01  1.000000e-01 1.970779e-05 8.000000e-04 2.119570e+02 3.180038e+01 2.282003e+01 6.920924e+01 3.327639e-02 5.693032e-01 4.998201e-01 2.409053e+00 3.289879e+01
2.000000e-01 2.424000e-01  2.203636e-01  1.000000e-01 2.023293e-05 8.000000e-04 2.119570e+02 3.180034e+01 2.281782e+01 6.920849e+01 3.556488e-02 6.003932e-01 5.268115e-01 2.539148e+00 3.467540e+01
2.000000e-01 2.424000e-01  2.203636e-01  1.000000e-01 2.077206e-05 8.000000e-04 2.119570e+02 3.180019e+01 2.281325e+01 6.920695e+01 3.668954e-02 6.368123e-01 5.552606e-01 2.676268e+00 3.654795e+01
2.000000e-01 2.424000e-01  2.203636e-01  1.000000e-01 2.132555e-05 8.000000e-04 2.119570e+02 3.180014e+01 2.281095e+01 6.920664e+01 3.853529e-02 6.656281e-01 5.852459e-01 2.820792e+00 3.852162e+01
2.000000e-01 2.424000e-01  2.203636e-01  1.000000e-01 2.189380e-05 8.000000e-04 2.119570e+02 3.180002e+01 2.280584e+01 6.920398e+01 4.075024e-02 7.004625e-01 6.168506e-01 2.973121e+00 4.060188e+01
2.000000e-01 2.424000e-01  2.203636e-01  1.000000e-01 2.247718e-05 8.000000e-04 2.119570e+02 3.179985e+01 2.279995e+01 6.920234e+01 4.316598e-02 7.416730e-01 6.501619e-01 3.133677e+00 4.279448e+01
2.000000e-01 2.424000e-01  2.203636e-01  1.000000e-01 2.307611e-05 8.000000e-04 2.119570e+02 3.179983e+01 2.279472e+01 6.920022e+01 4.559003e-02 7.830159e-01 6.852722e-01 3.302903e+00 4.510548e+01
2.000000e-01 2.424000e-01  2.203636e-01  1.000000e-01 2.369100e-05 8.000000e-04 2.119570e+02 3.179950e+01 2.279037e+01 6.919848e+01 4.850646e-02 8.244618e-01 7.222785e-01 3.481267e+00 4.754128e+01
2.000000e-01 2.424000e-01  2.203636e-01  1.000000e-01 2.432228e-05 8.000000e-04 2.119570e+02 3.179936e+01 2.278494e+01 6.919677e+01 5.170263e-02 8.714600e-01 7.612832e-01 3.669264e+00 5.010861e+01
2.000000e-01 2.424000e-01  2.203636e-01  1.000000e-01 2.497037e-05 8.000000e-04 2.119570e+02 3.179928e+01 2.278041e+01 6.919560e+01 5.442412e-02 9.173095e-01 8.023942e-01 3.867412e+00 5.281460e+01
2.000000e-01 2.424000e-01  2.203636e-01  1.000000e-01 2.563574e-05 8.000000e-04 2.119570e+02 3.179933e+01 2.277295e+01 6.919281e+01 5.591745e-02 9.709727e-01 8.457254e-01 4.076261e+00 5.566671e+01
2.000000e-01 2.424000e-01  2.203636e-01  1.000000e-01 2.631883e-05 8.000000e-04 2.119570e+02 3.179913e+01 2.276854e+01 6.919134e+01 5.915622e-02 1.020987e+00 8.913965e-01 4.296389e+00 5.867284e+01
2.000000e-01 2.424000e-01  2.203636e-01  1.000000e-01 2.702013e-05 8.000000e-04 2.119570e+02 3.179892e+01 2.276292e+01 6.918970e+01 6.195594e-02 1.070160e+00 9.395340e-01 4.528404e+00 6.184131e+01
2.000000e-01 2.424000e-01  2.203636e-01  1.000000e-01 2.774011e-05 8.000000e-04 2.119570e+02 3.179878e+01 2.275388e+01 6.918642e+01 6.553467e-02 1.133090e+00 9.902710e-01 4.772948e+00 6.518088e+01
2.000000e-01 2.424000e-01  2.203636e-01  1.000000e-01 2.847928e-05 8.000000e-04 2.119570e+02 3.179876e+01 2.274942e+01 6.918473e+01 6.712748e-02 1.193775e+00 1.043748e+00 5.030698e+00 6.870080e+01
2.000000e-01 2.424000e-01  2.203636e-01  1.000000e-01 2.923814e-05 8.000000e-04 2.119570e+02 3.179850e+01 2.274435e+01 6.918217e+01 7.104489e-02 1.249109e+00 1.100113e+00 5.302368e+00 7.241080e+01
2.000000e-01 2.424000e-01  2.203636e-01  1.000000e-01 3.001722e-05 8.000000e-04 2.119570e+02 3.179842e+01 2.273414e+01 6.918023e+01 7.556327e-02 1.320492e+00 1.159521e+00 5.588708e+00 7.632115e+01
2.000000e-01 2.424000e-01  2.203636e-01  1.000000e-01 3.081707e-05 8.000000e-04 2.119570e+02 3.179814e+01 2.272690e+01 6.917728e+01 8.026441e-02 1.387524e+00 1.222138e+00 5.890511e+00 8.044267e+01
2.000000e-01 2.424000e-01  2.203636e-01  1.000000e-01 3.163822e-05 8.000000e-04 2.119570e+02 3.179771e+01 2.271612e+01 6.917255e+01 8.603249e-02 1.475618e+00 1.288136e+00 6.208612e+00 8.478676e+01
2.000000e-01 2.424000e-01  2.203636e-01  1.000000e-01 3.248126e-05 8.000000e-04 2.119570e+02 3.179755e+01 2.270769e+01 6.917000e+01 9.068017e-02 1.539738e+00 1.357699e+00 6.543892e+00 8.936544e+01
2.000000e-01 2.424000e-01  2.203636e-01  1.000000e-01 3.334676e-05 8.000000e-04 2.119570e+02 3.179732e+01 2.270028e+01 6.916790e+01 9.428031e-02 1.627275e+00 1.431018e+00 6.897277e+00 9.419138e+01
2.000000e-01 2.424000e-01  2.203636e-01  1.000000e-01 3.423532e-05 8.000000e-04 2.119570e+02 3.179718e+01 2.268347e+01 6.916235e+01 1.020843e-01 1.736311e+00 1.508296e+00 7.269746e+00 9.927793e+01
2.000000e-01 2.424000e-01  2.203636e-01  1.000000e-01 3.514756e-05 8.000000e-04 2.119570e+02 3.179696e+01 2.267377e+01 6.915782e+01 1.059967e-01 1.821338e+00 1.589747e+00 7.662329e+00 1.046392e+02
2.000000e-01 2.424000e-01  2.203636e-01  1.000000e-01 3.608411e-05 8.000000e-04 2.119570e+02 3.179649e+01 2.266519e+01 6.915538e+01 1.124819e-01 1.890047e+00 1.675597e+00 8.076112e+00 1.102899e+02
2.000000e-01 2.424000e-01  2.203636e-01  1.000000e-01 3.704561e-05 8.000000e-04 2.119570e+02 3.179661e+01 2.265069e+01 6.915150e+01 1.147570e-01 2.034242e+00 1.766084e+00 8.512241e+00 1.162458e+02
2.000000e-01 2.424000e-01  2.203636e-01  1.000000e-01 3.803273e-05 8.000000e-04 2.119570e+02 3.179586e+01 2.264030e+01 6.914702e+01 1.239876e-01 2.105858e+00 1.861456e+00 8.971922e+00 1.225234e+02
2.000000e-01 2.424000e-01  2.203636e-01  1.000000e-01 3.904616e-05 8.000000e-04 2.119570e+02 3.179567e+01 2.262299e+01 6.914060e+01 1.309702e-01 2.247415e+00 1.961979e+00 9.456426e+00 1.291399e+02
2.000000e-01 2.424000e-01  2.203636e-01  1.000000e-01 4.008659e-05 8.000000e-04 2.119570e+02 3.179548e+01 2.261010e+01 6.913994e+01 1.392799e-01 2.385160e+00 2.067930e+00 9.967095e+00 1.361138e+02
2.000000e-01 2.424000e-01  2.203636e-01  1.000000e-01 4.115474e-05 8.000000e-04 2.119570e+02 3.179512e+01 2.259575e+01 6.913139e+01 1.448529e-01 2.496127e+00 2.179603e+00 1.050534e+01 1.434642e+02
2.000000e-01 2.424000e-01  2.203636e-01  1.000000e-01 4.225136e-05 8.000000e-04 2.119570e+02 3.179465e+01 2.258408e+01 6.912944e+01 1.563837e-01 2.616257e+00 2.297307e+00 1.107265e+01 1.512116e+02
2.000000e-01 2.424000e-01  2.203636e-01  1.000000e-01 4.337719e-05 8.000000e-04 2.119570e+02 3.179353e+01 2.257863e+01 6.912616e+01 1.632791e-01 2.742775e+00 2.421367e+00 1.167060e+01 1.593774e+02
2.000000e-01 2.424000e-01  2.203636e-01  1.000000e-01 4.453303e-05 8.000000e-04 2.119570e+02 3.179396e+01 2.254583e+01 6.911920e+01 1.641268e-01 2.941388e+00 2.552126e+00 1.230084e+01 1.679842e+02
2.000000e-01 2.424000e-01  2.203636e-01  1.000000e-01 4.571966e-05 8.000000e-04 2.119570e+02 3.179341e+01 2.253470e+01 6.911309e+01 1.768250e-01 3.084442e+00 2.689947e+00 1.296512e+01 1.770557e+02
2.000000e-01 2.424000e-01  2.203636e-01  1.000000e-01 4.693791e-05 8.000000e-04 2.119570e+02 3.179261e+01 2.250821e+01 6.910373e+01 1.918712e-01 3.227660e+00 2.835210e+00 1.366526e+01 1.866171e+02
2.000000e-01 2.424000e-01  2.203636e-01  1.000000e-01 4.818863e-05 8.000000e-04 2.119570e+02 3.179276e+01 2.249841e+01 6.910418e+01 1.948320e-01 3.405477e+00 2.988318e+00 1.440322e+01 1.966949e+02
2.000000e-01 2.424000e-01  2.203636e-01  1.000000e-01 4.947267e-05 8.000000e-04 2.119570e+02 3.179125e+01 2.247505e+01 6.909420e+01 2.144235e-01 3.588509e+00 3.149694e+00 1.518103e+01 2.073169e+02
2.000000e-01 2.424000e-01  2.203636e-01  1.000000e-01 5.079093e-05 8.000000e-04 2.119570e+02 3.179117e+01 2.245124e+01 6.909292e+01 2.147030e-01 3.805721e+00 3.319785e+00 1.600084e+01 2.185124e+02
2.000000e-01 2.424000e-01  2.203636e-01  1.000000e-01 5.214431e-05 8.000000e-04 2.119570e+02 3.179057e+01 2.241894e+01 6.908025e+01 2.341058e-01 4.026727e+00 3.499061e+00 1.686492e+01 2.303126e+02
2.000000e-01 2.424000e-01  2.203636e-01  1.000000e-01 5.353375e-05 8.000000e-04 2.119570e+02 3.178989e+01 2.240395e+01 6.907252e+01 2.443880e-01 4.185700e+00 3.688019e+00 1.777566e+01 2.427500e+02
2.000000e-01 2.424000e-01  2.203636e-01  1.000000e-01 5.496022e-05 8.000000e-04 2.119570e+02 3.178832e+01 2.236966e+01 6.906009e+01 2.601051e-01 4.474712e+00 3.887180e+00 1.873559e+01 2.558591e+02
2.000000e-01 2.424000e-01  2.203636e-01  1.000000e-01 5.642470e-05 8.000000e-04 2.119570e+02 3.178843e+01 2.234827e+01 6.905701e+01 2.714842e-01 4.662798e+00 4.097097e+00 1.974735e+01 2.696761e+02
2.000000e-01 2.424000e-01  2.203636e-01  1.000000e-01 5.792820e-05 8.000000e-04 2.119570e+02 3.178801e+01 2.232939e+01 6.905261e+01 2.843811e-01 4.906785e+00 4.318350e+00 2.081376e+01 2.842392e+02
2.000000e-01 2.424000e-01  2.203636e-01  1.000000e-01 5.947176e-05 8.000000e-04 2.119570e+02 3.178767e+01 2.230096e+01 6.904483e+01 2.988046e-01 5.220380e+00 4.551551e+00 2.193775e+01 2.995888e+02
2.000000e-01 2.424000e-01  2.203636e-01  1.000000e-01 6.105646e-05 8.000000e-04 2.119570e+02 3.178702e+01 2.227719e+01 6.903566e+01 3.080820e-01 5.468943e+00 4.797345e+00 2.312244e+01 3.157673e+02
2.000000e-01 2.424000e-01  2.203636e-01  1.000000e-01 6.268338e-05 8.000000e-04 2.119570e+02 3.178546e+01 2.221498e+01 6.901547e+01 3.342987e-01 5.788898e+00 5.056413e+00 2.437110e+01 3.328194e+02
2.000000e-01 2.424000e-01  2.203636e-01  1.000000e-01 6.435365e-05 8.000000e-04 2.119570e+02 3.178469e+01 2.220548e+01 6.902243e+01 3.606881e-01 6.023991e+00 5.329471e+00 2.568720e+01 3.507924e+02
2.000000e-01 2.424000e-01  2.203636e-01  1.000000e-01 6.606842e-05 8.000000e-04 2.119570e+02 3.178335e+01 2.215449e+01 6.900123e+01 3.630545e-01 6.374836e+00 5.617274e+00 2.707437e+01 3.697361e+02
2.000000e-01 2.424000e-01  2.203636e-01  1.000000e-01 6.782889e-05 8.000000e-04 2.119570e+02 3.178491e+01 2.211700e+01 6.899514e+01 3.803355e-01 6.727402e+00 5.920620e+00 2.853644e+01 3.897027e+02
2.000000e-01 2.424000e-01  2.203636e-01  1.000000e-01 6.963627e-05 8.000000e-04 2.119570e+02 3.178097e+01 2.209007e+01 6.897813e+01 4.130335e-01 7.103479e+00 6.240347e+00 3.007748e+01 4.107475e+02
2.000000e-01 2.424000e-01  2.203636e-01  1.000000e-01 7.149181e-05 8.000000e-04 2.119570e+02 3.178023e+01 2.204681e+01 6.897239e+01 4.335196e-01 7.487572e+00 6.577340e+00 3.170173e+01 4.329288e+02
2.000000e-01 2.424000e-01  2.203636e-01  1.000000e-01 7.339679e-05 8.000000e-04 2.119570e+02 3.177939e+01 2.198812e+01 6.896095e+01 4.730535e-01 7.971466e+00 6.932532e+00 3.341370e+01 4.563080e+02
2.000000e-01 2.424000e-01  2.203636e-01  1.000000e-01 7.535253e-05 8.000000e-04 2.119570e+02 3.177763e+01 2.196120e+01 6.895261e+01 4.853056e-01 8.335960e+00 7.306905e+00 3.521812e+01 4.809497e+02
2.000000e-01 2.424000e-01  2.203636e-01  1.000000e-01 7.736039e-05 8.000000e-04 2.119570e+02 3.177681e+01 2.191197e+01 6.893835e+01 5.134743e-01 8.763535e+00 7.701494e+00 3.711998e+01 5.069220e+02
2.000000e-01 2.424000e-01  2.203636e-01  1.000000e-01 7.942174e-05 8.000000e-04 2.119570e+02 3.177598e+01 2.187060e+01 6.893230e+01 5.281867e-01 9.178313e+00 8.117393e+00 3.912454e+01 5.342970e+02
2.000000e-01 2.424000e-01  2.203636e-01  1.000000e-01 8.153803e-05 8.000000e-04 2.119570e+02 3.177388e+01 2.179519e+01 6.891415e+01 5.773197e-01 9.692787e+00 8.555751e+00 4.123736e+01 5.631503e+02
2.000000e-01 2.424000e-01  2.203636e-01  1.000000e-01 8.371070e-05 8.000000e-04 2.119570e+02 3.177299e+01 2.173868e+01 6.891156e+01 6.013117e-01 1.039933e+01 9.017781e+00 4.346427e+01 5.935617e+02
2.000000e-01 2.424000e-01  2.203636e-01  1.000000e-01 8.594127e-05 8.000000e-04 2.119570e+02 3.177076e+01 2.166329e+01 6.889717e+01 6.304466e-01 1.102332e+01 9.504762e+00 4.581144e+01 6.256154e+02
2.000000e-01 2.424000e-01  2.203636e-01  1.000000e-01 8.823127e-05 8.000000e-04 2.119570e+02 3.177129e+01 2.163658e+01 6.889182e+01 6.432279e-01 1.143314e+01 1.001804e+01 4.828536e+01 6.594001e+02
2.000000e-01 2.424000e-01  2.203636e-01  1.000000e-01 9.058230e-05 8.000000e-04 2.119570e+02 3.176900e+01 2.158770e+01 6.887440e+01 6.839267e-01 1.201056e+01 1.055904e+01 5.089288e+01 6.950092e+02
2.000000e-01 2.424000e-01  2.203636e-01  1.000000e-01 9.299597e-05 8.000000e-04 2.119570e+02 3.176807e+01 2.150788e+01 6.885816e+01 7.332673e-01 1.260504e+01 1.112925e+01 5.364122e+01 7.325413e+02
2.000000e-01 2.424000e-01  2.203636e-01  1.000000e-01 9.547395e-05 8.000000e-04 2.119570e+02 3.176188e+01 2.146824e+01 6.883160e+01 7.945051e-01 1.321337e+01 1.173026e+01 5.653797e+01 7.721002e+02
2.000000e-01 2.424000e-01  2.203636e-01  1.000000e-01 9.801796e-05 8.000000e-04 2.119570e+02 3.176134e+01 2.137960e+01 6.885342e+01 8.367889e-01 1.405557e+01 1.236372e+01 5.959115e+01 8.137954e+02
2.000000e-01 2.424000e-01  2.203636e-01  1.000000e-01 1.006298e-04 8.000000e-04 2.119570e+02 3.176097e+01 2.132390e+01 6.883046e+01 8.601283e-01 1.494532e+01 1.303139e+01 6.280921e+01 8.577423e+02
2.000000e-01 2.424000e-01  2.203636e-01  1.000000e-01 1.033112e-04 8.000000e-04 2.119570e+02 3.175772e+01 2.121297e+01 6.881663e+01 9.169131e-01 1.569410e+01 1.373511e+01 6.620105e+01 9.040623e+02
2.000000e-01 2.424000e-01  2.203636e-01  1.000000e-01 1.060640e-04 8.000000e-04 2.119570e+02 3.175334e+01 2.111866e+01 6.880497e+01 9.663400e-01 1.651237e+01 1.447684e+01 6.977606e+01 9.528838e+02
2.000000e-01 2.424000e-01  2.203636e-01  1.000000e-01 1.088902e-04 8.000000e-04 2.119570e+02 3.175345e+01 2.102005e+01 6.881342e+01 1.015770e+00 1.749111e+01 1.525862e+01 7.354413e+01 1.004342e+03
2.000000e-01 2.424000e-01  2.203636e-01  1.000000e-01 1.117917e-04 8.000000e-04 2.119570e+02 3.174727e+01 2.098190e+01 6.881800e+01 1.099652e+00 1.832648e+01 1.608262e+01 7.751568e+01 1.058578e+03
2.000000e-01 2.424000e-01  2.203636e-01  1.000000e-01 1.147705e-04 8.000000e-04 2.119570e+02 3.175070e+01 2.087742e+01 6.881175e+01 1.118687e+00 1.951594e+01 1.695112e+01 8.170171e+01 1.115744e+03
2.000000e-01 2.424000e-01  2.203636e-01  1.000000e-01 1.178287e-04 8.000000e-04 2.119570e+02 3.174257e+01 2.077180e+01 6.878175e+01 1.173813e+00 2.049571e+01 1.786652e+01 8.611379e+01 1.175997e+03
2.000000e-01 2.424000e-01  2.203636e-01  1.000000e-01 1.209684e-04 8.000000e-04 2.119570e+02 3.173753e+01 2.066832e+01 6.881332e+01 1.255892e+00 2.150925e+01 1.883136e+01 9.076413e+01 1.239503e+03
2.000000e-01 2.424000e-01  2.203636e-01  1.000000e-01 1.241917e-04 8.000000e-04 2.119570e+02 3.173602e+01 2.053741e+01 6.879374e+01 1.332480e+00 2.263741e+01 1.984829e+01 9.566560e+01 1.306440e+03
2.000000e-01 2.424000e-01  2.203636e-01  1.000000e-01 1.275010e-04 8.000000e-04 2.119570e+02 3.173205e+01 2.044808e+01 6.877320e+01 1.365083e+00 2.384048e+01 2.092015e+01 1.008318e+02 1.376990e+03
2.000000e-01 2.424000e-01  2.203636e-01  1.000000e-01 1.308984e-04 8.000000e-04 2.119570e+02 3.172959e+01 2.039183e+01 6.877977e+01 1.428534e+00 2.500641e+01 2.204988e+01 1.062769e+02 1.451351e+03
2.000000e-01 2.424000e-01  2.203636e-01  1.000000e-01 1.343863e-04 8.000000e-04 2.119570e+02 3.172313e+01 2.023662e+01 6.879171e+01 1.581780e+00 2.672583e+01 2.324063e+01 1.120161e+02 1.529727e+03
2.000000e-01 2.424000e-01  2.203636e-01  1.000000e-01 1.379672e-04 8.000000e-04 2.119570e+02 3.171810e+01 2.013984e+01 6.882605e+01 1.629018e+00 2.790468e+01 2.449567e+01 1.180652e+02 1.612336e+03
2.000000e-01 2.424000e-01  2.203636e-01  1.000000e-01 1.416435e-04 8.000000e-04 2.119570e+02 3.171420e+01 2.002568e+01 6.884823e+01 1.722408e+00 2.946231e+01 2.581850e+01 1.244410e+02 1.699406e+03
2.000000e-01 2.424000e-01  2.203636e-01  1.000000e-01 1.454177e-04 8.000000e-04 2.119570e+02 3.171247e+01 1.986745e+01 6.889673e+01 1.810639e+00 3.113793e+01 2.721276e+01 1.311611e+02 1.791178e+03
2.000000e-01 2.424000e-01  2.203636e-01  1.000000e-01 1.492926e-04 8.000000e-04 2.119570e+02 3.170099e+01 1.977743e+01 6.886467e+01 1.911841e+00 3.253249e+01 2.868231e+01 1.382442e+02 1.887906e+03
2.000000e-01 2.424000e-01  2.203636e-01  1.000000e-01 1.532706e-04 8.000000e-04 2.119570e+02 3.169677e+01 1.958337e+01 6.890771e+01 1.992815e+00 3.460965e+01 3.023122e+01 1.457097e+02 1.989857e+03
2.000000e-01 2.424000e-01  2.203636e-01  1.000000e-01 1.573547e-04 8.000000e-04 2.119570e+02 3.169627e+01 1.954144e+01 6.891272e+01 2.124368e+00 3.602506e+01 3.186377e+01 1.535783e+02 2.097314e+03
2.000000e-01 2.424000e-01  2.203636e-01  1.000000e-01 1.615476e-04 8.000000e-04 2.119570e+02 3.169595e+01 1.934739e+01 6.904338e+01 2.229299e+00 3.845717e+01 3.358449e+01 1.618719e+02 2.210573e+03
2.000000e-01 2.424000e-01  2.203636e-01  1.000000e-01 1.658522e-04 8.000000e-04 2.119570e+02 3.167686e+01 1.924618e+01 6.906595e+01 2.414139e+00 4.035814e+01 3.539813e+01 1.706134e+02 2.329950e+03
2.000000e-01 2.424000e-01  2.203636e-01  1.000000e-01 1.702715e-04 8.000000e-04 2.119570e+02 3.168181e+01 1.911085e+01 6.919552e+01 2.520398e+00 4.212640e+01 3.730971e+01 1.798269e+02 2.455772e+03
2.000000e-01 2.424000e-01  2.203636e-01  1.000000e-01 1.748086e-04 8.000000e-04 2.119570e+02 3.167753e+01 1.901703e+01 6.913237e+01 2.509033e+00 4.454797e+01 3.932452e+01 1.895379e+02 2.588390e+03
2.000000e-01 2.424000e-01  2.203636e-01  1.000000e-01 1.794666e-04 8.000000e-04 2.119570e+02 3.166328e+01 1.884073e+01 6.936287e+01 2.753573e+00 4.754226e+01 4.144814e+01 1.997734e+02 2.728169e+03
2.000000e-01 2.424000e-01  2.203636e-01  1.000000e-01 1.842487e-04 8.000000e-04 2.119570e+02 3.165842e+01 1.865652e+01 6.946022e+01 2.925025e+00 4.947783e+01 4.368643e+01 2.105616e+02 2.875496e+03
2.000000e-01 2.424000e-01  2.203636e-01  1.000000e-01 1.891582e-04 8.000000e-04 2.119570e+02 3.165386e+01 1.851364e+01 6.955947e+01 3.049470e+00 5.241108e+01 4.604560e+01 2.219325e+02 3.030779e+03
2.000000e-01 2.424000e-01  2.203636e-01  1.000000e-01 1.941986e-04 8.000000e-04 2.119570e+02 3.163506e+01 1.835730e+01 6.968998e+01 3.283368e+00 5.566888e+01 4.853217e+01 2.339173e+02 3.194449e+03
2.000000e-01 2.424000e-01  2.203636e-01  1.000000e-01 1.993732e-04 8.000000e-04 2.119570e+02 3.163916e+01 1.821102e+01 6.987115e+01 3.377054e+00 5.846879e+01 5.115302e+01 2.465494e+02 3.366956e+03
2.000000e-01 2.424000e-01  2.203636e-01  1.000000e-01 2.046857e-04 8.000000e-04 2.119570e+02 3.162156e+01 1.813912e+01 6.992728e+01 3.591005e+00 6.104147e+01 5.391540e+01 2.598636e+02 3.548780e+03
2.000000e-01 2.424000e-01  2.203636e-01  1.000000e-01 2.101398e-04 8.000000e-04 2.119570e+02 3.162552e+01 1.800199e+01 7.042109e+01 3.750070e+00 6.531335e+01 5.682696e+01 2.738969e+02 3.740422e+03
2.000000e-01 2.424000e-01  2.203636e-01  1.000000e-01 2.157392e-04 8.000000e-04 2.119570e+02 3.160668e+01 1.786085e+01 7.057896e+01 3.936273e+00 6.868407e+01 5.989575e+01 2.886879e+02 3.942413e+03
2.000000e-01 2.424000e-01  2.203636e-01  1.000000e-01 2.214878e-04 8.000000e-04 2.119570e+02 3.158326e+01 1.773059e+01 7.088723e+01 4.151425e+00 7.291191e+01 6.313025e+01 3.042778e+02 4.155313e+03
2.000000e-01 2.424000e-01  2.203636e-01  1.000000e-01 2.273896e-04 8.000000e-04 2.119570e+02 3.158744e+01 1.760891e+01 7.121376e+01 4.399800e+00 7.615762e+01 6.653943e+01 3.207095e+02 4.379709e+03
2.000000e-01 2.424000e-01  2.203636e-01  1.000000e-01 2.334487e-04 8.000000e-04 2.119570e+02 3.155543e+01 1.754802e+01 7.136305e+01 4.811304e+00 8.058983e+01 7.013272e+01 3.380285e+02 4.616224e+03
2.000000e-01 2.424000e-01  2.203636e-01  1.000000e-01 2.396692e-04 8.000000e-04 2.119570e+02 3.156124e+01 1.743033e+01 7.190350e+01 4.974189e+00 8.487660e+01 7.392005e+01 3.562828e+02 4.865510e+03
2.000000e-01 2.424000e-01  2.203636e-01  1.000000e-01 2.460555e-04 8.000000e-04 2.119570e+02 3.154009e+01 1.734637e+01 7.170326e+01 5.210331e+00 8.875355e+01 7.791190e+01 3.755229e+02 5.128259e+03
2.000000e-01 2.424000e-01  2.203636e-01  1.000000e-01 2.526119e-04 8.000000e-04 2.119570e+02 3.154429e+01 1.734933e+01 7.242272e+01 5.568942e+00 9.346130e+01 8.211932e+01 3.958020e+02 5.405197e+03
2.000000e-01 2.424000e-01  2.203636e-01  1.000000e-01 2.593430e-04 8.000000e-04 2.119570e+02 3.151809e+01 1.727234e+01 7.286041e+01 5.774339e+00 9.889249e+01 8.655396e+01 4.171763e+02 5.697090e+03
2.000000e-01 2.424000e-01  2.203636e-01  1.000000e-01 2.662535e-04 8.000000e-04 2.119570e+02 3.151443e+01 1.731635e+01 7.379325e+01 6.193896e+00 1.029810e+02 9.122807e+01 4.397048e+02 6.004746e+03
2.000000e-01 2.424000e-01  2.203636e-01  1.000000e-01 2.733482e-04 8.000000e-04 2.119570e+02 3.147437e+01 1.723308e+01 7.423967e+01 6.308251e+00 1.106288e+02 9.615460e+01 4.634498e+02 6.329016e+03
2.000000e-01 2.424000e-01  2.203636e-01  1.000000e-01 2.806318e-04 8.000000e-04 2.119570e+02 3.148915e+01 1.724555e+01 7.464720e+01 6.555517e+00 1.154308e+02 1.013472e+02 4.884772e+02 6.670798e+03
2.000000e-01 2.424000e-01  2.203636e-01  1.000000e-01 2.881096e-04 8.000000e-04 2.119570e+02 3.145080e+01 1.729741e+01 7.536536e+01 7.180251e+00 1.226004e+02 1.068201e+02 5.148561e+02 7.031036e+03
2.000000e-01 2.424000e-01  2.203636e-01  1.000000e-01 2.957866e-04 8.000000e-04 2.119570e+02 3.141548e+01 1.744837e+01 7.629249e+01 7.459858e+00 1.279011e+02 1.125887e+02 5.426595e+02 7.410729e+03
2.000000e-01 2.424000e-01  2.203636e-01  1.000000e-01 3.036682e-04 8.000000e-04 2.119570e+02 3.140773e+01 1.746274e+01 7.693028e+01 7.967812e+00 1.368483e+02 1.186687e+02 5.719644e+02 7.810925e+03
2.000000e-01 2.424000e-01  2.203636e-01  1.000000e-01 3.117598e-04 8.000000e-04 2.119570e+02 3.141925e+01 1.767572e+01 7.816195e+01 8.273346e+00 1.435418e+02 1.250771e+02 6.028518e+02 8.232733e+03
2.000000e-01 2.424000e-01  2.203636e-01  1.000000e-01 3.200670e-04 8.000000e-04 2.119570e+02 3.139320e+01 1.777198e+01 7.862820e+01 8.615434e+00 1.500692e+02 1.318316e+02 6.354072e+02 8.677320e+03
2.000000e-01 2.424000e-01  2.203636e-01  1.000000e-01 3.285955e-04 8.000000e-04 2.119570e+02 3.135601e+01 1.807801e+01 8.004907e+01 9.192788e+00 1.608173e+02 1.389508e+02 6.697206e+02 9.145915e+03
2.000000e-01 2.424000e-01  2.203636e-01  1.000000e-01 3.373513e-04 8.000000e-04 2.119570e+02 3.133678e+01 1.829282e+01 8.088700e+01 9.487792e+00 1.669135e+02 1.464544e+02 7.058871e+02 9.639816e+03
2.000000e-01 2.424000e-01  2.203636e-01  1.000000e-01 3.463404e-04 8.000000e-04 2.119570e+02 3.133700e+01 1.848749e+01 8.171336e+01 1.032922e+01 1.755562e+02 1.543633e+02 7.440066e+02 1.016039e+04
2.000000e-01 2.424000e-01  2.203636e-01  1.000000e-01 3.555691e-04 8.000000e-04 2.119570e+02 3.124057e+01 1.907737e+01 8.355394e+01 1.112153e+01 1.874635e+02 1.626993e+02 7.841847e+02 1.070907e+04
2.000000e-01 2.424000e-01  2.203636e-01  1.000000e-01 3.650436e-04 8.000000e-04 2.119570e+02 3.124825e+01 1.921292e+01 8.409273e+01 1.116813e+01 1.956468e+02 1.714854e+02 8.265325e+02 1.128739e+04
2.000000e-01 2.424000e-01  2.203636e-01  1.000000e-01 3.747706e-04 8.000000e-04 2.119570e+02 3.120581e+01 2.003097e+01 8.659885e+01 1.201344e+01 2.035336e+02 1.807461e+02 8.711672e+02 1.189693e+04
2.000000e-01 2.424000e-01  2.203636e-01  1.000000e-01 3.847568e-04 8.000000e-04 2.119570e+02 3.111742e+01 2.007688e+01 8.661784e+01 1.269306e+01 2.170498e+02 1.905068e+02 9.182122e+02 1.253939e+04
2.000000e-01 2.424000e-01  2.203636e-01  1.000000e-01 3.950091e-04 8.000000e-04 2.119570e+02 3.116338e+01 2.112791e+01 8.976563e+01 1.349286e+01 2.292286e+02 2.007946e+02 9.677978e+02 1.321655e+04
2.000000e-01 2.424000e-01  2.203636e-01  1.000000e-01 4.055346e-04 8.000000e-04 2.119570e+02 3.111826e+01 2.122801e+01 8.997726e+01 1.407373e+01 2.414157e+02 2.116379e+02 1.020061e+03 1.393027e+04
2.000000e-01 2.424000e-01  2.203636e-01  1.000000e-01 4.163405e-04 8.000000e-04 2.119570e+02 3.107976e+01 2.168528e+01 9.113106e+01 1.499759e+01 2.540456e+02 2.230669e+02 1.075147e+03 1.468254e+04
2.000000e-01 2.424000e-01  2.203636e-01  1.000000e-01 4.274344e-04 8.000000e-04 2.119570e+02 3.107434e+01 2.307163e+01 9.480013e+01 1.533067e+01 2.651356e+02 2.351130e+02 1.133207e+03 1.547543e+04
2.000000e-01 2.424000e-01  2.203636e-01  1.000000e-01 4.388239e-04 8.000000e-04 2.119570e+02 3.102533e+01 2.369976e+01 9.627643e+01 1.640853e+01 2.826953e+02 2.478096e+02 1.194403e+03 1.631114e+04
2.000000e-01 2.424000e-01  2.203636e-01  1.000000e-01 4.505168e-04 8.000000e-04 2.119570e+02 3.098174e+01 2.440983e+01 9.803843e+01 1.725169e+01 3.015678e+02 2.611919e+02 1.258904e+03 1.719198e+04
2.000000e-01 2.424000e-01  2.203636e-01  1.000000e-01 4.625214e-04 8.000000e-04 2.119570e+02 3.101999e+01 2.513974e+01 9.994262e+01 1.745564e+01 3.147004e+02 2.752969e+02 1.326887e+03 1.812039e+04
2.000000e-01 2.424000e-01  2.203636e-01  1.000000e-01 4.748458e-04 8.000000e-04 2.119570e+02 3.081687e+01 2.585844e+01 1.011531e+02 1.946642e+01 3.314283e+02 2.901636e+02 1.398542e+03 1.909893e+04
2.000000e-01 2.424000e-01  2.203636e-01  1.000000e-01 4.874986e-04 8.000000e-04 2.119570e+02 3.080220e+01 2.727391e+01 1.044975e+02 2.051094e+01 3.477573e+02 3.058331e+02 1.474067e+03 2.013032e+04
2.000000e-01 2.424000e-01  2.203636e-01  1.000000e-01 5.004886e-04 8.000000e-04 2.119570e+02 3.073834e+01 2.769767e+01 1.051704e+02 2.182751e+01 3.628753e+02 3.223488e+02 1.553670e+03 2.121740e+04
2.000000e-01 2.424000e-01  2.203636e-01  1.000000e-01 5.138247e-04 8.000000e-04 2.119570e+02 3.071899e+01 2.898573e+01 1.081298e+02 2.236143e+01 3.909241e+02 3.397564e+02 1.637572e+03 2.236319e+04
2.000000e-01 2.424000e-01  2.203636e-01  1.000000e-01 5.275161e-04 8.000000e-04 2.119570e+02 3.067768e+01 2.981123e+01 1.097528e+02 2.399779e+01 4.114455e+02 3.581040e+02 1.726004e+03 2.357086e+04
2.000000e-01 2.424000e-01  2.203636e-01  1.000000e-01 5.415724e-04 8.000000e-04 2.119570e+02 3.059198e+01 3.111784e+01 1.124637e+02 2.535785e+01 4.332290e+02 3.774424e+02 1.819212e+03 2.484374e+04
2.000000e-01 2.424000e-01  2.203636e-01  1.000000e-01 5.560032e-04 8.000000e-04 2.119570e+02 3.056940e+01 3.148424e+01 1.130832e+02 2.595854e+01 4.536679e+02 3.978252e+02 1.917454e+03 2.618536e+04
2.000000e-01 2.424000e-01  2.203636e-01  1.000000e-01 5.708185e-04 8.000000e-04 2.119570e+02 3.050908e+01 3.189413e+01 1.136986e+02 2.761155e+01 4.767733e+02 4.193087e+02 2.021001e+03 2.759943e+04
2.000000e-01 2.424000e-01  2.203636e-01  1.000000e-01 5.860287e-04 8.000000e-04 2.119570e+02 3.048001e+01 3.394306e+01 1.186412e+02 2.930784e+01 5.050955e+02 4.419523e+02 2.130140e+03 2.908986e+04
2.000000e-01 2.424000e-01  2.203636e-01  1.000000e-01 6.016441e-04 8.000000e-04 2.119570e+02 3.037342e+01 3.415864e+01 1.186143e+02 3.134008e+01 5.279346e+02 4.658188e+02 2.245172e+03 3.066078e+04
2.000000e-01 2.424000e-01  2.203636e-01  1.000000e-01 6.176756e-04 8.000000e-04 2.119570e+02 3.026723e+01 3.522181e+01 1.205202e+02 3.202365e+01 5.568820e+02 4.909741e+02 2.366417e+03 3.231653e+04
2.000000e-01 2.424000e-01  2.203636e-01  1.000000e-01 6.341342e-04 8.000000e-04 2.119570e+02 3.013320e+01 3.612712e+01 1.226856e+02 3.438981e+01 5.869619e+02 5.174878e+02 2.494209e+03 3.406170e+04
2.000000e-01 2.424000e-01  2.203636e-01  1.000000e-01 6.510315e-04 8.000000e-04 2.119570e+02 3.017742e+01 3.682163e+01 1.235654e+02 3.563982e+01 6.191018e+02 5.454334e+02 2.628902e+03 3.590111e+04
2.000000e-01 2.424000e-01  2.203636e-01  1.000000e-01 6.683790e-04 8.000000e-04 2.119570e+02 2.991299e+01 3.867965e+01 1.274506e+02 3.933315e+01 6.627690e+02 5.748880e+02 2.770869e+03 3.783985e+04
2.000000e-01 2.424000e-01  2.203636e-01  1.000000e-01 6.861887e-04 8.000000e-04 2.119570e+02 2.997165e+01 3.891380e+01 1.274356e+02 4.033750e+01 6.930857e+02 6.059333e+02 2.920502e+03 3.988329e+04
2.000000e-01 2.424000e-01  2.203636e-01  1.000000e-01 7.044730e-04 8.000000e-04 2.119570e+02 2.987984e+01 3.948338e+01 1.283724e+02 4.229933e+01 7.186690e+02 6.386551e+02 3.078216e+03 4.203708e+04
2.000000e-01 2.424000e-01  2.203636e-01  1.000000e-01 7.232445e-04 8.000000e-04 2.119570e+02 2.970201e+01 4.150435e+01 1.329516e+02 4.518395e+01 7.660941e+02 6.731440e+02 3.244447e+03 4.430718e+04
2.000000e-01 2.424000e-01  2.203636e-01  1.000000e-01 7.425162e-04 8.000000e-04 2.119570e+02 2.964743e+01 4.204677e+01 1.332975e+02 4.652100e+01 8.071486e+02 7.094954e+02 3.419655e+03 4.669988e+04
2.000000e-01 2.424000e-01  2.203636e-01  1.000000e-01 7.623014e-04 8.000000e-04 2.119570e+02 2.956915e+01 4.227276e+01 1.338920e+02 4.914067e+01 8.522324e+02 7.478098e+02 3.604324e+03 4.922178e+04
2.000000e-01 2.424000e-01  2.203636e-01  1.000000e-01 7.826138e-04 8.000000e-04 2.119570e+02 2.935554e+01 4.318044e+01 1.351358e+02 5.195903e+01 8.942718e+02 7.881932e+02 3.798966e+03 5.187987e+04
2.000000e-01 2.424000e-01  2.203636e-01  1.000000e-01 8.034674e-04 8.000000e-04 2.119570e+02 2.915936e+01 4.455441e+01 1.382027e+02 5.657697e+01 9.589862e+02 8.307575e+02 4.004119e+03 5.468150e+04
2.000000e-01 2.424000e-01  2.203636e-01  1.000000e-01 8.248767e-04 8.000000e-04 2.119570e+02 2.904045e+01 4.471924e+01 1.381655e+02 5.753226e+01 9.949234e+02 8.756203e+02 4.220350e+03 5.763443e+04
2.000000e-01 2.424000e-01  2.203636e-01  1.000000e-01 8.468565e-04 8.000000e-04 2.119570e+02 2.885308e+01 4.542806e+01 1.390053e+02 6.186783e+01 1.064786e+03 9.229059e+02 4.448259e+03 6.074682e+04
2.000000e-01 2.424000e-01  2.203636e-01  1.000000e-01 8.694220e-04 8.000000e-04 2.119570e+02 2.893314e+01 4.639537e+01 1.410663e+02 6.516198e+01 1.109900e+03 9.727449e+02 4.688476e+03 6.402729e+04
2.000000e-01 2.424000e-01  2.203636e-01  1.000000e-01 8.925887e-04 8.000000e-04 2.119570e+02 2.870205e+01 4.673412e+01 1.414452e+02 6.956971e+01 1.173490e+03 1.025275e+03 4.941664e+03 6.748492e+04
2.000000e-01 2.424000e-01  2.203636e-01  1.000000e-01 9.163728e-04 8.000000e-04 2.119570e+02 2.872849e+01 4.732838e+01 1.428123e+02 7.001308e+01 1.236888e+03 1.080643e+03 5.208526e+03 7.112926e+04
2.000000e-01 2.424000e-01  2.203636e-01  1.000000e-01 9.407906e-04 8.000000e-04 2.119570e+02 2.859401e+01 4.716029e+01 1.411337e+02 7.556727e+01 1.294782e+03 1.139000e+03 5.489798e+03 7.497041e+04
2.000000e-01 2.424000e-01  2.203636e-01  1.000000e-01 9.658591e-04 8.000000e-04 2.119570e+02 2.837788e+01 4.881947e+01 1.455596e+02 8.024368e+01 1.372560e+03 1.200509e+03 5.786260e+03 7.901898e+04
2.000000e-01 2.424000e-01  2.203636e-01  1.000000e-01 9.915955e-04 8.000000e-04 2.119570e+02 2.817112e+01 4.955169e+01 1.469992e+02 8.408362e+01 1.451484e+03 1.265339e+03 6.098732e+03 8.328619e+04
2.000000e-01 2.424000e-01  2.203636e-01  1.000000e-01 1.018018e-03 8.000000e-04 2.119570e+02 2.802065e+01 4.981008e+01 1.474885e+02 8.889907e+01 1.530222e+03 1.333670e+03 6.428077e+03 8.778384e+04
2.000000e-01 2.424000e-01  2.203636e-01  1.000000e-01 1.045144e-03 8.000000e-04 2.119570e+02 2.791375e+01 5.002424e+01 1.469381e+02 9.137793e+01 1.600711e+03 1.405691e+03 6.775209e+03 9.252438e+04
2.000000e-01 2.424000e-01  2.203636e-01  1.000000e-01 1.072993e-03 8.000000e-04 2.119570e+02 2.763261e+01 5.030591e+01 1.468217e+02 9.726670e+01 1.681502e+03 1.481602e+03 7.141086e+03 9.752091e+04
2.000000e-01 2.424000e-01  2.203636e-01  1.000000e-01 1.101584e-03 8.000000e-04 2.119570e+02 2.733145e+01 5.111041e+01 1.485931e+02 1.059081e+02 1.767106e+03 1.561612e+03 7.526721e+03 1.027873e+05
2.000000e-01 2.424000e-01  2.203636e-01  1.000000e-01 1.130937e-03 8.000000e-04 2.119570e+02 2.746878e+01 5.127128e+01 1.498870e+02 1.094060e+02 1.892427e+03 1.645943e+03 7.933182e+03 1.083380e+05
2.000000e-01 2.424000e-01  2.203636e-01  1.000000e-01 1.161072e-03 8.000000e-04 2.119570e+02 2.702366e+01 5.203160e+01 1.505632e+02 1.143774e+02 1.970389e+03 1.734828e+03 8.361592e+03 1.141885e+05
2.000000e-01 2.424000e-01  2.203636e-01  1.000000e-01 1.192010e-03 8.000000e-04 2.119570e+02 2.677258e+01 5.188698e+01 1.491319e+02 1.206519e+02 2.084648e+03 1.828512e+03 8.813138e+03 1.203550e+05
2.000000e-01 2.424000e-01  2.203636e-01  1.000000e-01 1.223773e-03 8.000000e-04 2.119570e+02 2.655292e+01 5.306157e+01 1.531569e+02 1.304753e+02 2.184976e+03 1.927256e+03 9.289068e+03 1.268544e+05
2.000000e-01 2.424000e-01  2.203636e-01  1.000000e-01 1.256382e-03 8.000000e-04 2.119570e+02 2.645526e+01 5.218222e+01 1.488047e+02 1.330238e+02 2.315345e+03 2.031333e+03 9.790699e+03 1.337049e+05
2.000000e-01 2.424000e-01  2.203636e-01  1.000000e-01 1.289860e-03 8.000000e-04 2.119570e+02 2.610645e+01 5.297590e+01 1.515082e+02 1.411660e+02 2.445214e+03 2.141029e+03 1.031942e+04 1.409252e+05
2.000000e-01 2.424000e-01  2.203636e-01  1.000000e-01 1.324229e-03 8.000000e-04 2.119570e+02 2.568482e+01 5.254430e+01 1.487827e+02 1.510138e+02 2.586321e+03 2.256650e+03 1.087669e+04 1.485355e+05
2.000000e-01 2.424000e-01  2.203636e-01  1.000000e-01 1.359515e-03 8.000000e-04 2.119570e+02 2.535642e+01 5.308189e+01 1.501336e+02 1.594281e+02 2.710600e+03 2.378514e+03 1.146406e+04 1.565568e+05
2.000000e-01 2.424000e-01  2.203636e-01  1.000000e-01 1.395741e-03 8.000000e-04 2.119570e+02 2.561544e+01 5.358312e+01 1.518181e+02 1.642931e+02 2.860404e+03 2.506960e+03 1.208315e+04 1.650112e+05
2.000000e-01 2.424000e-01  2.203636e-01  1.000000e-01 1.432932e-03 8.000000e-04 2.119570e+02 2.555849e+01 5.324507e+01 1.491709e+02 1.743039e+02 2.980431e+03 2.642342e+03 1.273567e+04 1.739222e+05
2.000000e-01 2.424000e-01  2.203636e-01  1.000000e-01 1.471114e-03 8.000000e-04 2.119570e+02 2.527576e+01 5.364508e+01 1.500565e+02 1.789115e+02 3.180154e+03 2.785034e+03 1.342342e+04 1.833145e+05
2.000000e-01 2.424000e-01  2.203636e-01  1.000000e-01 1.510314e-03 8.000000e-04 2.119570e+02 2.480126e+01 5.386788e+01 1.491010e+02 2.008132e+02 3.351284e+03 2.935433e+03 1.414832e+04 1.932139e+05
2.000000e-01 2.424000e-01  2.203636e-01  1.000000e-01 1.550558e-03 8.000000e-04 2.119570e+02 2.447731e+01 5.399228e+01 1.484251e+02 2.022130e+02 3.488811e+03 3.093953e+03 1.491236e+04 2.036479e+05
2.000000e-01 2.424000e-01  2.203636e-01  1.000000e-01 1.591874e-03 8.000000e-04 2.119570e+02 2.460819e+01 5.415253e+01 1.485715e+02 2.158017e+02 3.730289e+03 3.261034e+03 1.571766e+04 2.146454e+05
2.000000e-01 2.424000e-01  2.203636e-01  1.000000e-01 1.634292e-03 8.000000e-04 2.119570e+02 2.420385e+01 5.433191e+01 1.488825e+02 2.303210e+02 3.926645e+03 3.437138e+03 1.656646e+04 2.262367e+05
2.000000e-01 2.424000e-01  2.203636e-01  1.000000e-01 1.677839e-03 8.000000e-04 2.119570e+02 2.402179e+01 5.358749e+01 1.466039e+02 2.498328e+02 4.073030e+03 3.622751e+03 1.746108e+04 2.384540e+05
2.000000e-01 2.424000e-01  2.203636e-01  1.000000e-01 1.722547e-03 8.000000e-04 2.119570e+02 2.448390e+01 5.465661e+01 1.472285e+02 2.507786e+02 4.379263e+03 3.818388e+03 1.840402e+04 2.513311e+05
