2.000000e-01 1.266000e-02  1.150909e-02  1.000000e-01 2.000000e-06 8.000000e-04 1.134340e+10 3.180203e+01 2.288802e+01 6.923341e+01 1.088028e-11 9.229629e-12 5.059199e-11 9.655255e-10 3.578303e-09
2.000000e-01 1.266000e-02  1.150909e-02  1.000000e-01 2.053292e-06 8.000000e-04 1.134340e+10 3.180203e+01 2.288802e+01 6.923341e+01 1.144728e-11 9.973766e-12 5.332407e-11 1.017666e-09 3.771540e-09
2.000000e-01 1.266000e-02  1.150909e-02  1.000000e-01 2.108005e-06 8.000000e-04 1.134340e+10 3.180203e+01 2.288802e+01 6.923341e+01 1.171312e-11 1.034234e-11 5.620370e-11 1.072622e-09 3.975212e-09
2.000000e-01 1.266000e-02  1.150909e-02  1.000000e-01 2.164175e-06 8.000000e-04 1.134340e+10 3.180203e+01 2.288802e+01 6.923341e+01 1.280704e-11 1.094106e-11 5.923882e-11 1.130547e-09 4.189883e-09
2.000000e-01 1.266000e-02  1.150909e-02  1.000000e-01 2.221842e-06 8.000000e-04 1.134340e+10 3.180203e+01 2.288802e+01 6.923341e+01 1.208183e-11 1.149347e-11 6.243786e-11 1.191599e-09 4.416146e-09
2.000000e-01 1.266000e-02  1.150909e-02  1.000000e-01 2.281045e-06 8.000000e-04 1.134340e+10 3.180203e+01 2.288802e+01 6.923341e+01 1.363101e-11 1.223309e-11 6.580965e-11 1.255948e-09 4.654628e-09
2.000000e-01 1.266000e-02  1.150909e-02  1.000000e-01 2.341826e-06 8.000000e-04 1.134340e+10 3.180203e+01 2.288802e+01 6.923341e+01 1.580406e-11 1.248655e-11 6.936352e-11 1.323772e-09 4.905989e-09
2.000000e-01 1.266000e-02  1.150909e-02  1.000000e-01 2.404227e-06 8.000000e-04 1.134340e+10 3.180203e+01 2.288802e+01 6.923341e+01 1.501145e-11 1.371044e-11 7.310931e-11 1.395259e-09 5.170923e-09
2.000000e-01 1.266000e-02  1.150909e-02  1.000000e-01 2.468290e-06 8.000000e-04 1.134340e+10 3.180203e+01 2.288802e+01 6.923341e+01 1.688929e-11 1.431622e-11 7.705738e-11 1.470606e-09 5.450165e-09
2.000000e-01 1.266000e-02  1.150909e-02  1.000000e-01 2.534061e-06 8.000000e-04 1.134340e+10 3.180203e+01 2.288802e+01 6.923341e+01 1.739787e-11 1.497057e-11 8.121866e-11 1.550022e-09 5.744487e-09
2.000000e-01 1.266000e-02  1.150909e-02  1.000000e-01 2.601584e-06 8.000000e-04 1.134340e+10 3.180203e+01 2.288802e+01 6.923341e+01 1.767513e-11 1.579945e-11 8.560465e-11 1.633727e-09 6.054702e-09
2.000000e-01 1.266000e-02  1.150909e-02  1.000000e-01 2.670906e-06 8.000000e-04 1.134340e+10 3.180203e+01 2.288802e+01 6.923341e+01 1.984545e-11 1.667308e-11 9.022750e-11 1.721952e-09 6.381670e-09
2.000000e-01 1.266000e-02  1.150909e-02  1.000000e-01 2.742075e-06 8.000000e-04 1.134340e+10 3.180203e+01 2.288802e+01 6.923341e+01 1.998716e-11 1.768029e-11 9.510000e-11 1.814941e-09 6.726295e-09
2.000000e-01 1.266000e-02  1.150909e-02  1.000000e-01 2.815141e-06 8.000000e-04 1.134340e+10 3.180203e+01 2.288802e+01 6.923341e+01 2.183673e-11 1.853237e-11 1.002356e-10 1.912952e-09 7.089531e-09
2.000000e-01 1.266000e-02  1.150909e-02  1.000000e-01 2.890154e-06 8.000000e-04 1.134340e+10 3.180203e+01 2.288802e+01 6.923341e+01 2.122102e-11 1.945900e-11 1.056486e-10 2.016256e-09 7.472382e-09
2.000000e-01 1.266000e-02  1.150909e-02  1.000000e-01 2.967165e-06 8.000000e-04 1.134340e+10 3.180203e+01 2.288802e+01 6.923341e+01 2.421797e-11 2.075358e-11 1.113538e-10 2.125138e-09 7.875907e-09
2.000000e-01 1.266000e-02  1.150909e-02  1.000000e-01 3.046229e-06 8.000000e-04 1.134340e+10 3.180203e+01 2.288802e+01 6.923341e+01 2.477254e-11 2.161386e-11 1.173672e-10 2.239901e-09 8.301225e-09
2.000000e-01 1.266000e-02  1.150909e-02  1.000000e-01 3.127399e-06 8.000000e-04 1.134340e+10 3.180203e+01 2.288802e+01 6.923341e+01 2.615124e-11 2.270935e-11 1.237053e-10 2.360860e-09 8.749510e-09
2.000000e-01 1.266000e-02  1.150909e-02  1.000000e-01 3.210732e-06 8.000000e-04 1.134340e+10 3.180203e+01 2.288802e+01 6.923341e+01 2.720726e-11 2.423413e-11 1.303857e-10 2.488352e-09 9.222004e-09
2.000000e-01 1.266000e-02  1.150909e-02  1.000000e-01 3.296286e-06 8.000000e-04 1.134340e+10 3.180203e+01 2.288802e+01 6.923341e+01 2.897206e-11 2.532702e-11 1.374268e-10 2.622729e-09 9.720013e-09
2.000000e-01 1.266000e-02  1.150909e-02  1.000000e-01 3.384119e-06 8.000000e-04 1.134340e+10 3.180203e+01 2.288802e+01 6.923341e+01 3.136392e-11 2.723722e-11 1.448482e-10 2.764363e-09 1.024492e-08
2.000000e-01 1.266000e-02  1.150909e-02  1.000000e-01 3.474293e-06 8.000000e-04 1.134340e+10 3.180203e+01 2.288802e+01 6.923341e+01 3.335543e-11 2.852174e-11 1.526703e-10 2.913645e-09 1.079817e-08
2.000000e-01 1.266000e-02  1.150909e-02  1.000000e-01 3.566869e-06 8.000000e-04 1.134340e+10 3.180203e+01 2.288802e+01 6.923341e+01 3.524188e-11 3.014101e-11 1.609149e-10 3.070988e-09 1.138129e-08
2.000000e-01 1.266000e-02  1.150909e-02  1.000000e-01 3.661913e-06 8.000000e-04 1.134340e+10 3.180203e+01 2.288802e+01 6.923341e+01 3.758738e-11 3.145666e-11 1.696046e-10 3.236829e-09 1.199591e-08
2.000000e-01 1.266000e-02  1.150909e-02  1.000000e-01 3.759488e-06 8.000000e-04 1.134340e+10 3.180203e+01 2.288802e+01 6.923341e+01 3.832086e-11 3.273620e-11 1.787637e-10 3.411625e-09 1.264371e-08
2.000000e-01 1.266000e-02  1.150909e-02  1.000000e-01 3.859664e-06 8.000000e-04 1.134340e+10 3.180203e+01 2.288802e+01 6.923341e+01 3.906401e-11 3.448605e-11 1.884173e-10 3.595860e-09 1.332650e-08
2.000000e-01 1.266000e-02  1.150909e-02  1.000000e-01 3.962510e-06 8.000000e-04 1.134340e+10 3.180203e+01 2.288802e+01 6.923341e+01 4.072219e-11 3.700732e-11 1.985923e-10 3.790045e-09 1.404617e-08
2.000000e-01 1.266000e-02  1.150909e-02  1.000000e-01 4.068095e-06 8.000000e-04 1.134340e+10 3.180203e+01 2.288802e+01 6.923341e+01 4.520812e-11 3.885178e-11 2.093167e-10 3.994716e-09 1.480469e-08
2.000000e-01 1.266000e-02  1.150909e-02  1.000000e-01 4.176494e-06 8.000000e-04 1.134340e+10 3.180203e+01 2.288802e+01 6.923341e+01 4.647429e-11 4.110238e-11 2.206203e-10 4.210440e-09 1.560418e-08
2.000000e-01 1.266000e-02  1.150909e-02  1.000000e-01 4.287782e-06 8.000000e-04 1.134340e+10 3.180203e+01 2.288802e+01 6.923341e+01 5.057413e-11 4.337448e-11 2.325343e-10 4.437814e-09 1.644684e-08
2.000000e-01 1.266000e-02  1.150909e-02  1.000000e-01 4.402035e-06 8.000000e-04 1.134340e+10 3.180203e+01 2.288802e+01 6.923341e+01 4.948677e-11 4.477674e-11 2.450917e-10 4.677466e-09 1.733501e-08
2.000000e-01 1.266000e-02  1.150909e-02  1.000000e-01 4.519332e-06 8.000000e-04 1.134340e+10 3.180203e+01 2.288802e+01 6.923341e+01 5.704141e-11 4.747457e-11 2.583272e-10 4.930060e-09 1.827114e-08
2.000000e-01 1.266000e-02  1.150909e-02  1.000000e-01 4.639755e-06 8.000000e-04 1.134340e+10 3.180203e+01 2.288802e+01 6.923341e+01 5.684437e-11 5.009347e-11 2.722775e-10 5.196295e-09 1.925782e-08
2.000000e-01 1.266000e-02  1.150909e-02  1.000000e-01 4.763386e-06 8.000000e-04 1.134340e+10 3.180203e+01 2.288802e+01 6.923341e+01 6.172312e-11 5.292290e-11 2.869811e-10 5.476907e-09 2.029779e-08
2.000000e-01 1.266000e-02  1.150909e-02  1.000000e-01 4.890312e-06 8.000000e-04 1.134340e+10 3.180203e+01 2.288802e+01 6.923341e+01 6.220474e-11 5.572008e-11 3.024788e-10 5.772672e-09 2.139392e-08
2.000000e-01 1.266000e-02  1.150909e-02  1.000000e-01 5.020620e-06 8.000000e-04 1.134340e+10 3.180203e+01 2.288802e+01 6.923341e+01 7.094254e-11 5.783020e-11 3.188133e-10 6.084410e-09 2.254924e-08
2.000000e-01 1.266000e-02  1.150909e-02  1.000000e-01 5.154400e-06 8.000000e-04 1.134340e+10 3.180203e+01 2.288802e+01 6.923341e+01 7.367305e-11 6.167560e-11 3.360300e-10 6.412982e-09 2.376695e-08
2.000000e-01 1.266000e-02  1.150909e-02  1.000000e-01 5.291745e-06 8.000000e-04 1.134340e+10 3.180203e+01 2.288802e+01 6.923341e+01 7.637088e-11 6.396427e-11 3.541764e-10 6.759298e-09 2.505042e-08
2.000000e-01 1.266000e-02  1.150909e-02  1.000000e-01 5.432750e-06 8.000000e-04 1.134340e+10 3.180203e+01 2.288802e+01 6.923341e+01 7.743870e-11 6.939237e-11 3.733027e-10 7.124316e-09 2.640320e-08
2.000000e-01 1.266000e-02  1.150909e-02  1.000000e-01 5.577512e-06 8.000000e-04 1.134340e+10 3.180203e+01 2.288802e+01 6.923341e+01 8.561177e-11 7.294744e-11 3.934619e-10 7.509045e-09 2.782903e-08
2.000000e-01 1.266000e-02  1.150909e-02  1.000000e-01 5.726131e-06 8.000000e-04 1.134340e+10 3.180203e+01 2.288802e+01 6.923341e+01 9.032286e-11 7.612066e-11 4.147098e-10 7.914551e-09 2.933187e-08
2.000000e-01 1.266000e-02  1.150909e-02  1.000000e-01 5.878710e-06 8.000000e-04 1.134340e+10 3.180203e+01 2.288802e+01 6.923341e+01 9.293059e-11 8.082358e-11 4.371051e-10 8.341955e-09 3.091585e-08
2.000000e-01 1.266000e-02  1.150909e-02  1.000000e-01 6.035355e-06 8.000000e-04 1.134340e+10 3.180203e+01 2.288802e+01 6.923341e+01 1.003560e-10 8.531948e-11 4.607097e-10 8.792440e-09 3.258538e-08
2.000000e-01 1.266000e-02  1.150909e-02  1.000000e-01 6.196174e-06 8.000000e-04 1.134340e+10 3.180203e+01 2.288802e+01 6.923341e+01 1.031310e-10 8.917617e-11 4.855891e-10 9.267252e-09 3.434507e-08
2.000000e-01 1.266000e-02  1.150909e-02  1.000000e-01 6.361278e-06 8.000000e-04 1.134340e+10 3.180203e+01 2.288802e+01 6.923341e+01 1.103977e-10 9.325319e-11 5.118121e-10 9.767705e-09 3.619978e-08
2.000000e-01 1.266000e-02  1.150909e-02  1.000000e-01 6.530782e-06 8.000000e-04 1.134340e+10 3.180203e+01 2.288802e+01 6.923341e+01 1.144257e-10 9.968808e-11 5.394511e-10 1.029518e-08 3.815465e-08
2.000000e-01 1.266000e-02  1.150909e-02  1.000000e-01 6.704802e-06 8.000000e-04 1.134340e+10 3.180203e+01 2.288802e+01 6.923341e+01 1.186797e-10 1.068224e-10 5.685827e-10 1.085115e-08 4.021509e-08
2.000000e-01 1.266000e-02  1.150909e-02  1.000000e-01 6.883459e-06 8.000000e-04 1.134340e+10 3.180203e+01 2.288802e+01 6.923341e+01 1.256245e-10 1.127468e-10 5.992875e-10 1.143713e-08 4.238680e-08
2.000000e-01 1.266000e-02  1.150909e-02  1.000000e-01 7.066877e-06 8.000000e-04 1.134340e+10 3.180203e+01 2.288802e+01 6.923341e+01 1.368805e-10 1.159589e-10 6.316504e-10 1.205477e-08 4.467578e-08
2.000000e-01 1.266000e-02  1.150909e-02  1.000000e-01 7.255182e-06 8.000000e-04 1.134340e+10 3.180203e+01 2.288802e+01 6.923341e+01 1.392299e-10 1.248540e-10 6.657610e-10 1.270575e-08 4.708838e-08
2.000000e-01 1.266000e-02  1.150909e-02  1.000000e-01 7.448504e-06 8.000000e-04 1.134340e+10 3.180203e+01 2.288802e+01 6.923341e+01 1.450788e-10 1.303414e-10 7.017136e-10 1.339189e-08 4.963126e-08
2.000000e-01 1.266000e-02  1.150909e-02  1.000000e-01 7.646978e-06 8.000000e-04 1.134340e+10 3.180203e+01 2.288802e+01 6.923341e+01 1.546291e-10 1.371935e-10 7.396078e-10 1.411508e-08 5.231146e-08
2.000000e-01 1.266000e-02  1.150909e-02  1.000000e-01 7.850741e-06 8.000000e-04 1.134340e+10 3.180203e+01 2.288802e+01 6.923341e+01 1.665097e-10 1.469595e-10 7.795483e-10 1.487733e-08 5.513640e-08
2.000000e-01 1.266000e-02  1.150909e-02  1.000000e-01 8.059933e-06 8.000000e-04 1.134340e+10 3.180203e+01 2.288802e+01 6.923341e+01 1.673175e-10 1.481606e-10 8.216457e-10 1.568074e-08 5.811390e-08
2.000000e-01 1.266000e-02  1.150909e-02  1.000000e-01 8.274699e-06 8.000000e-04 1.134340e+10 3.180203e+01 2.288802e+01 6.923341e+01 1.776164e-10 1.595954e-10 8.660165e-10 1.652754e-08 6.125218e-08
2.000000e-01 1.266000e-02  1.150909e-02  1.000000e-01 8.495188e-06 8.000000e-04 1.134340e+10 3.180203e+01 2.288802e+01 6.923341e+01 1.985255e-10 1.683667e-10 9.127834e-10 1.742006e-08 6.455994e-08
2.000000e-01 1.266000e-02  1.150909e-02  1.000000e-01 8.721552e-06 8.000000e-04 1.134340e+10 3.180203e+01 2.288802e+01 6.923341e+01 2.034791e-10 1.770644e-10 9.620758e-10 1.836079e-08 6.804633e-08
2.000000e-01 1.266000e-02  1.150909e-02  1.000000e-01 8.953948e-06 8.000000e-04 1.134340e+10 3.180203e+01 2.288802e+01 6.923341e+01 2.080086e-10 1.862140e-10 1.014030e-09 1.935231e-08 7.172099e-08
2.000000e-01 1.266000e-02  1.150909e-02  1.000000e-01 9.192536e-06 8.000000e-04 1.134340e+10 3.180203e+01 2.288802e+01 6.923341e+01 2.316364e-10 1.935215e-10 1.068790e-09 2.039738e-08 7.559409e-08
2.000000e-01 1.266000e-02  1.150909e-02  1.000000e-01 9.437481e-06 8.000000e-04 1.134340e+10 3.180203e+01 2.288802e+01 6.923341e+01 2.382101e-10 2.059872e-10 1.126507e-09 2.149889e-08 7.967634e-08
2.000000e-01 1.266000e-02  1.150909e-02  1.000000e-01 9.688954e-06 8.000000e-04 1.134340e+10 3.180203e+01 2.288802e+01 6.923341e+01 2.590723e-10 2.173013e-10 1.187341e-09 2.265988e-08 8.397905e-08
2.000000e-01 1.266000e-02  1.150909e-02  1.000000e-01 9.947127e-06 8.000000e-04 1.134340e+10 3.180203e+01 2.288802e+01 6.923341e+01 2.935410e-10 2.351521e-10 1.251460e-09 2.388356e-08 8.851411e-08
2.000000e-01 1.266000e-02  1.150909e-02  1.000000e-01 1.021218e-05 8.000000e-04 1.134340e+10 3.180203e+01 2.288802e+01 6.923341e+01 2.724991e-10 2.427155e-10 1.319042e-09 2.517333e-08 9.329408e-08
2.000000e-01 1.266000e-02  1.150909e-02  1.000000e-01 1.048430e-05 8.000000e-04 1.134340e+10 3.180203e+01 2.288802e+01 6.923341e+01 2.919959e-10 2.546537e-10 1.390273e-09 2.653275e-08 9.833217e-08
2.000000e-01 1.266000e-02  1.150909e-02  1.000000e-01 1.076366e-05 8.000000e-04 1.134340e+10 3.180203e+01 2.288802e+01 6.923341e+01 3.111061e-10 2.668137e-10 1.465351e-09 2.796558e-08 1.036423e-07
2.000000e-01 1.266000e-02  1.150909e-02  1.000000e-01 1.105047e-05 8.000000e-04 1.134340e+10 3.180203e+01 2.288802e+01 6.923341e+01 3.270291e-10 2.842951e-10 1.544484e-09 2.947578e-08 1.092393e-07
2.000000e-01 1.266000e-02  1.150909e-02  1.000000e-01 1.134492e-05 8.000000e-04 1.134340e+10 3.180203e+01 2.288802e+01 6.923341e+01 3.401486e-10 2.976822e-10 1.627889e-09 3.106754e-08 1.151384e-07
2.000000e-01 1.266000e-02  1.150909e-02  1.000000e-01 1.164722e-05 8.000000e-04 1.134340e+10 3.180203e+01 2.288802e+01 6.923341e+01 3.621713e-10 3.141579e-10 1.715799e-09 3.274526e-08 1.213562e-07
2.000000e-01 1.266000e-02  1.150909e-02  1.000000e-01 1.195758e-05 8.000000e-04 1.134340e+10 3.180203e+01 2.288802e+01 6.923341e+01 3.750492e-10 3.348452e-10 1.808456e-09 3.451358e-08 1.279097e-07
2.000000e-01 1.266000e-02  1.150909e-02  1.000000e-01 1.227620e-05 8.000000e-04 1.134340e+10 3.180203e+01 2.288802e+01 6.923341e+01 3.930859e-10 3.513853e-10 1.906117e-09 3.637740e-08 1.348171e-07
2.000000e-01 1.266000e-02  1.150909e-02  1.000000e-01 1.260331e-05 8.000000e-04 1.134340e+10 3.180203e+01 2.288802e+01 6.923341e+01 4.232627e-10 3.765108e-10 2.009052e-09 3.834186e-08 1.420975e-07
2.000000e-01 1.266000e-02  1.150909e-02  1.000000e-01 1.293914e-05 8.000000e-04 1.134340e+10 3.180203e+01 2.288802e+01 6.923341e+01 4.614911e-10 3.953214e-10 2.117545e-09 4.041241e-08 1.497711e-07
2.000000e-01 1.266000e-02  1.150909e-02  1.000000e-01 1.328392e-05 8.000000e-04 1.134340e+10 3.180203e+01 2.288802e+01 6.923341e+01 4.716426e-10 4.120762e-10 2.231898e-09 4.259477e-08 1.578591e-07
2.000000e-01 1.266000e-02  1.150909e-02  1.000000e-01 1.363789e-05 8.000000e-04 1.134340e+10 3.180203e+01 2.288802e+01 6.923341e+01 5.215308e-10 4.349491e-10 2.352425e-09 4.489499e-08 1.663839e-07
2.000000e-01 1.266000e-02  1.150909e-02  1.000000e-01 1.400128e-05 8.000000e-04 1.134340e+10 3.180203e+01 2.288802e+01 6.923341e+01 5.143381e-10 4.593001e-10 2.479462e-09 4.731942e-08 1.753690e-07
2.000000e-01 1.266000e-02  1.150909e-02  1.000000e-01 1.437436e-05 8.000000e-04 1.134340e+10 3.180203e+01 2.288802e+01 6.923341e+01 5.332003e-10 4.898585e-10 2.613358e-09 4.987478e-08 1.848393e-07
2.000000e-01 1.266000e-02  1.150909e-02  1.000000e-01 1.475738e-05 8.000000e-04 1.134340e+10 3.180203e+01 2.288802e+01 6.923341e+01 5.798419e-10 5.117366e-10 2.754486e-09 5.256813e-08 1.948211e-07
2.000000e-01 1.266000e-02  1.150909e-02  1.000000e-01 1.515061e-05 8.000000e-04 1.134340e+10 3.180203e+01 2.288802e+01 6.923341e+01 6.315311e-10 5.348886e-10 2.903234e-09 5.540693e-08 2.053419e-07
2.000000e-01 1.266000e-02  1.150909e-02  1.000000e-01 1.555432e-05 8.000000e-04 1.134340e+10 3.180203e+01 2.288802e+01 6.923341e+01 6.662545e-10 5.656382e-10 3.060016e-09 5.839904e-08 2.164308e-07
2.000000e-01 1.266000e-02  1.150909e-02  1.000000e-01 1.596878e-05 8.000000e-04 1.134340e+10 3.180203e+01 2.288802e+01 6.923341e+01 6.666428e-10 5.987708e-10 3.225264e-09 6.155272e-08 2.281186e-07
2.000000e-01 1.266000e-02  1.150909e-02  1.000000e-01 1.639429e-05 8.000000e-04 1.134340e+10 3.180203e+01 2.288802e+01 6.923341e+01 7.080005e-10 6.306483e-10 3.399435e-09 6.487671e-08 2.404375e-07
2.000000e-01 1.266000e-02  1.150909e-02  1.000000e-01 1.683113e-05 8.000000e-04 1.134340e+10 3.180203e+01 2.288802e+01 6.923341e+01 7.721503e-10 6.679428e-10 3.583013e-09 6.838020e-08 2.534217e-07
2.000000e-01 1.266000e-02  1.150909e-02  1.000000e-01 1.727962e-05 8.000000e-04 1.134340e+10 3.180203e+01 2.288802e+01 6.923341e+01 8.238012e-10 6.952882e-10 3.776504e-09 7.207289e-08 2.671070e-07
2.000000e-01 1.266000e-02  1.150909e-02  1.000000e-01 1.774005e-05 8.000000e-04 1.134340e+10 3.180203e+01 2.288802e+01 6.923341e+01 8.821062e-10 7.341129e-10 3.980444e-09 7.596499e-08 2.815314e-07
2.000000e-01 1.266000e-02  1.150909e-02  1.000000e-01 1.821276e-05 8.000000e-04 1.134340e+10 3.180203e+01 2.288802e+01 6.923341e+01 9.101509e-10 7.706751e-10 4.195397e-09 8.006728e-08 2.967348e-07
2.000000e-01 1.266000e-02  1.150909e-02  1.000000e-01 1.869805e-05 8.000000e-04 1.134340e+10 3.180203e+01 2.288802e+01 6.923341e+01 9.375239e-10 8.128945e-10 4.421958e-09 8.439109e-08 3.127591e-07
2.000000e-01 1.266000e-02  1.150909e-02  1.000000e-01 1.919629e-05 8.000000e-04 1.134340e+10 3.180203e+01 2.288802e+01 6.923341e+01 1.012107e-09 8.594739e-10 4.660754e-09 8.894841e-08 3.296489e-07
2.000000e-01 1.266000e-02  1.150909e-02  1.000000e-01 1.970779e-05 8.000000e-04 1.134340e+10 3.180203e+01 2.288802e+01 6.923341e+01 1.073235e-09 8.985634e-10 4.912445e-09 9.375183e-08 3.474507e-07
2.000000e-01 1.266000e-02  1.150909e-02  1.000000e-01 2.023293e-05 8.000000e-04 1.134340e+10 3.180203e+01 2.288802e+01 6.923341e+01 1.140894e-09 9.639320e-10 5.177729e-09 9.881464e-08 3.662138e-07
2.000000e-01 1.266000e-02  1.150909e-02  1.000000e-01 2.077206e-05 8.000000e-04 1.134340e+10 3.180203e+01 2.288802e+01 6.923341e+01 1.163215e-09 1.012864e-09 5.457338e-09 1.041509e-07 3.859902e-07
2.000000e-01 1.266000e-02  1.150909e-02  1.000000e-01 2.132555e-05 8.000000e-04 1.134340e+10 3.180203e+01 2.288802e+01 6.923341e+01 1.220149e-09 1.051223e-09 5.752047e-09 1.097752e-07 4.068346e-07
2.000000e-01 1.266000e-02  1.150909e-02  1.000000e-01 2.189380e-05 8.000000e-04 1.134340e+10 3.180203e+01 2.288802e+01 6.923341e+01 1.335548e-09 1.121349e-09 6.062671e-09 1.157034e-07 4.288046e-07
2.000000e-01 1.266000e-02  1.150909e-02  1.000000e-01 2.247718e-05 8.000000e-04 1.134340e+10 3.180203e+01 2.288802e+01 6.923341e+01 1.336679e-09 1.187445e-09 6.390069e-09 1.219516e-07 4.519610e-07
2.000000e-01 1.266000e-02  1.150909e-02  1.000000e-01 2.307611e-05 8.000000e-04 1.134340e+10 3.180203e+01 2.288802e+01 6.923341e+01 1.385679e-09 1.228536e-09 6.735148e-09 1.285373e-07 4.763679e-07
2.000000e-01 1.266000e-02  1.150909e-02  1.000000e-01 2.369100e-05 8.000000e-04 1.134340e+10 3.180203e+01 2.288802e+01 6.923341e+01 1.488882e-09 1.333029e-09 7.098861e-09 1.354786e-07 5.020929e-07
2.000000e-01 1.266000e-02  1.150909e-02  1.000000e-01 2.432228e-05 8.000000e-04 1.134340e+10 3.180203e+01 2.288802e+01 6.923341e+01 1.598911e-09 1.358889e-09 7.482216e-09 1.427948e-07 5.292071e-07
2.000000e-01 1.266000e-02  1.150909e-02  1.000000e-01 2.497037e-05 8.000000e-04 1.134340e+10 3.180203e+01 2.288802e+01 6.923341e+01 1.688699e-09 1.477638e-09 7.886273e-09 1.505060e-07 5.577855e-07
2.000000e-01 1.266000e-02  1.150909e-02  1.000000e-01 2.563574e-05 8.000000e-04 1.134340e+10 3.180203e+01 2.288802e+01 6.923341e+01 1.827005e-09 1.515831e-09 8.312150e-09 1.586337e-07 5.879072e-07
2.000000e-01 1.266000e-02  1.150909e-02  1.000000e-01 2.631883e-05 8.000000e-04 1.134340e+10 3.180203e+01 2.288802e+01 6.923341e+01 1.770227e-09 1.610353e-09 8.761025e-09 1.672003e-07 6.196556e-07
2.000000e-01 1.266000e-02  1.150909e-02  1.000000e-01 2.702013e-05 8.000000e-04 1.134340e+10 3.180203e+01 2.288802e+01 6.923341e+01 1.888323e-09 1.752269e-09 9.234141e-09 1.762295e-07 6.531184e-07
2.000000e-01 1.266000e-02  1.150909e-02  1.000000e-01 2.774011e-05 8.000000e-04 1.134340e+10 3.180203e+01 2.288802e+01 6.923341e+01 2.073125e-09 1.785388e-09 9.732806e-09 1.857463e-07 6.883883e-07
2.000000e-01 1.266000e-02  1.150909e-02  1.000000e-01 2.847928e-05 8.000000e-04 1.134340e+10 3.180203e+01 2.288802e+01 6.923341e+01 2.160637e-09 1.910687e-09 1.025840e-08 1.957770e-07 7.255628e-07
2.000000e-01 1.266000e-02  1.150909e-02  1.000000e-01 2.923814e-05 8.000000e-04 1.134340e+10 3.180203e+01 2.288802e+01 6.923341e+01 2.158832e-09 2.003558e-09 1.081238e-08 2.063494e-07 7.647449e-07
2.000000e-01 1.266000e-02  1.150909e-02  1.000000e-01 3.001722e-05 8.000000e-04 1.134340e+10 3.180203e+01 2.288802e+01 6.923341e+01 2.353007e-09 2.088990e-09 1.139627e-08 2.174927e-07 8.060429e-07
2.000000e-01 1.266000e-02  1.150909e-02  1.000000e-01 3.081707e-05 8.000000e-04 1.134340e+10 3.180203e+01 2.288802e+01 6.923341e+01 2.603812e-09 2.226492e-09 1.201170e-08 2.292378e-07 8.495711e-07
2.000000e-01 1.266000e-02  1.150909e-02  1.000000e-01 3.163822e-05 8.000000e-04 1.134340e+10 3.180203e+01 2.288802e+01 6.923341e+01 2.608068e-09 2.344317e-09 1.266035e-08 2.416172e-07 8.954499e-07
2.000000e-01 1.266000e-02  1.150909e-02  1.000000e-01 3.248126e-05 8.000000e-04 1.134340e+10 3.180203e+01 2.288802e+01 6.923341e+01 2.842349e-09 2.487137e-09 1.334404e-08 2.546651e-07 9.438063e-07
2.000000e-01 1.266000e-02  1.150909e-02  1.000000e-01 3.334676e-05 8.000000e-04 1.134340e+10 3.180203e+01 2.288802e+01 6.923341e+01 2.963541e-09 2.619902e-09 1.406465e-08 2.684176e-07 9.947740e-07
2.000000e-01 1.266000e-02  1.150909e-02  1.000000e-01 3.423532e-05 8.000000e-04 1.134340e+10 3.180203e+01 2.288802e+01 6.923341e+01 3.159989e-09 2.745439e-09 1.482418e-08 2.829128e-07 1.048494e-06
2.000000e-01 1.266000e-02  1.150909e-02  1.000000e-01 3.514756e-05 8.000000e-04 1.134340e+10 3.180203e+01 2.288802e+01 6.923341e+01 3.158539e-09 2.877611e-09 1.562472e-08 2.981907e-07 1.105115e-06
2.000000e-01 1.266000e-02  1.150909e-02  1.000000e-01 3.608411e-05 8.000000e-04 1.134340e+10 3.180203e+01 2.288802e+01 6.923341e+01 3.489547e-09 3.074670e-09 1.646849e-08 3.142937e-07 1.164794e-06
2.000000e-01 1.266000e-02  1.150909e-02  1.000000e-01 3.704561e-05 8.000000e-04 1.134340e+10 3.180203e+01 2.288802e+01 6.923341e+01 3.732569e-09 3.224983e-09 1.735782e-08 3.312663e-07 1.227696e-06
2.000000e-01 1.266000e-02  1.150909e-02  1.000000e-01 3.803273e-05 8.000000e-04 1.134340e+10 3.180203e+01 2.288802e+01 6.923341e+01 3.942072e-09 3.436676e-09 1.829519e-08 3.491554e-07 1.293994e-06
2.000000e-01 1.266000e-02  1.150909e-02  1.000000e-01 3.904616e-05 8.000000e-04 1.134340e+10 3.180203e+01 2.288802e+01 6.923341e+01 4.134873e-09 3.603906e-09 1.928317e-08 3.680106e-07 1.363873e-06
2.000000e-01 1.266000e-02  1.150909e-02  1.000000e-01 4.008659e-05 8.000000e-04 1.134340e+10 3.180203e+01 2.288802e+01 6.923341e+01 4.539810e-09 3.730499e-09 2.032450e-08 3.878841e-07 1.437525e-06
2.000000e-01 1.266000e-02  1.150909e-02  1.000000e-01 4.115474e-05 8.000000e-04 1.134340e+10 3.180203e+01 2.288802e+01 6.923341e+01 4.429264e-09 3.924407e-09 2.142207e-08 4.088307e-07 1.515154e-06
2.000000e-01 1.266000e-02  1.150909e-02  1.000000e-01 4.225136e-05 8.000000e-04 1.134340e+10 3.180203e+01 2.288802e+01 6.923341e+01 4.788052e-09 4.144937e-09 2.257892e-08 4.309085e-07 1.596976e-06
2.000000e-01 1.266000e-02  1.150909e-02  1.000000e-01 4.337719e-05 8.000000e-04 1.134340e+10 3.180203e+01 2.288802e+01 6.923341e+01 5.213021e-09 4.307548e-09 2.379823e-08 4.541786e-07 1.683217e-06
2.000000e-01 1.266000e-02  1.150909e-02  1.000000e-01 4.453303e-05 8.000000e-04 1.134340e+10 3.180203e+01 2.288802e+01 6.923341e+01 5.378576e-09 4.621153e-09 2.508339e-08 4.787053e-07 1.774114e-06
2.000000e-01 1.266000e-02  1.150909e-02  1.000000e-01 4.571966e-05 8.000000e-04 1.134340e+10 3.180203e+01 2.288802e+01 6.923341e+01 5.588571e-09 4.954407e-09 2.643795e-08 5.045564e-07 1.869921e-06
2.000000e-01 1.266000e-02  1.150909e-02  1.000000e-01 4.693791e-05 8.000000e-04 1.134340e+10 3.180203e+01 2.288802e+01 6.923341e+01 5.699757e-09 5.192838e-09 2.786566e-08 5.318037e-07 1.970901e-06
2.000000e-01 1.266000e-02  1.150909e-02  1.000000e-01 4.818863e-05 8.000000e-04 1.134340e+10 3.180203e+01 2.288802e+01 6.923341e+01 6.384905e-09 5.360943e-09 2.937047e-08 5.605223e-07 2.077334e-06
2.000000e-01 1.266000e-02  1.150909e-02  1.000000e-01 4.947267e-05 8.000000e-04 1.134340e+10 3.180203e+01 2.288802e+01 6.923341e+01 6.618098e-09 5.690076e-09 3.095654e-08 5.907918e-07 2.189515e-06
2.000000e-01 1.266000e-02  1.150909e-02  1.000000e-01 5.079093e-05 8.000000e-04 1.134340e+10 3.180203e+01 2.288802e+01 6.923341e+01 6.692952e-09 6.050618e-09 3.262827e-08 6.226959e-07 2.307754e-06
2.000000e-01 1.266000e-02  1.150909e-02  1.000000e-01 5.214431e-05 8.000000e-04 1.134340e+10 3.180203e+01 2.288802e+01 6.923341e+01 7.221683e-09 6.415401e-09 3.439027e-08 6.563229e-07 2.432378e-06
2.000000e-01 1.266000e-02  1.150909e-02  1.000000e-01 5.353375e-05 8.000000e-04 1.134340e+10 3.180203e+01 2.288802e+01 6.923341e+01 7.759269e-09 6.642119e-09 3.624742e-08 6.917659e-07 2.563732e-06
2.000000e-01 1.266000e-02  1.150909e-02  1.000000e-01 5.496022e-05 8.000000e-04 1.134340e+10 3.180203e+01 2.288802e+01 6.923341e+01 8.197286e-09 7.006713e-09 3.820487e-08 7.291228e-07 2.702179e-06
2.000000e-01 1.266000e-02  1.150909e-02  1.000000e-01 5.642470e-05 8.000000e-04 1.134340e+10 3.180203e+01 2.288802e+01 6.923341e+01 9.130839e-09 7.348340e-09 4.026802e-08 7.684972e-07 2.848103e-06
2.000000e-01 1.266000e-02  1.150909e-02  1.000000e-01 5.792820e-05 8.000000e-04 1.134340e+10 3.180203e+01 2.288802e+01 6.923341e+01 9.036585e-09 7.812360e-09 4.244259e-08 8.099978e-07 3.001907e-06
2.000000e-01 1.266000e-02  1.150909e-02  1.000000e-01 5.947176e-05 8.000000e-04 1.134340e+10 3.180203e+01 2.288802e+01 6.923341e+01 9.322309e-09 8.206494e-09 4.473458e-08 8.537395e-07 3.164017e-06
2.000000e-01 1.266000e-02  1.150909e-02  1.000000e-01 6.105646e-05 8.000000e-04 1.134340e+10 3.180203e+01 2.288802e+01 6.923341e+01 9.948420e-09 8.804722e-09 4.715035e-08 8.998434e-07 3.334881e-06
2.000000e-01 1.266000e-02  1.150909e-02  1.000000e-01 6.268338e-05 8.000000e-04 1.134340e+10 3.180203e+01 2.288802e+01 6.923341e+01 1.058582e-08 9.256316e-09 4.969658e-08 9.484371e-07 3.514972e-06
2.000000e-01 1.266000e-02  1.150909e-02  1.000000e-01 6.435365e-05 8.000000e-04 1.134340e+10 3.180203e+01 2.288802e+01 6.923341e+01 1.120940e-08 9.601325e-09 5.238031e-08 9.996549e-07 3.704789e-06
2.000000e-01 1.266000e-02  1.150909e-02  1.000000e-01 6.606842e-05 8.000000e-04 1.134340e+10 3.180203e+01 2.288802e+01 6.923341e+01 1.217562e-08 1.014679e-08 5.520897e-08 1.053639e-06 3.904856e-06
2.000000e-01 1.266000e-02  1.150909e-02  1.000000e-01 6.782889e-05 8.000000e-04 1.134340e+10 3.180203e+01 2.288802e+01 6.923341e+01 1.232825e-08 1.076364e-08 5.819038e-08 1.110537e-06 4.115728e-06
2.000000e-01 1.266000e-02  1.150909e-02  1.000000e-01 6.963627e-05 8.000000e-04 1.134340e+10 3.180203e+01 2.288802e+01 6.923341e+01 1.381136e-08 1.124824e-08 6.133280e-08 1.170509e-06 4.337986e-06
2.000000e-01 1.266000e-02  1.150909e-02  1.000000e-01 7.149181e-05 8.000000e-04 1.134340e+10 3.180203e+01 2.288802e+01 6.923341e+01 1.326610e-08 1.195459e-08 6.464491e-08 1.233719e-06 4.572248e-06
2.000000e-01 1.266000e-02  1.150909e-02  1.000000e-01 7.339679e-05 8.000000e-04 1.134340e+10 3.180203e+01 2.288802e+01 6.923341e+01 1.476540e-08 1.258704e-08 6.813588e-08 1.300343e-06 4.819160e-06
2.000000e-01 1.266000e-02  1.150909e-02  1.000000e-01 7.535253e-05 8.000000e-04 1.134340e+10 3.180203e+01 2.288802e+01 6.923341e+01 1.548600e-08 1.312862e-08 7.181538e-08 1.370564e-06 5.079405e-06
2.000000e-01 1.266000e-02  1.150909e-02  1.000000e-01 7.736039e-05 8.000000e-04 1.134340e+10 3.180203e+01 2.288802e+01 6.923341e+01 1.731084e-08 1.401845e-08 7.569358e-08 1.444578e-06 5.353705e-06
2.000000e-01 1.266000e-02  1.150909e-02  1.000000e-01 7.942174e-05 8.000000e-04 1.134340e+10 3.180203e+01 2.288802e+01 6.923341e+01 1.791141e-08 1.481318e-08 7.978120e-08 1.522589e-06 5.642817e-06
2.000000e-01 1.266000e-02  1.150909e-02  1.000000e-01 8.153803e-05 8.000000e-04 1.134340e+10 3.180203e+01 2.288802e+01 6.923341e+01 1.854053e-08 1.541095e-08 8.408957e-08 1.604812e-06 5.947543e-06
2.000000e-01 1.266000e-02  1.150909e-02  1.000000e-01 8.371070e-05 8.000000e-04 1.134340e+10 3.180203e+01 2.288802e+01 6.923341e+01 1.892267e-08 1.629575e-08 8.863060e-08 1.691476e-06 6.268724e-06
2.000000e-01 1.266000e-02  1.150909e-02  1.000000e-01 8.594127e-05 8.000000e-04 1.134340e+10 3.180203e+01 2.288802e+01 6.923341e+01 2.037384e-08 1.711797e-08 9.341686e-08 1.782819e-06 6.607249e-06
2.000000e-01 1.266000e-02  1.150909e-02  1.000000e-01 8.823127e-05 8.000000e-04 1.134340e+10 3.180203e+01 2.288802e+01 6.923341e+01 2.184440e-08 1.829086e-08 9.846159e-08 1.879095e-06 6.964056e-06
2.000000e-01 1.266000e-02  1.150909e-02  1.000000e-01 9.058230e-05 8.000000e-04 1.134340e+10 3.180203e+01 2.288802e+01 6.923341e+01 2.240281e-08 1.924283e-08 1.037787e-07 1.980571e-06 7.340131e-06
2.000000e-01 1.266000e-02  1.150909e-02  1.000000e-01 9.299597e-05 8.000000e-04 1.134340e+10 3.180203e+01 2.288802e+01 6.923341e+01 2.470310e-08 2.019038e-08 1.093830e-07 2.087526e-06 7.736515e-06
2.000000e-01 1.266000e-02  1.150909e-02  1.000000e-01 9.547395e-05 8.000000e-04 1.134340e+10 3.180203e+01 2.288802e+01 6.923341e+01 2.452827e-08 2.139818e-08 1.152900e-07 2.200258e-06 8.154305e-06
2.000000e-01 1.266000e-02  1.150909e-02  1.000000e-01 9.801796e-05 8.000000e-04 1.134340e+10 3.180203e+01 2.288802e+01 6.923341e+01 2.599991e-08 2.233247e-08 1.215159e-07 2.319077e-06 8.594656e-06
2.000000e-01 1.266000e-02  1.150909e-02  1.000000e-01 1.006298e-04 8.000000e-04 1.134340e+10 3.180203e+01 2.288802e+01 6.923341e+01 2.717051e-08 2.336369e-08 1.280780e-07 2.444312e-06 9.058787e-06
2.000000e-01 1.266000e-02  1.150909e-02  1.000000e-01 1.033112e-04 8.000000e-04 1.134340e+10 3.180203e+01 2.288802e+01 6.923341e+01 2.726043e-08 2.500625e-08 1.349945e-07 2.576311e-06 9.547983e-06
2.000000e-01 1.266000e-02  1.150909e-02  1.000000e-01 1.060640e-04 8.000000e-04 1.134340e+10 3.180203e+01 2.288802e+01 6.923341e+01 3.142768e-08 2.647352e-08 1.422846e-07 2.715437e-06 1.006360e-05
2.000000e-01 1.266000e-02  1.150909e-02  1.000000e-01 1.088902e-04 8.000000e-04 1.134340e+10 3.180203e+01 2.288802e+01 6.923341e+01 3.184402e-08 2.821335e-08 1.499683e-07 2.862077e-06 1.060705e-05
2.000000e-01 1.266000e-02  1.150909e-02  1.000000e-01 1.117917e-04 8.000000e-04 1.134340e+10 3.180203e+01 2.288802e+01 6.923341e+01 3.315386e-08 2.918573e-08 1.580669e-07 3.016636e-06 1.117986e-05
2.000000e-01 1.266000e-02  1.150909e-02  1.000000e-01 1.147705e-04 8.000000e-04 1.134340e+10 3.180203e+01 2.288802e+01 6.923341e+01 3.608045e-08 3.048996e-08 1.666029e-07 3.179541e-06 1.178360e-05
2.000000e-01 1.266000e-02  1.150909e-02  1.000000e-01 1.178287e-04 8.000000e-04 1.134340e+10 3.180203e+01 2.288802e+01 6.923341e+01 3.662756e-08 3.219884e-08 1.755998e-07 3.351244e-06 1.241994e-05
2.000000e-01 1.266000e-02  1.150909e-02  1.000000e-01 1.209684e-04 8.000000e-04 1.134340e+10 3.180203e+01 2.288802e+01 6.923341e+01 3.907844e-08 3.435429e-08 1.850826e-07 3.532219e-06 1.309064e-05
2.000000e-01 1.266000e-02  1.150909e-02  1.000000e-01 1.241917e-04 8.000000e-04 1.134340e+10 3.180203e+01 2.288802e+01 6.923341e+01 4.328070e-08 3.597787e-08 1.950775e-07 3.722967e-06 1.379757e-05
2.000000e-01 1.266000e-02  1.150909e-02  1.000000e-01 1.275010e-04 8.000000e-04 1.134340e+10 3.180203e+01 2.288802e+01 6.923341e+01 4.425704e-08 3.763483e-08 2.056121e-07 3.924016e-06 1.454267e-05
2.000000e-01 1.266000e-02  1.150909e-02  1.000000e-01 1.308984e-04 8.000000e-04 1.134340e+10 3.180203e+01 2.288802e+01 6.923341e+01 4.570938e-08 3.958094e-08 2.167157e-07 4.135922e-06 1.532801e-05
2.000000e-01 1.266000e-02  1.150909e-02  1.000000e-01 1.343863e-04 8.000000e-04 1.134340e+10 3.180203e+01 2.288802e+01 6.923341e+01 5.005713e-08 4.203350e-08 2.284188e-07 4.359271e-06 1.615576e-05
2.000000e-01 1.266000e-02  1.150909e-02  1.000000e-01 1.379672e-04 8.000000e-04 1.134340e+10 3.180203e+01 2.288802e+01 6.923341e+01 5.284513e-08 4.393435e-08 2.407539e-07 4.594682e-06 1.702820e-05
2.000000e-01 1.266000e-02  1.150909e-02  1.000000e-01 1.416435e-04 8.000000e-04 1.134340e+10 3.180203e+01 2.288802e+01 6.923341e+01 5.312666e-08 4.706169e-08 2.537552e-07 4.842805e-06 1.794777e-05
2.000000e-01 1.266000e-02  1.150909e-02  1.000000e-01 1.454177e-04 8.000000e-04 1.134340e+10 3.180203e+01 2.288802e+01 6.923341e+01 5.748670e-08 4.901256e-08 2.674586e-07 5.104328e-06 1.891699e-05
2.000000e-01 1.266000e-02  1.150909e-02  1.000000e-01 1.492926e-04 8.000000e-04 1.134340e+10 3.180203e+01 2.288802e+01 6.923341e+01 5.812123e-08 5.211532e-08 2.819020e-07 5.379973e-06 1.993855e-05
2.000000e-01 1.266000e-02  1.150909e-02  1.000000e-01 1.532706e-04 8.000000e-04 1.134340e+10 3.180203e+01 2.288802e+01 6.923341e+01 6.321322e-08 5.444888e-08 2.971253e-07 5.670504e-06 2.101528e-05
2.000000e-01 1.266000e-02  1.150909e-02  1.000000e-01 1.573547e-04 8.000000e-04 1.134340e+10 3.180203e+01 2.288802e+01 6.923341e+01 7.067388e-08 5.775313e-08 3.131708e-07 5.976724e-06 2.215015e-05
2.000000e-01 1.266000e-02  1.150909e-02  1.000000e-01 1.615476e-04 8.000000e-04 1.134340e+10 3.180203e+01 2.288802e+01 6.923341e+01 7.152290e-08 6.043300e-08 3.300827e-07 6.299481e-06 2.334631e-05
2.000000e-01 1.266000e-02  1.150909e-02  1.000000e-01 1.658522e-04 8.000000e-04 1.134340e+10 3.180203e+01 2.288802e+01 6.923341e+01 7.401356e-08 6.335544e-08 3.479080e-07 6.639668e-06 2.460706e-05
2.000000e-01 1.266000e-02  1.150909e-02  1.000000e-01 1.702715e-04 8.000000e-04 1.134340e+10 3.180203e+01 2.288802e+01 6.923341e+01 8.039393e-08 6.757536e-08 3.666958e-07 6.998225e-06 2.593590e-05
2.000000e-01 1.266000e-02  1.150909e-02  1.000000e-01 1.748086e-04 8.000000e-04 1.134340e+10 3.180203e+01 2.288802e+01 6.923341e+01 8.446561e-08 7.073214e-08 3.864982e-07 7.376146e-06 2.733650e-05
2.000000e-01 1.266000e-02  1.150909e-02  1.000000e-01 1.794666e-04 8.000000e-04 1.134340e+10 3.180203e+01 2.288802e+01 6.923341e+01 8.445556e-08 7.489701e-08 4.073700e-07 7.774475e-06 2.881273e-05
2.000000e-01 1.266000e-02  1.150909e-02  1.000000e-01 1.842487e-04 8.000000e-04 1.134340e+10 3.180203e+01 2.288802e+01 6.923341e+01 9.364405e-08 7.991228e-08 4.293689e-07 8.194314e-06 3.036869e-05
2.000000e-01 1.266000e-02  1.150909e-02  1.000000e-01 1.891582e-04 8.000000e-04 1.134340e+10 3.180203e+01 2.288802e+01 6.923341e+01 9.503492e-08 8.420248e-08 4.525558e-07 8.636826e-06 3.200867e-05
2.000000e-01 1.266000e-02  1.150909e-02  1.000000e-01 1.941986e-04 8.000000e-04 1.134340e+10 3.180203e+01 2.288802e+01 6.923341e+01 9.956711e-08 8.898625e-08 4.769949e-07 9.103235e-06 3.373721e-05
2.000000e-01 1.266000e-02  1.150909e-02  1.000000e-01 1.993732e-04 8.000000e-04 1.134340e+10 3.180203e+01 2.288802e+01 6.923341e+01 1.076695e-07 9.467499e-08 5.027537e-07 9.594830e-06 3.555910e-05
2.000000e-01 1.266000e-02  1.150909e-02  1.000000e-01 2.046857e-04 8.000000e-04 1.134340e+10 3.180203e+01 2.288802e+01 6.923341e+01 1.208366e-07 9.686125e-08 5.299036e-07 1.011297e-05 3.747937e-05
2.000000e-01 1.266000e-02  1.150909e-02  1.000000e-01 2.101398e-04 8.000000e-04 1.134340e+10 3.180203e+01 2.288802e+01 6.923341e+01 1.185381e-07 1.029543e-07 5.585196e-07 1.065910e-05 3.950334e-05
2.000000e-01 1.266000e-02  1.150909e-02  1.000000e-01 2.157392e-04 8.000000e-04 1.134340e+10 3.180203e+01 2.288802e+01 6.923341e+01 1.298019e-07 1.094640e-07 5.886810e-07 1.123471e-05 4.163661e-05
2.000000e-01 1.266000e-02  1.150909e-02  1.000000e-01 2.214878e-04 8.000000e-04 1.134340e+10 3.180203e+01 2.288802e+01 6.923341e+01 1.366422e-07 1.152917e-07 6.204711e-07 1.184141e-05 4.388509e-05
2.000000e-01 1.266000e-02  1.150909e-02  1.000000e-01 2.273896e-04 8.000000e-04 1.134340e+10 3.180203e+01 2.288802e+01 6.923341e+01 1.337239e-07 1.206703e-07 6.539780e-07 1.248088e-05 4.625498e-05
2.000000e-01 1.266000e-02  1.150909e-02  1.000000e-01 2.334487e-04 8.000000e-04 1.134340e+10 3.180203e+01 2.288802e+01 6.923341e+01 1.477429e-07 1.282627e-07 6.892943e-07 1.315487e-05 4.875286e-05
2.000000e-01 1.266000e-02  1.150909e-02  1.000000e-01 2.396692e-04 8.000000e-04 1.134340e+10 3.180203e+01 2.288802e+01 6.923341e+01 1.578552e-07 1.350191e-07 7.265178e-07 1.386527e-05 5.138563e-05
2.000000e-01 1.266000e-02  1.150909e-02  1.000000e-01 2.460555e-04 8.000000e-04 1.134340e+10 3.180203e+01 2.288802e+01 6.923341e+01 1.622972e-07 1.415196e-07 7.657514e-07 1.461402e-05 5.416057e-05
2.000000e-01 1.266000e-02  1.150909e-02  1.000000e-01 2.526119e-04 8.000000e-04 1.134340e+10 3.180203e+01 2.288802e+01 6.923341e+01 1.683276e-07 1.507390e-07 8.071038e-07 1.540322e-05 5.708537e-05
2.000000e-01 1.266000e-02  1.150909e-02  1.000000e-01 2.593430e-04 8.000000e-04 1.134340e+10 3.180203e+01 2.288802e+01 6.923341e+01 1.831603e-07 1.582392e-07 8.506892e-07 1.623502e-05 6.016811e-05
2.000000e-01 1.266000e-02  1.150909e-02  1.000000e-01 2.662535e-04 8.000000e-04 1.134340e+10 3.180203e+01 2.288802e+01 6.923341e+01 1.965425e-07 1.658210e-07 8.966284e-07 1.711175e-05 6.341732e-05
2.000000e-01 1.266000e-02  1.150909e-02  1.000000e-01 2.733482e-04 8.000000e-04 1.134340e+10 3.180203e+01 2.288802e+01 6.923341e+01 1.986082e-07 1.749451e-07 9.450484e-07 1.803583e-05 6.684201e-05
2.000000e-01 1.266000e-02  1.150909e-02  1.000000e-01 2.806318e-04 8.000000e-04 1.134340e+10 3.180203e+01 2.288802e+01 6.923341e+01 2.215347e-07 1.831580e-07 9.960832e-07 1.900980e-05 7.045163e-05
2.000000e-01 1.266000e-02  1.150909e-02  1.000000e-01 2.881096e-04 8.000000e-04 1.134340e+10 3.180203e+01 2.288802e+01 6.923341e+01 2.230881e-07 1.955029e-07 1.049874e-06 2.003638e-05 7.425618e-05
2.000000e-01 1.266000e-02  1.150909e-02  1.000000e-01 2.957866e-04 8.000000e-04 1.134340e+10 3.180203e+01 2.288802e+01 6.923341e+01 2.524995e-07 2.046222e-07 1.106570e-06 2.111839e-05 7.826619e-05
2.000000e-01 1.266000e-02  1.150909e-02  1.000000e-01 3.036682e-04 8.000000e-04 1.134340e+10 3.180203e+01 2.288802e+01 6.923341e+01 2.442715e-07 2.147269e-07 1.166327e-06 2.225883e-05 8.249274e-05
2.000000e-01 1.266000e-02  1.150909e-02  1.000000e-01 3.117598e-04 8.000000e-04 1.134340e+10 3.180203e+01 2.288802e+01 6.923341e+01 2.705788e-07 2.245748e-07 1.229311e-06 2.346086e-05 8.694754e-05
2.000000e-01 1.266000e-02  1.150909e-02  1.000000e-01 3.200670e-04 8.000000e-04 1.134340e+10 3.180203e+01 2.288802e+01 6.923341e+01 2.800083e-07 2.410803e-07 1.295697e-06 2.472780e-05 9.164291e-05
2.000000e-01 1.266000e-02  1.150909e-02  1.000000e-01 3.285955e-04 8.000000e-04 1.134340e+10 3.180203e+01 2.288802e+01 6.923341e+01 3.055294e-07 2.536423e-07 1.365668e-06 2.606316e-05 9.659184e-05
2.000000e-01 1.266000e-02  1.150909e-02  1.000000e-01 3.373513e-04 8.000000e-04 1.134340e+10 3.180203e+01 2.288802e+01 6.923341e+01 3.028228e-07 2.670004e-07 1.439417e-06 2.747063e-05 1.018080e-04
2.000000e-01 1.266000e-02  1.150909e-02  1.000000e-01 3.463404e-04 8.000000e-04 1.134340e+10 3.180203e+01 2.288802e+01 6.923341e+01 3.183072e-07 2.792303e-07 1.517149e-06 2.895411e-05 1.073059e-04
2.000000e-01 1.266000e-02  1.150909e-02  1.000000e-01 3.555691e-04 8.000000e-04 1.134340e+10 3.180203e+01 2.288802e+01 6.923341e+01 3.395250e-07 2.937987e-07 1.599078e-06 3.051769e-05 1.131007e-04
2.000000e-01 1.266000e-02  1.150909e-02  1.000000e-01 3.650436e-04 8.000000e-04 1.134340e+10 3.180203e+01 2.288802e+01 6.923341e+01 3.626895e-07 3.188655e-07 1.685432e-06 3.216572e-05 1.192084e-04
2.000000e-01 1.266000e-02  1.150909e-02  1.000000e-01 3.747706e-04 8.000000e-04 1.134340e+10 3.180203e+01 2.288802e+01 6.923341e+01 3.544450e-07 3.269989e-07 1.776449e-06 3.390274e-05 1.256459e-04
2.000000e-01 1.266000e-02  1.150909e-02  1.000000e-01 3.847568e-04 8.000000e-04 1.134340e+10 3.180203e+01 2.288802e+01 6.923341e+01 4.244473e-07 3.477595e-07 1.872382e-06 3.573357e-05 1.324310e-04
2.000000e-01 1.266000e-02  1.150909e-02  1.000000e-01 3.950091e-04 8.000000e-04 1.134340e+10 3.180203e+01 2.288802e+01 6.923341e+01 4.460599e-07 3.649416e-07 1.973495e-06 3.766327e-05 1.395826e-04
2.000000e-01 1.266000e-02  1.150909e-02  1.000000e-01 4.055346e-04 8.000000e-04 1.134340e+10 3.180203e+01 2.288802e+01 6.923341e+01 4.566320e-07 3.858335e-07 2.080068e-06 3.969717e-05 1.471204e-04
2.000000e-01 1.266000e-02  1.150909e-02  1.000000e-01 4.163405e-04 8.000000e-04 1.134340e+10 3.180203e+01 2.288802e+01 6.923341e+01 4.577972e-07 4.029198e-07 2.192397e-06 4.184091e-05 1.550653e-04
2.000000e-01 1.266000e-02  1.150909e-02  1.000000e-01 4.274344e-04 8.000000e-04 1.134340e+10 3.180203e+01 2.288802e+01 6.923341e+01 4.753216e-07 4.179091e-07 2.310791e-06 4.410041e-05 1.634391e-04
2.000000e-01 1.266000e-02  1.150909e-02  1.000000e-01 4.388239e-04 8.000000e-04 1.134340e+10 3.180203e+01 2.288802e+01 6.923341e+01 5.235858e-07 4.565785e-07 2.435579e-06 4.648194e-05 1.722652e-04
2.000000e-01 1.266000e-02  1.150909e-02  1.000000e-01 4.505168e-04 8.000000e-04 1.134340e+10 3.180203e+01 2.288802e+01 6.923341e+01 5.608631e-07 4.769485e-07 2.567106e-06 4.899207e-05 1.815680e-04
2.000000e-01 1.266000e-02  1.150909e-02  1.000000e-01 4.625214e-04 8.000000e-04 1.134340e+10 3.180203e+01 2.288802e+01 6.923341e+01 5.665198e-07 4.933057e-07 2.705736e-06 5.163776e-05 1.913730e-04
2.000000e-01 1.266000e-02  1.150909e-02  1.000000e-01 4.748458e-04 8.000000e-04 1.134340e+10 3.180203e+01 2.288802e+01 6.923341e+01 5.811016e-07 5.259104e-07 2.851852e-06 5.442631e-05 2.017076e-04
2.000000e-01 1.266000e-02  1.150909e-02  1.000000e-01 4.874986e-04 8.000000e-04 1.134340e+10 3.180203e+01 2.288802e+01 6.923341e+01 6.651952e-07 5.630229e-07 3.005858e-06 5.736546e-05 2.126003e-04
2.000000e-01 1.266000e-02  1.150909e-02  1.000000e-01 5.004886e-04 8.000000e-04 1.134340e+10 3.180203e+01 2.288802e+01 6.923341e+01 6.570017e-07 5.816426e-07 3.168182e-06 6.046333e-05 2.240812e-04
2.000000e-01 1.266000e-02  1.150909e-02  1.000000e-01 5.138247e-04 8.000000e-04 1.134340e+10 3.180203e+01 2.288802e+01 6.923341e+01 6.792103e-07 6.115983e-07 3.339271e-06 6.372849e-05 2.361821e-04
2.000000e-01 1.266000e-02  1.150909e-02  1.000000e-01 5.275161e-04 8.000000e-04 1.134340e+10 3.180203e+01 2.288802e+01 6.923341e+01 7.641684e-07 6.588220e-07 3.519599e-06 6.716998e-05 2.489365e-04
2.000000e-01 1.266000e-02  1.150909e-02  1.000000e-01 5.415724e-04 8.000000e-04 1.134340e+10 3.180203e+01 2.288802e+01 6.923341e+01 7.848809e-07 6.850803e-07 3.709666e-06 7.079731e-05 2.623797e-04
2.000000e-01 1.266000e-02  1.150909e-02  1.000000e-01 5.560032e-04 8.000000e-04 1.134340e+10 3.180203e+01 2.288802e+01 6.923341e+01 8.101749e-07 7.312772e-07 3.909996e-06 7.462053e-05 2.765488e-04
2.000000e-01 1.266000e-02  1.150909e-02  1.000000e-01 5.708185e-04 8.000000e-04 1.134340e+10 3.180203e+01 2.288802e+01 6.923341e+01 8.485256e-07 7.629347e-07 4.121145e-06 7.865021e-05 2.914830e-04
2.000000e-01 1.266000e-02  1.150909e-02  1.000000e-01 5.860287e-04 8.000000e-04 1.134340e+10 3.180203e+01 2.288802e+01 6.923341e+01 9.131820e-07 8.109115e-07 4.343696e-06 8.289751e-05 3.072238e-04
2.000000e-01 1.266000e-02  1.150909e-02  1.000000e-01 6.016441e-04 8.000000e-04 1.134340e+10 3.180203e+01 2.288802e+01 6.923341e+01 1.043345e-06 8.658870e-07 4.578266e-06 8.737416e-05 3.238146e-04
2.000000e-01 1.266000e-02  1.150909e-02  1.000000e-01 6.176756e-04 8.000000e-04 1.134340e+10 3.180203e+01 2.288802e+01 6.923341e+01 1.054779e-06 8.791222e-07 4.825503e-06 9.209257e-05 3.413013e-04
2.000000e-01 1.266000e-02  1.150909e-02  1.000000e-01 6.341342e-04 8.000000e-04 1.134340e+10 3.180203e+01 2.288802e+01 6.923341e+01 1.108657e-06 9.602417e-07 5.086091e-06 9.706578e-05 3.597324e-04
2.000000e-01 1.266000e-02  1.150909e-02  1.000000e-01 6.510315e-04 8.000000e-04 1.134340e+10 3.180203e+01 2.288802e+01 6.923341e+01 1.092628e-06 9.990143e-07 5.360752e-06 1.023076e-04 3.791588e-04
2.000000e-01 1.266000e-02  1.150909e-02  1.000000e-01 6.683790e-04 8.000000e-04 1.134340e+10 3.180203e+01 2.288802e+01 6.923341e+01 1.201992e-06 1.049501e-06 5.650245e-06 1.078324e-04 3.996343e-04
2.000000e-01 1.266000e-02  1.150909e-02  1.000000e-01 6.861887e-04 8.000000e-04 1.134340e+10 3.180203e+01 2.288802e+01 6.923341e+01 1.344003e-06 1.098981e-06 5.955372e-06 1.136556e-04 4.212154e-04
2.000000e-01 1.266000e-02  1.150909e-02  1.000000e-01 7.044730e-04 8.000000e-04 1.134340e+10 3.180203e+01 2.288802e+01 6.923341e+01 1.404435e-06 1.162424e-06 6.276976e-06 1.197933e-04 4.439620e-04
2.000000e-01 1.266000e-02  1.150909e-02  1.000000e-01 7.232445e-04 8.000000e-04 1.134340e+10 3.180203e+01 2.288802e+01 6.923341e+01 1.449724e-06 1.235433e-06 6.615947e-06 1.262624e-04 4.679370e-04
2.000000e-01 1.266000e-02  1.150909e-02  1.000000e-01 7.425162e-04 8.000000e-04 1.134340e+10 3.180203e+01 2.288802e+01 6.923341e+01 1.504844e-06 1.276577e-06 6.973223e-06 1.330809e-04 4.932067e-04
2.000000e-01 1.266000e-02  1.150909e-02  1.000000e-01 7.623014e-04 8.000000e-04 1.134340e+10 3.180203e+01 2.288802e+01 6.923341e+01 1.607017e-06 1.366887e-06 7.349794e-06 1.402675e-04 5.198410e-04
2.000000e-01 1.266000e-02  1.150909e-02  1.000000e-01 7.826138e-04 8.000000e-04 1.134340e+10 3.180203e+01 2.288802e+01 6.923341e+01 1.750749e-06 1.421688e-06 7.746700e-06 1.478423e-04 5.479137e-04
2.000000e-01 1.266000e-02  1.150909e-02  1.000000e-01 8.034674e-04 8.000000e-04 1.134340e+10 3.180203e+01 2.288802e+01 6.923341e+01 1.696905e-06 1.503605e-06 8.165039e-06 1.558261e-04 5.775023e-04
2.000000e-01 1.266000e-02  1.150909e-02  1.000000e-01 8.248767e-04 8.000000e-04 1.134340e+10 3.180203e+01 2.288802e+01 6.923341e+01 1.836516e-06 1.598928e-06 8.605970e-06 1.642411e-04 6.086887e-04
2.000000e-01 1.266000e-02  1.150909e-02  1.000000e-01 8.468565e-04 8.000000e-04 1.134340e+10 3.180203e+01 2.288802e+01 6.923341e+01 2.047181e-06 1.676706e-06 9.070713e-06 1.731105e-04 6.415593e-04
2.000000e-01 1.266000e-02  1.150909e-02  1.000000e-01 8.694220e-04 8.000000e-04 1.134340e+10 3.180203e+01 2.288802e+01 6.923341e+01 2.089972e-06 1.771038e-06 9.560553e-06 1.824589e-04 6.762050e-04
2.000000e-01 1.266000e-02  1.150909e-02  1.000000e-01 8.925887e-04 8.000000e-04 1.134340e+10 3.180203e+01 2.288802e+01 6.923341e+01 2.140504e-06 1.844487e-06 1.007684e-05 1.923121e-04 7.127217e-04
2.000000e-01 1.266000e-02  1.150909e-02  1.000000e-01 9.163728e-04 8.000000e-04 1.134340e+10 3.180203e+01 2.288802e+01 6.923341e+01 2.159770e-06 1.943058e-06 1.062102e-05 2.026974e-04 7.512103e-04
2.000000e-01 1.266000e-02  1.150909e-02  1.000000e-01 9.407906e-04 8.000000e-04 1.134340e+10 3.180203e+01 2.288802e+01 6.923341e+01 2.480246e-06 2.109495e-06 1.119458e-05 2.136435e-04 7.917774e-04
2.000000e-01 1.266000e-02  1.150909e-02  1.000000e-01 9.658591e-04 8.000000e-04 1.134340e+10 3.180203e+01 2.288802e+01 6.923341e+01 2.559409e-06 2.181555e-06 1.179911e-05 2.251808e-04 8.345353e-04
2.000000e-01 1.266000e-02  1.150909e-02  1.000000e-01 9.915955e-04 8.000000e-04 1.134340e+10 3.180203e+01 2.288802e+01 6.923341e+01 2.637885e-06 2.329470e-06 1.243629e-05 2.373411e-04 8.796021e-04
2.000000e-01 1.266000e-02  1.150909e-02  1.000000e-01 1.018018e-03 8.000000e-04 1.134340e+10 3.180203e+01 2.288802e+01 6.923341e+01 2.688242e-06 2.397722e-06 1.310788e-05 2.501580e-04 9.271027e-04
2.000000e-01 1.266000e-02  1.150909e-02  1.000000e-01 1.045144e-03 8.000000e-04 1.134340e+10 3.180203e+01 2.288802e+01 6.923341e+01 2.958911e-06 2.557053e-06 1.381574e-05 2.636671e-04 9.771684e-04
2.000000e-01 1.266000e-02  1.150909e-02  1.000000e-01 1.072993e-03 8.000000e-04 1.134340e+10 3.180203e+01 2.288802e+01 6.923341e+01 3.073244e-06 2.666245e-06 1.456182e-05 2.779058e-04 1.029938e-03
2.000000e-01 1.266000e-02  1.150909e-02  1.000000e-01 1.101584e-03 8.000000e-04 1.134340e+10 3.180203e+01 2.288802e+01 6.923341e+01 3.475337e-06 2.900501e-06 1.534819e-05 2.929133e-04 1.085557e-03
2.000000e-01 1.266000e-02  1.150909e-02  1.000000e-01 1.130937e-03 8.000000e-04 1.134340e+10 3.180203e+01 2.288802e+01 6.923341e+01 3.511358e-06 2.992026e-06 1.617703e-05 3.087314e-04 1.144179e-03
2.000000e-01 1.266000e-02  1.150909e-02  1.000000e-01 1.161072e-03 8.000000e-04 1.134340e+10 3.180203e+01 2.288802e+01 6.923341e+01 3.717261e-06 3.189881e-06 1.705063e-05 3.254036e-04 1.205968e-03
2.000000e-01 1.266000e-02  1.150909e-02  1.000000e-01 1.192010e-03 8.000000e-04 1.134340e+10 3.180203e+01 2.288802e+01 6.923341e+01 3.734744e-06 3.333667e-06 1.797140e-05 3.429761e-04 1.271093e-03
2.000000e-01 1.266000e-02  1.150909e-02  1.000000e-01 1.223773e-03 8.000000e-04 1.134340e+10 3.180203e+01 2.288802e+01 6.923341e+01 3.993435e-06 3.488129e-06 1.894190e-05 3.614977e-04 1.339735e-03
2.000000e-01 1.266000e-02  1.150909e-02  1.000000e-01 1.256382e-03 8.000000e-04 1.134340e+10 3.180203e+01 2.288802e+01 6.923341e+01 4.423489e-06 3.713947e-06 1.996480e-05 3.810194e-04 1.412084e-03
2.000000e-01 1.266000e-02  1.150909e-02  1.000000e-01 1.289860e-03 8.000000e-04 1.134340e+10 3.180203e+01 2.288802e+01 6.923341e+01 4.312468e-06 3.900268e-06 2.104295e-05 4.015953e-04 1.488340e-03
2.000000e-01 1.266000e-02  1.150909e-02  1.000000e-01 1.324229e-03 8.000000e-04 1.134340e+10 3.180203e+01 2.288802e+01 6.923341e+01 4.929604e-06 4.130457e-06 2.217932e-05 4.232824e-04 1.568713e-03
2.000000e-01 1.266000e-02  1.150909e-02  1.000000e-01 1.359515e-03 8.000000e-04 1.134340e+10 3.180203e+01 2.288802e+01 6.923341e+01 4.701519e-06 4.332127e-06 2.337706e-05 4.461407e-04 1.653428e-03
2.000000e-01 1.266000e-02  1.150909e-02  1.000000e-01 1.395741e-03 8.000000e-04 1.134340e+10 3.180203e+01 2.288802e+01 6.923341e+01 5.588565e-06 4.570342e-06 2.463947e-05 4.702333e-04 1.742717e-03
2.000000e-01 1.266000e-02  1.150909e-02  1.000000e-01 1.432932e-03 8.000000e-04 1.134340e+10 3.180203e+01 2.288802e+01 6.923341e+01 5.433967e-06 4.770834e-06 2.597006e-05 4.956270e-04 1.836828e-03
2.000000e-01 1.266000e-02  1.150909e-02  1.000000e-01 1.471114e-03 8.000000e-04 1.134340e+10 3.180203e+01 2.288802e+01 6.923341e+01 5.912378e-06 5.004799e-06 2.737251e-05 5.223921e-04 1.936021e-03
2.000000e-01 1.266000e-02  1.150909e-02  1.000000e-01 1.510314e-03 8.000000e-04 1.134340e+10 3.180203e+01 2.288802e+01 6.923341e+01 6.034839e-06 5.226081e-06 2.885069e-05 5.506025e-04 2.040570e-03
2.000000e-01 1.266000e-02  1.150909e-02  1.000000e-01 1.550558e-03 8.000000e-04 1.134340e+10 3.180203e+01 2.288802e+01 6.923341e+01 6.672118e-06 5.580157e-06 3.040869e-05 5.803363e-04 2.150766e-03
2.000000e-01 1.266000e-02  1.150909e-02  1.000000e-01 1.591874e-03 8.000000e-04 1.134340e+10 3.180203e+01 2.288802e+01 6.923341e+01 6.233159e-06 5.863446e-06 3.205083e-05 6.116759e-04 2.266912e-03
2.000000e-01 1.266000e-02  1.150909e-02  1.000000e-01 1.634292e-03 8.000000e-04 1.134340e+10 3.180203e+01 2.288802e+01 6.923341e+01 7.780854e-06 6.290027e-06 3.378166e-05 6.447078e-04 2.389331e-03
2.000000e-01 1.266000e-02  1.150909e-02  1.000000e-01 1.677839e-03 8.000000e-04 1.134340e+10 3.180203e+01 2.288802e+01 6.923341e+01 7.681300e-06 6.550241e-06 3.560595e-05 6.795236e-04 2.518361e-03
2.000000e-01 1.266000e-02  1.150909e-02  1.000000e-01 1.722547e-03 8.000000e-04 1.134340e+10 3.180203e+01 2.288802e+01 6.923341e+01 8.377821e-06 6.999206e-06 3.752875e-05 7.162195e-04 2.654358e-03
2.000000e-01 1.266000e-02  1.150909e-02  1.000000e-01 1.768447e-03 8.000000e-04 1.134340e+10 3.180203e+01 2.288802e+01 6.923341e+01 9.094173e-06 7.335752e-06 3.955539e-05 7.548970e-04 2.797700e-03
2.000000e-01 1.266000e-02  1.150909e-02  1.000000e-01 1.815569e-03 8.000000e-04 1.134340e+10 3.180203e+01 2.288802e+01 6.923341e+01 9.137252e-06 7.751010e-06 4.169148e-05 7.956633e-04 2.948782e-03
2.000000e-01 1.266000e-02  1.150909e-02  1.000000e-01 1.863947e-03 8.000000e-04 1.134340e+10 3.180203e+01 2.288802e+01 6.923341e+01 9.325588e-06 8.265791e-06 4.394292e-05 8.386310e-04 3.108024e-03
2.000000e-01 1.266000e-02  1.150909e-02  1.000000e-01 1.913614e-03 8.000000e-04 1.134340e+10 3.180203e+01 2.288802e+01 6.923341e+01 1.023647e-05 8.459566e-06 4.631594e-05 8.839191e-04 3.275865e-03
2.000000e-01 1.266000e-02  1.150909e-02  1.000000e-01 1.964605e-03 8.000000e-04 1.134340e+10 3.180203e+01 2.288802e+01 6.923341e+01 1.054289e-05 8.992964e-06 4.881712e-05 9.316529e-04 3.452769e-03
2.000000e-01 1.266000e-02  1.150909e-02  1.000000e-01 2.016954e-03 8.000000e-04 1.134340e+10 3.180203e+01 2.288802e+01 6.923341e+01 1.136075e-05 9.582354e-06 5.145336e-05 9.819644e-04 3.639227e-03
2.000000e-01 1.266000e-02  1.150909e-02  1.000000e-01 2.070698e-03 8.000000e-04 1.134340e+10 3.180203e+01 2.288802e+01 6.923341e+01 1.101765e-05 1.002647e-05 5.423197e-05 1.034993e-03 3.835754e-03
2.000000e-01 1.266000e-02  1.150909e-02  1.000000e-01 2.125874e-03 8.000000e-04 1.134340e+10 3.180203e+01 2.288802e+01 6.923341e+01 1.192367e-05 1.072670e-05 5.716062e-05 1.090885e-03 4.042894e-03
2.000000e-01 1.266000e-02  1.150909e-02  1.000000e-01 2.182521e-03 8.000000e-04 1.134340e+10 3.180203e+01 2.288802e+01 6.923341e+01 1.242361e-05 1.102641e-05 6.024744e-05 1.149795e-03 4.261220e-03
2.000000e-01 1.266000e-02  1.150909e-02  1.000000e-01 2.240677e-03 8.000000e-04 1.134340e+10 3.180203e+01 2.288802e+01 6.923341e+01 1.355430e-05 1.165124e-05 6.350095e-05 1.211887e-03 4.491337e-03
2.000000e-01 1.266000e-02  1.150909e-02  1.000000e-01 2.300382e-03 8.000000e-04 1.134340e+10 3.180203e+01 2.288802e+01 6.923341e+01 1.498106e-05 1.254512e-05 6.693015e-05 1.277332e-03 4.733880e-03
