8.000000e-01 1.343000e-01  1.220909e-01  1.000000e-01 2.000000e-06 8.000000e-04 1.059997e+06 3.180203e+01 2.288802e+01 6.923341e+01 6.186713e-09 8.385142e-09 2.692211e-08 5.593936e-07 2.092831e-06
8.000000e-01 1.343000e-01  1.220909e-01  1.000000e-01 2.053292e-06 8.000000e-04 1.059997e+06 3.180203e+01 2.288802e+01 6.923341e+01 6.661166e-09 8.905944e-09 2.837597e-08 5.896022e-07 2.205848e-06
8.000000e-01 1.343000e-01  1.220909e-01  1.000000e-01 2.108005e-06 8.000000e-04 1.059997e+06 3.180203e+01 2.288802e+01 6.923341e+01 6.816169e-09 9.391224e-09 2.990834e-08 6.214420e-07 2.324969e-06
8.000000e-01 1.343000e-01  1.220909e-01  1.000000e-01 2.164175e-06 8.000000e-04 1.059997e+06 3.180203e+01 2.288802e+01 6.923341e+01 7.191587e-09 9.817990e-09 3.152346e-08 6.550013e-07 2.450523e-06
8.000000e-01 1.343000e-01  1.220909e-01  1.000000e-01 2.221842e-06 8.000000e-04 1.059997e+06 3.180203e+01 2.288802e+01 6.923341e+01 7.740325e-09 1.033946e-08 3.322580e-08 6.903729e-07 2.582857e-06
8.000000e-01 1.343000e-01  1.220909e-01  1.000000e-01 2.281045e-06 8.000000e-04 1.059997e+06 3.180203e+01 2.288802e+01 6.923341e+01 7.733076e-09 1.079057e-08 3.502007e-08 7.276547e-07 2.722337e-06
8.000000e-01 1.343000e-01  1.220909e-01  1.000000e-01 2.341826e-06 8.000000e-04 1.059997e+06 3.180203e+01 2.288802e+01 6.923341e+01 8.353759e-09 1.155957e-08 3.691123e-08 7.669497e-07 2.869350e-06
8.000000e-01 1.343000e-01  1.220909e-01  1.000000e-01 2.404227e-06 8.000000e-04 1.059997e+06 3.180203e+01 2.288802e+01 6.923341e+01 9.422227e-09 1.198485e-08 3.890452e-08 8.083668e-07 3.024301e-06
8.000000e-01 1.343000e-01  1.220909e-01  1.000000e-01 2.468290e-06 8.000000e-04 1.059997e+06 3.180203e+01 2.288802e+01 6.923341e+01 9.086346e-09 1.292004e-08 4.100546e-08 8.520204e-07 3.187620e-06
8.000000e-01 1.343000e-01  1.220909e-01  1.000000e-01 2.534061e-06 8.000000e-04 1.059997e+06 3.180203e+01 2.288802e+01 6.923341e+01 1.001263e-08 1.340676e-08 4.321985e-08 8.980315e-07 3.359759e-06
8.000000e-01 1.343000e-01  1.220909e-01  1.000000e-01 2.601584e-06 8.000000e-04 1.059997e+06 3.180203e+01 2.288802e+01 6.923341e+01 1.014945e-08 1.415421e-08 4.555382e-08 9.465273e-07 3.541194e-06
8.000000e-01 1.343000e-01  1.220909e-01  1.000000e-01 2.670906e-06 8.000000e-04 1.059997e+06 3.180203e+01 2.288802e+01 6.923341e+01 1.074620e-08 1.494061e-08 4.801383e-08 9.976419e-07 3.732427e-06
8.000000e-01 1.343000e-01  1.220909e-01  1.000000e-01 2.742075e-06 8.000000e-04 1.059997e+06 3.180203e+01 2.288802e+01 6.923341e+01 1.142455e-08 1.593630e-08 5.060669e-08 1.051517e-06 3.933986e-06
8.000000e-01 1.343000e-01  1.220909e-01  1.000000e-01 2.815141e-06 8.000000e-04 1.059997e+06 3.180203e+01 2.288802e+01 6.923341e+01 1.221884e-08 1.670139e-08 5.333957e-08 1.108301e-06 4.146431e-06
8.000000e-01 1.343000e-01  1.220909e-01  1.000000e-01 2.890154e-06 8.000000e-04 1.059997e+06 3.180203e+01 2.288802e+01 6.923341e+01 1.291768e-08 1.778161e-08 5.622003e-08 1.168152e-06 4.370348e-06
8.000000e-01 1.343000e-01  1.220909e-01  1.000000e-01 2.967165e-06 8.000000e-04 1.059997e+06 3.180203e+01 2.288802e+01 6.923341e+01 1.375955e-08 1.869829e-08 5.925604e-08 1.231235e-06 4.606356e-06
8.000000e-01 1.343000e-01  1.220909e-01  1.000000e-01 3.046229e-06 8.000000e-04 1.059997e+06 3.180203e+01 2.288802e+01 6.923341e+01 1.359858e-08 1.942222e-08 6.245600e-08 1.297725e-06 4.855110e-06
8.000000e-01 1.343000e-01  1.220909e-01  1.000000e-01 3.127399e-06 8.000000e-04 1.059997e+06 3.180203e+01 2.288802e+01 6.923341e+01 1.530219e-08 2.049078e-08 6.582877e-08 1.367805e-06 5.117297e-06
8.000000e-01 1.343000e-01  1.220909e-01  1.000000e-01 3.210732e-06 8.000000e-04 1.059997e+06 3.180203e+01 2.288802e+01 6.923341e+01 1.670130e-08 2.182971e-08 6.938367e-08 1.441669e-06 5.393643e-06
8.000000e-01 1.343000e-01  1.220909e-01  1.000000e-01 3.296286e-06 8.000000e-04 1.059997e+06 3.180203e+01 2.288802e+01 6.923341e+01 1.657340e-08 2.296314e-08 7.313055e-08 1.519523e-06 5.684913e-06
8.000000e-01 1.343000e-01  1.220909e-01  1.000000e-01 3.384119e-06 8.000000e-04 1.059997e+06 3.180203e+01 2.288802e+01 6.923341e+01 1.754904e-08 2.401462e-08 7.707977e-08 1.601580e-06 5.991911e-06
8.000000e-01 1.343000e-01  1.220909e-01  1.000000e-01 3.474293e-06 8.000000e-04 1.059997e+06 3.180203e+01 2.288802e+01 6.923341e+01 1.895427e-08 2.542364e-08 8.124226e-08 1.688070e-06 6.315488e-06
8.000000e-01 1.343000e-01  1.220909e-01  1.000000e-01 3.566869e-06 8.000000e-04 1.059997e+06 3.180203e+01 2.288802e+01 6.923341e+01 1.935042e-08 2.672926e-08 8.562953e-08 1.779229e-06 6.656539e-06
8.000000e-01 1.343000e-01  1.220909e-01  1.000000e-01 3.661913e-06 8.000000e-04 1.059997e+06 3.180203e+01 2.288802e+01 6.923341e+01 2.139879e-08 2.815719e-08 9.025372e-08 1.875312e-06 7.016007e-06
8.000000e-01 1.343000e-01  1.220909e-01  1.000000e-01 3.759488e-06 8.000000e-04 1.059997e+06 3.180203e+01 2.288802e+01 6.923341e+01 2.114266e-08 2.939713e-08 9.512763e-08 1.976583e-06 7.394888e-06
8.000000e-01 1.343000e-01  1.220909e-01  1.000000e-01 3.859664e-06 8.000000e-04 1.059997e+06 3.180203e+01 2.288802e+01 6.923341e+01 2.296902e-08 3.124050e-08 1.002647e-07 2.083323e-06 7.794229e-06
8.000000e-01 1.343000e-01  1.220909e-01  1.000000e-01 3.962510e-06 8.000000e-04 1.059997e+06 3.180203e+01 2.288802e+01 6.923341e+01 2.423874e-08 3.329081e-08 1.056793e-07 2.195827e-06 8.215136e-06
8.000000e-01 1.343000e-01  1.220909e-01  1.000000e-01 4.068095e-06 8.000000e-04 1.059997e+06 3.180203e+01 2.288802e+01 6.923341e+01 2.589230e-08 3.513315e-08 1.113862e-07 2.314407e-06 8.658772e-06
8.000000e-01 1.343000e-01  1.220909e-01  1.000000e-01 4.176494e-06 8.000000e-04 1.059997e+06 3.180203e+01 2.288802e+01 6.923341e+01 2.865140e-08 3.708095e-08 1.174013e-07 2.439390e-06 9.126366e-06
8.000000e-01 1.343000e-01  1.220909e-01  1.000000e-01 4.287782e-06 8.000000e-04 1.059997e+06 3.180203e+01 2.288802e+01 6.923341e+01 2.832955e-08 3.841893e-08 1.237412e-07 2.571123e-06 9.619210e-06
8.000000e-01 1.343000e-01  1.220909e-01  1.000000e-01 4.402035e-06 8.000000e-04 1.059997e+06 3.180203e+01 2.288802e+01 6.923341e+01 3.052384e-08 4.060374e-08 1.304236e-07 2.709969e-06 1.013867e-05
8.000000e-01 1.343000e-01  1.220909e-01  1.000000e-01 4.519332e-06 8.000000e-04 1.059997e+06 3.180203e+01 2.288802e+01 6.923341e+01 3.300719e-08 4.262679e-08 1.374667e-07 2.856314e-06 1.068618e-05
8.000000e-01 1.343000e-01  1.220909e-01  1.000000e-01 4.639755e-06 8.000000e-04 1.059997e+06 3.180203e+01 2.288802e+01 6.923341e+01 3.336947e-08 4.465646e-08 1.448903e-07 3.010562e-06 1.126326e-05
8.000000e-01 1.343000e-01  1.220909e-01  1.000000e-01 4.763386e-06 8.000000e-04 1.059997e+06 3.180203e+01 2.288802e+01 6.923341e+01 3.351288e-08 4.726081e-08 1.527147e-07 3.173139e-06 1.187150e-05
8.000000e-01 1.343000e-01  1.220909e-01  1.000000e-01 4.890312e-06 8.000000e-04 1.059997e+06 3.180203e+01 2.288802e+01 6.923341e+01 3.804164e-08 4.980932e-08 1.609616e-07 3.344496e-06 1.251259e-05
8.000000e-01 1.343000e-01  1.220909e-01  1.000000e-01 5.020620e-06 8.000000e-04 1.059997e+06 3.180203e+01 2.288802e+01 6.923341e+01 3.933952e-08 5.231498e-08 1.696539e-07 3.525106e-06 1.318830e-05
8.000000e-01 1.343000e-01  1.220909e-01  1.000000e-01 5.154400e-06 8.000000e-04 1.059997e+06 3.180203e+01 2.288802e+01 6.923341e+01 4.253002e-08 5.565948e-08 1.788156e-07 3.715470e-06 1.390050e-05
8.000000e-01 1.343000e-01  1.220909e-01  1.000000e-01 5.291745e-06 8.000000e-04 1.059997e+06 3.180203e+01 2.288802e+01 6.923341e+01 4.355641e-08 5.902034e-08 1.884721e-07 3.916114e-06 1.465116e-05
8.000000e-01 1.343000e-01  1.220909e-01  1.000000e-01 5.432750e-06 8.000000e-04 1.059997e+06 3.180203e+01 2.288802e+01 6.923341e+01 4.611026e-08 6.220920e-08 1.986500e-07 4.127593e-06 1.544235e-05
8.000000e-01 1.343000e-01  1.220909e-01  1.000000e-01 5.577512e-06 8.000000e-04 1.059997e+06 3.180203e+01 2.288802e+01 6.923341e+01 4.878681e-08 6.443907e-08 2.093776e-07 4.350493e-06 1.627628e-05
8.000000e-01 1.343000e-01  1.220909e-01  1.000000e-01 5.726131e-06 8.000000e-04 1.059997e+06 3.180203e+01 2.288802e+01 6.923341e+01 5.228483e-08 6.917798e-08 2.206844e-07 4.585430e-06 1.715523e-05
8.000000e-01 1.343000e-01  1.220909e-01  1.000000e-01 5.878710e-06 8.000000e-04 1.059997e+06 3.180203e+01 2.288802e+01 6.923341e+01 5.515829e-08 7.269312e-08 2.326019e-07 4.833053e-06 1.808166e-05
8.000000e-01 1.343000e-01  1.220909e-01  1.000000e-01 6.035355e-06 8.000000e-04 1.059997e+06 3.180203e+01 2.288802e+01 6.923341e+01 5.812864e-08 7.648342e-08 2.451629e-07 5.094049e-06 1.905811e-05
8.000000e-01 1.343000e-01  1.220909e-01  1.000000e-01 6.196174e-06 8.000000e-04 1.059997e+06 3.180203e+01 2.288802e+01 6.923341e+01 6.142697e-08 7.997289e-08 2.584023e-07 5.369140e-06 2.008729e-05
8.000000e-01 1.343000e-01  1.220909e-01  1.000000e-01 6.361278e-06 8.000000e-04 1.059997e+06 3.180203e+01 2.288802e+01 6.923341e+01 6.237053e-08 8.446101e-08 2.723566e-07 5.659086e-06 2.117205e-05
8.000000e-01 1.343000e-01  1.220909e-01  1.000000e-01 6.530782e-06 8.000000e-04 1.059997e+06 3.180203e+01 2.288802e+01 6.923341e+01 6.468458e-08 8.851965e-08 2.870645e-07 5.964690e-06 2.231539e-05
8.000000e-01 1.343000e-01  1.220909e-01  1.000000e-01 6.704802e-06 8.000000e-04 1.059997e+06 3.180203e+01 2.288802e+01 6.923341e+01 6.949369e-08 9.320373e-08 3.025667e-07 6.286797e-06 2.352047e-05
8.000000e-01 1.343000e-01  1.220909e-01  1.000000e-01 6.883459e-06 8.000000e-04 1.059997e+06 3.180203e+01 2.288802e+01 6.923341e+01 7.215117e-08 9.930174e-08 3.189060e-07 6.626298e-06 2.479063e-05
8.000000e-01 1.343000e-01  1.220909e-01  1.000000e-01 7.066877e-06 8.000000e-04 1.059997e+06 3.180203e+01 2.288802e+01 6.923341e+01 7.644204e-08 1.046335e-07 3.361276e-07 6.984134e-06 2.612938e-05
8.000000e-01 1.343000e-01  1.220909e-01  1.000000e-01 7.255182e-06 8.000000e-04 1.059997e+06 3.180203e+01 2.288802e+01 6.923341e+01 7.961285e-08 1.108115e-07 3.542793e-07 7.361293e-06 2.754043e-05
8.000000e-01 1.343000e-01  1.220909e-01  1.000000e-01 7.448504e-06 8.000000e-04 1.059997e+06 3.180203e+01 2.288802e+01 6.923341e+01 8.928853e-08 1.156665e-07 3.734112e-07 7.758820e-06 2.902767e-05
8.000000e-01 1.343000e-01  1.220909e-01  1.000000e-01 7.646978e-06 8.000000e-04 1.059997e+06 3.180203e+01 2.288802e+01 6.923341e+01 9.147883e-08 1.217541e-07 3.935762e-07 8.177814e-06 3.059524e-05
8.000000e-01 1.343000e-01  1.220909e-01  1.000000e-01 7.850741e-06 8.000000e-04 1.059997e+06 3.180203e+01 2.288802e+01 6.923341e+01 9.455749e-08 1.298089e-07 4.148303e-07 8.619435e-06 3.224745e-05
8.000000e-01 1.343000e-01  1.220909e-01  1.000000e-01 8.059933e-06 8.000000e-04 1.059997e+06 3.180203e+01 2.288802e+01 6.923341e+01 1.029233e-07 1.358181e-07 4.372321e-07 9.084904e-06 3.398889e-05
8.000000e-01 1.343000e-01  1.220909e-01  1.000000e-01 8.274699e-06 8.000000e-04 1.059997e+06 3.180203e+01 2.288802e+01 6.923341e+01 1.075902e-07 1.448556e-07 4.608436e-07 9.575510e-06 3.582437e-05
8.000000e-01 1.343000e-01  1.220909e-01  1.000000e-01 8.495188e-06 8.000000e-04 1.059997e+06 3.180203e+01 2.288802e+01 6.923341e+01 1.113096e-07 1.515697e-07 4.857302e-07 1.009261e-05 3.775896e-05
8.000000e-01 1.343000e-01  1.220909e-01  1.000000e-01 8.721552e-06 8.000000e-04 1.059997e+06 3.180203e+01 2.288802e+01 6.923341e+01 1.183072e-07 1.580744e-07 5.119608e-07 1.063763e-05 3.979803e-05
8.000000e-01 1.343000e-01  1.220909e-01  1.000000e-01 8.953948e-06 8.000000e-04 1.059997e+06 3.180203e+01 2.288802e+01 6.923341e+01 1.237667e-07 1.686016e-07 5.396078e-07 1.121209e-05 4.194722e-05
8.000000e-01 1.343000e-01  1.220909e-01  1.000000e-01 9.192536e-06 8.000000e-04 1.059997e+06 3.180203e+01 2.288802e+01 6.923341e+01 1.336547e-07 1.767258e-07 5.687479e-07 1.181757e-05 4.421247e-05
8.000000e-01 1.343000e-01  1.220909e-01  1.000000e-01 9.437481e-06 8.000000e-04 1.059997e+06 3.180203e+01 2.288802e+01 6.923341e+01 1.422824e-07 1.877717e-07 5.994616e-07 1.245575e-05 4.660004e-05
8.000000e-01 1.343000e-01  1.220909e-01  1.000000e-01 9.688954e-06 8.000000e-04 1.059997e+06 3.180203e+01 2.288802e+01 6.923341e+01 1.439674e-07 1.973259e-07 6.318339e-07 1.312838e-05 4.911655e-05
8.000000e-01 1.343000e-01  1.220909e-01  1.000000e-01 9.947127e-06 8.000000e-04 1.059997e+06 3.180203e+01 2.288802e+01 6.923341e+01 1.597716e-07 2.070647e-07 6.659544e-07 1.383735e-05 5.176896e-05
8.000000e-01 1.343000e-01  1.220909e-01  1.000000e-01 1.021218e-05 8.000000e-04 1.059997e+06 3.180203e+01 2.288802e+01 6.923341e+01 1.593316e-07 2.209340e-07 7.019175e-07 1.458460e-05 5.456460e-05
8.000000e-01 1.343000e-01  1.220909e-01  1.000000e-01 1.048430e-05 8.000000e-04 1.059997e+06 3.180203e+01 2.288802e+01 6.923341e+01 1.751504e-07 2.286357e-07 7.398227e-07 1.537220e-05 5.751122e-05
8.000000e-01 1.343000e-01  1.220909e-01  1.000000e-01 1.076366e-05 8.000000e-04 1.059997e+06 3.180203e+01 2.288802e+01 6.923341e+01 1.708289e-07 2.437996e-07 7.797748e-07 1.620233e-05 6.061696e-05
8.000000e-01 1.343000e-01  1.220909e-01  1.000000e-01 1.105047e-05 8.000000e-04 1.059997e+06 3.180203e+01 2.288802e+01 6.923341e+01 1.825932e-07 2.577596e-07 8.218844e-07 1.707730e-05 6.389041e-05
8.000000e-01 1.343000e-01  1.220909e-01  1.000000e-01 1.134492e-05 8.000000e-04 1.059997e+06 3.180203e+01 2.288802e+01 6.923341e+01 1.990743e-07 2.711774e-07 8.662681e-07 1.799951e-05 6.734064e-05
8.000000e-01 1.343000e-01  1.220909e-01  1.000000e-01 1.164722e-05 8.000000e-04 1.059997e+06 3.180203e+01 2.288802e+01 6.923341e+01 2.133086e-07 2.838655e-07 9.130486e-07 1.897152e-05 7.097719e-05
8.000000e-01 1.343000e-01  1.220909e-01  1.000000e-01 1.195758e-05 8.000000e-04 1.059997e+06 3.180203e+01 2.288802e+01 6.923341e+01 2.192146e-07 2.994009e-07 9.623553e-07 1.999603e-05 7.481013e-05
8.000000e-01 1.343000e-01  1.220909e-01  1.000000e-01 1.227620e-05 8.000000e-04 1.059997e+06 3.180203e+01 2.288802e+01 6.923341e+01 2.407890e-07 3.139432e-07 1.014325e-06 2.107586e-05 7.885005e-05
8.000000e-01 1.343000e-01  1.220909e-01  1.000000e-01 1.260331e-05 8.000000e-04 1.059997e+06 3.180203e+01 2.288802e+01 6.923341e+01 2.334823e-07 3.321295e-07 1.069101e-06 2.221401e-05 8.310813e-05
8.000000e-01 1.343000e-01  1.220909e-01  1.000000e-01 1.293914e-05 8.000000e-04 1.059997e+06 3.180203e+01 2.288802e+01 6.923341e+01 2.694422e-07 3.529715e-07 1.126835e-06 2.341362e-05 8.759616e-05
8.000000e-01 1.343000e-01  1.220909e-01  1.000000e-01 1.328392e-05 8.000000e-04 1.059997e+06 3.180203e+01 2.288802e+01 6.923341e+01 2.738123e-07 3.692032e-07 1.187686e-06 2.467801e-05 9.232656e-05
8.000000e-01 1.343000e-01  1.220909e-01  1.000000e-01 1.363789e-05 8.000000e-04 1.059997e+06 3.180203e+01 2.288802e+01 6.923341e+01 2.970866e-07 3.940074e-07 1.251824e-06 2.601067e-05 9.731240e-05
8.000000e-01 1.343000e-01  1.220909e-01  1.000000e-01 1.400128e-05 8.000000e-04 1.059997e+06 3.180203e+01 2.288802e+01 6.923341e+01 3.048481e-07 4.127203e-07 1.319425e-06 2.741531e-05 1.025675e-04
8.000000e-01 1.343000e-01  1.220909e-01  1.000000e-01 1.437436e-05 8.000000e-04 1.059997e+06 3.180203e+01 2.288802e+01 6.923341e+01 3.186314e-07 4.364144e-07 1.390677e-06 2.889580e-05 1.081064e-04
8.000000e-01 1.343000e-01  1.220909e-01  1.000000e-01 1.475738e-05 8.000000e-04 1.059997e+06 3.180203e+01 2.288802e+01 6.923341e+01 3.412811e-07 4.565191e-07 1.465777e-06 3.045624e-05 1.139444e-04
8.000000e-01 1.343000e-01  1.220909e-01  1.000000e-01 1.515061e-05 8.000000e-04 1.059997e+06 3.180203e+01 2.288802e+01 6.923341e+01 3.513136e-07 4.775513e-07 1.544933e-06 3.210095e-05 1.200976e-04
8.000000e-01 1.343000e-01  1.220909e-01  1.000000e-01 1.555432e-05 8.000000e-04 1.059997e+06 3.180203e+01 2.288802e+01 6.923341e+01 3.526479e-07 5.096297e-07 1.628362e-06 3.383447e-05 1.265832e-04
8.000000e-01 1.343000e-01  1.220909e-01  1.000000e-01 1.596878e-05 8.000000e-04 1.059997e+06 3.180203e+01 2.288802e+01 6.923341e+01 3.982167e-07 5.356658e-07 1.716298e-06 3.566161e-05 1.334190e-04
8.000000e-01 1.343000e-01  1.220909e-01  1.000000e-01 1.639429e-05 8.000000e-04 1.059997e+06 3.180203e+01 2.288802e+01 6.923341e+01 4.087525e-07 5.610172e-07 1.808982e-06 3.758742e-05 1.406239e-04
8.000000e-01 1.343000e-01  1.220909e-01  1.000000e-01 1.683113e-05 8.000000e-04 1.059997e+06 3.180203e+01 2.288802e+01 6.923341e+01 4.393456e-07 5.970136e-07 1.906671e-06 3.961723e-05 1.482179e-04
8.000000e-01 1.343000e-01  1.220909e-01  1.000000e-01 1.727962e-05 8.000000e-04 1.059997e+06 3.180203e+01 2.288802e+01 6.923341e+01 4.458574e-07 6.308599e-07 2.009636e-06 4.175665e-05 1.562220e-04
8.000000e-01 1.343000e-01  1.220909e-01  1.000000e-01 1.774005e-05 8.000000e-04 1.059997e+06 3.180203e+01 2.288802e+01 6.923341e+01 4.746914e-07 6.605405e-07 2.118161e-06 4.401161e-05 1.646584e-04
8.000000e-01 1.343000e-01  1.220909e-01  1.000000e-01 1.821276e-05 8.000000e-04 1.059997e+06 3.180203e+01 2.288802e+01 6.923341e+01 5.018412e-07 6.906531e-07 2.232546e-06 4.638834e-05 1.735503e-04
8.000000e-01 1.343000e-01  1.220909e-01  1.000000e-01 1.869805e-05 8.000000e-04 1.059997e+06 3.180203e+01 2.288802e+01 6.923341e+01 5.582123e-07 7.335982e-07 2.353109e-06 4.889341e-05 1.829224e-04
8.000000e-01 1.343000e-01  1.220909e-01  1.000000e-01 1.919629e-05 8.000000e-04 1.059997e+06 3.180203e+01 2.288802e+01 6.923341e+01 5.725089e-07 7.711146e-07 2.480182e-06 5.153377e-05 1.928007e-04
8.000000e-01 1.343000e-01  1.220909e-01  1.000000e-01 1.970779e-05 8.000000e-04 1.059997e+06 3.180203e+01 2.288802e+01 6.923341e+01 6.388165e-07 8.233875e-07 2.614118e-06 5.431671e-05 2.032123e-04
8.000000e-01 1.343000e-01  1.220909e-01  1.000000e-01 2.023293e-05 8.000000e-04 1.059997e+06 3.180203e+01 2.288802e+01 6.923341e+01 6.259635e-07 8.638706e-07 2.755286e-06 5.724994e-05 2.141863e-04
8.000000e-01 1.343000e-01  1.220909e-01  1.000000e-01 2.077206e-05 8.000000e-04 1.059997e+06 3.180203e+01 2.288802e+01 6.923341e+01 7.003179e-07 9.152440e-07 2.904078e-06 6.034157e-05 2.257528e-04
8.000000e-01 1.343000e-01  1.220909e-01  1.000000e-01 2.132555e-05 8.000000e-04 1.059997e+06 3.180203e+01 2.288802e+01 6.923341e+01 7.464214e-07 9.510518e-07 3.060905e-06 6.360016e-05 2.379440e-04
8.000000e-01 1.343000e-01  1.220909e-01  1.000000e-01 2.189380e-05 8.000000e-04 1.059997e+06 3.180203e+01 2.288802e+01 6.923341e+01 7.631449e-07 9.947098e-07 3.226201e-06 6.703471e-05 2.507935e-04
8.000000e-01 1.343000e-01  1.220909e-01  1.000000e-01 2.247718e-05 8.000000e-04 1.059997e+06 3.180203e+01 2.288802e+01 6.923341e+01 7.702821e-07 1.057034e-06 3.400423e-06 7.065474e-05 2.643370e-04
8.000000e-01 1.343000e-01  1.220909e-01  1.000000e-01 2.307611e-05 8.000000e-04 1.059997e+06 3.180203e+01 2.288802e+01 6.923341e+01 8.559999e-07 1.124842e-06 3.584054e-06 7.447026e-05 2.786118e-04
8.000000e-01 1.343000e-01  1.220909e-01  1.000000e-01 2.369100e-05 8.000000e-04 1.059997e+06 3.180203e+01 2.288802e+01 6.923341e+01 8.346965e-07 1.183436e-06 3.777601e-06 7.849183e-05 2.936575e-04
8.000000e-01 1.343000e-01  1.220909e-01  1.000000e-01 2.432228e-05 8.000000e-04 1.059997e+06 3.180203e+01 2.288802e+01 6.923341e+01 9.082895e-07 1.241655e-06 3.981600e-06 8.273057e-05 3.095156e-04
8.000000e-01 1.343000e-01  1.220909e-01  1.000000e-01 2.497037e-05 8.000000e-04 1.059997e+06 3.180203e+01 2.288802e+01 6.923341e+01 9.703800e-07 1.307659e-06 4.196616e-06 8.719821e-05 3.262302e-04
8.000000e-01 1.343000e-01  1.220909e-01  1.000000e-01 2.563574e-05 8.000000e-04 1.059997e+06 3.180203e+01 2.288802e+01 6.923341e+01 1.030980e-06 1.382889e-06 4.423243e-06 9.190711e-05 3.438474e-04
8.000000e-01 1.343000e-01  1.220909e-01  1.000000e-01 2.631883e-05 8.000000e-04 1.059997e+06 3.180203e+01 2.288802e+01 6.923341e+01 1.052202e-06 1.446137e-06 4.662108e-06 9.687031e-05 3.624159e-04
8.000000e-01 1.343000e-01  1.220909e-01  1.000000e-01 2.702013e-05 8.000000e-04 1.059997e+06 3.180203e+01 2.288802e+01 6.923341e+01 1.092396e-06 1.536023e-06 4.913873e-06 1.021015e-04 3.819872e-04
8.000000e-01 1.343000e-01  1.220909e-01  1.000000e-01 2.774011e-05 8.000000e-04 1.059997e+06 3.180203e+01 2.288802e+01 6.923341e+01 1.211477e-06 1.633387e-06 5.179233e-06 1.076152e-04 4.026154e-04
8.000000e-01 1.343000e-01  1.220909e-01  1.000000e-01 2.847928e-05 8.000000e-04 1.059997e+06 3.180203e+01 2.288802e+01 6.923341e+01 1.259888e-06 1.683489e-06 5.458924e-06 1.134267e-04 4.243576e-04
8.000000e-01 1.343000e-01  1.220909e-01  1.000000e-01 2.923814e-05 8.000000e-04 1.059997e+06 3.180203e+01 2.288802e+01 6.923341e+01 1.291879e-06 1.805470e-06 5.753718e-06 1.195520e-04 4.472739e-04
8.000000e-01 1.343000e-01  1.220909e-01  1.000000e-01 3.001722e-05 8.000000e-04 1.059997e+06 3.180203e+01 2.288802e+01 6.923341e+01 1.367844e-06 1.888321e-06 6.064432e-06 1.260081e-04 4.714277e-04
8.000000e-01 1.343000e-01  1.220909e-01  1.000000e-01 3.081707e-05 8.000000e-04 1.059997e+06 3.180203e+01 2.288802e+01 6.923341e+01 1.480295e-06 1.995529e-06 6.391926e-06 1.328128e-04 4.968859e-04
8.000000e-01 1.343000e-01  1.220909e-01  1.000000e-01 3.163822e-05 8.000000e-04 1.059997e+06 3.180203e+01 2.288802e+01 6.923341e+01 1.584537e-06 2.106417e-06 6.737105e-06 1.399850e-04 5.237189e-04
8.000000e-01 1.343000e-01  1.220909e-01  1.000000e-01 3.248126e-05 8.000000e-04 1.059997e+06 3.180203e+01 2.288802e+01 6.923341e+01 1.674221e-06 2.249693e-06 7.100924e-06 1.475446e-04 5.520009e-04
8.000000e-01 1.343000e-01  1.220909e-01  1.000000e-01 3.334676e-05 8.000000e-04 1.059997e+06 3.180203e+01 2.288802e+01 6.923341e+01 1.728541e-06 2.350797e-06 7.484390e-06 1.555123e-04 5.818102e-04
8.000000e-01 1.343000e-01  1.220909e-01  1.000000e-01 3.423532e-05 8.000000e-04 1.059997e+06 3.180203e+01 2.288802e+01 6.923341e+01 1.816833e-06 2.473913e-06 7.888564e-06 1.639103e-04 6.132293e-04
8.000000e-01 1.343000e-01  1.220909e-01  1.000000e-01 3.514756e-05 8.000000e-04 1.059997e+06 3.180203e+01 2.288802e+01 6.923341e+01 1.918995e-06 2.589441e-06 8.314565e-06 1.727619e-04 6.463451e-04
8.000000e-01 1.343000e-01  1.220909e-01  1.000000e-01 3.608411e-05 8.000000e-04 1.059997e+06 3.180203e+01 2.288802e+01 6.923341e+01 1.983337e-06 2.755799e-06 8.763571e-06 1.820914e-04 6.812493e-04
8.000000e-01 1.343000e-01  1.220909e-01  1.000000e-01 3.704561e-05 8.000000e-04 1.059997e+06 3.180203e+01 2.288802e+01 6.923341e+01 2.135672e-06 2.902599e-06 9.236824e-06 1.919248e-04 7.180383e-04
8.000000e-01 1.343000e-01  1.220909e-01  1.000000e-01 3.803273e-05 8.000000e-04 1.059997e+06 3.180203e+01 2.288802e+01 6.923341e+01 2.379185e-06 3.002081e-06 9.735634e-06 2.022891e-04 7.568140e-04
8.000000e-01 1.343000e-01  1.220909e-01  1.000000e-01 3.904616e-05 8.000000e-04 1.059997e+06 3.180203e+01 2.288802e+01 6.923341e+01 2.287867e-06 3.194801e-06 1.026138e-05 2.132132e-04 7.976837e-04
8.000000e-01 1.343000e-01  1.220909e-01  1.000000e-01 4.008659e-05 8.000000e-04 1.059997e+06 3.180203e+01 2.288802e+01 6.923341e+01 2.507431e-06 3.395006e-06 1.081552e-05 2.247272e-04 8.407605e-04
8.000000e-01 1.343000e-01  1.220909e-01  1.000000e-01 4.115474e-05 8.000000e-04 1.059997e+06 3.180203e+01 2.288802e+01 6.923341e+01 2.535945e-06 3.554090e-06 1.139958e-05 2.368630e-04 8.861635e-04
8.000000e-01 1.343000e-01  1.220909e-01  1.000000e-01 4.225136e-05 8.000000e-04 1.059997e+06 3.180203e+01 2.288802e+01 6.923341e+01 2.707573e-06 3.737153e-06 1.201519e-05 2.496542e-04 9.340184e-04
8.000000e-01 1.343000e-01  1.220909e-01  1.000000e-01 4.337719e-05 8.000000e-04 1.059997e+06 3.180203e+01 2.288802e+01 6.923341e+01 2.941821e-06 3.950269e-06 1.266403e-05 2.631361e-04 9.844575e-04
8.000000e-01 1.343000e-01  1.220909e-01  1.000000e-01 4.453303e-05 8.000000e-04 1.059997e+06 3.180203e+01 2.288802e+01 6.923341e+01 3.076006e-06 4.143743e-06 1.334792e-05 2.773460e-04 1.037620e-03
8.000000e-01 1.343000e-01  1.220909e-01  1.000000e-01 4.571966e-05 8.000000e-04 1.059997e+06 3.180203e+01 2.288802e+01 6.923341e+01 3.263573e-06 4.435553e-06 1.406874e-05 2.923234e-04 1.093654e-03
8.000000e-01 1.343000e-01  1.220909e-01  1.000000e-01 4.693791e-05 8.000000e-04 1.059997e+06 3.180203e+01 2.288802e+01 6.923341e+01 3.499501e-06 4.609437e-06 1.482848e-05 3.081095e-04 1.152714e-03
8.000000e-01 1.343000e-01  1.220909e-01  1.000000e-01 4.818863e-05 8.000000e-04 1.059997e+06 3.180203e+01 2.288802e+01 6.923341e+01 3.563748e-06 4.910074e-06 1.562926e-05 3.247481e-04 1.214964e-03
8.000000e-01 1.343000e-01  1.220909e-01  1.000000e-01 4.947267e-05 8.000000e-04 1.059997e+06 3.180203e+01 2.288802e+01 6.923341e+01 3.840097e-06 5.166730e-06 1.647327e-05 3.422853e-04 1.280574e-03
8.000000e-01 1.343000e-01  1.220909e-01  1.000000e-01 5.079093e-05 8.000000e-04 1.059997e+06 3.180203e+01 2.288802e+01 6.923341e+01 4.180878e-06 5.441517e-06 1.736287e-05 3.607695e-04 1.349728e-03
8.000000e-01 1.343000e-01  1.220909e-01  1.000000e-01 5.214431e-05 8.000000e-04 1.059997e+06 3.180203e+01 2.288802e+01 6.923341e+01 4.357407e-06 5.746059e-06 1.830050e-05 3.802518e-04 1.422617e-03
8.000000e-01 1.343000e-01  1.220909e-01  1.000000e-01 5.353375e-05 8.000000e-04 1.059997e+06 3.180203e+01 2.288802e+01 6.923341e+01 4.467297e-06 6.077723e-06 1.928877e-05 4.007863e-04 1.499441e-03
8.000000e-01 1.343000e-01  1.220909e-01  1.000000e-01 5.496022e-05 8.000000e-04 1.059997e+06 3.180203e+01 2.288802e+01 6.923341e+01 4.761766e-06 6.358532e-06 2.033041e-05 4.224297e-04 1.580415e-03
8.000000e-01 1.343000e-01  1.220909e-01  1.000000e-01 5.642470e-05 8.000000e-04 1.059997e+06 3.180203e+01 2.288802e+01 6.923341e+01 4.935207e-06 6.663083e-06 2.142830e-05 4.452419e-04 1.665761e-03
8.000000e-01 1.343000e-01  1.220909e-01  1.000000e-01 5.792820e-05 8.000000e-04 1.059997e+06 3.180203e+01 2.288802e+01 6.923341e+01 5.177255e-06 7.104735e-06 2.258548e-05 4.692860e-04 1.755716e-03
8.000000e-01 1.343000e-01  1.220909e-01  1.000000e-01 5.947176e-05 8.000000e-04 1.059997e+06 3.180203e+01 2.288802e+01 6.923341e+01 5.651242e-06 7.453132e-06 2.380514e-05 4.946285e-04 1.850528e-03
8.000000e-01 1.343000e-01  1.220909e-01  1.000000e-01 6.105646e-05 8.000000e-04 1.059997e+06 3.180203e+01 2.288802e+01 6.923341e+01 5.802592e-06 7.797103e-06 2.509068e-05 5.213396e-04 1.950461e-03
8.000000e-01 1.343000e-01  1.220909e-01  1.000000e-01 6.268338e-05 8.000000e-04 1.059997e+06 3.180203e+01 2.288802e+01 6.923341e+01 6.304606e-06 8.315602e-06 2.644563e-05 5.494931e-04 2.055791e-03
8.000000e-01 1.343000e-01  1.220909e-01  1.000000e-01 6.435365e-05 8.000000e-04 1.059997e+06 3.180203e+01 2.288802e+01 6.923341e+01 6.408990e-06 8.692328e-06 2.787376e-05 5.791670e-04 2.166808e-03
8.000000e-01 1.343000e-01  1.220909e-01  1.000000e-01 6.606842e-05 8.000000e-04 1.059997e+06 3.180203e+01 2.288802e+01 6.923341e+01 6.524818e-06 9.203275e-06 2.937900e-05 6.104434e-04 2.283821e-03
8.000000e-01 1.343000e-01  1.220909e-01  1.000000e-01 6.782889e-05 8.000000e-04 1.059997e+06 3.180203e+01 2.288802e+01 6.923341e+01 7.104469e-06 9.614551e-06 3.096554e-05 6.434088e-04 2.407152e-03
8.000000e-01 1.343000e-01  1.220909e-01  1.000000e-01 6.963627e-05 8.000000e-04 1.059997e+06 3.180203e+01 2.288802e+01 6.923341e+01 7.646452e-06 1.018103e-05 3.263775e-05 6.781543e-04 2.537144e-03
8.000000e-01 1.343000e-01  1.220909e-01  1.000000e-01 7.149181e-05 8.000000e-04 1.059997e+06 3.180203e+01 2.288802e+01 6.923341e+01 7.863322e-06 1.078447e-05 3.440026e-05 7.147762e-04 2.674156e-03
8.000000e-01 1.343000e-01  1.220909e-01  1.000000e-01 7.339679e-05 8.000000e-04 1.059997e+06 3.180203e+01 2.288802e+01 6.923341e+01 8.446051e-06 1.130330e-05 3.625796e-05 7.533758e-04 2.818566e-03
8.000000e-01 1.343000e-01  1.220909e-01  1.000000e-01 7.535253e-05 8.000000e-04 1.059997e+06 3.180203e+01 2.288802e+01 6.923341e+01 8.784113e-06 1.197585e-05 3.821597e-05 7.940598e-04 2.970775e-03
8.000000e-01 1.343000e-01  1.220909e-01  1.000000e-01 7.736039e-05 8.000000e-04 1.059997e+06 3.180203e+01 2.288802e+01 6.923341e+01 9.380521e-06 1.272412e-05 4.027972e-05 8.369409e-04 3.131204e-03
8.000000e-01 1.343000e-01  1.220909e-01  1.000000e-01 7.942174e-05 8.000000e-04 1.059997e+06 3.180203e+01 2.288802e+01 6.923341e+01 9.704046e-06 1.336672e-05 4.245492e-05 8.821376e-04 3.300296e-03
8.000000e-01 1.343000e-01  1.220909e-01  1.000000e-01 8.153803e-05 8.000000e-04 1.059997e+06 3.180203e+01 2.288802e+01 6.923341e+01 9.998916e-06 1.387950e-05 4.474758e-05 9.297751e-04 3.478520e-03
8.000000e-01 1.343000e-01  1.220909e-01  1.000000e-01 8.371070e-05 8.000000e-04 1.059997e+06 3.180203e+01 2.288802e+01 6.923341e+01 1.075528e-05 1.481870e-05 4.716405e-05 9.799851e-04 3.666368e-03
8.000000e-01 1.343000e-01  1.220909e-01  1.000000e-01 8.594127e-05 8.000000e-04 1.059997e+06 3.180203e+01 2.288802e+01 6.923341e+01 1.194569e-05 1.528639e-05 4.971102e-05 1.032907e-03 3.864360e-03
8.000000e-01 1.343000e-01  1.220909e-01  1.000000e-01 8.823127e-05 8.000000e-04 1.059997e+06 3.180203e+01 2.288802e+01 6.923341e+01 1.266192e-05 1.634793e-05 5.239553e-05 1.088686e-03 4.073045e-03
8.000000e-01 1.343000e-01  1.220909e-01  1.000000e-01 9.058230e-05 8.000000e-04 1.059997e+06 3.180203e+01 2.288802e+01 6.923341e+01 1.288876e-05 1.715360e-05 5.522501e-05 1.147477e-03 4.292999e-03
8.000000e-01 1.343000e-01  1.220909e-01  1.000000e-01 9.299597e-05 8.000000e-04 1.059997e+06 3.180203e+01 2.288802e+01 6.923341e+01 1.298790e-05 1.803226e-05 5.820729e-05 1.209444e-03 4.524830e-03
8.000000e-01 1.343000e-01  1.220909e-01  1.000000e-01 9.547395e-05 8.000000e-04 1.059997e+06 3.180203e+01 2.288802e+01 6.923341e+01 1.455344e-05 1.921521e-05 6.135062e-05 1.274757e-03 4.769182e-03
8.000000e-01 1.343000e-01  1.220909e-01  1.000000e-01 9.801796e-05 8.000000e-04 1.059997e+06 3.180203e+01 2.288802e+01 6.923341e+01 1.535496e-05 2.018948e-05 6.466369e-05 1.343596e-03 5.026729e-03
8.000000e-01 1.343000e-01  1.220909e-01  1.000000e-01 1.006298e-04 8.000000e-04 1.059997e+06 3.180203e+01 2.288802e+01 6.923341e+01 1.588582e-05 2.112036e-05 6.815568e-05 1.416154e-03 5.298184e-03
8.000000e-01 1.343000e-01  1.220909e-01  1.000000e-01 1.033112e-04 8.000000e-04 1.059997e+06 3.180203e+01 2.288802e+01 6.923341e+01 1.662083e-05 2.226193e-05 7.183625e-05 1.492629e-03 5.584298e-03
8.000000e-01 1.343000e-01  1.220909e-01  1.000000e-01 1.060640e-04 8.000000e-04 1.059997e+06 3.180203e+01 2.288802e+01 6.923341e+01 1.736678e-05 2.353968e-05 7.571557e-05 1.573235e-03 5.885863e-03
8.000000e-01 1.343000e-01  1.220909e-01  1.000000e-01 1.088902e-04 8.000000e-04 1.059997e+06 3.180203e+01 2.288802e+01 6.923341e+01 1.765687e-05 2.516296e-05 7.980439e-05 1.658193e-03 6.203713e-03
8.000000e-01 1.343000e-01  1.220909e-01  1.000000e-01 1.117917e-04 8.000000e-04 1.059997e+06 3.180203e+01 2.288802e+01 6.923341e+01 1.932878e-05 2.615900e-05 8.411401e-05 1.747739e-03 6.538728e-03
8.000000e-01 1.343000e-01  1.220909e-01  1.000000e-01 1.147705e-04 8.000000e-04 1.059997e+06 3.180203e+01 2.288802e+01 6.923341e+01 2.002962e-05 2.761781e-05 8.865636e-05 1.842121e-03 6.891834e-03
8.000000e-01 1.343000e-01  1.220909e-01  1.000000e-01 1.178287e-04 8.000000e-04 1.059997e+06 3.180203e+01 2.288802e+01 6.923341e+01 2.199284e-05 2.928186e-05 9.344401e-05 1.941600e-03 7.264009e-03
8.000000e-01 1.343000e-01  1.220909e-01  1.000000e-01 1.209684e-04 8.000000e-04 1.059997e+06 3.180203e+01 2.288802e+01 6.923341e+01 2.286148e-05 3.075457e-05 9.849020e-05 2.046451e-03 7.656282e-03
8.000000e-01 1.343000e-01  1.220909e-01  1.000000e-01 1.241917e-04 8.000000e-04 1.059997e+06 3.180203e+01 2.288802e+01 6.923341e+01 2.328291e-05 3.233475e-05 1.038089e-04 2.156964e-03 8.069739e-03
8.000000e-01 1.343000e-01  1.220909e-01  1.000000e-01 1.275010e-04 8.000000e-04 1.059997e+06 3.180203e+01 2.288802e+01 6.923341e+01 2.533483e-05 3.439024e-05 1.094148e-04 2.273445e-03 8.505524e-03
8.000000e-01 1.343000e-01  1.220909e-01  1.000000e-01 1.308984e-04 8.000000e-04 1.059997e+06 3.180203e+01 2.288802e+01 6.923341e+01 2.588082e-05 3.591547e-05 1.153235e-04 2.396216e-03 8.964842e-03
8.000000e-01 1.343000e-01  1.220909e-01  1.000000e-01 1.343863e-04 8.000000e-04 1.059997e+06 3.180203e+01 2.288802e+01 6.923341e+01 2.837919e-05 3.792877e-05 1.215512e-04 2.525618e-03 9.448964e-03
8.000000e-01 1.343000e-01  1.220909e-01  1.000000e-01 1.379672e-04 8.000000e-04 1.059997e+06 3.180203e+01 2.288802e+01 6.923341e+01 2.947550e-05 4.001705e-05 1.281153e-04 2.662007e-03 9.959230e-03
8.000000e-01 1.343000e-01  1.220909e-01  1.000000e-01 1.416435e-04 8.000000e-04 1.059997e+06 3.180203e+01 2.288802e+01 6.923341e+01 3.045774e-05 4.184019e-05 1.350338e-04 2.805761e-03 1.049705e-02
8.000000e-01 1.343000e-01  1.220909e-01  1.000000e-01 1.454177e-04 8.000000e-04 1.059997e+06 3.180203e+01 2.288802e+01 6.923341e+01 3.255676e-05 4.452915e-05 1.423259e-04 2.957279e-03 1.106392e-02
8.000000e-01 1.343000e-01  1.220909e-01  1.000000e-01 1.492926e-04 8.000000e-04 1.059997e+06 3.180203e+01 2.288801e+01 6.923341e+01 3.448792e-05 4.697470e-05 1.500118e-04 3.116979e-03 1.166139e-02
8.000000e-01 1.343000e-01  1.220909e-01  1.000000e-01 1.532706e-04 8.000000e-04 1.059997e+06 3.180203e+01 2.288801e+01 6.923341e+01 3.463854e-05 4.912508e-05 1.581128e-04 3.285303e-03 1.229114e-02
8.000000e-01 1.343000e-01  1.220909e-01  1.000000e-01 1.573547e-04 8.000000e-04 1.059997e+06 3.180203e+01 2.288801e+01 6.923341e+01 3.928957e-05 5.190029e-05 1.666513e-04 3.462717e-03 1.295489e-02
8.000000e-01 1.343000e-01  1.220909e-01  1.000000e-01 1.615476e-04 8.000000e-04 1.059997e+06 3.180203e+01 2.288801e+01 6.923341e+01 4.038929e-05 5.470600e-05 1.756508e-04 3.649712e-03 1.365448e-02
8.000000e-01 1.343000e-01  1.220909e-01  1.000000e-01 1.658522e-04 8.000000e-04 1.059997e+06 3.180203e+01 2.288801e+01 6.923341e+01 4.441871e-05 5.777129e-05 1.851364e-04 3.846805e-03 1.439185e-02
8.000000e-01 1.343000e-01  1.220909e-01  1.000000e-01 1.702715e-04 8.000000e-04 1.059997e+06 3.180203e+01 2.288801e+01 6.923341e+01 4.475333e-05 6.090933e-05 1.951342e-04 4.054541e-03 1.516905e-02
8.000000e-01 1.343000e-01  1.220909e-01  1.000000e-01 1.748086e-04 8.000000e-04 1.059997e+06 3.180203e+01 2.288801e+01 6.923341e+01 4.692384e-05 6.378369e-05 2.056719e-04 4.273495e-03 1.598821e-02
8.000000e-01 1.343000e-01  1.220909e-01  1.000000e-01 1.794666e-04 8.000000e-04 1.059997e+06 3.180203e+01 2.288801e+01 6.923341e+01 4.972919e-05 6.747236e-05 2.167786e-04 4.504274e-03 1.685161e-02
8.000000e-01 1.343000e-01  1.220909e-01  1.000000e-01 1.842487e-04 8.000000e-04 1.059997e+06 3.180203e+01 2.288801e+01 6.923341e+01 5.028453e-05 7.216208e-05 2.284852e-04 4.747515e-03 1.776164e-02
8.000000e-01 1.343000e-01  1.220909e-01  1.000000e-01 1.891582e-04 8.000000e-04 1.059997e+06 3.180203e+01 2.288801e+01 6.923340e+01 5.660893e-05 7.599761e-05 2.408239e-04 5.003892e-03 1.872081e-02
8.000000e-01 1.343000e-01  1.220909e-01  1.000000e-01 1.941986e-04 8.000000e-04 1.059997e+06 3.180203e+01 2.288801e+01 6.923340e+01 5.722386e-05 7.920735e-05 2.538290e-04 5.274114e-03 1.973177e-02
8.000000e-01 1.343000e-01  1.220909e-01  1.000000e-01 1.993732e-04 8.000000e-04 1.059997e+06 3.180203e+01 2.288801e+01 6.923340e+01 6.131277e-05 8.421550e-05 2.675363e-04 5.558928e-03 2.079733e-02
8.000000e-01 1.343000e-01  1.220909e-01  1.000000e-01 2.046857e-04 8.000000e-04 1.059997e+06 3.180203e+01 2.288801e+01 6.923340e+01 6.559235e-05 8.747097e-05 2.819839e-04 5.859123e-03 2.192044e-02
8.000000e-01 1.343000e-01  1.220909e-01  1.000000e-01 2.101398e-04 8.000000e-04 1.059997e+06 3.180203e+01 2.288801e+01 6.923340e+01 6.618661e-05 9.335478e-05 2.972117e-04 6.175529e-03 2.310419e-02
8.000000e-01 1.343000e-01  1.220909e-01  1.000000e-01 2.157392e-04 8.000000e-04 1.059997e+06 3.180203e+01 2.288801e+01 6.923340e+01 7.383467e-05 9.741098e-05 3.132618e-04 6.509022e-03 2.435187e-02
8.000000e-01 1.343000e-01  1.220909e-01  1.000000e-01 2.214878e-04 8.000000e-04 1.059997e+06 3.180203e+01 2.288801e+01 6.923340e+01 7.585193e-05 1.028087e-04 3.301786e-04 6.860524e-03 2.566693e-02
8.000000e-01 1.343000e-01  1.220909e-01  1.000000e-01 2.273896e-04 8.000000e-04 1.059997e+06 3.180203e+01 2.288801e+01 6.923340e+01 7.996739e-05 1.079693e-04 3.480090e-04 7.231009e-03 2.705300e-02
8.000000e-01 1.343000e-01  1.220909e-01  1.000000e-01 2.334487e-04 8.000000e-04 1.059997e+06 3.180203e+01 2.288801e+01 6.923340e+01 8.412269e-05 1.154353e-04 3.668023e-04 7.621500e-03 2.851393e-02
8.000000e-01 1.343000e-01  1.220909e-01  1.000000e-01 2.396692e-04 8.000000e-04 1.059997e+06 3.180203e+01 2.288801e+01 6.923340e+01 8.813162e-05 1.197112e-04 3.866105e-04 8.033078e-03 3.005374e-02
8.000000e-01 1.343000e-01  1.220909e-01  1.000000e-01 2.460555e-04 8.000000e-04 1.059997e+06 3.180203e+01 2.288801e+01 6.923340e+01 9.418383e-05 1.265297e-04 4.074884e-04 8.466883e-03 3.167672e-02
8.000000e-01 1.343000e-01  1.220909e-01  1.000000e-01 2.526119e-04 8.000000e-04 1.059997e+06 3.180203e+01 2.288801e+01 6.923340e+01 9.947850e-05 1.350254e-04 4.294937e-04 8.924115e-03 3.338733e-02
8.000000e-01 1.343000e-01  1.220909e-01  1.000000e-01 2.593430e-04 8.000000e-04 1.059997e+06 3.180203e+01 2.288800e+01 6.923340e+01 1.057920e-04 1.421966e-04 4.526873e-04 9.406037e-03 3.519033e-02
8.000000e-01 1.343000e-01  1.220909e-01  1.000000e-01 2.662535e-04 8.000000e-04 1.059997e+06 3.180203e+01 2.288800e+01 6.923340e+01 1.102962e-04 1.488047e-04 4.771335e-04 9.913985e-03 3.709068e-02
8.000000e-01 1.343000e-01  1.220909e-01  1.000000e-01 2.733482e-04 8.000000e-04 1.059997e+06 3.180203e+01 2.288800e+01 6.923340e+01 1.143725e-04 1.582814e-04 5.028998e-04 1.044936e-02 3.909367e-02
8.000000e-01 1.343000e-01  1.220909e-01  1.000000e-01 2.806318e-04 8.000000e-04 1.059997e+06 3.180203e+01 2.288800e+01 6.923340e+01 1.184208e-04 1.666365e-04 5.300576e-04 1.101365e-02 4.120482e-02
8.000000e-01 1.343000e-01  1.220909e-01  1.000000e-01 2.881096e-04 8.000000e-04 1.059997e+06 3.180203e+01 2.288800e+01 6.923340e+01 1.259629e-04 1.752181e-04 5.586819e-04 1.160842e-02 4.342997e-02
8.000000e-01 1.343000e-01  1.220909e-01  1.000000e-01 2.957866e-04 8.000000e-04 1.059997e+06 3.180202e+01 2.288800e+01 6.923339e+01 1.413090e-04 1.838149e-04 5.888520e-04 1.223530e-02 4.577529e-02
8.000000e-01 1.343000e-01  1.220909e-01  1.000000e-01 3.036682e-04 8.000000e-04 1.059997e+06 3.180202e+01 2.288800e+01 6.923339e+01 1.428365e-04 1.916672e-04 6.206514e-04 1.289603e-02 4.824726e-02
8.000000e-01 1.343000e-01  1.220909e-01  1.000000e-01 3.117598e-04 8.000000e-04 1.059997e+06 3.180202e+01 2.288800e+01 6.923339e+01 1.496120e-04 2.048132e-04 6.541680e-04 1.359245e-02 5.085273e-02
8.000000e-01 1.343000e-01  1.220909e-01  1.000000e-01 3.200670e-04 8.000000e-04 1.059997e+06 3.180202e+01 2.288800e+01 6.923339e+01 1.547592e-04 2.164578e-04 6.894946e-04 1.432647e-02 5.359889e-02
8.000000e-01 1.343000e-01  1.220909e-01  1.000000e-01 3.285955e-04 8.000000e-04 1.059997e+06 3.180202e+01 2.288799e+01 6.923339e+01 1.679429e-04 2.272402e-04 7.267289e-04 1.510013e-02 5.649335e-02
8.000000e-01 1.343000e-01  1.220909e-01  1.000000e-01 3.373513e-04 8.000000e-04 1.059997e+06 3.180202e+01 2.288799e+01 6.923339e+01 1.725434e-04 2.367273e-04 7.659739e-04 1.591558e-02 5.954413e-02
8.000000e-01 1.343000e-01  1.220909e-01  1.000000e-01 3.463404e-04 8.000000e-04 1.059997e+06 3.180202e+01 2.288799e+01 6.923339e+01 1.801853e-04 2.472297e-04 8.073383e-04 1.677505e-02 6.275965e-02
8.000000e-01 1.343000e-01  1.220909e-01  1.000000e-01 3.555691e-04 8.000000e-04 1.059997e+06 3.180202e+01 2.288799e+01 6.923338e+01 2.019790e-04 2.665133e-04 8.509364e-04 1.768094e-02 6.614881e-02
8.000000e-01 1.343000e-01  1.220909e-01  1.000000e-01 3.650436e-04 8.000000e-04 1.059997e+06 3.180202e+01 2.288799e+01 6.923338e+01 1.995966e-04 2.779353e-04 8.968890e-04 1.863576e-02 6.972100e-02
8.000000e-01 1.343000e-01  1.220909e-01  1.000000e-01 3.747706e-04 8.000000e-04 1.059997e+06 3.180202e+01 2.288799e+01 6.923338e+01 2.257051e-04 2.968377e-04 9.453231e-04 1.964213e-02 7.348610e-02
8.000000e-01 1.343000e-01  1.220909e-01  1.000000e-01 3.847568e-04 8.000000e-04 1.059997e+06 3.180202e+01 2.288799e+01 6.923338e+01 2.244290e-04 3.097211e-04 9.963727e-04 2.070285e-02 7.745452e-02
8.000000e-01 1.343000e-01  1.220909e-01  1.000000e-01 3.950091e-04 8.000000e-04 1.059997e+06 3.180202e+01 2.288798e+01 6.923338e+01 2.488141e-04 3.313154e-04 1.050179e-03 2.182085e-02 8.163724e-02
8.000000e-01 1.343000e-01  1.220909e-01  1.000000e-01 4.055346e-04 8.000000e-04 1.059997e+06 3.180202e+01 2.288798e+01 6.923338e+01 2.550267e-04 3.468587e-04 1.106891e-03 2.299923e-02 8.604584e-02
8.000000e-01 1.343000e-01  1.220909e-01  1.000000e-01 4.163405e-04 8.000000e-04 1.059997e+06 3.180202e+01 2.288798e+01 6.923337e+01 2.641850e-04 3.646896e-04 1.166666e-03 2.424124e-02 9.069252e-02
8.000000e-01 1.343000e-01  1.220909e-01  1.000000e-01 4.274344e-04 8.000000e-04 1.059997e+06 3.180202e+01 2.288798e+01 6.923337e+01 2.827458e-04 3.876680e-04 1.229669e-03 2.555032e-02 9.559012e-02
8.000000e-01 1.343000e-01  1.220909e-01  1.000000e-01 4.388239e-04 8.000000e-04 1.059997e+06 3.180202e+01 2.288798e+01 6.923337e+01 2.987207e-04 4.075939e-04 1.296074e-03 2.693010e-02 1.007522e-01
8.000000e-01 1.343000e-01  1.220909e-01  1.000000e-01 4.505168e-04 8.000000e-04 1.059997e+06 3.180202e+01 2.288797e+01 6.923337e+01 3.033697e-04 4.218612e-04 1.366065e-03 2.838439e-02 1.061931e-01
