3.000000e-02 7.444000e-02  6.767273e-02  1.000000e-01 2.000000e-06 8.000000e-04 3.944744e+01 3.179997e+01 2.271945e+01 6.917788e+01 4.429499e-02 1.432691e+00 1.321120e+00 5.377987e+00 8.043623e+01
3.000000e-02 7.444000e-02  6.767273e-02  1.000000e-01 2.053292e-06 8.000000e-04 3.944744e+01 3.179976e+01 2.271617e+01 6.917758e+01 4.736498e-02 1.508316e+00 1.392463e+00 5.668411e+00 8.477998e+01
3.000000e-02 7.444000e-02  6.767273e-02  1.000000e-01 2.108005e-06 8.000000e-04 3.944744e+01 3.179981e+01 2.270719e+01 6.917509e+01 4.948033e-02 1.608668e+00 1.467660e+00 5.974518e+00 8.935829e+01
3.000000e-02 7.444000e-02  6.767273e-02  1.000000e-01 2.164175e-06 8.000000e-04 3.944744e+01 3.179962e+01 2.269191e+01 6.916899e+01 5.096569e-02 1.678121e+00 1.546917e+00 6.297156e+00 9.418385e+01
3.000000e-02 7.444000e-02  6.767273e-02  1.000000e-01 2.221842e-06 8.000000e-04 3.944744e+01 3.179947e+01 2.268758e+01 6.916857e+01 5.478947e-02 1.773678e+00 1.630454e+00 6.637217e+00 9.926999e+01
3.000000e-02 7.444000e-02  6.767273e-02  1.000000e-01 2.281045e-06 8.000000e-04 3.944744e+01 3.179932e+01 2.267448e+01 6.916530e+01 5.835456e-02 1.868093e+00 1.718502e+00 6.995642e+00 1.046308e+02
3.000000e-02 7.444000e-02  6.767273e-02  1.000000e-01 2.341826e-06 8.000000e-04 3.944744e+01 3.179903e+01 2.265370e+01 6.915861e+01 6.105049e-02 1.987600e+00 1.811305e+00 7.373423e+00 1.102811e+02
3.000000e-02 7.444000e-02  6.767273e-02  1.000000e-01 2.404227e-06 8.000000e-04 3.944744e+01 3.179885e+01 2.265637e+01 6.915830e+01 6.410721e-02 2.087420e+00 1.909120e+00 7.771605e+00 1.162365e+02
3.000000e-02 7.444000e-02  6.767273e-02  1.000000e-01 2.468290e-06 8.000000e-04 3.944744e+01 3.179862e+01 2.264413e+01 6.915506e+01 6.847011e-02 2.168727e+00 2.012217e+00 8.191289e+00 1.225136e+02
3.000000e-02 7.444000e-02  6.767273e-02  1.000000e-01 2.534061e-06 8.000000e-04 3.944744e+01 3.179857e+01 2.262841e+01 6.915163e+01 7.068483e-02 2.319147e+00 2.120881e+00 8.633638e+00 1.291296e+02
3.000000e-02 7.444000e-02  6.767273e-02  1.000000e-01 2.601584e-06 8.000000e-04 3.944744e+01 3.179834e+01 2.260816e+01 6.914216e+01 7.403413e-02 2.417726e+00 2.235413e+00 9.099874e+00 1.361029e+02
3.000000e-02 7.444000e-02  6.767273e-02  1.000000e-01 2.670906e-06 8.000000e-04 3.944744e+01 3.179822e+01 2.260786e+01 6.914354e+01 7.847952e-02 2.523632e+00 2.356131e+00 9.591289e+00 1.434528e+02
3.000000e-02 7.444000e-02  6.767273e-02  1.000000e-01 2.742075e-06 8.000000e-04 3.944744e+01 3.179745e+01 2.257193e+01 6.913596e+01 8.580223e-02 2.716899e+00 2.483367e+00 1.010924e+01 1.511995e+02
3.000000e-02 7.444000e-02  6.767273e-02  1.000000e-01 2.815141e-06 8.000000e-04 3.944744e+01 3.179787e+01 2.256839e+01 6.913194e+01 8.944643e-02 2.814096e+00 2.617475e+00 1.065516e+01 1.593647e+02
3.000000e-02 7.444000e-02  6.767273e-02  1.000000e-01 2.890154e-06 8.000000e-04 3.944744e+01 3.179741e+01 2.254659e+01 6.912980e+01 9.258464e-02 3.001912e+00 2.758825e+00 1.123057e+01 1.679707e+02
3.000000e-02 7.444000e-02  6.767273e-02  1.000000e-01 2.967165e-06 8.000000e-04 3.944744e+01 3.179721e+01 2.253275e+01 6.912193e+01 1.003838e-01 3.157844e+00 2.907808e+00 1.183704e+01 1.770415e+02
3.000000e-02 7.444000e-02  6.767273e-02  1.000000e-01 3.046229e-06 8.000000e-04 3.944744e+01 3.179710e+01 2.250949e+01 6.911889e+01 1.044992e-01 3.303539e+00 3.064836e+00 1.247627e+01 1.866022e+02
3.000000e-02 7.444000e-02  6.767273e-02  1.000000e-01 3.127399e-06 8.000000e-04 3.944744e+01 3.179724e+01 2.249568e+01 6.911331e+01 1.070639e-01 3.485593e+00 3.230344e+00 1.315002e+01 1.966791e+02
3.000000e-02 7.444000e-02  6.767273e-02  1.000000e-01 3.210732e-06 8.000000e-04 3.944744e+01 3.179643e+01 2.248275e+01 6.910363e+01 1.136048e-01 3.746293e+00 3.404790e+00 1.386015e+01 2.073003e+02
3.000000e-02 7.444000e-02  6.767273e-02  1.000000e-01 3.296286e-06 8.000000e-04 3.944744e+01 3.179604e+01 2.245119e+01 6.909558e+01 1.209720e-01 3.880894e+00 3.588657e+00 1.460863e+01 2.184950e+02
3.000000e-02 7.444000e-02  6.767273e-02  1.000000e-01 3.384119e-06 8.000000e-04 3.944744e+01 3.179604e+01 2.242616e+01 6.909632e+01 1.255861e-01 4.110041e+00 3.782453e+00 1.539753e+01 2.302942e+02
3.000000e-02 7.444000e-02  6.767273e-02  1.000000e-01 3.474293e-06 8.000000e-04 3.944744e+01 3.179543e+01 2.241014e+01 6.908937e+01 1.384674e-01 4.297424e+00 3.986714e+00 1.622903e+01 2.427306e+02
3.000000e-02 7.444000e-02  6.767273e-02  1.000000e-01 3.566869e-06 8.000000e-04 3.944744e+01 3.179441e+01 2.237719e+01 6.907238e+01 1.512524e-01 4.604994e+00 4.202006e+00 1.710544e+01 2.558386e+02
3.000000e-02 7.444000e-02  6.767273e-02  1.000000e-01 3.661913e-06 8.000000e-04 3.944744e+01 3.179451e+01 2.235611e+01 6.907480e+01 1.489484e-01 4.881525e+00 4.428924e+00 1.802917e+01 2.696545e+02
3.000000e-02 7.444000e-02  6.767273e-02  1.000000e-01 3.759488e-06 8.000000e-04 3.944744e+01 3.179469e+01 2.231491e+01 6.906318e+01 1.590494e-01 5.105434e+00 4.668096e+00 1.900279e+01 2.842165e+02
3.000000e-02 7.444000e-02  6.767273e-02  1.000000e-01 3.859664e-06 8.000000e-04 3.944744e+01 3.179416e+01 2.228711e+01 6.905604e+01 1.667743e-01 5.311349e+00 4.920184e+00 2.002898e+01 2.995648e+02
3.000000e-02 7.444000e-02  6.767273e-02  1.000000e-01 3.962510e-06 8.000000e-04 3.944744e+01 3.179388e+01 2.226168e+01 6.905032e+01 1.704690e-01 5.656276e+00 5.185885e+00 2.111059e+01 3.157420e+02
3.000000e-02 7.444000e-02  6.767273e-02  1.000000e-01 4.068095e-06 8.000000e-04 3.944744e+01 3.179362e+01 2.223509e+01 6.904280e+01 1.845343e-01 5.972241e+00 5.465935e+00 2.225061e+01 3.327928e+02
3.000000e-02 7.444000e-02  6.767273e-02  1.000000e-01 4.176494e-06 8.000000e-04 3.944744e+01 3.179335e+01 2.218920e+01 6.903017e+01 1.953880e-01 6.281501e+00 5.761108e+00 2.345220e+01 3.507644e+02
3.000000e-02 7.444000e-02  6.767273e-02  1.000000e-01 4.287782e-06 8.000000e-04 3.944744e+01 3.179251e+01 2.214119e+01 6.902474e+01 2.046433e-01 6.699020e+00 6.072221e+00 2.471867e+01 3.697065e+02
3.000000e-02 7.444000e-02  6.767273e-02  1.000000e-01 4.402035e-06 8.000000e-04 3.944744e+01 3.179196e+01 2.211795e+01 6.901171e+01 2.164831e-01 6.943714e+00 6.400135e+00 2.605354e+01 3.896715e+02
3.000000e-02 7.444000e-02  6.767273e-02  1.000000e-01 4.519332e-06 8.000000e-04 3.944744e+01 3.179144e+01 2.208057e+01 6.900258e+01 2.311556e-01 7.423831e+00 6.745757e+00 2.746049e+01 4.107146e+02
3.000000e-02 7.444000e-02  6.767273e-02  1.000000e-01 4.639755e-06 8.000000e-04 3.944744e+01 3.179054e+01 2.203922e+01 6.899302e+01 2.412270e-01 7.706503e+00 7.110043e+00 2.894342e+01 4.328942e+02
3.000000e-02 7.444000e-02  6.767273e-02  1.000000e-01 4.763386e-06 8.000000e-04 3.944744e+01 3.179004e+01 2.198148e+01 6.897679e+01 2.548853e-01 8.098058e+00 7.494002e+00 3.050643e+01 4.562715e+02
3.000000e-02 7.444000e-02  6.767273e-02  1.000000e-01 4.890312e-06 8.000000e-04 3.944744e+01 3.178919e+01 2.194500e+01 6.897094e+01 2.633391e-01 8.704546e+00 7.898696e+00 3.215384e+01 4.809112e+02
3.000000e-02 7.444000e-02  6.767273e-02  1.000000e-01 5.020620e-06 8.000000e-04 3.944744e+01 3.178864e+01 2.189653e+01 6.895668e+01 2.782574e-01 9.088809e+00 8.325243e+00 3.389023e+01 5.068815e+02
3.000000e-02 7.444000e-02  6.767273e-02  1.000000e-01 5.154400e-06 8.000000e-04 3.944744e+01 3.178855e+01 2.184236e+01 6.895632e+01 2.956519e-01 9.600946e+00 8.774826e+00 3.572038e+01 5.342543e+02
3.000000e-02 7.444000e-02  6.767273e-02  1.000000e-01 5.291745e-06 8.000000e-04 3.944744e+01 3.178628e+01 2.179739e+01 6.895071e+01 3.229459e-01 1.012683e+01 9.248687e+00 3.764936e+01 5.631052e+02
3.000000e-02 7.444000e-02  6.767273e-02  1.000000e-01 5.432750e-06 8.000000e-04 3.944744e+01 3.178584e+01 2.172879e+01 6.891864e+01 3.266499e-01 1.076430e+01 9.748137e+00 3.968251e+01 5.935142e+02
3.000000e-02 7.444000e-02  6.767273e-02  1.000000e-01 5.577512e-06 8.000000e-04 3.944744e+01 3.178483e+01 2.168126e+01 6.889864e+01 3.484088e-01 1.121482e+01 1.027456e+01 4.182546e+01 6.255654e+02
3.000000e-02 7.444000e-02  6.767273e-02  1.000000e-01 5.726131e-06 8.000000e-04 3.944744e+01 3.178493e+01 2.158145e+01 6.891722e+01 3.582293e-01 1.196163e+01 1.082941e+01 4.408413e+01 6.593473e+02
3.000000e-02 7.444000e-02  6.767273e-02  1.000000e-01 5.878710e-06 8.000000e-04 3.944744e+01 3.178336e+01 2.157926e+01 6.890406e+01 3.831961e-01 1.246567e+01 1.141422e+01 4.646478e+01 6.949536e+02
3.000000e-02 7.444000e-02  6.767273e-02  1.000000e-01 6.035355e-06 8.000000e-04 3.944744e+01 3.178495e+01 2.148537e+01 6.890504e+01 4.052884e-01 1.311106e+01 1.203062e+01 4.897398e+01 7.324827e+02
3.000000e-02 7.444000e-02  6.767273e-02  1.000000e-01 6.196174e-06 8.000000e-04 3.944744e+01 3.178012e+01 2.141026e+01 6.888309e+01 4.253209e-01 1.375519e+01 1.268030e+01 5.161869e+01 7.720385e+02
3.000000e-02 7.444000e-02  6.767273e-02  1.000000e-01 6.361278e-06 8.000000e-04 3.944744e+01 3.178104e+01 2.136482e+01 6.887150e+01 4.391142e-01 1.450520e+01 1.336506e+01 5.440622e+01 8.137303e+02
3.000000e-02 7.444000e-02  6.767273e-02  1.000000e-01 6.530782e-06 8.000000e-04 3.944744e+01 3.177813e+01 2.130504e+01 6.886528e+01 4.868618e-01 1.518146e+01 1.408681e+01 5.734428e+01 8.576737e+02
3.000000e-02 7.444000e-02  6.767273e-02  1.000000e-01 6.704802e-06 8.000000e-04 3.944744e+01 3.177906e+01 2.122506e+01 6.885704e+01 4.986727e-01 1.589554e+01 1.484753e+01 6.044100e+01 9.039900e+02
3.000000e-02 7.444000e-02  6.767273e-02  1.000000e-01 6.883459e-06 8.000000e-04 3.944744e+01 3.177687e+01 2.110729e+01 6.883493e+01 5.160468e-01 1.722028e+01 1.564933e+01 6.370496e+01 9.528076e+02
3.000000e-02 7.444000e-02  6.767273e-02  1.000000e-01 7.066877e-06 8.000000e-04 3.944744e+01 3.177651e+01 2.110214e+01 6.885559e+01 5.488955e-01 1.770304e+01 1.649443e+01 6.714517e+01 1.004261e+03
3.000000e-02 7.444000e-02  6.767273e-02  1.000000e-01 7.255182e-06 8.000000e-04 3.944744e+01 3.177422e+01 2.098105e+01 6.888942e+01 5.953292e-01 1.903180e+01 1.738517e+01 7.077117e+01 1.058494e+03
3.000000e-02 7.444000e-02  6.767273e-02  1.000000e-01 7.448504e-06 8.000000e-04 3.944744e+01 3.177010e+01 2.090036e+01 6.882569e+01 6.265896e-01 1.996545e+01 1.832400e+01 7.459297e+01 1.115655e+03
3.000000e-02 7.444000e-02  6.767273e-02  1.000000e-01 7.646978e-06 8.000000e-04 3.944744e+01 3.177261e+01 2.076962e+01 6.886450e+01 6.516337e-01 2.115524e+01 1.931354e+01 7.862117e+01 1.175903e+03
3.000000e-02 7.444000e-02  6.767273e-02  1.000000e-01 7.850741e-06 8.000000e-04 3.944744e+01 3.176768e+01 2.063785e+01 6.884023e+01 7.149942e-01 2.236738e+01 2.035652e+01 8.286689e+01 1.239404e+03
3.000000e-02 7.444000e-02  6.767273e-02  1.000000e-01 8.059933e-06 8.000000e-04 3.944744e+01 3.176779e+01 2.053688e+01 6.887676e+01 7.312058e-01 2.317121e+01 2.145582e+01 8.734190e+01 1.306335e+03
3.000000e-02 7.444000e-02  6.767273e-02  1.000000e-01 8.274699e-06 8.000000e-04 3.944744e+01 3.176201e+01 2.043708e+01 6.883168e+01 7.623779e-01 2.487509e+01 2.261448e+01 9.205856e+01 1.376880e+03
3.000000e-02 7.444000e-02  6.767273e-02  1.000000e-01 8.495188e-06 8.000000e-04 3.944744e+01 3.176419e+01 2.031700e+01 6.891206e+01 8.300436e-01 2.622061e+01 2.383572e+01 9.702993e+01 1.451235e+03
3.000000e-02 7.444000e-02  6.767273e-02  1.000000e-01 8.721552e-06 8.000000e-04 3.944744e+01 3.176185e+01 2.023857e+01 6.889195e+01 8.530933e-01 2.749834e+01 2.512290e+01 1.022698e+02 1.529605e+03
3.000000e-02 7.444000e-02  6.767273e-02  1.000000e-01 8.953948e-06 8.000000e-04 3.944744e+01 3.176286e+01 2.008309e+01 6.895285e+01 8.721436e-01 2.866299e+01 2.647959e+01 1.077926e+02 1.612207e+03
3.000000e-02 7.444000e-02  6.767273e-02  1.000000e-01 9.192536e-06 8.000000e-04 3.944744e+01 3.175808e+01 1.993249e+01 6.895899e+01 9.592900e-01 3.046193e+01 2.790955e+01 1.136136e+02 1.699270e+03
3.000000e-02 7.444000e-02  6.767273e-02  1.000000e-01 9.437481e-06 8.000000e-04 3.944744e+01 3.175344e+01 1.993082e+01 6.889085e+01 9.699472e-01 3.207192e+01 2.941673e+01 1.197490e+02 1.791035e+03
3.000000e-02 7.444000e-02  6.767273e-02  1.000000e-01 9.688954e-06 8.000000e-04 3.944744e+01 3.175276e+01 1.978637e+01 6.905682e+01 9.922940e-01 3.379810e+01 3.100531e+01 1.262158e+02 1.887755e+03
3.000000e-02 7.444000e-02  6.767273e-02  1.000000e-01 9.947127e-06 8.000000e-04 3.944744e+01 3.174995e+01 1.952322e+01 6.913065e+01 1.109064e+00 3.594742e+01 3.267966e+01 1.330317e+02 1.989698e+03
3.000000e-02 7.444000e-02  6.767273e-02  1.000000e-01 1.021218e-05 8.000000e-04 3.944744e+01 3.175056e+01 1.947550e+01 6.909782e+01 1.157184e+00 3.754813e+01 3.444444e+01 1.402157e+02 2.097146e+03
3.000000e-02 7.444000e-02  6.767273e-02  1.000000e-01 1.048430e-05 8.000000e-04 3.944744e+01 3.174155e+01 1.933628e+01 6.921709e+01 1.251564e+00 3.961279e+01 3.630452e+01 1.477877e+02 2.210397e+03
3.000000e-02 7.444000e-02  6.767273e-02  1.000000e-01 1.076366e-05 8.000000e-04 3.944744e+01 3.173961e+01 1.919647e+01 6.926899e+01 1.284449e+00 4.202251e+01 3.826505e+01 1.557686e+02 2.329763e+03
3.000000e-02 7.444000e-02  6.767273e-02  1.000000e-01 1.105047e-05 8.000000e-04 3.944744e+01 3.173550e+01 1.908263e+01 6.938189e+01 1.397186e+00 4.385073e+01 4.033145e+01 1.641804e+02 2.455576e+03
3.000000e-02 7.444000e-02  6.767273e-02  1.000000e-01 1.134492e-05 8.000000e-04 3.944744e+01 3.173162e+01 1.892995e+01 6.942128e+01 1.445869e+00 4.589695e+01 4.250944e+01 1.730465e+02 2.588183e+03
3.000000e-02 7.444000e-02  6.767273e-02  1.000000e-01 1.164722e-05 8.000000e-04 3.944744e+01 3.172560e+01 1.872878e+01 6.966411e+01 1.561015e+00 4.905229e+01 4.480505e+01 1.823915e+02 2.727950e+03
3.000000e-02 7.444000e-02  6.767273e-02  1.000000e-01 1.195758e-05 8.000000e-04 3.944744e+01 3.172089e+01 1.862609e+01 6.972226e+01 1.601889e+00 5.105120e+01 4.722463e+01 1.922410e+02 2.875266e+03
3.000000e-02 7.444000e-02  6.767273e-02  1.000000e-01 1.227620e-05 8.000000e-04 3.944744e+01 3.172423e+01 1.853420e+01 6.969856e+01 1.687931e+00 5.423745e+01 4.977486e+01 2.026225e+02 3.030537e+03
3.000000e-02 7.444000e-02  6.767273e-02  1.000000e-01 1.260331e-05 8.000000e-04 3.944744e+01 3.172135e+01 1.840483e+01 6.995604e+01 1.734317e+00 5.715817e+01 5.246282e+01 2.135646e+02 3.194193e+03
3.000000e-02 7.444000e-02  6.767273e-02  1.000000e-01 1.293914e-05 8.000000e-04 3.944744e+01 3.171216e+01 1.821171e+01 7.015872e+01 1.871698e+00 6.043571e+01 5.529594e+01 2.250975e+02 3.366687e+03
3.000000e-02 7.444000e-02  6.767273e-02  1.000000e-01 1.328392e-05 8.000000e-04 3.944744e+01 3.171786e+01 1.816529e+01 7.034165e+01 1.957616e+00 6.307628e+01 5.828204e+01 2.372533e+02 3.548496e+03
3.000000e-02 7.444000e-02  6.767273e-02  1.000000e-01 1.363789e-05 8.000000e-04 3.944744e+01 3.170916e+01 1.801194e+01 7.047290e+01 1.987689e+00 6.670498e+01 6.142941e+01 2.500656e+02 3.740123e+03
3.000000e-02 7.444000e-02  6.767273e-02  1.000000e-01 1.400128e-05 8.000000e-04 3.944744e+01 3.168925e+01 1.787980e+01 7.063730e+01 2.270609e+00 7.007764e+01 6.474674e+01 2.635697e+02 3.942098e+03
3.000000e-02 7.444000e-02  6.767273e-02  1.000000e-01 1.437436e-05 8.000000e-04 3.944744e+01 3.169462e+01 1.778957e+01 7.090115e+01 2.295514e+00 7.430456e+01 6.824321e+01 2.778030e+02 4.154980e+03
3.000000e-02 7.444000e-02  6.767273e-02  1.000000e-01 1.475738e-05 8.000000e-04 3.944744e+01 3.169062e+01 1.765237e+01 7.122656e+01 2.494664e+00 7.889232e+01 7.192850e+01 2.928051e+02 4.379359e+03
3.000000e-02 7.444000e-02  6.767273e-02  1.000000e-01 1.515061e-05 8.000000e-04 3.944744e+01 3.167817e+01 1.749899e+01 7.159748e+01 2.592998e+00 8.282436e+01 7.581281e+01 3.086172e+02 4.615854e+03
3.000000e-02 7.444000e-02  6.767273e-02  1.000000e-01 1.555432e-05 8.000000e-04 3.944744e+01 3.167584e+01 1.742033e+01 7.219724e+01 2.727652e+00 8.697990e+01 7.990688e+01 3.252832e+02 4.865121e+03
3.000000e-02 7.444000e-02  6.767273e-02  1.000000e-01 1.596878e-05 8.000000e-04 3.944744e+01 3.166684e+01 1.732767e+01 7.272634e+01 2.833564e+00 9.169442e+01 8.422203e+01 3.428493e+02 5.127849e+03
3.000000e-02 7.444000e-02  6.767273e-02  1.000000e-01 1.639429e-05 8.000000e-04 3.944744e+01 3.164970e+01 1.740332e+01 7.314958e+01 3.000998e+00 9.670533e+01 8.877022e+01 3.613639e+02 5.404765e+03
3.000000e-02 7.444000e-02  6.767273e-02  1.000000e-01 1.683113e-05 8.000000e-04 3.944744e+01 3.165053e+01 1.734431e+01 7.358813e+01 3.143629e+00 1.020994e+02 9.356401e+01 3.808784e+02 5.696634e+03
3.000000e-02 7.444000e-02  6.767273e-02  1.000000e-01 1.727962e-05 8.000000e-04 3.944744e+01 3.163610e+01 1.730444e+01 7.428288e+01 3.360939e+00 1.073010e+02 9.861669e+01 4.014467e+02 6.004266e+03
3.000000e-02 7.444000e-02  6.767273e-02  1.000000e-01 1.774005e-05 8.000000e-04 3.944744e+01 3.162416e+01 1.724812e+01 7.472629e+01 3.540371e+00 1.146285e+02 1.039422e+02 4.231258e+02 6.328510e+03
3.000000e-02 7.444000e-02  6.767273e-02  1.000000e-01 1.821276e-05 8.000000e-04 3.944744e+01 3.163520e+01 1.737881e+01 7.569297e+01 3.677370e+00 1.189916e+02 1.095553e+02 4.459756e+02 6.670264e+03
3.000000e-02 7.444000e-02  6.767273e-02  1.000000e-01 1.869805e-05 8.000000e-04 3.944744e+01 3.161968e+01 1.744724e+01 7.656240e+01 3.919505e+00 1.275664e+02 1.154716e+02 4.700593e+02 7.030474e+03
3.000000e-02 7.444000e-02  6.767273e-02  1.000000e-01 1.919629e-05 8.000000e-04 3.944744e+01 3.160501e+01 1.743962e+01 7.697434e+01 4.094091e+00 1.319401e+02 1.217073e+02 4.954436e+02 7.410136e+03
3.000000e-02 7.444000e-02  6.767273e-02  1.000000e-01 1.970779e-05 8.000000e-04 3.944744e+01 3.158396e+01 1.778717e+01 7.858462e+01 4.373015e+00 1.407567e+02 1.282798e+02 5.221987e+02 7.810300e+03
3.000000e-02 7.444000e-02  6.767273e-02  1.000000e-01 2.023293e-05 8.000000e-04 3.944744e+01 3.159329e+01 1.778230e+01 7.846407e+01 4.393502e+00 1.457272e+02 1.352072e+02 5.503986e+02 8.232074e+03
3.000000e-02 7.444000e-02  6.767273e-02  1.000000e-01 2.077206e-05 8.000000e-04 3.944744e+01 3.156197e+01 1.790818e+01 7.954285e+01 4.922406e+00 1.566096e+02 1.425087e+02 5.801214e+02 8.676626e+03
3.000000e-02 7.444000e-02  6.767273e-02  1.000000e-01 2.132555e-05 8.000000e-04 3.944744e+01 3.156225e+01 1.815065e+01 8.064705e+01 5.241422e+00 1.628311e+02 1.502045e+02 6.114493e+02 9.145183e+03
3.000000e-02 7.444000e-02  6.767273e-02  1.000000e-01 2.189380e-05 8.000000e-04 3.944744e+01 3.156347e+01 1.839994e+01 8.173694e+01 5.300112e+00 1.717029e+02 1.583159e+02 6.444690e+02 9.639044e+03
3.000000e-02 7.444000e-02  6.767273e-02  1.000000e-01 2.247718e-05 8.000000e-04 3.944744e+01 3.151897e+01 1.901537e+01 8.375132e+01 5.751464e+00 1.866855e+02 1.668653e+02 6.792718e+02 1.015958e+04
3.000000e-02 7.444000e-02  6.767273e-02  1.000000e-01 2.307611e-05 8.000000e-04 3.944744e+01 3.153917e+01 1.886377e+01 8.353954e+01 5.753421e+00 1.922065e+02 1.758764e+02 7.159540e+02 1.070822e+04
3.000000e-02 7.444000e-02  6.767273e-02  1.000000e-01 2.369100e-05 8.000000e-04 3.944744e+01 3.149703e+01 1.959603e+01 8.590732e+01 6.266192e+00 2.025819e+02 1.853741e+02 7.546172e+02 1.128648e+04
3.000000e-02 7.444000e-02  6.767273e-02  1.000000e-01 2.432228e-05 8.000000e-04 3.944744e+01 3.150386e+01 2.000801e+01 8.714551e+01 6.537932e+00 2.105011e+02 1.953848e+02 7.953683e+02 1.189598e+04
3.000000e-02 7.444000e-02  6.767273e-02  1.000000e-01 2.497037e-05 8.000000e-04 3.944744e+01 3.147424e+01 2.008798e+01 8.735104e+01 6.770643e+00 2.224471e+02 2.059360e+02 8.383200e+02 1.253839e+04
3.000000e-02 7.444000e-02  6.767273e-02  1.000000e-01 2.563574e-05 8.000000e-04 3.944744e+01 3.146993e+01 2.057029e+01 8.888587e+01 7.180966e+00 2.368560e+02 2.170570e+02 8.835912e+02 1.321549e+04
3.000000e-02 7.444000e-02  6.767273e-02  1.000000e-01 2.631883e-05 8.000000e-04 3.944744e+01 3.143166e+01 2.175990e+01 9.205353e+01 7.628636e+00 2.500572e+02 2.287786e+02 9.313072e+02 1.392916e+04
3.000000e-02 7.444000e-02  6.767273e-02  1.000000e-01 2.702013e-05 8.000000e-04 3.944744e+01 3.138646e+01 2.195963e+01 9.258017e+01 8.413720e+00 2.625080e+02 2.411332e+02 9.815999e+02 1.468137e+04
3.000000e-02 7.444000e-02  6.767273e-02  1.000000e-01 2.774011e-05 8.000000e-04 3.944744e+01 3.137985e+01 2.294119e+01 9.505770e+01 8.745285e+00 2.771595e+02 2.541549e+02 1.034609e+03 1.547419e+04
3.000000e-02 7.444000e-02  6.767273e-02  1.000000e-01 2.847928e-05 8.000000e-04 3.944744e+01 3.141146e+01 2.327220e+01 9.601588e+01 8.714860e+00 2.858221e+02 2.678799e+02 1.090480e+03 1.630984e+04
3.000000e-02 7.444000e-02  6.767273e-02  1.000000e-01 2.923814e-05 8.000000e-04 3.944744e+01 3.133923e+01 2.486521e+01 9.987656e+01 9.572451e+00 3.059190e+02 2.823460e+02 1.149368e+03 1.719061e+04
3.000000e-02 7.444000e-02  6.767273e-02  1.000000e-01 3.001722e-05 8.000000e-04 3.944744e+01 3.135716e+01 2.568996e+01 1.016721e+02 9.901940e+00 3.264410e+02 2.975934e+02 1.211437e+03 1.811894e+04
3.000000e-02 7.444000e-02  6.767273e-02  1.000000e-01 3.081707e-05 8.000000e-04 3.944744e+01 3.126886e+01 2.626892e+01 1.030234e+02 1.085307e+01 3.414099e+02 3.136641e+02 1.276857e+03 1.909740e+04
3.000000e-02 7.444000e-02  6.767273e-02  1.000000e-01 3.163822e-05 8.000000e-04 3.944744e+01 3.130190e+01 2.646541e+01 1.033876e+02 1.088113e+01 3.548233e+02 3.306027e+02 1.345810e+03 2.012871e+04
3.000000e-02 7.444000e-02  6.767273e-02  1.000000e-01 3.248126e-05 8.000000e-04 3.944744e+01 3.123328e+01 2.695913e+01 1.044031e+02 1.142196e+01 3.804256e+02 3.484560e+02 1.418487e+03 2.121570e+04
3.000000e-02 7.444000e-02  6.767273e-02  1.000000e-01 3.334676e-05 8.000000e-04 3.944744e+01 3.125053e+01 2.812774e+01 1.068346e+02 1.208681e+01 4.037955e+02 3.672734e+02 1.495089e+03 2.236140e+04
3.000000e-02 7.444000e-02  6.767273e-02  1.000000e-01 3.423532e-05 8.000000e-04 3.944744e+01 3.124361e+01 2.976184e+01 1.103665e+02 1.290034e+01 4.228468e+02 3.871070e+02 1.575827e+03 2.356897e+04
3.000000e-02 7.444000e-02  6.767273e-02  1.000000e-01 3.514756e-05 8.000000e-04 3.944744e+01 3.112613e+01 2.999310e+01 1.107921e+02 1.364952e+01 4.415097e+02 4.080117e+02 1.660925e+03 2.484175e+04
3.000000e-02 7.444000e-02  6.767273e-02  1.000000e-01 3.608411e-05 8.000000e-04 3.944744e+01 3.111376e+01 3.186838e+01 1.150083e+02 1.484305e+01 4.716689e+02 4.300453e+02 1.750619e+03 2.618326e+04
3.000000e-02 7.444000e-02  6.767273e-02  1.000000e-01 3.704561e-05 8.000000e-04 3.944744e+01 3.109771e+01 3.326806e+01 1.178488e+02 1.511241e+01 4.953901e+02 4.532687e+02 1.845157e+03 2.759721e+04
3.000000e-02 7.444000e-02  6.767273e-02  1.000000e-01 3.803273e-05 8.000000e-04 3.944744e+01 3.103136e+01 3.433993e+01 1.198903e+02 1.583532e+01 5.244250e+02 4.777463e+02 1.944800e+03 2.908753e+04
3.000000e-02 7.444000e-02  6.767273e-02  1.000000e-01 3.904616e-05 8.000000e-04 3.944744e+01 3.098191e+01 3.470655e+01 1.203701e+02 1.713421e+01 5.488470e+02 5.035457e+02 2.049823e+03 3.065832e+04
3.000000e-02 7.444000e-02  6.767273e-02  1.000000e-01 4.008659e-05 8.000000e-04 3.944744e+01 3.100046e+01 3.592429e+01 1.229054e+02 1.760523e+01 5.779128e+02 5.307383e+02 2.160518e+03 3.231394e+04
3.000000e-02 7.444000e-02  6.767273e-02  1.000000e-01 4.115474e-05 8.000000e-04 3.944744e+01 3.093201e+01 3.748740e+01 1.263711e+02 1.818741e+01 6.160159e+02 5.593994e+02 2.277191e+03 3.405897e+04
3.000000e-02 7.444000e-02  6.767273e-02  1.000000e-01 4.225136e-05 8.000000e-04 3.944744e+01 3.093017e+01 3.766185e+01 1.265266e+02 1.956145e+01 6.422963e+02 5.896083e+02 2.400165e+03 3.589823e+04
3.000000e-02 7.444000e-02  6.767273e-02  1.000000e-01 4.337719e-05 8.000000e-04 3.944744e+01 3.080281e+01 3.935335e+01 1.296166e+02 2.129776e+01 6.776403e+02 6.214485e+02 2.529779e+03 3.783682e+04
3.000000e-02 7.444000e-02  6.767273e-02  1.000000e-01 4.453303e-05 8.000000e-04 3.944744e+01 3.077427e+01 4.033970e+01 1.317492e+02 2.194558e+01 7.126084e+02 6.550081e+02 2.666393e+03 3.988010e+04
3.000000e-02 7.444000e-02  6.767273e-02  1.000000e-01 4.571966e-05 8.000000e-04 3.944744e+01 3.077401e+01 3.904237e+01 1.286583e+02 2.323430e+01 7.568755e+02 6.903801e+02 2.810385e+03 4.203371e+04
3.000000e-02 7.444000e-02  6.767273e-02  1.000000e-01 4.693791e-05 8.000000e-04 3.944744e+01 3.068113e+01 4.126415e+01 1.327493e+02 2.524763e+01 7.801727e+02 7.276622e+02 2.962152e+03 4.430363e+04
3.000000e-02 7.444000e-02  6.767273e-02  1.000000e-01 4.818863e-05 8.000000e-04 3.944744e+01 3.057932e+01 4.242338e+01 1.350151e+02 2.584149e+01 8.315648e+02 7.669576e+02 3.122115e+03 4.669613e+04
3.000000e-02 7.444000e-02  6.767273e-02  1.000000e-01 4.947267e-05 8.000000e-04 3.944744e+01 3.058484e+01 4.329770e+01 1.369242e+02 2.698454e+01 8.737071e+02 8.083751e+02 3.290717e+03 4.921783e+04
3.000000e-02 7.444000e-02  6.767273e-02  1.000000e-01 5.079093e-05 8.000000e-04 3.944744e+01 3.045376e+01 4.395084e+01 1.382449e+02 2.947854e+01 9.159720e+02 8.520292e+02 3.468423e+03 5.187570e+04
3.000000e-02 7.444000e-02  6.767273e-02  1.000000e-01 5.214431e-05 8.000000e-04 3.944744e+01 3.047988e+01 4.547023e+01 1.417141e+02 3.021653e+01 9.862977e+02 8.980408e+02 3.655726e+03 5.467711e+04
3.000000e-02 7.444000e-02  6.767273e-02  1.000000e-01 5.353375e-05 8.000000e-04 3.944744e+01 3.039535e+01 4.506617e+01 1.396058e+02 3.143379e+01 1.034675e+03 9.465371e+02 3.853143e+03 5.762980e+04
3.000000e-02 7.444000e-02  6.767273e-02  1.000000e-01 5.496022e-05 8.000000e-04 3.944744e+01 3.032994e+01 4.649471e+01 1.424451e+02 3.329594e+01 1.088795e+03 9.976523e+02 4.061222e+03 6.074194e+04
3.000000e-02 7.444000e-02  6.767273e-02  1.000000e-01 5.642470e-05 8.000000e-04 3.944744e+01 3.018644e+01 4.621988e+01 1.418327e+02 3.490629e+01 1.141200e+03 1.051528e+03 4.280537e+03 6.402215e+04
3.000000e-02 7.444000e-02  6.767273e-02  1.000000e-01 5.792820e-05 8.000000e-04 3.944744e+01 3.007553e+01 4.661299e+01 1.421334e+02 3.742476e+01 1.206639e+03 1.108313e+03 4.511696e+03 6.747949e+04
3.000000e-02 7.444000e-02  6.767273e-02  1.000000e-01 5.947176e-05 8.000000e-04 3.944744e+01 3.001507e+01 4.778814e+01 1.439179e+02 3.943354e+01 1.280756e+03 1.168164e+03 4.755338e+03 7.112354e+04
3.000000e-02 7.444000e-02  6.767273e-02  1.000000e-01 6.105646e-05 8.000000e-04 3.944744e+01 2.994209e+01 4.821393e+01 1.449999e+02 4.149984e+01 1.343031e+03 1.231248e+03 5.012137e+03 7.496438e+04
3.000000e-02 7.444000e-02  6.767273e-02  1.000000e-01 6.268338e-05 8.000000e-04 3.944744e+01 2.972042e+01 4.927670e+01 1.468511e+02 4.504457e+01 1.419576e+03 1.297738e+03 5.282804e+03 7.901263e+04
3.000000e-02 7.444000e-02  6.767273e-02  1.000000e-01 6.435365e-05 8.000000e-04 3.944744e+01 2.965665e+01 5.005769e+01 1.489612e+02 4.551587e+01 1.497347e+03 1.367819e+03 5.568088e+03 8.327949e+04
3.000000e-02 7.444000e-02  6.767273e-02  1.000000e-01 6.606842e-05 8.000000e-04 3.944744e+01 2.975573e+01 4.919737e+01 1.460447e+02 4.798906e+01 1.558718e+03 1.441684e+03 5.868778e+03 8.777678e+04
3.000000e-02 7.444000e-02  6.767273e-02  1.000000e-01 6.782889e-05 8.000000e-04 3.944744e+01 2.967831e+01 5.006994e+01 1.486209e+02 5.090438e+01 1.654330e+03 1.519538e+03 6.185705e+03 9.251693e+04
3.000000e-02 7.444000e-02  6.767273e-02  1.000000e-01 6.963627e-05 8.000000e-04 3.944744e+01 2.925350e+01 5.106155e+01 1.489566e+02 5.433115e+01 1.743991e+03 1.601597e+03 6.519748e+03 9.751305e+04
3.000000e-02 7.444000e-02  6.767273e-02  1.000000e-01 7.149181e-05 8.000000e-04 3.944744e+01 2.938670e+01 5.157621e+01 1.504038e+02 5.560468e+01 1.838518e+03 1.688087e+03 6.871829e+03 1.027790e+05
3.000000e-02 7.444000e-02  6.767273e-02  1.000000e-01 7.339679e-05 8.000000e-04 3.944744e+01 2.886485e+01 5.165286e+01 1.504384e+02 6.269377e+01 1.934224e+03 1.779248e+03 7.242924e+03 1.083293e+05
3.000000e-02 7.444000e-02  6.767273e-02  1.000000e-01 7.535253e-05 8.000000e-04 3.944744e+01 2.892535e+01 5.250244e+01 1.513873e+02 6.340759e+01 2.053093e+03 1.875331e+03 7.634058e+03 1.141793e+05
3.000000e-02 7.444000e-02  6.767273e-02  1.000000e-01 7.736039e-05 8.000000e-04 3.944744e+01 2.881434e+01 5.167260e+01 1.498341e+02 6.811563e+01 2.145806e+03 1.976603e+03 8.046315e+03 1.203453e+05
3.000000e-02 7.444000e-02  6.767273e-02  1.000000e-01 7.942174e-05 8.000000e-04 3.944744e+01 2.871671e+01 5.273039e+01 1.524597e+02 6.860947e+01 2.219244e+03 2.083344e+03 8.480835e+03 1.268442e+05
3.000000e-02 7.444000e-02  6.767273e-02  1.000000e-01 8.153803e-05 8.000000e-04 3.944744e+01 2.871033e+01 5.236688e+01 1.509260e+02 7.163789e+01 2.362340e+03 2.195850e+03 8.938820e+03 1.336941e+05
3.000000e-02 7.444000e-02  6.767273e-02  1.000000e-01 8.371070e-05 8.000000e-04 3.944744e+01 2.848705e+01 5.250762e+01 1.490982e+02 7.853094e+01 2.523996e+03 2.314431e+03 9.421536e+03 1.409139e+05
3.000000e-02 7.444000e-02  6.767273e-02  1.000000e-01 8.594127e-05 8.000000e-04 3.944744e+01 2.813437e+01 5.322413e+01 1.516989e+02 8.303687e+01 2.661896e+03 2.439415e+03 9.930321e+03 1.485235e+05
3.000000e-02 7.444000e-02  6.767273e-02  1.000000e-01 8.823127e-05 8.000000e-04 3.944744e+01 2.795994e+01 5.427656e+01 1.550799e+02 8.909923e+01 2.845623e+03 2.571149e+03 1.046658e+04 1.565441e+05
3.000000e-02 7.444000e-02  6.767273e-02  1.000000e-01 9.058230e-05 8.000000e-04 3.944744e+01 2.796906e+01 5.387122e+01 1.535884e+02 9.188234e+01 2.959697e+03 2.709997e+03 1.103180e+04 1.649979e+05
3.000000e-02 7.444000e-02  6.767273e-02  1.000000e-01 9.299597e-05 8.000000e-04 3.944744e+01 2.765733e+01 5.409036e+01 1.534431e+02 9.952427e+01 3.073564e+03 2.856344e+03 1.162754e+04 1.739082e+05
3.000000e-02 7.444000e-02  6.767273e-02  1.000000e-01 9.547395e-05 8.000000e-04 3.944744e+01 2.777954e+01 5.409556e+01 1.512208e+02 9.978007e+01 3.279062e+03 3.010593e+03 1.225546e+04 1.832996e+05
3.000000e-02 7.444000e-02  6.767273e-02  1.000000e-01 9.801796e-05 8.000000e-04 3.944744e+01 2.740736e+01 5.364733e+01 1.513318e+02 1.068881e+02 3.479461e+03 3.173172e+03 1.291728e+04 1.931982e+05
3.000000e-02 7.444000e-02  6.767273e-02  1.000000e-01 1.006298e-04 8.000000e-04 3.944744e+01 2.697094e+01 5.423219e+01 1.498091e+02 1.160289e+02 3.625202e+03 3.344530e+03 1.361484e+04 2.036314e+05
3.000000e-02 7.444000e-02  6.767273e-02  1.000000e-01 1.033112e-04 8.000000e-04 3.944744e+01 2.694603e+01 5.497502e+01 1.535143e+02 1.161221e+02 3.806346e+03 3.525143e+03 1.435008e+04 2.146279e+05
3.000000e-02 7.444000e-02  6.767273e-02  1.000000e-01 1.060640e-04 8.000000e-04 3.944744e+01 2.715801e+01 5.428828e+01 1.523061e+02 1.237927e+02 3.971595e+03 3.715509e+03 1.512501e+04 2.262183e+05
3.000000e-02 7.444000e-02  6.767273e-02  1.000000e-01 1.088902e-04 8.000000e-04 3.944744e+01 2.655210e+01 5.491338e+01 1.515313e+02 1.333816e+02 4.320953e+03 3.916155e+03 1.594180e+04 2.384346e+05
3.000000e-02 7.444000e-02  6.767273e-02  1.000000e-01 1.117917e-04 8.000000e-04 3.944744e+01 2.634847e+01 5.526527e+01 1.511291e+02 1.453792e+02 4.444941e+03 4.127636e+03 1.680269e+04 2.513107e+05
3.000000e-02 7.444000e-02  6.767273e-02  1.000000e-01 1.147705e-04 8.000000e-04 3.944744e+01 2.629029e+01 5.486731e+01 1.510874e+02 1.498713e+02 4.681654e+03 4.350538e+03 1.771008e+04 2.648820e+05
3.000000e-02 7.444000e-02  6.767273e-02  1.000000e-01 1.178287e-04 8.000000e-04 3.944744e+01 2.564077e+01 5.518289e+01 1.505335e+02 1.591219e+02 4.974912e+03 4.585477e+03 1.866646e+04 2.791862e+05
3.000000e-02 7.444000e-02  6.767273e-02  1.000000e-01 1.209684e-04 8.000000e-04 3.944744e+01 2.579502e+01 5.554616e+01 1.480775e+02 1.574395e+02 5.279881e+03 4.833103e+03 1.967450e+04 2.942630e+05
3.000000e-02 7.444000e-02  6.767273e-02  1.000000e-01 1.241917e-04 8.000000e-04 3.944744e+01 2.517836e+01 5.575105e+01 1.481481e+02 1.708020e+02 5.557341e+03 5.094102e+03 2.073696e+04 3.101538e+05
3.000000e-02 7.444000e-02  6.767273e-02  1.000000e-01 1.275010e-04 8.000000e-04 3.944744e+01 2.534867e+01 5.641928e+01 1.489528e+02 1.822591e+02 5.857344e+03 5.369195e+03 2.185681e+04 3.269029e+05
3.000000e-02 7.444000e-02  6.767273e-02  1.000000e-01 1.308984e-04 8.000000e-04 3.944744e+01 2.528475e+01 5.575941e+01 1.497745e+02 1.914041e+02 6.226613e+03 5.659144e+03 2.303713e+04 3.445564e+05
3.000000e-02 7.444000e-02  6.767273e-02  1.000000e-01 1.343863e-04 8.000000e-04 3.944744e+01 2.521010e+01 5.705894e+01 1.488701e+02 2.068556e+02 6.544552e+03 5.964751e+03 2.428118e+04 3.631632e+05
3.000000e-02 7.444000e-02  6.767273e-02  1.000000e-01 1.379672e-04 8.000000e-04 3.944744e+01 2.453643e+01 5.661876e+01 1.490313e+02 2.071689e+02 6.859374e+03 6.286862e+03 2.559242e+04 3.827749e+05
3.000000e-02 7.444000e-02  6.767273e-02  1.000000e-01 1.416435e-04 8.000000e-04 3.944744e+01 2.492915e+01 5.624345e+01 1.479626e+02 2.272951e+02 7.172428e+03 6.626367e+03 2.697447e+04 4.034456e+05
3.000000e-02 7.444000e-02  6.767273e-02  1.000000e-01 1.454177e-04 8.000000e-04 3.944744e+01 2.394345e+01 5.698709e+01 1.467478e+02 2.340789e+02 7.545144e+03 6.984206e+03 2.843116e+04 4.252326e+05
3.000000e-02 7.444000e-02  6.767273e-02  1.000000e-01 1.492926e-04 8.000000e-04 3.944744e+01 2.485168e+01 5.818927e+01 1.474056e+02 2.461095e+02 8.078564e+03 7.361369e+03 2.996651e+04 4.481961e+05
3.000000e-02 7.444000e-02  6.767273e-02  1.000000e-01 1.532706e-04 8.000000e-04 3.944744e+01 2.362462e+01 5.659884e+01 1.484000e+02 2.659301e+02 8.459472e+03 7.758900e+03 3.158477e+04 4.723997e+05
3.000000e-02 7.444000e-02  6.767273e-02  1.000000e-01 1.573547e-04 8.000000e-04 3.944744e+01 2.399206e+01 5.867777e+01 1.460295e+02 2.807277e+02 8.945784e+03 8.177899e+03 3.329042e+04 4.979104e+05
3.000000e-02 7.444000e-02  6.767273e-02  1.000000e-01 1.615476e-04 8.000000e-04 3.944744e+01 2.362759e+01 5.805345e+01 1.465461e+02 2.917021e+02 9.420622e+03 8.619524e+03 3.508818e+04 5.247987e+05
3.000000e-02 7.444000e-02  6.767273e-02  1.000000e-01 1.658522e-04 8.000000e-04 3.944744e+01 2.429461e+01 5.846076e+01 1.454804e+02 3.040432e+02 9.864745e+03 9.084998e+03 3.698302e+04 5.531391e+05
3.000000e-02 7.444000e-02  6.767273e-02  1.000000e-01 1.702715e-04 8.000000e-04 3.944744e+01 2.232047e+01 6.096915e+01 1.432571e+02 3.200602e+02 1.056523e+04 9.575609e+03 3.898019e+04 5.830099e+05
3.000000e-02 7.444000e-02  6.767273e-02  1.000000e-01 1.748086e-04 8.000000e-04 3.944744e+01 2.372603e+01 6.108774e+01 1.458118e+02 3.416650e+02 1.110846e+04 1.009271e+04 4.108521e+04 6.144938e+05
3.000000e-02 7.444000e-02  6.767273e-02  1.000000e-01 1.794666e-04 8.000000e-04 3.944744e+01 2.305894e+01 6.004170e+01 1.421535e+02 3.599356e+02 1.153246e+04 1.063774e+04 4.330391e+04 6.476778e+05
3.000000e-02 7.444000e-02  6.767273e-02  1.000000e-01 1.842487e-04 8.000000e-04 3.944744e+01 2.410215e+01 6.059110e+01 1.460497e+02 3.786348e+02 1.224288e+04 1.121221e+04 4.564242e+04 6.826539e+05
3.000000e-02 7.444000e-02  6.767273e-02  1.000000e-01 1.891582e-04 8.000000e-04 3.944744e+01 2.359465e+01 6.024433e+01 1.426707e+02 3.973561e+02 1.279945e+04 1.181769e+04 4.810721e+04 7.195188e+05
3.000000e-02 7.444000e-02  6.767273e-02  1.000000e-01 1.941986e-04 8.000000e-04 3.944744e+01 2.055977e+01 6.054086e+01 1.406052e+02 4.292352e+02 1.388486e+04 1.245587e+04 5.070511e+04 7.583745e+05
3.000000e-02 7.444000e-02  6.767273e-02  1.000000e-01 1.993732e-04 8.000000e-04 3.944744e+01 2.410373e+01 6.153071e+01 1.415989e+02 4.504244e+02 1.440499e+04 1.312852e+04 5.344331e+04 7.993285e+05
3.000000e-02 7.444000e-02  6.767273e-02  1.000000e-01 2.046857e-04 8.000000e-04 3.944744e+01 2.334933e+01 5.982049e+01 1.399735e+02 4.775266e+02 1.481557e+04 1.383749e+04 5.632937e+04 8.424941e+05
3.000000e-02 7.444000e-02  6.767273e-02  1.000000e-01 2.101398e-04 8.000000e-04 3.944744e+01 2.456619e+01 6.137288e+01 1.365510e+02 5.077471e+02 1.575157e+04 1.458475e+04 5.937129e+04 8.879907e+05
3.000000e-02 7.444000e-02  6.767273e-02  1.000000e-01 2.157392e-04 8.000000e-04 3.944744e+01 2.356493e+01 6.364785e+01 1.374545e+02 5.159451e+02 1.661972e+04 1.537236e+04 6.257747e+04 9.359443e+05
3.000000e-02 7.444000e-02  6.767273e-02  1.000000e-01 2.214878e-04 8.000000e-04 3.944744e+01 2.464220e+01 6.261318e+01 1.369264e+02 5.555491e+02 1.765653e+04 1.620250e+04 6.595680e+04 9.864874e+05
3.000000e-02 7.444000e-02  6.767273e-02  1.000000e-01 2.273896e-04 8.000000e-04 3.944744e+01 2.378985e+01 6.287374e+01 1.361732e+02 5.641443e+02 1.837570e+04 1.707747e+04 6.951862e+04 1.039760e+06
3.000000e-02 7.444000e-02  6.767273e-02  1.000000e-01 2.334487e-04 8.000000e-04 3.944744e+01 2.726502e+01 6.499813e+01 1.473920e+02 6.066263e+02 1.986075e+04 1.799970e+04 7.327279e+04 1.095909e+06
3.000000e-02 7.444000e-02  6.767273e-02  1.000000e-01 2.396692e-04 8.000000e-04 3.944744e+01 2.847352e+01 6.364321e+01 1.304919e+02 6.329210e+02 2.078525e+04 1.897172e+04 7.722969e+04 1.155091e+06
3.000000e-02 7.444000e-02  6.767273e-02  1.000000e-01 2.460555e-04 8.000000e-04 3.944744e+01 2.492028e+01 6.516723e+01 8.558370e+01 6.489710e+02 2.163882e+04 1.999624e+04 8.140027e+04 1.217469e+06
3.000000e-02 7.444000e-02  6.767273e-02  1.000000e-01 2.526119e-04 8.000000e-04 3.944744e+01 3.279277e+01 6.634079e+01 1.262126e+02 7.255735e+02 2.308710e+04 2.107608e+04 8.579607e+04 1.283215e+06
3.000000e-02 7.444000e-02  6.767273e-02  1.000000e-01 2.593430e-04 8.000000e-04 3.944744e+01 2.805460e+01 6.653746e+01 1.227841e+02 7.417362e+02 2.409787e+04 2.221424e+04 9.042926e+04 1.352511e+06
3.000000e-02 7.444000e-02  6.767273e-02  1.000000e-01 2.662535e-04 8.000000e-04 3.944744e+01 3.139139e+01 6.680282e+01 1.267945e+02 7.986147e+02 2.562436e+04 2.341386e+04 9.531265e+04 1.425550e+06
3.000000e-02 7.444000e-02  6.767273e-02  1.000000e-01 2.733482e-04 8.000000e-04 3.944744e+01 3.038433e+01 6.854570e+01 1.256543e+02 8.185202e+02 2.647010e+04 2.467826e+04 1.004597e+05 1.502533e+06
3.000000e-02 7.444000e-02  6.767273e-02  1.000000e-01 2.806318e-04 8.000000e-04 3.944744e+01 3.040845e+01 6.726997e+01 1.170096e+02 8.711886e+02 2.835678e+04 2.601094e+04 1.058848e+05 1.583673e+06
3.000000e-02 7.444000e-02  6.767273e-02  1.000000e-01 2.881096e-04 8.000000e-04 3.944744e+01 3.156769e+01 6.645477e+01 1.204637e+02 9.451042e+02 2.948840e+04 2.741560e+04 1.116028e+05 1.669195e+06
3.000000e-02 7.444000e-02  6.767273e-02  1.000000e-01 2.957866e-04 8.000000e-04 3.944744e+01 3.551349e+01 6.810565e+01 1.143813e+02 9.613757e+02 3.166662e+04 2.889610e+04 1.176296e+05 1.759336e+06
3.000000e-02 7.444000e-02  6.767273e-02  1.000000e-01 3.036682e-04 8.000000e-04 3.944744e+01 3.371849e+01 7.091376e+01 1.094658e+02 1.048680e+03 3.292971e+04 3.045656e+04 1.239819e+05 1.854344e+06
3.000000e-02 7.444000e-02  6.767273e-02  1.000000e-01 3.117598e-04 8.000000e-04 3.944744e+01 3.742398e+01 7.095742e+01 1.094025e+02 1.081575e+03 3.571481e+04 3.210128e+04 1.306772e+05 1.954483e+06
3.000000e-02 7.444000e-02  6.767273e-02  1.000000e-01 3.200670e-04 8.000000e-04 3.944744e+01 3.875710e+01 7.198114e+01 1.179363e+02 1.161543e+03 3.718515e+04 3.383483e+04 1.377341e+05 2.060030e+06
3.000000e-02 7.444000e-02  6.767273e-02  1.000000e-01 3.285955e-04 8.000000e-04 3.944744e+01 4.156339e+01 7.459183e+01 1.189397e+02 1.186280e+03 3.858778e+04 3.566198e+04 1.451721e+05 2.171276e+06
3.000000e-02 7.444000e-02  6.767273e-02  1.000000e-01 3.373513e-04 8.000000e-04 3.944744e+01 4.168543e+01 7.182003e+01 1.117774e+02 1.274154e+03 4.085412e+04 3.758781e+04 1.530117e+05 2.288530e+06
3.000000e-02 7.444000e-02  6.767273e-02  1.000000e-01 3.463404e-04 8.000000e-04 3.944744e+01 4.538935e+01 7.384608e+01 1.105308e+02 1.334663e+03 4.358745e+04 3.961764e+04 1.612747e+05 2.412116e+06
3.000000e-02 7.444000e-02  6.767273e-02  1.000000e-01 3.555691e-04 8.000000e-04 3.944744e+01 4.080359e+01 7.700131e+01 9.916669e+01 1.401352e+03 4.592605e+04 4.175709e+04 1.699839e+05 2.542376e+06
3.000000e-02 7.444000e-02  6.767273e-02  1.000000e-01 3.650436e-04 8.000000e-04 3.944744e+01 4.191723e+01 7.541295e+01 9.204110e+01 1.463648e+03 4.729879e+04 4.401207e+04 1.791634e+05 2.679670e+06
3.000000e-02 7.444000e-02  6.767273e-02  1.000000e-01 3.747706e-04 8.000000e-04 3.944744e+01 4.910789e+01 7.441788e+01 8.431824e+01 1.601766e+03 5.050257e+04 4.638882e+04 1.888386e+05 2.824378e+06
3.000000e-02 7.444000e-02  6.767273e-02  1.000000e-01 3.847568e-04 8.000000e-04 3.944744e+01 5.249900e+01 8.006958e+01 6.496636e+01 1.715662e+03 5.306227e+04 4.889392e+04 1.990364e+05 2.976901e+06
3.000000e-02 7.444000e-02  6.767273e-02  1.000000e-01 3.950091e-04 8.000000e-04 3.944744e+01 4.639472e+01 8.255426e+01 7.922867e+01 1.760361e+03 5.545916e+04 5.153431e+04 2.097848e+05 3.137661e+06
3.000000e-02 7.444000e-02  6.767273e-02  1.000000e-01 4.055346e-04 8.000000e-04 3.944744e+01 4.402503e+01 7.779606e+01 2.747182e+01 1.748659e+03 5.988581e+04 5.431728e+04 2.211137e+05 3.307101e+06
3.000000e-02 7.444000e-02  6.767273e-02  1.000000e-01 4.163405e-04 8.000000e-04 3.944744e+01 4.915492e+01 7.812856e+01 7.089910e+01 1.962216e+03 6.171867e+04 5.725054e+04 2.330543e+05 3.485693e+06
3.000000e-02 7.444000e-02  6.767273e-02  1.000000e-01 4.274344e-04 8.000000e-04 3.944744e+01 4.582853e+01 8.504764e+01 3.918678e+01 2.024415e+03 6.489669e+04 6.034220e+04 2.456398e+05 3.673928e+06
3.000000e-02 7.444000e-02  6.767273e-02  1.000000e-01 4.388239e-04 8.000000e-04 3.944744e+01 5.151316e+01 7.651436e+01 1.481677e+00 2.198184e+03 6.982501e+04 6.360082e+04 2.589049e+05 3.872329e+06
3.000000e-02 7.444000e-02  6.767273e-02  1.000000e-01 4.505168e-04 8.000000e-04 3.944744e+01 5.111710e+01 7.632147e+01 1.098138e+01 2.230772e+03 7.282211e+04 6.703541e+04 2.728864e+05 4.081443e+06
3.000000e-02 7.444000e-02  6.767273e-02  1.000000e-01 4.625214e-04 8.000000e-04 3.944744e+01 4.918632e+01 7.645867e+01 1.000000e+10 2.390524e+03 7.738021e+04 7.065548e+04 2.876228e+05 4.301851e+06
3.000000e-02 7.444000e-02  6.767273e-02  1.000000e-01 4.748458e-04 8.000000e-04 3.944744e+01 5.752138e+01 8.761173e+01 1.798986e+01 2.449914e+03 8.107715e+04 7.447104e+04 3.031551e+05 4.534161e+06
3.000000e-02 7.444000e-02  6.767273e-02  1.000000e-01 4.874986e-04 8.000000e-04 3.944744e+01 5.687643e+01 7.906642e+01 1.000000e+10 2.607985e+03 8.570729e+04 7.849265e+04 3.195262e+05 4.779016e+06
3.000000e-02 7.444000e-02  6.767273e-02  1.000000e-01 5.004886e-04 8.000000e-04 3.944744e+01 5.503139e+01 8.630470e+01 1.000000e+10 2.820591e+03 9.017940e+04 8.273143e+04 3.367814e+05 5.037094e+06
3.000000e-02 7.444000e-02  6.767273e-02  1.000000e-01 5.138247e-04 8.000000e-04 3.944744e+01 6.041810e+01 8.973052e+01 1.000000e+10 2.875751e+03 9.399237e+04 8.719912e+04 3.549684e+05 5.309109e+06
3.000000e-02 7.444000e-02  6.767273e-02  1.000000e-01 5.275161e-04 8.000000e-04 3.944744e+01 4.944975e+01 9.042779e+01 1.666219e+03 3.079819e+03 1.018352e+05 9.190808e+04 3.741375e+05 5.595813e+06
3.000000e-02 7.444000e-02  6.767273e-02  1.000000e-01 5.415724e-04 8.000000e-04 3.944744e+01 4.876227e+01 8.805968e+01 4.994602e+02 3.384070e+03 1.048957e+05 9.687133e+04 3.943418e+05 5.898000e+06
3.000000e-02 7.444000e-02  6.767273e-02  1.000000e-01 5.560032e-04 8.000000e-04 3.944744e+01 6.302165e+01 9.774311e+01 1.000000e+10 3.528197e+03 1.109447e+05 1.021026e+05 4.156371e+05 6.216505e+06
3.000000e-02 7.444000e-02  6.767273e-02  1.000000e-01 5.708185e-04 8.000000e-04 3.944744e+01 5.547055e+01 8.933065e+01 1.000000e+10 3.555635e+03 1.166393e+05 1.076164e+05 4.380825e+05 6.552211e+06
3.000000e-02 7.444000e-02  6.767273e-02  1.000000e-01 5.860287e-04 8.000000e-04 3.944744e+01 5.360949e+01 9.599494e+01 4.572336e+02 3.768718e+03 1.235536e+05 1.134279e+05 4.617400e+05 6.906046e+06
3.000000e-02 7.444000e-02  6.767273e-02  1.000000e-01 6.016441e-04 8.000000e-04 3.944744e+01 5.185728e+01 9.533977e+01 1.609396e+03 3.914390e+03 1.303842e+05 1.195533e+05 4.866750e+05 7.278988e+06
3.000000e-02 7.444000e-02  6.767273e-02  1.000000e-01 6.176756e-04 8.000000e-04 3.944744e+01 4.931211e+01 1.032713e+02 2.529046e+02 4.168979e+03 1.382088e+05 1.260094e+05 5.129566e+05 7.672070e+06
3.000000e-02 7.444000e-02  6.767273e-02  1.000000e-01 6.341342e-04 8.000000e-04 3.944744e+01 5.261606e+01 9.046395e+01 2.773889e+02 4.639242e+03 1.449849e+05 1.328142e+05 5.406574e+05 8.086380e+06
3.000000e-02 7.444000e-02  6.767273e-02  1.000000e-01 6.510315e-04 8.000000e-04 3.944744e+01 5.194777e+01 1.043741e+02 2.802661e+02 4.814396e+03 1.548953e+05 1.399865e+05 5.698542e+05 8.523063e+06
3.000000e-02 7.444000e-02  6.767273e-02  1.000000e-01 6.683790e-04 8.000000e-04 3.944744e+01 6.884663e+01 1.049576e+02 1.000000e+10 5.067873e+03 1.611381e+05 1.475461e+05 6.006276e+05 8.983329e+06
3.000000e-02 7.444000e-02  6.767273e-02  1.000000e-01 6.861887e-04 8.000000e-04 3.944744e+01 5.154689e+01 9.064778e+01 1.996328e+02 5.293285e+03 1.697487e+05 1.555139e+05 6.330629e+05 9.468449e+06
3.000000e-02 7.444000e-02  6.767273e-02  1.000000e-01 7.044730e-04 8.000000e-04 3.944744e+01 4.451828e+01 1.086982e+02 2.099500e+02 5.541772e+03 1.790561e+05 1.639121e+05 6.672498e+05 9.979767e+06
3.000000e-02 7.444000e-02  6.767273e-02  1.000000e-01 7.232445e-04 8.000000e-04 3.944744e+01 5.428852e+01 9.977549e+01 2.847067e+02 5.773391e+03 1.864942e+05 1.727637e+05 7.032828e+05 1.051870e+07
3.000000e-02 7.444000e-02  6.767273e-02  1.000000e-01 7.425162e-04 8.000000e-04 3.944744e+01 5.606432e+01 9.620328e+01 2.010668e+02 6.199265e+03 2.010036e+05 1.820933e+05 7.412618e+05 1.108673e+07
3.000000e-02 7.444000e-02  6.767273e-02  1.000000e-01 7.623014e-04 8.000000e-04 3.944744e+01 5.418778e+01 1.108794e+02 2.744761e+02 6.428349e+03 2.112016e+05 1.919268e+05 7.812916e+05 1.168544e+07
3.000000e-02 7.444000e-02  6.767273e-02  1.000000e-01 7.826138e-04 8.000000e-04 3.944744e+01 4.423892e+01 1.045322e+02 1.925283e+02 6.775158e+03 2.218213e+05 2.022913e+05 8.234832e+05 1.231648e+07
3.000000e-02 7.444000e-02  6.767273e-02  1.000000e-01 8.034674e-04 8.000000e-04 3.944744e+01 5.453068e+01 9.805420e+01 1.814832e+02 7.482537e+03 2.324794e+05 2.132155e+05 8.679532e+05 1.298160e+07
3.000000e-02 7.444000e-02  6.767273e-02  1.000000e-01 8.248767e-04 8.000000e-04 3.944744e+01 5.231795e+01 1.114023e+02 2.167340e+02 7.617175e+03 2.447032e+05 2.247296e+05 9.148247e+05 1.368264e+07
3.000000e-02 7.444000e-02  6.767273e-02  1.000000e-01 8.468565e-04 8.000000e-04 3.944744e+01 5.898011e+01 1.177107e+02 2.682755e+02 8.006096e+03 2.598900e+05 2.368656e+05 9.642273e+05 1.442153e+07
3.000000e-02 7.444000e-02  6.767273e-02  1.000000e-01 8.694220e-04 8.000000e-04 3.944744e+01 5.865639e+01 1.156481e+02 2.300620e+02 8.364912e+03 2.725832e+05 2.496568e+05 1.016298e+06 1.520033e+07
3.000000e-02 7.444000e-02  6.767273e-02  1.000000e-01 8.925887e-04 8.000000e-04 3.944744e+01 5.157102e+01 1.123059e+02 1.945127e+02 8.625793e+03 2.869282e+05 2.631389e+05 1.071180e+06 1.602118e+07
3.000000e-02 7.444000e-02  6.767273e-02  1.000000e-01 9.163728e-04 8.000000e-04 3.944744e+01 5.158377e+01 1.028750e+02 1.813620e+02 9.548994e+03 3.038091e+05 2.773490e+05 1.129027e+06 1.688636e+07
3.000000e-02 7.444000e-02  6.767273e-02  1.000000e-01 9.407906e-04 8.000000e-04 3.944744e+01 4.019941e+01 1.116277e+02 1.949034e+02 9.661353e+03 3.212281e+05 2.923265e+05 1.189997e+06 1.779827e+07
3.000000e-02 7.444000e-02  6.767273e-02  1.000000e-01 9.658591e-04 8.000000e-04 3.944744e+01 4.940200e+01 1.125152e+02 1.830141e+02 1.014364e+04 3.324765e+05 3.081128e+05 1.254259e+06 1.875941e+07
3.000000e-02 7.444000e-02  6.767273e-02  1.000000e-01 9.915955e-04 8.000000e-04 3.944744e+01 5.136661e+01 1.219946e+02 2.062258e+02 1.113342e+04 3.540277e+05 3.247516e+05 1.321992e+06 1.977247e+07
3.000000e-02 7.444000e-02  6.767273e-02  1.000000e-01 1.018018e-03 8.000000e-04 3.944744e+01 5.190782e+01 1.175663e+02 1.944007e+02 1.142600e+04 3.711577e+05 3.422890e+05 1.393383e+06 2.084023e+07
3.000000e-02 7.444000e-02  6.767273e-02  1.000000e-01 1.045144e-03 8.000000e-04 3.944744e+01 5.082542e+01 1.145299e+02 1.956316e+02 1.214929e+04 3.964173e+05 3.607734e+05 1.468629e+06 2.196565e+07
3.000000e-02 7.444000e-02  6.767273e-02  1.000000e-01 1.072993e-03 8.000000e-04 3.944744e+01 5.810835e+01 1.060963e+02 2.180204e+02 1.291826e+04 4.100401e+05 3.802560e+05 1.547938e+06 2.315184e+07
3.000000e-02 7.444000e-02  6.767273e-02  1.000000e-01 1.101584e-03 8.000000e-04 3.944744e+01 4.984166e+01 1.241025e+02 2.289057e+02 1.346594e+04 4.393164e+05 4.007907e+05 1.631530e+06 2.440210e+07
3.000000e-02 7.444000e-02  6.767273e-02  1.000000e-01 1.130937e-03 8.000000e-04 3.944744e+01 5.266400e+01 1.248715e+02 2.070719e+02 1.451475e+04 4.618138e+05 4.224343e+05 1.719637e+06 2.571987e+07
3.000000e-02 7.444000e-02  6.767273e-02  1.000000e-01 1.161072e-03 8.000000e-04 3.944744e+01 5.363810e+01 1.176779e+02 1.978726e+02 1.492545e+04 4.912953e+05 4.452468e+05 1.812501e+06 2.710880e+07
3.000000e-02 7.444000e-02  6.767273e-02  1.000000e-01 1.192010e-03 8.000000e-04 3.944744e+01 5.648436e+01 1.296286e+02 2.229698e+02 1.532569e+04 5.128891e+05 4.692912e+05 1.910381e+06 2.857274e+07
3.000000e-02 7.444000e-02  6.767273e-02  1.000000e-01 1.223773e-03 8.000000e-04 3.944744e+01 5.259000e+01 1.179170e+02 2.023292e+02 1.673336e+04 5.363021e+05 4.946340e+05 2.013546e+06 3.011573e+07
3.000000e-02 7.444000e-02  6.767273e-02  1.000000e-01 1.256382e-03 8.000000e-04 3.944744e+01 4.868066e+01 1.281085e+02 2.122891e+02 1.727879e+04 5.673904e+05 5.213454e+05 2.122282e+06 3.174206e+07
3.000000e-02 7.444000e-02  6.767273e-02  1.000000e-01 1.289860e-03 8.000000e-04 3.944744e+01 5.786576e+01 1.257348e+02 2.073355e+02 1.866521e+04 6.034722e+05 5.494993e+05 2.236890e+06 3.345620e+07
3.000000e-02 7.444000e-02  6.767273e-02  1.000000e-01 1.324229e-03 8.000000e-04 3.944744e+01 5.403665e+01 1.213511e+02 2.164096e+02 1.995133e+04 6.295085e+05 5.791735e+05 2.357688e+06 3.526292e+07
3.000000e-02 7.444000e-02  6.767273e-02  1.000000e-01 1.359515e-03 8.000000e-04 3.944744e+01 5.536315e+01 1.362934e+02 2.317851e+02 2.070495e+04 6.604400e+05 6.104503e+05 2.485008e+06 3.716720e+07
3.000000e-02 7.444000e-02  6.767273e-02  1.000000e-01 1.395741e-03 8.000000e-04 3.944744e+01 6.112755e+01 1.498110e+02 2.514550e+02 2.227970e+04 6.990585e+05 6.434160e+05 2.619205e+06 3.917431e+07
3.000000e-02 7.444000e-02  6.767273e-02  1.000000e-01 1.432932e-03 8.000000e-04 3.944744e+01 5.455336e+01 1.282707e+02 2.211415e+02 2.271738e+04 7.462915e+05 6.781620e+05 2.760648e+06 4.128982e+07
3.000000e-02 7.444000e-02  6.767273e-02  1.000000e-01 1.471114e-03 8.000000e-04 3.944744e+01 5.354817e+01 1.390854e+02 2.275382e+02 2.389399e+04 7.822919e+05 7.147844e+05 2.909729e+06 4.351957e+07
3.000000e-02 7.444000e-02  6.767273e-02  1.000000e-01 1.510314e-03 8.000000e-04 3.944744e+01 5.281944e+01 1.289469e+02 2.307029e+02 2.643654e+04 8.211881e+05 7.533844e+05 3.066862e+06 4.586973e+07
3.000000e-02 7.444000e-02  6.767273e-02  1.000000e-01 1.550558e-03 8.000000e-04 3.944744e+01 5.587757e+01 1.375576e+02 2.387324e+02 2.659956e+04 8.764521e+05 7.940690e+05 3.232479e+06 4.834680e+07
3.000000e-02 7.444000e-02  6.767273e-02  1.000000e-01 1.591874e-03 8.000000e-04 3.944744e+01 5.227301e+01 1.638549e+02 2.711234e+02 2.916342e+04 9.225209e+05 8.369506e+05 3.407041e+06 5.095764e+07
3.000000e-02 7.444000e-02  6.767273e-02  1.000000e-01 1.634292e-03 8.000000e-04 3.944744e+01 5.901222e+01 1.549186e+02 2.540279e+02 2.994327e+04 9.614119e+05 8.821479e+05 3.591029e+06 5.370948e+07
3.000000e-02 7.444000e-02  6.767273e-02  1.000000e-01 1.677839e-03 8.000000e-04 3.944744e+01 6.519120e+01 1.342885e+02 2.362414e+02 3.271096e+04 1.008141e+06 9.297860e+05 3.784953e+06 5.660992e+07
3.000000e-02 7.444000e-02  6.767273e-02  1.000000e-01 1.722547e-03 8.000000e-04 3.944744e+01 5.622154e+01 1.526413e+02 2.474964e+02 3.324083e+04 1.062272e+06 9.799967e+05 3.989350e+06 5.966699e+07
3.000000e-02 7.444000e-02  6.767273e-02  1.000000e-01 1.768447e-03 8.000000e-04 3.944744e+01 5.755242e+01 1.548296e+02 2.552039e+02 3.469310e+04 1.131474e+06 1.032919e+06 4.204784e+06 6.288915e+07
3.000000e-02 7.444000e-02  6.767273e-02  1.000000e-01 1.815569e-03 8.000000e-04 3.944744e+01 5.940937e+01 1.343707e+02 2.319303e+02 3.648919e+04 1.187558e+06 1.088699e+06 4.431853e+06 6.628531e+07
3.000000e-02 7.444000e-02  6.767273e-02  1.000000e-01 1.863947e-03 8.000000e-04 3.944744e+01 7.373736e+01 1.505863e+02 2.839833e+02 3.897265e+04 1.246005e+06 1.147491e+06 4.671184e+06 6.986488e+07
3.000000e-02 7.444000e-02  6.767273e-02  1.000000e-01 1.913614e-03 8.000000e-04 3.944744e+01 5.350514e+01 1.534415e+02 2.564618e+02 4.144922e+04 1.315803e+06 1.209459e+06 4.923439e+06 7.363775e+07
3.000000e-02 7.444000e-02  6.767273e-02  1.000000e-01 1.964605e-03 8.000000e-04 3.944744e+01 7.215647e+01 1.426443e+02 2.735369e+02 4.259556e+04 1.395678e+06 1.274772e+06 5.189316e+06 7.761437e+07
3.000000e-02 7.444000e-02  6.767273e-02  1.000000e-01 2.016954e-03 8.000000e-04 3.944744e+01 5.989320e+01 1.474422e+02 2.522234e+02 4.578107e+04 1.450179e+06 1.343613e+06 5.469552e+06 8.180573e+07
3.000000e-02 7.444000e-02  6.767273e-02  1.000000e-01 2.070698e-03 8.000000e-04 3.944744e+01 7.137204e+01 1.593939e+02 2.788528e+02 4.749279e+04 1.541028e+06 1.416171e+06 5.764921e+06 8.622344e+07
3.000000e-02 7.444000e-02  6.767273e-02  1.000000e-01 2.125874e-03 8.000000e-04 3.944744e+01 6.659276e+01 1.418509e+02 2.569469e+02 4.982422e+04 1.616633e+06 1.492648e+06 6.076241e+06 9.087971e+07
3.000000e-02 7.444000e-02  6.767273e-02  1.000000e-01 2.182521e-03 8.000000e-04 3.944744e+01 7.149741e+01 1.331490e+02 2.532219e+02 5.304047e+04 1.702324e+06 1.573255e+06 6.404373e+06 9.578744e+07
3.000000e-02 7.444000e-02  6.767273e-02  1.000000e-01 2.240677e-03 8.000000e-04 3.944744e+01 8.112966e+01 1.450390e+02 2.651983e+02 5.552080e+04 1.801855e+06 1.658214e+06 6.750224e+06 1.009602e+08
3.000000e-02 7.444000e-02  6.767273e-02  1.000000e-01 2.300382e-03 8.000000e-04 3.944744e+01 8.270596e+01 1.628628e+02 3.034711e+02 5.695281e+04 1.872338e+06 1.747762e+06 7.114753e+06 1.064123e+08
3.000000e-02 7.444000e-02  6.767273e-02  1.000000e-01 2.361679e-03 8.000000e-04 3.944744e+01 8.005645e+01 1.472324e+02 2.777878e+02 6.007681e+04 1.992307e+06 1.842145e+06 7.498967e+06 1.121588e+08
3.000000e-02 7.444000e-02  6.767273e-02  1.000000e-01 2.424609e-03 8.000000e-04 3.944744e+01 5.957793e+01 1.400919e+02 2.537420e+02 6.554278e+04 2.107330e+06 1.941626e+06 7.903930e+06 1.182157e+08
3.000000e-02 7.444000e-02  6.767273e-02  1.000000e-01 2.489215e-03 8.000000e-04 3.944744e+01 5.752393e+01 1.571107e+02 2.860269e+02 6.564501e+04 2.237351e+06 2.046479e+06 8.330762e+06 1.245996e+08
3.000000e-02 7.444000e-02  6.767273e-02  1.000000e-01 2.555544e-03 8.000000e-04 3.944744e+01 8.160196e+01 1.575953e+02 2.774607e+02 7.134822e+04 2.368816e+06 2.156993e+06 8.780644e+06 1.313283e+08
3.000000e-02 7.444000e-02  6.767273e-02  1.000000e-01 2.623639e-03 8.000000e-04 3.944744e+01 8.310432e+01 1.433835e+02 2.827538e+02 7.719164e+04 2.496116e+06 2.273476e+06 9.254820e+06 1.384204e+08
3.000000e-02 7.444000e-02  6.767273e-02  1.000000e-01 2.693549e-03 8.000000e-04 3.944744e+01 8.889690e+01 1.507329e+02 3.214034e+02 7.942681e+04 2.586781e+06 2.396250e+06 9.754604e+06 1.458954e+08
3.000000e-02 7.444000e-02  6.767273e-02  1.000000e-01 2.765322e-03 8.000000e-04 3.944744e+01 8.691411e+01 1.741252e+02 3.227123e+02 8.502226e+04 2.739318e+06 2.525653e+06 1.028138e+07 1.537741e+08
3.000000e-02 7.444000e-02  6.767273e-02  1.000000e-01 2.839008e-03 8.000000e-04 3.944744e+01 1.025630e+02 1.485357e+02 2.855002e+02 9.264194e+04 2.882821e+06 2.662045e+06 1.083660e+07 1.620783e+08
3.000000e-02 7.444000e-02  6.767273e-02  1.000000e-01 2.914657e-03 8.000000e-04 3.944744e+01 8.124072e+01 1.650660e+02 2.918393e+02 9.487540e+04 3.088548e+06 2.805802e+06 1.142180e+07 1.708310e+08
3.000000e-02 7.444000e-02  6.767273e-02  1.000000e-01 2.992321e-03 8.000000e-04 3.944744e+01 8.096192e+01 1.729385e+02 3.435316e+02 1.030869e+05 3.214402e+06 2.957323e+06 1.203861e+07 1.800563e+08
3.000000e-02 7.444000e-02  6.767273e-02  1.000000e-01 3.072056e-03 8.000000e-04 3.944744e+01 7.700132e+01 1.715088e+02 2.923755e+02 1.050628e+05 3.396397e+06 3.117026e+06 1.268872e+07 1.897798e+08
3.000000e-02 7.444000e-02  6.767273e-02  1.000000e-01 3.153914e-03 8.000000e-04 3.944744e+01 9.880437e+01 1.688765e+02 3.282867e+02 1.147264e+05 3.545934e+06 3.285353e+06 1.337395e+07 2.000284e+08
3.000000e-02 7.444000e-02  6.767273e-02  1.000000e-01 3.237955e-03 8.000000e-04 3.944744e+01 9.628920e+01 1.471245e+02 3.081118e+02 1.195957e+05 3.786628e+06 3.462771e+06 1.409618e+07 2.108304e+08
3.000000e-02 7.444000e-02  6.767273e-02  1.000000e-01 3.324234e-03 8.000000e-04 3.944744e+01 8.338051e+01 1.638466e+02 3.397050e+02 1.224734e+05 3.958153e+06 3.649769e+06 1.485741e+07 2.222158e+08
3.000000e-02 7.444000e-02  6.767273e-02  1.000000e-01 3.412813e-03 8.000000e-04 3.944744e+01 9.283390e+01 1.641287e+02 3.339046e+02 1.248295e+05 4.216007e+06 3.846867e+06 1.565974e+07 2.342160e+08
3.000000e-02 7.444000e-02  6.767273e-02  1.000000e-01 3.503751e-03 8.000000e-04 3.944744e+01 1.020919e+02 1.691811e+02 3.469212e+02 1.387765e+05 4.408060e+06 4.054608e+06 1.650541e+07 2.468643e+08
3.000000e-02 7.444000e-02  6.767273e-02  1.000000e-01 3.597114e-03 8.000000e-04 3.944744e+01 9.741444e+01 1.700000e+02 3.469563e+02 1.476308e+05 4.633955e+06 4.273567e+06 1.739675e+07 2.601957e+08
3.000000e-02 7.444000e-02  6.767273e-02  1.000000e-01 3.692963e-03 8.000000e-04 3.944744e+01 9.197282e+01 1.888344e+02 3.328438e+02 1.580158e+05 4.893258e+06 4.504351e+06 1.833622e+07 2.742469e+08
3.000000e-02 7.444000e-02  6.767273e-02  1.000000e-01 3.791367e-03 8.000000e-04 3.944744e+01 8.913161e+01 1.611662e+02 3.255776e+02 1.654064e+05 5.218755e+06 4.747598e+06 1.932642e+07 2.890570e+08
3.000000e-02 7.444000e-02  6.767273e-02  1.000000e-01 3.892393e-03 8.000000e-04 3.944744e+01 1.471745e+02 1.488931e+02 3.321565e+02 1.721855e+05 5.430376e+06 5.003982e+06 2.037010e+07 3.046669e+08
3.000000e-02 7.444000e-02  6.767273e-02  1.000000e-01 3.996112e-03 8.000000e-04 3.944744e+01 1.241082e+02 1.495844e+02 4.240534e+02 1.854017e+05 5.736905e+06 5.274210e+06 2.147015e+07 3.211197e+08
3.000000e-02 7.444000e-02  6.767273e-02  1.000000e-01 4.102593e-03 8.000000e-04 3.944744e+01 1.051329e+02 1.801032e+02 3.746745e+02 1.877388e+05 6.070240e+06 5.559032e+06 2.262959e+07 3.384611e+08
3.000000e-02 7.444000e-02  6.767273e-02  1.000000e-01 4.211913e-03 8.000000e-04 3.944744e+01 7.714878e+01 1.800961e+02 3.167794e+02 1.922217e+05 6.436449e+06 5.859236e+06 2.385165e+07 3.567389e+08
3.000000e-02 7.444000e-02  6.767273e-02  1.000000e-01 4.324145e-03 8.000000e-04 3.944744e+01 1.008078e+02 1.698409e+02 3.385279e+02 1.983502e+05 6.670324e+06 6.175651e+06 2.513971e+07 3.760038e+08
3.000000e-02 7.444000e-02  6.767273e-02  1.000000e-01 4.439368e-03 8.000000e-04 3.944744e+01 9.692656e+01 1.719149e+02 3.311136e+02 2.277543e+05 7.136589e+06 6.509153e+06 2.649733e+07 3.963091e+08
3.000000e-02 7.444000e-02  6.767273e-02  1.000000e-01 4.557661e-03 8.000000e-04 3.944744e+01 1.699839e+02 2.024614e+02 4.461559e+02 2.390217e+05 7.555498e+06 6.860666e+06 2.792826e+07 4.177109e+08
3.000000e-02 7.444000e-02  6.767273e-02  1.000000e-01 4.679107e-03 8.000000e-04 3.944744e+01 1.057007e+02 1.924113e+02 3.782452e+02 2.433797e+05 7.929453e+06 7.231162e+06 2.943646e+07 4.402685e+08
3.000000e-02 7.444000e-02  6.767273e-02  1.000000e-01 4.803788e-03 8.000000e-04 3.944744e+01 1.057619e+02 1.929131e+02 3.957534e+02 2.536784e+05 8.252605e+06 7.621666e+06 3.102612e+07 4.640443e+08
3.000000e-02 7.444000e-02  6.767273e-02  1.000000e-01 4.931792e-03 8.000000e-04 3.944744e+01 9.998460e+01 1.847318e+02 3.462414e+02 2.640554e+05 8.731244e+06 8.033259e+06 3.270162e+07 4.891041e+08
3.000000e-02 7.444000e-02  6.767273e-02  1.000000e-01 5.063207e-03 8.000000e-04 3.944744e+01 1.234705e+02 1.720492e+02 3.880067e+02 2.896671e+05 9.237288e+06 8.467079e+06 3.446761e+07 5.155171e+08
3.000000e-02 7.444000e-02  6.767273e-02  1.000000e-01 5.198124e-03 8.000000e-04 3.944744e+01 1.240518e+02 1.932072e+02 3.947520e+02 3.070344e+05 9.776976e+06 8.924327e+06 3.632896e+07 5.433566e+08
3.000000e-02 7.444000e-02  6.767273e-02  1.000000e-01 5.336636e-03 8.000000e-04 3.944744e+01 1.547204e+02 2.175315e+02 4.578362e+02 3.140584e+05 1.013357e+07 9.406268e+06 3.829084e+07 5.726996e+08
3.000000e-02 7.444000e-02  6.767273e-02  1.000000e-01 5.478839e-03 8.000000e-04 3.944744e+01 1.447077e+02 1.990040e+02 4.269881e+02 3.299163e+05 1.075974e+07 9.914236e+06 4.035866e+07 6.036271e+08
3.000000e-02 7.444000e-02  6.767273e-02  1.000000e-01 5.624831e-03 8.000000e-04 3.944744e+01 1.182996e+02 1.928327e+02 4.149554e+02 3.552429e+05 1.131358e+07 1.044964e+07 4.253816e+07 6.362249e+08
3.000000e-02 7.444000e-02  6.767273e-02  1.000000e-01 5.774713e-03 8.000000e-04 3.944744e+01 1.194862e+02 1.945124e+02 3.725960e+02 3.819354e+05 1.196255e+07 1.101395e+07 4.483536e+07 6.705831e+08
3.000000e-02 7.444000e-02  6.767273e-02  1.000000e-01 5.928590e-03 8.000000e-04 3.944744e+01 1.921938e+02 2.139068e+02 5.248195e+02 4.003153e+05 1.258506e+07 1.160874e+07 4.725661e+07 7.067968e+08
3.000000e-02 7.444000e-02  6.767273e-02  1.000000e-01 6.086567e-03 8.000000e-04 3.944744e+01 1.385538e+02 1.715089e+02 4.045282e+02 4.004169e+05 1.324601e+07 1.223565e+07 4.980863e+07 7.449661e+08
3.000000e-02 7.444000e-02  6.767273e-02  1.000000e-01 6.248754e-03 8.000000e-04 3.944744e+01 1.753950e+02 1.920638e+02 4.244285e+02 4.391919e+05 1.413713e+07 1.289642e+07 5.249846e+07 7.851968e+08
3.000000e-02 7.444000e-02  6.767273e-02  1.000000e-01 6.415262e-03 8.000000e-04 3.944744e+01 1.497826e+02 1.986178e+02 4.934165e+02 4.653240e+05 1.480541e+07 1.359287e+07 5.533356e+07 8.276001e+08
3.000000e-02 7.444000e-02  6.767273e-02  1.000000e-01 6.586208e-03 8.000000e-04 3.944744e+01 1.575230e+02 1.708556e+02 4.802989e+02 4.808744e+05 1.547676e+07 1.432693e+07 5.832176e+07 8.722934e+08
3.000000e-02 7.444000e-02  6.767273e-02  1.000000e-01 6.761709e-03 8.000000e-04 3.944744e+01 1.841887e+02 1.989763e+02 4.978541e+02 5.198338e+05 1.648473e+07 1.510063e+07 6.147134e+07 9.194004e+08
3.000000e-02 7.444000e-02  6.767273e-02  1.000000e-01 6.941887e-03 8.000000e-04 3.944744e+01 1.165877e+02 1.912463e+02 4.568152e+02 5.549414e+05 1.731159e+07 1.591612e+07 6.479102e+07 9.690513e+08
3.000000e-02 7.444000e-02  6.767273e-02  1.000000e-01 7.126866e-03 8.000000e-04 3.944744e+01 1.739434e+02 1.928674e+02 4.395144e+02 5.780968e+05 1.818162e+07 1.677565e+07 6.828997e+07 1.021384e+09
3.000000e-02 7.444000e-02  6.767273e-02  1.000000e-01 7.316774e-03 8.000000e-04 3.944744e+01 2.036989e+02 1.875996e+02 5.186842e+02 6.019772e+05 1.891598e+07 1.768160e+07 7.197789e+07 1.076542e+09
3.000000e-02 7.444000e-02  6.767273e-02  1.000000e-01 7.511744e-03 8.000000e-04 3.944744e+01 2.379566e+02 1.848954e+02 6.169399e+02 6.209434e+05 2.046122e+07 1.863647e+07 7.586497e+07 1.134680e+09
3.000000e-02 7.444000e-02  6.767273e-02  1.000000e-01 7.711908e-03 8.000000e-04 3.944744e+01 2.404020e+02 1.934835e+02 5.638816e+02 6.513384e+05 2.134216e+07 1.964292e+07 7.996197e+07 1.195957e+09
3.000000e-02 7.444000e-02  6.767273e-02  1.000000e-01 7.917407e-03 8.000000e-04 3.944744e+01 1.894444e+02 2.012276e+02 4.898425e+02 6.594105e+05 2.275506e+07 2.070371e+07 8.428024e+07 1.260543e+09
3.000000e-02 7.444000e-02  6.767273e-02  1.000000e-01 8.128383e-03 8.000000e-04 3.944744e+01 2.034563e+02 1.946320e+02 5.590643e+02 7.214766e+05 2.413217e+07 2.182180e+07 8.883172e+07 1.328618e+09
3.000000e-02 7.444000e-02  6.767273e-02  1.000000e-01 8.344980e-03 8.000000e-04 3.944744e+01 2.164201e+02 2.058655e+02 5.857239e+02 7.947268e+05 2.490464e+07 2.300027e+07 9.362900e+07 1.400369e+09
3.000000e-02 7.444000e-02  6.767273e-02  1.000000e-01 8.567350e-03 8.000000e-04 3.944744e+01 2.090065e+02 2.029069e+02 5.220553e+02 7.855800e+05 2.596908e+07 2.424238e+07 9.868537e+07 1.475995e+09
3.000000e-02 7.444000e-02  6.767273e-02  1.000000e-01 8.795645e-03 8.000000e-04 3.944744e+01 2.056497e+02 1.962516e+02 4.947331e+02 8.606186e+05 2.783067e+07 2.555157e+07 1.040148e+08 1.555705e+09
3.000000e-02 7.444000e-02  6.767273e-02  1.000000e-01 9.030025e-03 8.000000e-04 3.944744e+01 1.552338e+02 1.991293e+02 4.852941e+02 9.414524e+05 2.934795e+07 2.693148e+07 1.096321e+08 1.639720e+09
3.000000e-02 7.444000e-02  6.767273e-02  1.000000e-01 9.270651e-03 8.000000e-04 3.944744e+01 2.026078e+02 2.114037e+02 5.269829e+02 9.585064e+05 3.076276e+07 2.838590e+07 1.155527e+08 1.728272e+09
3.000000e-02 7.444000e-02  6.767273e-02  1.000000e-01 9.517689e-03 8.000000e-04 3.944744e+01 2.048006e+02 2.022562e+02 5.280203e+02 1.006196e+06 3.260760e+07 2.991887e+07 1.217931e+08 1.821607e+09
3.000000e-02 7.444000e-02  6.767273e-02  1.000000e-01 9.771310e-03 8.000000e-04 3.944744e+01 1.901309e+02 1.974628e+02 4.709460e+02 1.053540e+06 3.444714e+07 3.153464e+07 1.283705e+08 1.919983e+09
3.000000e-02 7.444000e-02  6.767273e-02  1.000000e-01 1.003169e-02 8.000000e-04 3.944744e+01 2.422379e+02 2.020885e+02 6.116149e+02 1.120259e+06 3.604863e+07 3.323767e+07 1.353032e+08 2.023672e+09
3.000000e-02 7.444000e-02  6.767273e-02  1.000000e-01 1.029901e-02 8.000000e-04 3.944744e+01 2.037903e+02 2.232402e+02 4.664441e+02 1.166013e+06 3.781672e+07 3.503267e+07 1.426103e+08 2.132960e+09
3.000000e-02 7.444000e-02  6.767273e-02  1.000000e-01 1.057346e-02 8.000000e-04 3.944744e+01 2.281279e+02 2.205218e+02 6.032686e+02 1.234152e+06 4.020952e+07 3.692462e+07 1.503120e+08 2.248152e+09
3.000000e-02 7.444000e-02  6.767273e-02  1.000000e-01 1.085521e-02 8.000000e-04 3.944744e+01 2.585614e+02 2.021505e+02 6.308004e+02 1.247597e+06 4.242411e+07 3.891876e+07 1.584297e+08 2.369564e+09
3.000000e-02 7.444000e-02  6.767273e-02  1.000000e-01 1.114448e-02 8.000000e-04 3.944744e+01 2.041355e+02 2.094916e+02 5.182092e+02 1.360364e+06 4.489004e+07 4.102059e+07 1.669858e+08 2.497534e+09
3.000000e-02 7.444000e-02  6.767273e-02  1.000000e-01 1.144146e-02 8.000000e-04 3.944744e+01 2.632220e+02 2.238384e+02 7.161809e+02 1.487770e+06 4.595282e+07 4.323594e+07 1.760040e+08 2.632415e+09
3.000000e-02 7.444000e-02  6.767273e-02  1.000000e-01 1.174635e-02 8.000000e-04 3.944744e+01 2.677925e+02 2.189537e+02 6.865393e+02 1.536710e+06 5.051089e+07 4.557094e+07 1.855092e+08 2.774582e+09
3.000000e-02 7.444000e-02  6.767273e-02  1.000000e-01 1.205937e-02 8.000000e-04 3.944744e+01 2.406935e+02 2.084321e+02 5.852672e+02 1.627518e+06 5.198194e+07 4.803206e+07 1.955279e+08 2.924427e+09
3.000000e-02 7.444000e-02  6.767273e-02  1.000000e-01 1.238073e-02 8.000000e-04 3.944744e+01 1.840223e+02 2.083968e+02 4.474494e+02 1.677553e+06 5.527955e+07 5.062610e+07 2.060877e+08 3.082364e+09
3.000000e-02 7.444000e-02  6.767273e-02  1.000000e-01 1.271065e-02 8.000000e-04 3.944744e+01 2.502485e+02 2.007347e+02 5.836193e+02 1.769604e+06 5.794224e+07 5.336025e+07 2.172178e+08 3.248833e+09
3.000000e-02 7.444000e-02  6.767273e-02  1.000000e-01 1.304937e-02 8.000000e-04 3.944744e+01 2.952255e+02 2.371456e+02 7.504832e+02 1.938324e+06 6.122653e+07 5.624207e+07 2.289490e+08 3.424292e+09
3.000000e-02 7.444000e-02  6.767273e-02  1.000000e-01 1.339712e-02 8.000000e-04 3.944744e+01 2.239075e+02 1.995604e+02 6.044922e+02 1.989100e+06 6.366144e+07 5.927954e+07 2.413139e+08 3.609228e+09
3.000000e-02 7.444000e-02  6.767273e-02  1.000000e-01 1.375413e-02 8.000000e-04 3.944744e+01 2.788365e+02 2.286113e+02 7.202923e+02 2.106106e+06 6.805198e+07 6.248108e+07 2.543467e+08 3.804153e+09
3.000000e-02 7.444000e-02  6.767273e-02  1.000000e-01 1.412066e-02 8.000000e-04 3.944744e+01 2.601840e+02 2.341506e+02 7.026990e+02 2.222612e+06 7.168515e+07 6.585554e+07 2.680833e+08 4.009607e+09
3.000000e-02 7.444000e-02  6.767273e-02  1.000000e-01 1.449696e-02 8.000000e-04 3.944744e+01 2.539844e+02 2.322140e+02 7.520898e+02 2.413295e+06 7.596409e+07 6.941226e+07 2.825620e+08 4.226158e+09
3.000000e-02 7.444000e-02  6.767273e-02  1.000000e-01 1.488329e-02 8.000000e-04 3.944744e+01 2.230409e+02 2.393980e+02 5.465730e+02 2.502362e+06 7.921200e+07 7.316110e+07 2.978227e+08 4.454405e+09
3.000000e-02 7.444000e-02  6.767273e-02  1.000000e-01 1.527992e-02 8.000000e-04 3.944744e+01 2.834816e+02 2.339317e+02 7.168292e+02 2.589900e+06 8.422899e+07 7.711243e+07 3.139077e+08 4.694982e+09
3.000000e-02 7.444000e-02  6.767273e-02  1.000000e-01 1.568712e-02 8.000000e-04 3.944744e+01 2.568445e+02 2.335620e+02 6.393336e+02 2.769583e+06 8.855492e+07 8.127719e+07 3.308615e+08 4.948553e+09
3.000000e-02 7.444000e-02  6.767273e-02  1.000000e-01 1.610518e-02 8.000000e-04 3.944744e+01 3.021822e+02 2.503742e+02 8.583717e+02 2.977445e+06 9.340187e+07 8.566692e+07 3.487311e+08 5.215821e+09
3.000000e-02 7.444000e-02  6.767273e-02  1.000000e-01 1.653437e-02 8.000000e-04 3.944744e+01 2.479990e+02 2.058325e+02 5.588587e+02 3.165018e+06 9.899394e+07 9.029376e+07 3.675660e+08 5.497526e+09
3.000000e-02 7.444000e-02  6.767273e-02  1.000000e-01 1.697501e-02 8.000000e-04 3.944744e+01 1.967049e+02 2.276578e+02 5.651101e+02 3.254698e+06 1.037897e+08 9.517054e+07 3.874182e+08 5.794447e+09
3.000000e-02 7.444000e-02  6.767273e-02  1.000000e-01 1.742740e-02 8.000000e-04 3.944744e+01 2.961179e+02 1.809358e+02 5.962078e+02 3.517361e+06 1.087473e+08 1.003107e+08 4.083429e+08 6.107408e+09
3.000000e-02 7.444000e-02  6.767273e-02  1.000000e-01 1.789185e-02 8.000000e-04 3.944744e+01 2.367671e+02 2.105456e+02 5.760347e+02 3.629149e+06 1.145463e+08 1.057286e+08 4.303979e+08 6.437275e+09
3.000000e-02 7.444000e-02  6.767273e-02  1.000000e-01 1.836868e-02 8.000000e-04 3.944744e+01 2.932652e+02 2.444691e+02 8.887875e+02 4.021011e+06 1.221782e+08 1.114392e+08 4.536443e+08 6.784962e+09
3.000000e-02 7.444000e-02  6.767273e-02  1.000000e-01 1.885822e-02 8.000000e-04 3.944744e+01 2.705351e+02 1.939546e+02 5.799027e+02 3.898713e+06 1.292670e+08 1.174582e+08 4.781465e+08 7.151431e+09
3.000000e-02 7.444000e-02  6.767273e-02  1.000000e-01 1.936081e-02 8.000000e-04 3.944744e+01 2.795301e+02 2.266636e+02 6.720149e+02 4.154683e+06 1.318508e+08 1.238024e+08 5.039723e+08 7.537697e+09
3.000000e-02 7.444000e-02  6.767273e-02  1.000000e-01 1.987680e-02 8.000000e-04 3.944744e+01 2.954519e+02 2.217247e+02 7.945817e+02 4.477644e+06 1.428098e+08 1.304894e+08 5.311934e+08 7.944830e+09
3.000000e-02 7.444000e-02  6.767273e-02  1.000000e-01 2.040655e-02 8.000000e-04 3.944744e+01 1.916928e+02 2.309240e+02 5.020937e+02 4.547775e+06 1.487905e+08 1.375376e+08 5.598850e+08 8.373959e+09
3.000000e-02 7.444000e-02  6.767273e-02  1.000000e-01 2.095042e-02 8.000000e-04 3.944744e+01 3.212112e+02 2.147241e+02 8.210409e+02 4.951701e+06 1.586400e+08 1.449665e+08 5.901267e+08 8.826271e+09
3.000000e-02 7.444000e-02  6.767273e-02  1.000000e-01 2.150880e-02 8.000000e-04 3.944744e+01 3.228796e+02 1.909290e+02 6.602360e+02 5.222974e+06 1.672805e+08 1.527969e+08 6.220023e+08 9.303020e+09
3.000000e-02 7.444000e-02  6.767273e-02  1.000000e-01 2.208206e-02 8.000000e-04 3.944744e+01 2.137701e+02 2.406906e+02 6.214847e+02 5.491627e+06 1.741468e+08 1.610503e+08 6.556001e+08 9.805527e+09
3.000000e-02 7.444000e-02  6.767273e-02  1.000000e-01 2.267061e-02 8.000000e-04 3.944744e+01 3.100492e+02 2.659430e+02 8.309069e+02 5.876240e+06 1.863214e+08 1.697496e+08 6.910131e+08 1.033518e+10
3.000000e-02 7.444000e-02  6.767273e-02  1.000000e-01 2.327486e-02 8.000000e-04 3.944744e+01 2.671650e+02 2.299077e+02 7.239851e+02 6.160469e+06 1.972081e+08 1.789189e+08 7.283395e+08 1.089346e+10
3.000000e-02 7.444000e-02  6.767273e-02  1.000000e-01 2.389522e-02 8.000000e-04 3.944744e+01 3.088717e+02 2.202665e+02 7.029287e+02 6.432213e+06 2.062489e+08 1.885837e+08 7.676827e+08 1.148190e+10
3.000000e-02 7.444000e-02  6.767273e-02  1.000000e-01 2.453212e-02 8.000000e-04 3.944744e+01 3.421120e+02 2.311574e+02 7.999555e+02 6.859452e+06 2.167761e+08 1.987708e+08 8.091519e+08 1.210214e+10
3.000000e-02 7.444000e-02  6.767273e-02  1.000000e-01 2.518601e-02 8.000000e-04 3.944744e+01 3.147983e+02 2.493025e+02 8.759164e+02 7.371975e+06 2.249121e+08 2.095082e+08 8.528618e+08 1.275589e+10
3.000000e-02 7.444000e-02  6.767273e-02  1.000000e-01 2.585735e-02 8.000000e-04 3.944744e+01 3.012301e+02 2.425239e+02 8.201430e+02 7.639073e+06 2.401361e+08 2.208260e+08 8.989337e+08 1.344496e+10
3.000000e-02 7.444000e-02  6.767273e-02  1.000000e-01 2.654658e-02 8.000000e-04 3.944744e+01 2.817680e+02 2.095244e+02 6.698689e+02 7.808884e+06 2.520654e+08 2.327553e+08 9.474953e+08 1.417128e+10
3.000000e-02 7.444000e-02  6.767273e-02  1.000000e-01 2.725421e-02 8.000000e-04 3.944744e+01 3.276214e+02 2.179270e+02 6.712471e+02 8.301585e+06 2.649735e+08 2.453293e+08 9.986812e+08 1.493684e+10
3.000000e-02 7.444000e-02  6.767273e-02  1.000000e-01 2.798071e-02 8.000000e-04 3.944744e+01 3.233136e+02 2.524339e+02 8.697727e+02 8.790974e+06 2.828327e+08 2.585828e+08 1.052633e+09 1.574378e+10
3.000000e-02 7.444000e-02  6.767273e-02  1.000000e-01 2.872659e-02 8.000000e-04 3.944744e+01 3.432190e+02 2.597729e+02 7.363784e+02 9.218390e+06 2.971459e+08 2.725526e+08 1.109502e+09 1.659434e+10
3.000000e-02 7.444000e-02  6.767273e-02  1.000000e-01 2.949237e-02 8.000000e-04 3.944744e+01 3.325666e+02 2.727765e+02 8.119446e+02 9.933070e+06 3.075461e+08 2.872775e+08 1.169443e+09 1.749086e+10
3.000000e-02 7.444000e-02  6.767273e-02  1.000000e-01 3.027858e-02 8.000000e-04 3.944744e+01 3.460329e+02 2.423806e+02 8.112999e+02 1.037862e+07 3.286589e+08 3.027983e+08 1.232625e+09 1.843584e+10
3.000000e-02 7.444000e-02  6.767273e-02  1.000000e-01 3.108578e-02 8.000000e-04 3.944744e+01 3.222891e+02 2.396100e+02 8.304298e+02 1.075951e+07 3.507895e+08 3.191580e+08 1.299222e+09 1.943190e+10
3.000000e-02 7.444000e-02  6.767273e-02  1.000000e-01 3.191451e-02 8.000000e-04 3.944744e+01 3.502631e+02 2.421063e+02 8.084669e+02 1.147936e+07 3.655732e+08 3.364020e+08 1.369418e+09 2.048180e+10
3.000000e-02 7.444000e-02  6.767273e-02  1.000000e-01 3.276536e-02 8.000000e-04 3.944744e+01 3.267131e+02 2.328421e+02 9.129600e+02 1.146546e+07 3.876635e+08 3.545782e+08 1.443410e+09 2.158846e+10
3.000000e-02 7.444000e-02  6.767273e-02  1.000000e-01 3.363892e-02 8.000000e-04 3.944744e+01 3.346878e+02 2.477882e+02 7.894084e+02 1.246157e+07 4.034519e+08 3.737371e+08 1.521401e+09 2.275494e+10
3.000000e-02 7.444000e-02  6.767273e-02  1.000000e-01 3.453579e-02 8.000000e-04 3.944744e+01 3.337552e+02 2.498724e+02 8.703788e+02 1.330943e+07 4.310548e+08 3.939318e+08 1.603609e+09 2.398449e+10
3.000000e-02 7.444000e-02  6.767273e-02  1.000000e-01 3.545661e-02 8.000000e-04 3.944744e+01 3.490702e+02 2.386126e+02 8.179374e+02 1.389728e+07 4.508156e+08 4.152184e+08 1.690263e+09 2.528053e+10
3.000000e-02 7.444000e-02  6.767273e-02  1.000000e-01 3.640201e-02 8.000000e-04 3.944744e+01 3.492249e+02 2.840442e+02 7.616899e+02 1.490852e+07 4.824327e+08 4.376560e+08 1.781601e+09 2.664664e+10
3.000000e-02 7.444000e-02  6.767273e-02  1.000000e-01 3.737265e-02 8.000000e-04 3.944744e+01 3.441955e+02 3.191332e+02 9.055092e+02 1.558967e+07 5.026199e+08 4.613070e+08 1.877879e+09 2.808662e+10
3.000000e-02 7.444000e-02  6.767273e-02  1.000000e-01 3.836921e-02 8.000000e-04 3.944744e+01 2.978818e+02 2.090838e+02 7.461830e+02 1.649170e+07 5.313856e+08 4.862370e+08 1.979363e+09 2.960448e+10
3.000000e-02 7.444000e-02  6.767273e-02  1.000000e-01 3.939239e-02 8.000000e-04 3.944744e+01 3.150683e+02 3.775999e+02 8.559655e+02 1.691215e+07 5.624468e+08 5.125153e+08 2.086336e+09 3.120443e+10
3.000000e-02 7.444000e-02  6.767273e-02  1.000000e-01 4.044289e-02 8.000000e-04 3.944744e+01 3.035995e+02 2.616736e+02 6.414771e+02 1.853858e+07 5.874780e+08 5.402149e+08 2.199096e+09 3.289092e+10
3.000000e-02 7.444000e-02  6.767273e-02  1.000000e-01 4.152145e-02 8.000000e-04 3.944744e+01 3.294583e+02 2.617328e+02 8.625329e+02 1.954657e+07 6.174637e+08 5.694129e+08 2.317954e+09 3.466864e+10
3.000000e-02 7.444000e-02  6.767273e-02  1.000000e-01 4.262883e-02 8.000000e-04 3.944744e+01 3.124246e+02 2.552896e+02 9.639352e+02 1.979006e+07 6.488836e+08 6.001905e+08 2.443243e+09 3.654253e+10
3.000000e-02 7.444000e-02  6.767273e-02  1.000000e-01 4.376580e-02 8.000000e-04 3.944744e+01 3.098105e+02 2.618095e+02 9.725214e+02 2.090125e+07 6.874046e+08 6.326332e+08 2.575310e+09 3.851780e+10
