1.000000e-01 1.701000e-01  1.546364e-01  1.000000e-01 2.000000e-06 8.000000e-04 7.740210e+01 3.180192e+01 2.287851e+01 6.923024e+01 2.357197e-03 7.694004e-02 5.184272e-02 2.179676e-01 3.167798e+00
1.000000e-01 1.701000e-01  1.546364e-01  1.000000e-01 2.053292e-06 8.000000e-04 7.740210e+01 3.180191e+01 2.287846e+01 6.923015e+01 2.478799e-03 8.091128e-02 5.464235e-02 2.297384e-01 3.338866e+00
1.000000e-01 1.701000e-01  1.546364e-01  1.000000e-01 2.108005e-06 8.000000e-04 7.740210e+01 3.180191e+01 2.287773e+01 6.922992e+01 2.602774e-03 8.612421e-02 5.759316e-02 2.421448e-01 3.519173e+00
1.000000e-01 1.701000e-01  1.546364e-01  1.000000e-01 2.164175e-06 8.000000e-04 7.740210e+01 3.180189e+01 2.287739e+01 6.922977e+01 2.757600e-03 8.987170e-02 6.070333e-02 2.552212e-01 3.709216e+00
1.000000e-01 1.701000e-01  1.546364e-01  1.000000e-01 2.221842e-06 8.000000e-04 7.740210e+01 3.180188e+01 2.287670e+01 6.922957e+01 2.889916e-03 9.338946e-02 6.398145e-02 2.690037e-01 3.909523e+00
1.000000e-01 1.701000e-01  1.546364e-01  1.000000e-01 2.281045e-06 8.000000e-04 7.740210e+01 3.180188e+01 2.287575e+01 6.922926e+01 3.061145e-03 1.010823e-01 6.743659e-02 2.835305e-01 4.120646e+00
1.000000e-01 1.701000e-01  1.546364e-01  1.000000e-01 2.341826e-06 8.000000e-04 7.740210e+01 3.180188e+01 2.287530e+01 6.922910e+01 3.204216e-03 1.052832e-01 7.107833e-02 2.988418e-01 4.343170e+00
1.000000e-01 1.701000e-01  1.546364e-01  1.000000e-01 2.404227e-06 8.000000e-04 7.740210e+01 3.180186e+01 2.287462e+01 6.922887e+01 3.424284e-03 1.111661e-01 7.491672e-02 3.149800e-01 4.577712e+00
1.000000e-01 1.701000e-01  1.546364e-01  1.000000e-01 2.468290e-06 8.000000e-04 7.740210e+01 3.180185e+01 2.287409e+01 6.922862e+01 3.545573e-03 1.163392e-01 7.896240e-02 3.319896e-01 4.824919e+00
1.000000e-01 1.701000e-01  1.546364e-01  1.000000e-01 2.534061e-06 8.000000e-04 7.740210e+01 3.180185e+01 2.287295e+01 6.922831e+01 3.880967e-03 1.234363e-01 8.322655e-02 3.499178e-01 5.085475e+00
1.000000e-01 1.701000e-01  1.546364e-01  1.000000e-01 2.601584e-06 8.000000e-04 7.740210e+01 3.180185e+01 2.287269e+01 6.922821e+01 3.893651e-03 1.289956e-01 8.772097e-02 3.688142e-01 5.360103e+00
1.000000e-01 1.701000e-01  1.546364e-01  1.000000e-01 2.670906e-06 8.000000e-04 7.740210e+01 3.180183e+01 2.287215e+01 6.922795e+01 4.186649e-03 1.348946e-01 9.245811e-02 3.887310e-01 5.649561e+00
1.000000e-01 1.701000e-01  1.546364e-01  1.000000e-01 2.742075e-06 8.000000e-04 7.740210e+01 3.180182e+01 2.287054e+01 6.922756e+01 4.475963e-03 1.434524e-01 9.745106e-02 4.097234e-01 5.954650e+00
1.000000e-01 1.701000e-01  1.546364e-01  1.000000e-01 2.815141e-06 8.000000e-04 7.740210e+01 3.180180e+01 2.286938e+01 6.922705e+01 4.618877e-03 1.544218e-01 1.027136e-01 4.318494e-01 6.276215e+00
1.000000e-01 1.701000e-01  1.546364e-01  1.000000e-01 2.890154e-06 8.000000e-04 7.740210e+01 3.180180e+01 2.286925e+01 6.922688e+01 4.906149e-03 1.612731e-01 1.082604e-01 4.551702e-01 6.615145e+00
1.000000e-01 1.701000e-01  1.546364e-01  1.000000e-01 2.967165e-06 8.000000e-04 7.740210e+01 3.180177e+01 2.286777e+01 6.922659e+01 5.187929e-03 1.703888e-01 1.141067e-01 4.797505e-01 6.972378e+00
1.000000e-01 1.701000e-01  1.546364e-01  1.000000e-01 3.046229e-06 8.000000e-04 7.740210e+01 3.180176e+01 2.286674e+01 6.922626e+01 5.608047e-03 1.775368e-01 1.202688e-01 5.056581e-01 7.348903e+00
1.000000e-01 1.701000e-01  1.546364e-01  1.000000e-01 3.127399e-06 8.000000e-04 7.740210e+01 3.180176e+01 2.286594e+01 6.922622e+01 5.726675e-03 1.861462e-01 1.267635e-01 5.329648e-01 7.745760e+00
1.000000e-01 1.701000e-01  1.546364e-01  1.000000e-01 3.210732e-06 8.000000e-04 7.740210e+01 3.180174e+01 2.286471e+01 6.922543e+01 6.119610e-03 1.967815e-01 1.336091e-01 5.617462e-01 8.164049e+00
1.000000e-01 1.701000e-01  1.546364e-01  1.000000e-01 3.296286e-06 8.000000e-04 7.740210e+01 3.180170e+01 2.286216e+01 6.922475e+01 6.553017e-03 2.102535e-01 1.408243e-01 5.920818e-01 8.604927e+00
1.000000e-01 1.701000e-01  1.546364e-01  1.000000e-01 3.384119e-06 8.000000e-04 7.740210e+01 3.180171e+01 2.286172e+01 6.922449e+01 6.679563e-03 2.204626e-01 1.484291e-01 6.240555e-01 9.069613e+00
1.000000e-01 1.701000e-01  1.546364e-01  1.000000e-01 3.474293e-06 8.000000e-04 7.740210e+01 3.180168e+01 2.286005e+01 6.922394e+01 7.241724e-03 2.316580e-01 1.564446e-01 6.577560e-01 9.559393e+00
1.000000e-01 1.701000e-01  1.546364e-01  1.000000e-01 3.566869e-06 8.000000e-04 7.740210e+01 3.180167e+01 2.285950e+01 6.922362e+01 7.446317e-03 2.424812e-01 1.648930e-01 6.932763e-01 1.007562e+01
1.000000e-01 1.701000e-01  1.546364e-01  1.000000e-01 3.661913e-06 8.000000e-04 7.740210e+01 3.180164e+01 2.285750e+01 6.922305e+01 7.894773e-03 2.563575e-01 1.737976e-01 7.307148e-01 1.061973e+01
1.000000e-01 1.701000e-01  1.546364e-01  1.000000e-01 3.759488e-06 8.000000e-04 7.740210e+01 3.180160e+01 2.285615e+01 6.922255e+01 8.337117e-03 2.711536e-01 1.831831e-01 7.701751e-01 1.119322e+01
1.000000e-01 1.701000e-01  1.546364e-01  1.000000e-01 3.859664e-06 8.000000e-04 7.740210e+01 3.180163e+01 2.285339e+01 6.922198e+01 8.864638e-03 2.874737e-01 1.930754e-01 8.117664e-01 1.179768e+01
1.000000e-01 1.701000e-01  1.546364e-01  1.000000e-01 3.962510e-06 8.000000e-04 7.740210e+01 3.180158e+01 2.285291e+01 6.922160e+01 9.205687e-03 2.980736e-01 2.035019e-01 8.556036e-01 1.243478e+01
1.000000e-01 1.701000e-01  1.546364e-01  1.000000e-01 4.068095e-06 8.000000e-04 7.740210e+01 3.180155e+01 2.285062e+01 6.922044e+01 9.818312e-03 3.139007e-01 2.144915e-01 9.018082e-01 1.310629e+01
1.000000e-01 1.701000e-01  1.546364e-01  1.000000e-01 4.176494e-06 8.000000e-04 7.740210e+01 3.180156e+01 2.284840e+01 6.921963e+01 1.002100e-02 3.293076e-01 2.260745e-01 9.505079e-01 1.381406e+01
1.000000e-01 1.701000e-01  1.546364e-01  1.000000e-01 4.287782e-06 8.000000e-04 7.740210e+01 3.180151e+01 2.284587e+01 6.921922e+01 1.104605e-02 3.543371e-01 2.382830e-01 1.001838e+00 1.456005e+01
1.000000e-01 1.701000e-01  1.546364e-01  1.000000e-01 4.402035e-06 8.000000e-04 7.740210e+01 3.180147e+01 2.284472e+01 6.921871e+01 1.180454e-02 3.696562e-01 2.511509e-01 1.055939e+00 1.534632e+01
1.000000e-01 1.701000e-01  1.546364e-01  1.000000e-01 4.519332e-06 8.000000e-04 7.740210e+01 3.180145e+01 2.284212e+01 6.921829e+01 1.196263e-02 3.871915e-01 2.647136e-01 1.112962e+00 1.617506e+01
1.000000e-01 1.701000e-01  1.546364e-01  1.000000e-01 4.639755e-06 8.000000e-04 7.740210e+01 3.180142e+01 2.284059e+01 6.921690e+01 1.261157e-02 4.120502e-01 2.790088e-01 1.173065e+00 1.704855e+01
1.000000e-01 1.701000e-01  1.546364e-01  1.000000e-01 4.763386e-06 8.000000e-04 7.740210e+01 3.180140e+01 2.283616e+01 6.921612e+01 1.317100e-02 4.321474e-01 2.940759e-01 1.236413e+00 1.796921e+01
1.000000e-01 1.701000e-01  1.546364e-01  1.000000e-01 4.890312e-06 8.000000e-04 7.740210e+01 3.180136e+01 2.283382e+01 6.921510e+01 1.407839e-02 4.529151e-01 3.099567e-01 1.303182e+00 1.893959e+01
1.000000e-01 1.701000e-01  1.546364e-01  1.000000e-01 5.020620e-06 8.000000e-04 7.740210e+01 3.180134e+01 2.283165e+01 6.921485e+01 1.472751e-02 4.841919e-01 3.266950e-01 1.373557e+00 1.996237e+01
1.000000e-01 1.701000e-01  1.546364e-01  1.000000e-01 5.154400e-06 8.000000e-04 7.740210e+01 3.180132e+01 2.282750e+01 6.921317e+01 1.561251e-02 5.085254e-01 3.443373e-01 1.447732e+00 2.104039e+01
1.000000e-01 1.701000e-01  1.546364e-01  1.000000e-01 5.291745e-06 8.000000e-04 7.740210e+01 3.180119e+01 2.282350e+01 6.921212e+01 1.670706e-02 5.368089e-01 3.629323e-01 1.525913e+00 2.217662e+01
1.000000e-01 1.701000e-01  1.546364e-01  1.000000e-01 5.432750e-06 8.000000e-04 7.740210e+01 3.180115e+01 2.281978e+01 6.921057e+01 1.729944e-02 5.720590e-01 3.825315e-01 1.608316e+00 2.337421e+01
1.000000e-01 1.701000e-01  1.546364e-01  1.000000e-01 5.577512e-06 8.000000e-04 7.740210e+01 3.180119e+01 2.281833e+01 6.920993e+01 1.828689e-02 5.879030e-01 4.031891e-01 1.695169e+00 2.463647e+01
1.000000e-01 1.701000e-01  1.546364e-01  1.000000e-01 5.726131e-06 8.000000e-04 7.740210e+01 3.180112e+01 2.281121e+01 6.920720e+01 1.887952e-02 6.236597e-01 4.249622e-01 1.786712e+00 2.596689e+01
1.000000e-01 1.701000e-01  1.546364e-01  1.000000e-01 5.878710e-06 8.000000e-04 7.740210e+01 3.180104e+01 2.280904e+01 6.920673e+01 2.033409e-02 6.550425e-01 4.479112e-01 1.883198e+00 2.736917e+01
1.000000e-01 1.701000e-01  1.546364e-01  1.000000e-01 6.035355e-06 8.000000e-04 7.740210e+01 3.180101e+01 2.280543e+01 6.920554e+01 2.146648e-02 6.962366e-01 4.720994e-01 1.984895e+00 2.884716e+01
1.000000e-01 1.701000e-01  1.546364e-01  1.000000e-01 6.196174e-06 8.000000e-04 7.740210e+01 3.180099e+01 2.279739e+01 6.920274e+01 2.256087e-02 7.399392e-01 4.975939e-01 2.092084e+00 3.040498e+01
1.000000e-01 1.701000e-01  1.546364e-01  1.000000e-01 6.361278e-06 8.000000e-04 7.740210e+01 3.180096e+01 2.279584e+01 6.920289e+01 2.359900e-02 7.745988e-01 5.244651e-01 2.205062e+00 3.204692e+01
1.000000e-01 1.701000e-01  1.546364e-01  1.000000e-01 6.530782e-06 8.000000e-04 7.740210e+01 3.180084e+01 2.279017e+01 6.920055e+01 2.508417e-02 8.205683e-01 5.527874e-01 2.324140e+00 3.377753e+01
1.000000e-01 1.701000e-01  1.546364e-01  1.000000e-01 6.704802e-06 8.000000e-04 7.740210e+01 3.180079e+01 2.278423e+01 6.919847e+01 2.652399e-02 8.631303e-01 5.826392e-01 2.449649e+00 3.560159e+01
1.000000e-01 1.701000e-01  1.546364e-01  1.000000e-01 6.883459e-06 8.000000e-04 7.740210e+01 3.180060e+01 2.277737e+01 6.919667e+01 2.782482e-02 9.182291e-01 6.141031e-01 2.581936e+00 3.752416e+01
1.000000e-01 1.701000e-01  1.546364e-01  1.000000e-01 7.066877e-06 8.000000e-04 7.740210e+01 3.180066e+01 2.277510e+01 6.919615e+01 2.931964e-02 9.441002e-01 6.472661e-01 2.721366e+00 3.955055e+01
1.000000e-01 1.701000e-01  1.546364e-01  1.000000e-01 7.255182e-06 8.000000e-04 7.740210e+01 3.180054e+01 2.276440e+01 6.919196e+01 3.080018e-02 1.013826e+00 6.822199e-01 2.868326e+00 4.168637e+01
1.000000e-01 1.701000e-01  1.546364e-01  1.000000e-01 7.448504e-06 8.000000e-04 7.740210e+01 3.180059e+01 2.276072e+01 6.918983e+01 3.216376e-02 1.064359e+00 7.190614e-01 3.023223e+00 4.393753e+01
1.000000e-01 1.701000e-01  1.546364e-01  1.000000e-01 7.646978e-06 8.000000e-04 7.740210e+01 3.180030e+01 2.275538e+01 6.918972e+01 3.465168e-02 1.109602e+00 7.578924e-01 3.186484e+00 4.631026e+01
1.000000e-01 1.701000e-01  1.546364e-01  1.000000e-01 7.850741e-06 8.000000e-04 7.740210e+01 3.180026e+01 2.274716e+01 6.918595e+01 3.612334e-02 1.177173e+00 7.988203e-01 3.358561e+00 4.881112e+01
1.000000e-01 1.701000e-01  1.546364e-01  1.000000e-01 8.059933e-06 8.000000e-04 7.740210e+01 3.180019e+01 2.273548e+01 6.918380e+01 3.799311e-02 1.251687e+00 8.419585e-01 3.539931e+00 5.144703e+01
1.000000e-01 1.701000e-01  1.546364e-01  1.000000e-01 8.274699e-06 8.000000e-04 7.740210e+01 3.180014e+01 2.273576e+01 6.918271e+01 3.977052e-02 1.307627e+00 8.874262e-01 3.731096e+00 5.422529e+01
1.000000e-01 1.701000e-01  1.546364e-01  1.000000e-01 8.495188e-06 8.000000e-04 7.740210e+01 3.180006e+01 2.271970e+01 6.917667e+01 4.226818e-02 1.388266e+00 9.353492e-01 3.932583e+00 5.715358e+01
1.000000e-01 1.701000e-01  1.546364e-01  1.000000e-01 8.721552e-06 8.000000e-04 7.740210e+01 3.179976e+01 2.271247e+01 6.917588e+01 4.431400e-02 1.449200e+00 9.858602e-01 4.144952e+00 6.024001e+01
1.000000e-01 1.701000e-01  1.546364e-01  1.000000e-01 8.953948e-06 8.000000e-04 7.740210e+01 3.179964e+01 2.270699e+01 6.917403e+01 4.744970e-02 1.531912e+00 1.039099e+00 4.368789e+00 6.349311e+01
1.000000e-01 1.701000e-01  1.546364e-01  1.000000e-01 9.192536e-06 8.000000e-04 7.740210e+01 3.179981e+01 2.269680e+01 6.917122e+01 4.846791e-02 1.621416e+00 1.095213e+00 4.604714e+00 6.692188e+01
1.000000e-01 1.701000e-01  1.546364e-01  1.000000e-01 9.437481e-06 8.000000e-04 7.740210e+01 3.179968e+01 2.268600e+01 6.916782e+01 5.163561e-02 1.702779e+00 1.154357e+00 4.853379e+00 7.053582e+01
1.000000e-01 1.701000e-01  1.546364e-01  1.000000e-01 9.688954e-06 8.000000e-04 7.740210e+01 3.179920e+01 2.266948e+01 6.916158e+01 5.629243e-02 1.795753e+00 1.216695e+00 5.115473e+00 7.434492e+01
1.000000e-01 1.701000e-01  1.546364e-01  1.000000e-01 9.947127e-06 8.000000e-04 7.740210e+01 3.179922e+01 2.266703e+01 6.915901e+01 5.821758e-02 1.918521e+00 1.282399e+00 5.391720e+00 7.835971e+01
1.000000e-01 1.701000e-01  1.546364e-01  1.000000e-01 1.021218e-05 8.000000e-04 7.740210e+01 3.179913e+01 2.265313e+01 6.915608e+01 6.180070e-02 1.984878e+00 1.351652e+00 5.682885e+00 8.259132e+01
1.000000e-01 1.701000e-01  1.546364e-01  1.000000e-01 1.048430e-05 8.000000e-04 7.740210e+01 3.179897e+01 2.264146e+01 6.915397e+01 6.411108e-02 2.097447e+00 1.424644e+00 5.989774e+00 8.705144e+01
1.000000e-01 1.701000e-01  1.546364e-01  1.000000e-01 1.076366e-05 8.000000e-04 7.740210e+01 3.179879e+01 2.262512e+01 6.914648e+01 6.677923e-02 2.216003e+00 1.501578e+00 6.313236e+00 9.175242e+01
1.000000e-01 1.701000e-01  1.546364e-01  1.000000e-01 1.105047e-05 8.000000e-04 7.740210e+01 3.179860e+01 2.261297e+01 6.914303e+01 7.226854e-02 2.344556e+00 1.582667e+00 6.654165e+00 9.670726e+01
1.000000e-01 1.701000e-01  1.546364e-01  1.000000e-01 1.134492e-05 8.000000e-04 7.740210e+01 3.179860e+01 2.259827e+01 6.913994e+01 7.463273e-02 2.441156e+00 1.668134e+00 7.013506e+00 1.019297e+02
1.000000e-01 1.701000e-01  1.546364e-01  1.000000e-01 1.164722e-05 8.000000e-04 7.740210e+01 3.179829e+01 2.257945e+01 6.913281e+01 7.933592e-02 2.587878e+00 1.758217e+00 7.392251e+00 1.074341e+02
1.000000e-01 1.701000e-01  1.546364e-01  1.000000e-01 1.195758e-05 8.000000e-04 7.740210e+01 3.179792e+01 2.255800e+01 6.912668e+01 8.611387e-02 2.764032e+00 1.853165e+00 7.791450e+00 1.132358e+02
1.000000e-01 1.701000e-01  1.546364e-01  1.000000e-01 1.227620e-05 8.000000e-04 7.740210e+01 3.179757e+01 2.254962e+01 6.912461e+01 8.912085e-02 2.869918e+00 1.953240e+00 8.212206e+00 1.193508e+02
1.000000e-01 1.701000e-01  1.546364e-01  1.000000e-01 1.260331e-05 8.000000e-04 7.740210e+01 3.179775e+01 2.252598e+01 6.911954e+01 9.154067e-02 3.021399e+00 2.058720e+00 8.655684e+00 1.257960e+02
1.000000e-01 1.701000e-01  1.546364e-01  1.000000e-01 1.293914e-05 8.000000e-04 7.740210e+01 3.179739e+01 2.251337e+01 6.911901e+01 9.982562e-02 3.201463e+00 2.169895e+00 9.123111e+00 1.325893e+02
1.000000e-01 1.701000e-01  1.546364e-01  1.000000e-01 1.328392e-05 8.000000e-04 7.740210e+01 3.179712e+01 2.249388e+01 6.910747e+01 1.048519e-01 3.337062e+00 2.287075e+00 9.615780e+00 1.397494e+02
1.000000e-01 1.701000e-01  1.546364e-01  1.000000e-01 1.363789e-05 8.000000e-04 7.740210e+01 3.179638e+01 2.247273e+01 6.910268e+01 1.107654e-01 3.542640e+00 2.410582e+00 1.013505e+01 1.472962e+02
1.000000e-01 1.701000e-01  1.546364e-01  1.000000e-01 1.400128e-05 8.000000e-04 7.740210e+01 3.179660e+01 2.244407e+01 6.909515e+01 1.151296e-01 3.726961e+00 2.540759e+00 1.068237e+01 1.552506e+02
1.000000e-01 1.701000e-01  1.546364e-01  1.000000e-01 1.437436e-05 8.000000e-04 7.740210e+01 3.179628e+01 2.242393e+01 6.909075e+01 1.221593e-01 3.940955e+00 2.677966e+00 1.125924e+01 1.636344e+02
1.000000e-01 1.701000e-01  1.546364e-01  1.000000e-01 1.475738e-05 8.000000e-04 7.740210e+01 3.179538e+01 2.240481e+01 6.908442e+01 1.307825e-01 4.134667e+00 2.822582e+00 1.186727e+01 1.724711e+02
1.000000e-01 1.701000e-01  1.546364e-01  1.000000e-01 1.515061e-05 8.000000e-04 7.740210e+01 3.179584e+01 2.237561e+01 6.907435e+01 1.363269e-01 4.398984e+00 2.975008e+00 1.250813e+01 1.817849e+02
1.000000e-01 1.701000e-01  1.546364e-01  1.000000e-01 1.555432e-05 8.000000e-04 7.740210e+01 3.179432e+01 2.234783e+01 6.906440e+01 1.458110e-01 4.645714e+00 3.135666e+00 1.318360e+01 1.916017e+02
1.000000e-01 1.701000e-01  1.546364e-01  1.000000e-01 1.596878e-05 8.000000e-04 7.740210e+01 3.179473e+01 2.232532e+01 6.906449e+01 1.523181e-01 4.919548e+00 3.304999e+00 1.389554e+01 2.019487e+02
1.000000e-01 1.701000e-01  1.546364e-01  1.000000e-01 1.639429e-05 8.000000e-04 7.740210e+01 3.179432e+01 2.229260e+01 6.905125e+01 1.587004e-01 5.131336e+00 3.483476e+00 1.464593e+01 2.128544e+02
1.000000e-01 1.701000e-01  1.546364e-01  1.000000e-01 1.683113e-05 8.000000e-04 7.740210e+01 3.179365e+01 2.224993e+01 6.904435e+01 1.674860e-01 5.453152e+00 3.671592e+00 1.543685e+01 2.243490e+02
1.000000e-01 1.701000e-01  1.546364e-01  1.000000e-01 1.727962e-05 8.000000e-04 7.740210e+01 3.179361e+01 2.220766e+01 6.903127e+01 1.746479e-01 5.707032e+00 3.869867e+00 1.627047e+01 2.364643e+02
1.000000e-01 1.701000e-01  1.546364e-01  1.000000e-01 1.774005e-05 8.000000e-04 7.740210e+01 3.179304e+01 2.220846e+01 6.903205e+01 1.862051e-01 5.996411e+00 4.078848e+00 1.714912e+01 2.492340e+02
1.000000e-01 1.701000e-01  1.546364e-01  1.000000e-01 1.821276e-05 8.000000e-04 7.740210e+01 3.179289e+01 2.215543e+01 6.901797e+01 1.930896e-01 6.303154e+00 4.299116e+00 1.807521e+01 2.626932e+02
1.000000e-01 1.701000e-01  1.546364e-01  1.000000e-01 1.869805e-05 8.000000e-04 7.740210e+01 3.179207e+01 2.212183e+01 6.901118e+01 2.012352e-01 6.707894e+00 4.531278e+00 1.905131e+01 2.768792e+02
1.000000e-01 1.701000e-01  1.546364e-01  1.000000e-01 1.919629e-05 8.000000e-04 7.740210e+01 3.179161e+01 2.206837e+01 6.900776e+01 2.206165e-01 7.026321e+00 4.775977e+00 2.008012e+01 2.918313e+02
1.000000e-01 1.701000e-01  1.546364e-01  1.000000e-01 1.970779e-05 8.000000e-04 7.740210e+01 3.179156e+01 2.203959e+01 6.899439e+01 2.335685e-01 7.374434e+00 5.033891e+00 2.116450e+01 3.075909e+02
1.000000e-01 1.701000e-01  1.546364e-01  1.000000e-01 2.023293e-05 8.000000e-04 7.740210e+01 3.179022e+01 2.201320e+01 6.897878e+01 2.442791e-01 7.757125e+00 5.305733e+00 2.230743e+01 3.242015e+02
1.000000e-01 1.701000e-01  1.546364e-01  1.000000e-01 2.077206e-05 8.000000e-04 7.740210e+01 3.179023e+01 2.192566e+01 6.895777e+01 2.473753e-01 8.230671e+00 5.592255e+00 2.351208e+01 3.417091e+02
1.000000e-01 1.701000e-01  1.546364e-01  1.000000e-01 2.132555e-05 8.000000e-04 7.740210e+01 3.178916e+01 2.188043e+01 6.896103e+01 2.699605e-01 8.729977e+00 5.894249e+00 2.478179e+01 3.601622e+02
1.000000e-01 1.701000e-01  1.546364e-01  1.000000e-01 2.189380e-05 8.000000e-04 7.740210e+01 3.178876e+01 2.185968e+01 6.894080e+01 2.858731e-01 9.035438e+00 6.212552e+00 2.612006e+01 3.796118e+02
1.000000e-01 1.701000e-01  1.546364e-01  1.000000e-01 2.247718e-05 8.000000e-04 7.740210e+01 3.178734e+01 2.179579e+01 6.893415e+01 3.081764e-01 9.634328e+00 6.548045e+00 2.753061e+01 4.001117e+02
1.000000e-01 1.701000e-01  1.546364e-01  1.000000e-01 2.307611e-05 8.000000e-04 7.740210e+01 3.178728e+01 2.174967e+01 6.893566e+01 3.096474e-01 1.011349e+01 6.901654e+00 2.901732e+01 4.217187e+02
1.000000e-01 1.701000e-01  1.546364e-01  1.000000e-01 2.369100e-05 8.000000e-04 7.740210e+01 3.178548e+01 2.169291e+01 6.892240e+01 3.337968e-01 1.066495e+01 7.274359e+00 3.058433e+01 4.444925e+02
1.000000e-01 1.701000e-01  1.546364e-01  1.000000e-01 2.432228e-05 8.000000e-04 7.740210e+01 3.178493e+01 2.163729e+01 6.890771e+01 3.507766e-01 1.130208e+01 7.667192e+00 3.223595e+01 4.684961e+02
1.000000e-01 1.701000e-01  1.546364e-01  1.000000e-01 2.497037e-05 8.000000e-04 7.740210e+01 3.178368e+01 2.157823e+01 6.889610e+01 3.724568e-01 1.191391e+01 8.081238e+00 3.397677e+01 4.937960e+02
1.000000e-01 1.701000e-01  1.546364e-01  1.000000e-01 2.563574e-05 8.000000e-04 7.740210e+01 3.178433e+01 2.149953e+01 6.888745e+01 3.764566e-01 1.258035e+01 8.517643e+00 3.581159e+01 5.204621e+02
1.000000e-01 1.701000e-01  1.546364e-01  1.000000e-01 2.631883e-05 8.000000e-04 7.740210e+01 3.178319e+01 2.144594e+01 6.887648e+01 4.120482e-01 1.324072e+01 8.977616e+00 3.774550e+01 5.485683e+02
1.000000e-01 1.701000e-01  1.546364e-01  1.000000e-01 2.702013e-05 8.000000e-04 7.740210e+01 3.178082e+01 2.141663e+01 6.887924e+01 4.255798e-01 1.381199e+01 9.462428e+00 3.978384e+01 5.781922e+02
1.000000e-01 1.701000e-01  1.546364e-01  1.000000e-01 2.774011e-05 8.000000e-04 7.740210e+01 3.178225e+01 2.126846e+01 6.884745e+01 4.361380e-01 1.464816e+01 9.973421e+00 4.193226e+01 6.094159e+02
1.000000e-01 1.701000e-01  1.546364e-01  1.000000e-01 2.847928e-05 8.000000e-04 7.740210e+01 3.177743e+01 2.116836e+01 6.884523e+01 4.849077e-01 1.560838e+01 1.051201e+01 4.419670e+01 6.423258e+02
1.000000e-01 1.701000e-01  1.546364e-01  1.000000e-01 2.923814e-05 8.000000e-04 7.740210e+01 3.177626e+01 2.113316e+01 6.882810e+01 4.979571e-01 1.644874e+01 1.107968e+01 4.658343e+01 6.770129e+02
1.000000e-01 1.701000e-01  1.546364e-01  1.000000e-01 3.001722e-05 8.000000e-04 7.740210e+01 3.177741e+01 2.101695e+01 6.884553e+01 5.232528e-01 1.717098e+01 1.167801e+01 4.909904e+01 7.135731e+02
1.000000e-01 1.701000e-01  1.546364e-01  1.000000e-01 3.081707e-05 8.000000e-04 7.740210e+01 3.177704e+01 2.099239e+01 6.883692e+01 5.542633e-01 1.787869e+01 1.230865e+01 5.175050e+01 7.521077e+02
1.000000e-01 1.701000e-01  1.546364e-01  1.000000e-01 3.163822e-05 8.000000e-04 7.740210e+01 3.177606e+01 2.085653e+01 6.884236e+01 5.755673e-01 1.915047e+01 1.297334e+01 5.454515e+01 7.927233e+02
1.000000e-01 1.701000e-01  1.546364e-01  1.000000e-01 3.248126e-05 8.000000e-04 7.740210e+01 3.177207e+01 2.082011e+01 6.880535e+01 6.278445e-01 2.018589e+01 1.367394e+01 5.749071e+01 8.355322e+02
1.000000e-01 1.701000e-01  1.546364e-01  1.000000e-01 3.334676e-05 8.000000e-04 7.740210e+01 3.177104e+01 2.071595e+01 6.882953e+01 6.551750e-01 2.106620e+01 1.441236e+01 6.059534e+01 8.806528e+02
1.000000e-01 1.701000e-01  1.546364e-01  1.000000e-01 3.423532e-05 8.000000e-04 7.740210e+01 3.176924e+01 2.060144e+01 6.884572e+01 6.726851e-01 2.272020e+01 1.519066e+01 6.386763e+01 9.282101e+02
1.000000e-01 1.701000e-01  1.546364e-01  1.000000e-01 3.514756e-05 8.000000e-04 7.740210e+01 3.176732e+01 2.047840e+01 6.886519e+01 7.120956e-01 2.374119e+01 1.601099e+01 6.731663e+01 9.783356e+02
1.000000e-01 1.701000e-01  1.546364e-01  1.000000e-01 3.608411e-05 8.000000e-04 7.740210e+01 3.176544e+01 2.032867e+01 6.890676e+01 7.562670e-01 2.490387e+01 1.687562e+01 7.095188e+01 1.031168e+03
1.000000e-01 1.701000e-01  1.546364e-01  1.000000e-01 3.704561e-05 8.000000e-04 7.740210e+01 3.176252e+01 2.017955e+01 6.886973e+01 7.950960e-01 2.631596e+01 1.778694e+01 7.478345e+01 1.086853e+03
1.000000e-01 1.701000e-01  1.546364e-01  1.000000e-01 3.803273e-05 8.000000e-04 7.740210e+01 3.176253e+01 2.004419e+01 6.891943e+01 8.451308e-01 2.808226e+01 1.874748e+01 7.882193e+01 1.145546e+03
1.000000e-01 1.701000e-01  1.546364e-01  1.000000e-01 3.904616e-05 8.000000e-04 7.740210e+01 3.175871e+01 1.998191e+01 6.889553e+01 8.887410e-01 2.938400e+01 1.975989e+01 8.307849e+01 1.207408e+03
1.000000e-01 1.701000e-01  1.546364e-01  1.000000e-01 4.008659e-05 8.000000e-04 7.740210e+01 3.175474e+01 1.982387e+01 6.892356e+01 9.475072e-01 3.085033e+01 2.082697e+01 8.756492e+01 1.272611e+03
1.000000e-01 1.701000e-01  1.546364e-01  1.000000e-01 4.115474e-05 8.000000e-04 7.740210e+01 3.175633e+01 1.973033e+01 6.903075e+01 9.875915e-01 3.256369e+01 2.195167e+01 9.229363e+01 1.341335e+03
1.000000e-01 1.701000e-01  1.546364e-01  1.000000e-01 4.225136e-05 8.000000e-04 7.740210e+01 3.175063e+01 1.959007e+01 6.911260e+01 1.058584e+00 3.384728e+01 2.313711e+01 9.727770e+01 1.413770e+03
1.000000e-01 1.701000e-01  1.546364e-01  1.000000e-01 4.337719e-05 8.000000e-04 7.740210e+01 3.174689e+01 1.948739e+01 6.913367e+01 1.110581e+00 3.627480e+01 2.438657e+01 1.025309e+02 1.490117e+03
1.000000e-01 1.701000e-01  1.546364e-01  1.000000e-01 4.453303e-05 8.000000e-04 7.740210e+01 3.174411e+01 1.939682e+01 6.903369e+01 1.188009e+00 3.763493e+01 2.570350e+01 1.080678e+02 1.570587e+03
1.000000e-01 1.701000e-01  1.546364e-01  1.000000e-01 4.571966e-05 8.000000e-04 7.740210e+01 3.173710e+01 1.924903e+01 6.915674e+01 1.286082e+00 4.018796e+01 2.709155e+01 1.139037e+02 1.655402e+03
1.000000e-01 1.701000e-01  1.546364e-01  1.000000e-01 4.693791e-05 8.000000e-04 7.740210e+01 3.174200e+01 1.907709e+01 6.922560e+01 1.292221e+00 4.221597e+01 2.855455e+01 1.200548e+02 1.744798e+03
1.000000e-01 1.701000e-01  1.546364e-01  1.000000e-01 4.818863e-05 8.000000e-04 7.740210e+01 3.173927e+01 1.893869e+01 6.930699e+01 1.373344e+00 4.485299e+01 3.009657e+01 1.265380e+02 1.839021e+03
1.000000e-01 1.701000e-01  1.546364e-01  1.000000e-01 4.947267e-05 8.000000e-04 7.740210e+01 3.173285e+01 1.875268e+01 6.943889e+01 1.463885e+00 4.662799e+01 3.172185e+01 1.333714e+02 1.938332e+03
1.000000e-01 1.701000e-01  1.546364e-01  1.000000e-01 5.079093e-05 8.000000e-04 7.740210e+01 3.173167e+01 1.870204e+01 6.960711e+01 1.500461e+00 4.960657e+01 3.343490e+01 1.405738e+02 2.043007e+03
1.000000e-01 1.701000e-01  1.546364e-01  1.000000e-01 5.214431e-05 8.000000e-04 7.740210e+01 3.172178e+01 1.851007e+01 6.966574e+01 1.623125e+00 5.181157e+01 3.524047e+01 1.481651e+02 2.153334e+03
1.000000e-01 1.701000e-01  1.546364e-01  1.000000e-01 5.353375e-05 8.000000e-04 7.740210e+01 3.171911e+01 1.837966e+01 6.983860e+01 1.708828e+00 5.480396e+01 3.714353e+01 1.561663e+02 2.269619e+03
1.000000e-01 1.701000e-01  1.546364e-01  1.000000e-01 5.496022e-05 8.000000e-04 7.740210e+01 3.171587e+01 1.820208e+01 7.015840e+01 1.767775e+00 5.836527e+01 3.914937e+01 1.645997e+02 2.392183e+03
1.000000e-01 1.701000e-01  1.546364e-01  1.000000e-01 5.642470e-05 8.000000e-04 7.740210e+01 3.171166e+01 1.801806e+01 7.033404e+01 1.870110e+00 6.113944e+01 4.126353e+01 1.734884e+02 2.521367e+03
1.000000e-01 1.701000e-01  1.546364e-01  1.000000e-01 5.792820e-05 8.000000e-04 7.740210e+01 3.171176e+01 1.796998e+01 7.059878e+01 1.934807e+00 6.391950e+01 4.349185e+01 1.828572e+02 2.657526e+03
1.000000e-01 1.701000e-01  1.546364e-01  1.000000e-01 5.947176e-05 8.000000e-04 7.740210e+01 3.170355e+01 1.786820e+01 7.052249e+01 2.109970e+00 6.773427e+01 4.584051e+01 1.927319e+02 2.801039e+03
1.000000e-01 1.701000e-01  1.546364e-01  1.000000e-01 6.105646e-05 8.000000e-04 7.740210e+01 3.169712e+01 1.774600e+01 7.094888e+01 2.161076e+00 7.119257e+01 4.831601e+01 2.031399e+02 2.952301e+03
1.000000e-01 1.701000e-01  1.546364e-01  1.000000e-01 6.268338e-05 8.000000e-04 7.740210e+01 3.169025e+01 1.760144e+01 7.145589e+01 2.307323e+00 7.596748e+01 5.092518e+01 2.141099e+02 3.111733e+03
1.000000e-01 1.701000e-01  1.546364e-01  1.000000e-01 6.435365e-05 8.000000e-04 7.740210e+01 3.168762e+01 1.753383e+01 7.149785e+01 2.456354e+00 7.913249e+01 5.367526e+01 2.256723e+02 3.279773e+03
1.000000e-01 1.701000e-01  1.546364e-01  1.000000e-01 6.606842e-05 8.000000e-04 7.740210e+01 3.167862e+01 1.742108e+01 7.183615e+01 2.598928e+00 8.334401e+01 5.657385e+01 2.378592e+02 3.456889e+03
1.000000e-01 1.701000e-01  1.546364e-01  1.000000e-01 6.782889e-05 8.000000e-04 7.740210e+01 3.167027e+01 1.737164e+01 7.282344e+01 2.739541e+00 8.800691e+01 5.962897e+01 2.507041e+02 3.643569e+03
1.000000e-01 1.701000e-01  1.546364e-01  1.000000e-01 6.963627e-05 8.000000e-04 7.740210e+01 3.166272e+01 1.728267e+01 7.286813e+01 2.879675e+00 9.395049e+01 6.284907e+01 2.642427e+02 3.840330e+03
1.000000e-01 1.701000e-01  1.546364e-01  1.000000e-01 7.149181e-05 8.000000e-04 7.740210e+01 3.165728e+01 1.728847e+01 7.340265e+01 3.031081e+00 9.798627e+01 6.624306e+01 2.785124e+02 4.047716e+03
1.000000e-01 1.701000e-01  1.546364e-01  1.000000e-01 7.339679e-05 8.000000e-04 7.740210e+01 3.165628e+01 1.717646e+01 7.347142e+01 3.050597e+00 1.029458e+02 6.982034e+01 2.935527e+02 4.266302e+03
1.000000e-01 1.701000e-01  1.546364e-01  1.000000e-01 7.535253e-05 8.000000e-04 7.740210e+01 3.163135e+01 1.727467e+01 7.459308e+01 3.391435e+00 1.082585e+02 7.359080e+01 3.094053e+02 4.496693e+03
1.000000e-01 1.701000e-01  1.546364e-01  1.000000e-01 7.736039e-05 8.000000e-04 7.740210e+01 3.163453e+01 1.719464e+01 7.515028e+01 3.562350e+00 1.144766e+02 7.756487e+01 3.261139e+02 4.739524e+03
1.000000e-01 1.701000e-01  1.546364e-01  1.000000e-01 7.942174e-05 8.000000e-04 7.740210e+01 3.160978e+01 1.731107e+01 7.592910e+01 3.812351e+00 1.202973e+02 8.175356e+01 3.437248e+02 4.995470e+03
1.000000e-01 1.701000e-01  1.546364e-01  1.000000e-01 8.153803e-05 8.000000e-04 7.740210e+01 3.161628e+01 1.741937e+01 7.661002e+01 3.890593e+00 1.268241e+02 8.616844e+01 3.622867e+02 5.265237e+03
1.000000e-01 1.701000e-01  1.546364e-01  1.000000e-01 8.371070e-05 8.000000e-04 7.740210e+01 3.161333e+01 1.752229e+01 7.747129e+01 4.090603e+00 1.345671e+02 9.082173e+01 3.818510e+02 5.549572e+03
1.000000e-01 1.701000e-01  1.546364e-01  1.000000e-01 8.594127e-05 8.000000e-04 7.740210e+01 3.161414e+01 1.776554e+01 7.877886e+01 4.205370e+00 1.408738e+02 9.572632e+01 4.024719e+02 5.849261e+03
1.000000e-01 1.701000e-01  1.546364e-01  1.000000e-01 8.823127e-05 8.000000e-04 7.740210e+01 3.158247e+01 1.790377e+01 7.964059e+01 4.580266e+00 1.490229e+02 1.008958e+02 4.242063e+02 6.165135e+03
1.000000e-01 1.701000e-01  1.546364e-01  1.000000e-01 9.058230e-05 8.000000e-04 7.740210e+01 3.156549e+01 1.814180e+01 8.080427e+01 4.832164e+00 1.576165e+02 1.063444e+02 4.471144e+02 6.498066e+03
1.000000e-01 1.701000e-01  1.546364e-01  1.000000e-01 9.299597e-05 8.000000e-04 7.740210e+01 3.155957e+01 1.844113e+01 8.178092e+01 5.068991e+00 1.650892e+02 1.120872e+02 4.712596e+02 6.848977e+03
1.000000e-01 1.701000e-01  1.546364e-01  1.000000e-01 9.547395e-05 8.000000e-04 7.740210e+01 3.155385e+01 1.881133e+01 8.331408e+01 5.250038e+00 1.738991e+02 1.181402e+02 4.967087e+02 7.218838e+03
1.000000e-01 1.701000e-01  1.546364e-01  1.000000e-01 9.801796e-05 8.000000e-04 7.740210e+01 3.155373e+01 1.899973e+01 8.405579e+01 5.550355e+00 1.844099e+02 1.245200e+02 5.235321e+02 7.608671e+03
1.000000e-01 1.701000e-01  1.546364e-01  1.000000e-01 1.006298e-04 8.000000e-04 7.740210e+01 3.153378e+01 1.925631e+01 8.493947e+01 5.848812e+00 1.927220e+02 1.312444e+02 5.518041e+02 8.019557e+03
1.000000e-01 1.701000e-01  1.546364e-01  1.000000e-01 1.033112e-04 8.000000e-04 7.740210e+01 3.149963e+01 1.986160e+01 8.677888e+01 6.254447e+00 2.052515e+02 1.383319e+02 5.816028e+02 8.452632e+03
1.000000e-01 1.701000e-01  1.546364e-01  1.000000e-01 1.060640e-04 8.000000e-04 7.740210e+01 3.145124e+01 2.055965e+01 8.877839e+01 6.775740e+00 2.158215e+02 1.458021e+02 6.130106e+02 8.909094e+03
1.000000e-01 1.701000e-01  1.546364e-01  1.000000e-01 1.088902e-04 8.000000e-04 7.740210e+01 3.147191e+01 2.066708e+01 8.913436e+01 6.945219e+00 2.256087e+02 1.536758e+02 6.461146e+02 9.390205e+03
1.000000e-01 1.701000e-01  1.546364e-01  1.000000e-01 1.117917e-04 8.000000e-04 7.740210e+01 3.145107e+01 2.128918e+01 9.083514e+01 7.353489e+00 2.374990e+02 1.619746e+02 6.810063e+02 9.897298e+03
1.000000e-01 1.701000e-01  1.546364e-01  1.000000e-01 1.147705e-04 8.000000e-04 7.740210e+01 3.144999e+01 2.217815e+01 9.328147e+01 7.622358e+00 2.501838e+02 1.707216e+02 7.177822e+02 1.043177e+04
1.000000e-01 1.701000e-01  1.546364e-01  1.000000e-01 1.178287e-04 8.000000e-04 7.740210e+01 3.141405e+01 2.282676e+01 9.482159e+01 8.248759e+00 2.678791e+02 1.799410e+02 7.565441e+02 1.099511e+04
1.000000e-01 1.701000e-01  1.546364e-01  1.000000e-01 1.209684e-04 8.000000e-04 7.740210e+01 3.140720e+01 2.372082e+01 9.718440e+01 8.571332e+00 2.783215e+02 1.896582e+02 7.973993e+02 1.158888e+04
1.000000e-01 1.701000e-01  1.546364e-01  1.000000e-01 1.241917e-04 8.000000e-04 7.740210e+01 3.136986e+01 2.409913e+01 9.793740e+01 8.978094e+00 2.920550e+02 1.999002e+02 8.404607e+02 1.221470e+04
1.000000e-01 1.701000e-01  1.546364e-01  1.000000e-01 1.275010e-04 8.000000e-04 7.740210e+01 3.133410e+01 2.454972e+01 9.889469e+01 9.661927e+00 3.083302e+02 2.106953e+02 8.858475e+02 1.287432e+04
1.000000e-01 1.701000e-01  1.546364e-01  1.000000e-01 1.308984e-04 8.000000e-04 7.740210e+01 3.130060e+01 2.606010e+01 1.023780e+02 1.038589e+01 3.301062e+02 2.220733e+02 9.336853e+02 1.356957e+04
1.000000e-01 1.701000e-01  1.546364e-01  1.000000e-01 1.343863e-04 8.000000e-04 7.740210e+01 3.128757e+01 2.644984e+01 1.032900e+02 1.079020e+01 3.458827e+02 2.340658e+02 9.841065e+02 1.430236e+04
1.000000e-01 1.701000e-01  1.546364e-01  1.000000e-01 1.379672e-04 8.000000e-04 7.740210e+01 3.125768e+01 2.763791e+01 1.059492e+02 1.112421e+01 3.616346e+02 2.467059e+02 1.037250e+03 1.507472e+04
1.000000e-01 1.701000e-01  1.546364e-01  1.000000e-01 1.416435e-04 8.000000e-04 7.740210e+01 3.123509e+01 2.818374e+01 1.069799e+02 1.185008e+01 3.805379e+02 2.600286e+02 1.093264e+03 1.588879e+04
1.000000e-01 1.701000e-01  1.546364e-01  1.000000e-01 1.454177e-04 8.000000e-04 7.740210e+01 3.116234e+01 2.908227e+01 1.089005e+02 1.282714e+01 4.036062e+02 2.740707e+02 1.152303e+03 1.674682e+04
1.000000e-01 1.701000e-01  1.546364e-01  1.000000e-01 1.492926e-04 8.000000e-04 7.740210e+01 3.119050e+01 3.020969e+01 1.112872e+02 1.301274e+01 4.274662e+02 2.888712e+02 1.214530e+03 1.765118e+04
1.000000e-01 1.701000e-01  1.546364e-01  1.000000e-01 1.532706e-04 8.000000e-04 7.740210e+01 3.117456e+01 3.152973e+01 1.140669e+02 1.340705e+01 4.493715e+02 3.044709e+02 1.280118e+03 1.860439e+04
1.000000e-01 1.701000e-01  1.546364e-01  1.000000e-01 1.573547e-04 8.000000e-04 7.740210e+01 3.110149e+01 3.190393e+01 1.146772e+02 1.496175e+01 4.730454e+02 3.209130e+02 1.349247e+03 1.960907e+04
1.000000e-01 1.701000e-01  1.546364e-01  1.000000e-01 1.615476e-04 8.000000e-04 7.740210e+01 3.108352e+01 3.288244e+01 1.166066e+02 1.542231e+01 4.925726e+02 3.382430e+02 1.422109e+03 2.066800e+04
1.000000e-01 1.701000e-01  1.546364e-01  1.000000e-01 1.658522e-04 8.000000e-04 7.740210e+01 3.101148e+01 3.506528e+01 1.213157e+02 1.583277e+01 5.201712e+02 3.565089e+02 1.498907e+03 2.178412e+04
1.000000e-01 1.701000e-01  1.546364e-01  1.000000e-01 1.702715e-04 8.000000e-04 7.740210e+01 3.105776e+01 3.517350e+01 1.213605e+02 1.665300e+01 5.561800e+02 3.757613e+02 1.579851e+03 2.296052e+04
1.000000e-01 1.701000e-01  1.546364e-01  1.000000e-01 1.748086e-04 8.000000e-04 7.740210e+01 3.099637e+01 3.664274e+01 1.241340e+02 1.738182e+01 5.881611e+02 3.960532e+02 1.665167e+03 2.420044e+04
1.000000e-01 1.701000e-01  1.546364e-01  1.000000e-01 1.794666e-04 8.000000e-04 7.740210e+01 3.092821e+01 3.780303e+01 1.267103e+02 1.901368e+01 6.105570e+02 4.174410e+02 1.755090e+03 2.550732e+04
1.000000e-01 1.701000e-01  1.546364e-01  1.000000e-01 1.842487e-04 8.000000e-04 7.740210e+01 3.089819e+01 3.869975e+01 1.284409e+02 1.944155e+01 6.519418e+02 4.399838e+02 1.849868e+03 2.688477e+04
1.000000e-01 1.701000e-01  1.546364e-01  1.000000e-01 1.891582e-04 8.000000e-04 7.740210e+01 3.081976e+01 3.913692e+01 1.290227e+02 2.128670e+01 6.844284e+02 4.637439e+02 1.949766e+03 2.833661e+04
1.000000e-01 1.701000e-01  1.546364e-01  1.000000e-01 1.941986e-04 8.000000e-04 7.740210e+01 3.068327e+01 4.007862e+01 1.301338e+02 2.219492e+01 7.220890e+02 4.887872e+02 2.055057e+03 2.986685e+04
