1.250000e+00 2.285000e-02  2.077273e-02  1.000000e-01 2.000000e-06 8.000000e-04 7.409389e+10 3.180203e+01 2.288802e+01 6.923341e+01 2.722672e-15 4.192626e-15 1.135097e-14 2.390475e-13 9.214232e-13
1.250000e+00 2.285000e-02  2.077273e-02  1.000000e-01 2.053292e-06 8.000000e-04 7.409389e+10 3.180203e+01 2.288802e+01 6.923341e+01 2.815170e-15 4.433342e-15 1.196394e-14 2.519566e-13 9.711822e-13
1.250000e+00 2.285000e-02  2.077273e-02  1.000000e-01 2.108005e-06 8.000000e-04 7.409389e+10 3.180203e+01 2.288802e+01 6.923341e+01 3.031267e-15 4.647981e-15 1.261002e-14 2.655628e-13 1.023628e-12
1.250000e+00 2.285000e-02  2.077273e-02  1.000000e-01 2.164175e-06 8.000000e-04 7.409389e+10 3.180203e+01 2.288802e+01 6.923341e+01 3.165903e-15 4.935213e-15 1.329100e-14 2.799038e-13 1.078907e-12
1.250000e+00 2.285000e-02  2.077273e-02  1.000000e-01 2.221842e-06 8.000000e-04 7.409389e+10 3.180203e+01 2.288802e+01 6.923341e+01 3.340681e-15 5.177914e-15 1.400874e-14 2.950193e-13 1.137170e-12
1.250000e+00 2.285000e-02  2.077273e-02  1.000000e-01 2.281045e-06 8.000000e-04 7.409389e+10 3.180203e+01 2.288802e+01 6.923341e+01 3.616725e-15 5.460104e-15 1.476524e-14 3.109510e-13 1.198580e-12
1.250000e+00 2.285000e-02  2.077273e-02  1.000000e-01 2.341826e-06 8.000000e-04 7.409389e+10 3.180203e+01 2.288802e+01 6.923341e+01 3.864857e-15 5.701619e-15 1.556260e-14 3.277431e-13 1.263306e-12
1.250000e+00 2.285000e-02  2.077273e-02  1.000000e-01 2.404227e-06 8.000000e-04 7.409389e+10 3.180203e+01 2.288802e+01 6.923341e+01 4.013972e-15 6.134996e-15 1.640302e-14 3.454419e-13 1.331527e-12
1.250000e+00 2.285000e-02  2.077273e-02  1.000000e-01 2.468290e-06 8.000000e-04 7.409389e+10 3.180203e+01 2.288802e+01 6.923341e+01 4.192064e-15 6.501246e-15 1.728882e-14 3.640966e-13 1.403433e-12
1.250000e+00 2.285000e-02  2.077273e-02  1.000000e-01 2.534061e-06 8.000000e-04 7.409389e+10 3.180203e+01 2.288802e+01 6.923341e+01 4.109492e-15 6.800220e-15 1.822245e-14 3.837587e-13 1.479222e-12
1.250000e+00 2.285000e-02  2.077273e-02  1.000000e-01 2.601584e-06 8.000000e-04 7.409389e+10 3.180203e+01 2.288802e+01 6.923341e+01 4.462756e-15 7.080377e-15 1.920651e-14 4.044825e-13 1.559103e-12
1.250000e+00 2.285000e-02  2.077273e-02  1.000000e-01 2.670906e-06 8.000000e-04 7.409389e+10 3.180203e+01 2.288802e+01 6.923341e+01 5.042455e-15 7.443169e-15 2.024371e-14 4.263255e-13 1.643298e-12
1.250000e+00 2.285000e-02  2.077273e-02  1.000000e-01 2.742075e-06 8.000000e-04 7.409389e+10 3.180203e+01 2.288802e+01 6.923341e+01 4.957571e-15 7.903450e-15 2.133691e-14 4.493481e-13 1.732040e-12
1.250000e+00 2.285000e-02  2.077273e-02  1.000000e-01 2.815141e-06 8.000000e-04 7.409389e+10 3.180203e+01 2.288802e+01 6.923341e+01 5.351772e-15 8.306925e-15 2.248915e-14 4.736139e-13 1.825574e-12
1.250000e+00 2.285000e-02  2.077273e-02  1.000000e-01 2.890154e-06 8.000000e-04 7.409389e+10 3.180203e+01 2.288802e+01 6.923341e+01 5.913559e-15 8.719552e-15 2.370362e-14 4.991902e-13 1.924159e-12
1.250000e+00 2.285000e-02  2.077273e-02  1.000000e-01 2.967165e-06 8.000000e-04 7.409389e+10 3.180203e+01 2.288802e+01 6.923341e+01 6.225674e-15 9.280412e-15 2.498367e-14 5.261476e-13 2.028068e-12
1.250000e+00 2.285000e-02  2.077273e-02  1.000000e-01 3.046229e-06 8.000000e-04 7.409389e+10 3.180203e+01 2.288802e+01 6.923341e+01 6.206370e-15 9.693799e-15 2.633285e-14 5.545608e-13 2.137589e-12
1.250000e+00 2.285000e-02  2.077273e-02  1.000000e-01 3.127399e-06 8.000000e-04 7.409389e+10 3.180203e+01 2.288802e+01 6.923341e+01 6.622203e-15 1.029885e-14 2.775488e-14 5.845083e-13 2.253024e-12
1.250000e+00 2.285000e-02  2.077273e-02  1.000000e-01 3.210732e-06 8.000000e-04 7.409389e+10 3.180203e+01 2.288802e+01 6.923341e+01 6.734163e-15 1.087303e-14 2.925371e-14 6.160731e-13 2.374692e-12
1.250000e+00 2.285000e-02  2.077273e-02  1.000000e-01 3.296286e-06 8.000000e-04 7.409389e+10 3.180203e+01 2.288802e+01 6.923341e+01 7.412695e-15 1.137934e-14 3.083348e-14 6.493425e-13 2.502931e-12
1.250000e+00 2.285000e-02  2.077273e-02  1.000000e-01 3.384119e-06 8.000000e-04 7.409389e+10 3.180203e+01 2.288802e+01 6.923341e+01 7.807808e-15 1.187742e-14 3.249856e-14 6.844085e-13 2.638095e-12
1.250000e+00 2.285000e-02  2.077273e-02  1.000000e-01 3.474293e-06 8.000000e-04 7.409389e+10 3.180203e+01 2.288802e+01 6.923341e+01 8.376063e-15 1.273319e-14 3.425355e-14 7.213681e-13 2.780558e-12
1.250000e+00 2.285000e-02  2.077273e-02  1.000000e-01 3.566869e-06 8.000000e-04 7.409389e+10 3.180203e+01 2.288802e+01 6.923341e+01 8.484133e-15 1.341510e-14 3.610333e-14 7.603237e-13 2.930715e-12
1.250000e+00 2.285000e-02  2.077273e-02  1.000000e-01 3.661913e-06 8.000000e-04 7.409389e+10 3.180203e+01 2.288802e+01 6.923341e+01 9.703213e-15 1.418422e-14 3.805299e-14 8.013829e-13 3.088980e-12
1.250000e+00 2.285000e-02  2.077273e-02  1.000000e-01 3.759488e-06 8.000000e-04 7.409389e+10 3.180203e+01 2.288802e+01 6.923341e+01 1.010112e-14 1.476046e-14 4.010794e-14 8.446595e-13 3.255792e-12
1.250000e+00 2.285000e-02  2.077273e-02  1.000000e-01 3.859664e-06 8.000000e-04 7.409389e+10 3.180203e+01 2.288802e+01 6.923341e+01 9.709289e-15 1.581220e-14 4.227386e-14 8.902730e-13 3.431613e-12
1.250000e+00 2.285000e-02  2.077273e-02  1.000000e-01 3.962510e-06 8.000000e-04 7.409389e+10 3.180203e+01 2.288802e+01 6.923341e+01 1.037501e-14 1.649708e-14 4.455674e-14 9.383498e-13 3.616928e-12
1.250000e+00 2.285000e-02  2.077273e-02  1.000000e-01 4.068095e-06 8.000000e-04 7.409389e+10 3.180203e+01 2.288802e+01 6.923341e+01 1.128491e-14 1.734301e-14 4.696291e-14 9.890229e-13 3.812250e-12
1.250000e+00 2.285000e-02  2.077273e-02  1.000000e-01 4.176494e-06 8.000000e-04 7.409389e+10 3.180203e+01 2.288802e+01 6.923341e+01 1.154771e-14 1.803290e-14 4.949902e-14 1.042432e-12 4.018120e-12
1.250000e+00 2.285000e-02  2.077273e-02  1.000000e-01 4.287782e-06 8.000000e-04 7.409389e+10 3.180203e+01 2.288802e+01 6.923341e+01 1.199190e-14 1.948646e-14 5.217208e-14 1.098726e-12 4.235108e-12
1.250000e+00 2.285000e-02  2.077273e-02  1.000000e-01 4.402035e-06 8.000000e-04 7.409389e+10 3.180203e+01 2.288802e+01 6.923341e+01 1.300308e-14 2.023208e-14 5.498949e-14 1.158060e-12 4.463814e-12
1.250000e+00 2.285000e-02  2.077273e-02  1.000000e-01 4.519332e-06 8.000000e-04 7.409389e+10 3.180203e+01 2.288802e+01 6.923341e+01 1.357448e-14 2.136856e-14 5.795905e-14 1.220598e-12 4.704870e-12
1.250000e+00 2.285000e-02  2.077273e-02  1.000000e-01 4.639755e-06 8.000000e-04 7.409389e+10 3.180203e+01 2.288802e+01 6.923341e+01 1.421842e-14 2.263570e-14 6.108897e-14 1.286513e-12 4.958944e-12
1.250000e+00 2.285000e-02  2.077273e-02  1.000000e-01 4.763386e-06 8.000000e-04 7.409389e+10 3.180203e+01 2.288802e+01 6.923341e+01 1.599923e-14 2.380005e-14 6.438792e-14 1.355988e-12 5.226738e-12
1.250000e+00 2.285000e-02  2.077273e-02  1.000000e-01 4.890312e-06 8.000000e-04 7.409389e+10 3.180203e+01 2.288802e+01 6.923341e+01 1.625404e-14 2.521142e-14 6.786502e-14 1.429214e-12 5.508994e-12
1.250000e+00 2.285000e-02  2.077273e-02  1.000000e-01 5.020620e-06 8.000000e-04 7.409389e+10 3.180203e+01 2.288802e+01 6.923341e+01 1.739164e-14 2.612133e-14 7.152988e-14 1.506395e-12 5.806493e-12
1.250000e+00 2.285000e-02  2.077273e-02  1.000000e-01 5.154400e-06 8.000000e-04 7.409389e+10 3.180203e+01 2.288802e+01 6.923341e+01 1.705278e-14 2.814910e-14 7.539266e-14 1.587744e-12 6.120057e-12
1.250000e+00 2.285000e-02  2.077273e-02  1.000000e-01 5.291745e-06 8.000000e-04 7.409389e+10 3.180203e+01 2.288802e+01 6.923341e+01 1.967900e-14 2.928614e-14 7.946404e-14 1.673486e-12 6.450554e-12
1.250000e+00 2.285000e-02  2.077273e-02  1.000000e-01 5.432750e-06 8.000000e-04 7.409389e+10 3.180203e+01 2.288802e+01 6.923341e+01 1.969430e-14 3.106641e-14 8.375528e-14 1.763858e-12 6.798899e-12
1.250000e+00 2.285000e-02  2.077273e-02  1.000000e-01 5.577512e-06 8.000000e-04 7.409389e+10 3.180203e+01 2.288802e+01 6.923341e+01 2.089107e-14 3.238975e-14 8.827826e-14 1.859110e-12 7.166055e-12
1.250000e+00 2.285000e-02  2.077273e-02  1.000000e-01 5.726131e-06 8.000000e-04 7.409389e+10 3.180203e+01 2.288802e+01 6.923341e+01 2.273857e-14 3.465183e-14 9.304549e-14 1.959506e-12 7.553038e-12
1.250000e+00 2.285000e-02  2.077273e-02  1.000000e-01 5.878710e-06 8.000000e-04 7.409389e+10 3.180203e+01 2.288802e+01 6.923341e+01 2.391311e-14 3.608005e-14 9.807016e-14 2.065324e-12 7.960920e-12
1.250000e+00 2.285000e-02  2.077273e-02  1.000000e-01 6.035355e-06 8.000000e-04 7.409389e+10 3.180203e+01 2.288802e+01 6.923341e+01 2.616761e-14 3.825534e-14 1.033662e-13 2.176856e-12 8.390828e-12
1.250000e+00 2.285000e-02  2.077273e-02  1.000000e-01 6.196174e-06 8.000000e-04 7.409389e+10 3.180203e+01 2.288802e+01 6.923341e+01 2.463910e-14 4.023386e-14 1.089482e-13 2.294412e-12 8.843952e-12
1.250000e+00 2.285000e-02  2.077273e-02  1.000000e-01 6.361278e-06 8.000000e-04 7.409389e+10 3.180203e+01 2.288802e+01 6.923341e+01 2.639614e-14 4.302347e-14 1.148316e-13 2.418315e-12 9.321546e-12
1.250000e+00 2.285000e-02  2.077273e-02  1.000000e-01 6.530782e-06 8.000000e-04 7.409389e+10 3.180203e+01 2.288802e+01 6.923341e+01 2.816730e-14 4.530717e-14 1.210328e-13 2.548910e-12 9.824931e-12
1.250000e+00 2.285000e-02  2.077273e-02  1.000000e-01 6.704802e-06 8.000000e-04 7.409389e+10 3.180203e+01 2.288802e+01 6.923341e+01 3.074799e-14 4.713845e-14 1.275689e-13 2.686557e-12 1.035550e-11
1.250000e+00 2.285000e-02  2.077273e-02  1.000000e-01 6.883459e-06 8.000000e-04 7.409389e+10 3.180203e+01 2.288802e+01 6.923341e+01 3.115930e-14 4.961600e-14 1.344579e-13 2.831637e-12 1.091472e-11
1.250000e+00 2.285000e-02  2.077273e-02  1.000000e-01 7.066877e-06 8.000000e-04 7.409389e+10 3.180203e+01 2.288802e+01 6.923341e+01 3.384408e-14 5.239837e-14 1.417189e-13 2.984552e-12 1.150414e-11
1.250000e+00 2.285000e-02  2.077273e-02  1.000000e-01 7.255182e-06 8.000000e-04 7.409389e+10 3.180203e+01 2.288802e+01 6.923341e+01 3.538950e-14 5.512930e-14 1.493721e-13 3.145725e-12 1.212539e-11
1.250000e+00 2.285000e-02  2.077273e-02  1.000000e-01 7.448504e-06 8.000000e-04 7.409389e+10 3.180203e+01 2.288802e+01 6.923341e+01 3.932407e-14 5.803826e-14 1.574385e-13 3.315601e-12 1.278019e-11
1.250000e+00 2.285000e-02  2.077273e-02  1.000000e-01 7.646978e-06 8.000000e-04 7.409389e+10 3.180203e+01 2.288802e+01 6.923341e+01 3.920234e-14 6.168135e-14 1.659406e-13 3.494651e-12 1.347035e-11
1.250000e+00 2.285000e-02  2.077273e-02  1.000000e-01 7.850741e-06 8.000000e-04 7.409389e+10 3.180203e+01 2.288802e+01 6.923341e+01 4.288868e-14 6.523531e-14 1.749017e-13 3.683371e-12 1.419778e-11
1.250000e+00 2.285000e-02  2.077273e-02  1.000000e-01 8.059933e-06 8.000000e-04 7.409389e+10 3.180203e+01 2.288802e+01 6.923341e+01 4.262214e-14 6.711895e-14 1.843468e-13 3.882281e-12 1.496449e-11
1.250000e+00 2.285000e-02  2.077273e-02  1.000000e-01 8.274699e-06 8.000000e-04 7.409389e+10 3.180203e+01 2.288802e+01 6.923341e+01 4.622210e-14 7.168322e-14 1.943020e-13 4.091933e-12 1.577261e-11
1.250000e+00 2.285000e-02  2.077273e-02  1.000000e-01 8.495188e-06 8.000000e-04 7.409389e+10 3.180203e+01 2.288802e+01 6.923341e+01 4.847645e-14 7.526198e-14 2.047947e-13 4.312907e-12 1.662437e-11
1.250000e+00 2.285000e-02  2.077273e-02  1.000000e-01 8.721552e-06 8.000000e-04 7.409389e+10 3.180203e+01 2.288802e+01 6.923341e+01 5.403564e-14 8.005352e-14 2.158541e-13 4.545814e-12 1.752212e-11
1.250000e+00 2.285000e-02  2.077273e-02  1.000000e-01 8.953948e-06 8.000000e-04 7.409389e+10 3.180203e+01 2.288802e+01 6.923341e+01 5.503154e-14 8.272535e-14 2.275107e-13 4.791299e-12 1.846836e-11
1.250000e+00 2.285000e-02  2.077273e-02  1.000000e-01 9.192536e-06 8.000000e-04 7.409389e+10 3.180203e+01 2.288802e+01 6.923341e+01 5.696500e-14 8.796095e-14 2.397969e-13 5.050040e-12 1.946569e-11
1.250000e+00 2.285000e-02  2.077273e-02  1.000000e-01 9.437481e-06 8.000000e-04 7.409389e+10 3.180203e+01 2.288802e+01 6.923341e+01 5.694401e-14 9.401914e-14 2.527464e-13 5.322754e-12 2.051688e-11
1.250000e+00 2.285000e-02  2.077273e-02  1.000000e-01 9.688954e-06 8.000000e-04 7.409389e+10 3.180203e+01 2.288802e+01 6.923341e+01 6.198184e-14 9.912390e-14 2.663953e-13 5.610195e-12 2.162484e-11
1.250000e+00 2.285000e-02  2.077273e-02  1.000000e-01 9.947127e-06 8.000000e-04 7.409389e+10 3.180203e+01 2.288802e+01 6.923341e+01 6.629918e-14 1.042140e-13 2.807813e-13 5.913158e-12 2.279263e-11
1.250000e+00 2.285000e-02  2.077273e-02  1.000000e-01 1.021218e-05 8.000000e-04 7.409389e+10 3.180203e+01 2.288802e+01 6.923341e+01 7.348270e-14 1.103349e-13 2.959441e-13 6.232482e-12 2.402349e-11
1.250000e+00 2.285000e-02  2.077273e-02  1.000000e-01 1.048430e-05 8.000000e-04 7.409389e+10 3.180203e+01 2.288802e+01 6.923341e+01 7.400680e-14 1.162059e-13 3.119258e-13 6.569051e-12 2.532081e-11
1.250000e+00 2.285000e-02  2.077273e-02  1.000000e-01 1.076366e-05 8.000000e-04 7.409389e+10 3.180203e+01 2.288802e+01 6.923341e+01 7.664410e-14 1.217270e-13 3.287705e-13 6.923795e-12 2.668820e-11
1.250000e+00 2.285000e-02  2.077273e-02  1.000000e-01 1.105047e-05 8.000000e-04 7.409389e+10 3.180203e+01 2.288802e+01 6.923341e+01 8.309396e-14 1.289271e-13 3.465249e-13 7.297695e-12 2.812942e-11
1.250000e+00 2.285000e-02  2.077273e-02  1.000000e-01 1.134492e-05 8.000000e-04 7.409389e+10 3.180203e+01 2.288802e+01 6.923341e+01 9.176035e-14 1.351636e-13 3.652380e-13 7.691788e-12 2.964847e-11
1.250000e+00 2.285000e-02  2.077273e-02  1.000000e-01 1.164722e-05 8.000000e-04 7.409389e+10 3.180203e+01 2.288802e+01 6.923341e+01 9.103984e-14 1.417106e-13 3.849617e-13 8.107162e-12 3.124956e-11
1.250000e+00 2.285000e-02  2.077273e-02  1.000000e-01 1.195758e-05 8.000000e-04 7.409389e+10 3.180203e+01 2.288802e+01 6.923341e+01 9.541734e-14 1.487447e-13 4.057505e-13 8.544968e-12 3.293711e-11
1.250000e+00 2.285000e-02  2.077273e-02  1.000000e-01 1.227620e-05 8.000000e-04 7.409389e+10 3.180203e+01 2.288802e+01 6.923341e+01 1.046877e-13 1.601309e-13 4.276620e-13 9.006416e-12 3.471579e-11
1.250000e+00 2.285000e-02  2.077273e-02  1.000000e-01 1.260331e-05 8.000000e-04 7.409389e+10 3.180203e+01 2.288802e+01 6.923341e+01 1.061899e-13 1.666848e-13 4.507567e-13 9.492783e-12 3.659052e-11
1.250000e+00 2.285000e-02  2.077273e-02  1.000000e-01 1.293914e-05 8.000000e-04 7.409389e+10 3.180203e+01 2.288802e+01 6.923341e+01 1.158924e-13 1.755589e-13 4.750987e-13 1.000542e-11 3.856649e-11
1.250000e+00 2.285000e-02  2.077273e-02  1.000000e-01 1.328392e-05 8.000000e-04 7.409389e+10 3.180203e+01 2.288802e+01 6.923341e+01 1.222375e-13 1.857733e-13 5.007551e-13 1.054573e-11 4.064917e-11
1.250000e+00 2.285000e-02  2.077273e-02  1.000000e-01 1.363789e-05 8.000000e-04 7.409389e+10 3.180203e+01 2.288802e+01 6.923341e+01 1.260916e-13 1.958195e-13 5.277970e-13 1.111522e-11 4.284432e-11
1.250000e+00 2.285000e-02  2.077273e-02  1.000000e-01 1.400128e-05 8.000000e-04 7.409389e+10 3.180203e+01 2.288802e+01 6.923341e+01 1.381953e-13 2.079999e-13 5.562993e-13 1.171547e-11 4.515801e-11
1.250000e+00 2.285000e-02  2.077273e-02  1.000000e-01 1.437436e-05 8.000000e-04 7.409389e+10 3.180203e+01 2.288802e+01 6.923341e+01 1.413600e-13 2.173172e-13 5.863407e-13 1.234813e-11 4.759665e-11
1.250000e+00 2.285000e-02  2.077273e-02  1.000000e-01 1.475738e-05 8.000000e-04 7.409389e+10 3.180203e+01 2.288802e+01 6.923341e+01 1.536008e-13 2.308557e-13 6.180045e-13 1.301496e-11 5.016698e-11
1.250000e+00 2.285000e-02  2.077273e-02  1.000000e-01 1.515061e-05 8.000000e-04 7.409389e+10 3.180203e+01 2.288802e+01 6.923341e+01 1.539813e-13 2.391932e-13 6.513781e-13 1.371780e-11 5.287611e-11
1.250000e+00 2.285000e-02  2.077273e-02  1.000000e-01 1.555432e-05 8.000000e-04 7.409389e+10 3.180203e+01 2.288802e+01 6.923341e+01 1.644192e-13 2.537794e-13 6.865541e-13 1.445859e-11 5.573155e-11
1.250000e+00 2.285000e-02  2.077273e-02  1.000000e-01 1.596878e-05 8.000000e-04 7.409389e+10 3.180203e+01 2.288802e+01 6.923341e+01 1.693461e-13 2.693658e-13 7.236296e-13 1.523939e-11 5.874118e-11
1.250000e+00 2.285000e-02  2.077273e-02  1.000000e-01 1.639429e-05 8.000000e-04 7.409389e+10 3.180203e+01 2.288802e+01 6.923341e+01 1.736775e-13 2.814250e-13 7.627072e-13 1.606235e-11 6.191334e-11
1.250000e+00 2.285000e-02  2.077273e-02  1.000000e-01 1.683113e-05 8.000000e-04 7.409389e+10 3.180203e+01 2.288802e+01 6.923341e+01 1.878287e-13 2.971538e-13 8.038952e-13 1.692976e-11 6.525680e-11
1.250000e+00 2.285000e-02  2.077273e-02  1.000000e-01 1.727962e-05 8.000000e-04 7.409389e+10 3.180203e+01 2.288802e+01 6.923341e+01 1.978195e-13 3.136240e-13 8.473074e-13 1.784400e-11 6.878082e-11
1.250000e+00 2.285000e-02  2.077273e-02  1.000000e-01 1.774005e-05 8.000000e-04 7.409389e+10 3.180203e+01 2.288802e+01 6.923341e+01 2.156019e-13 3.298641e-13 8.930639e-13 1.880762e-11 7.249514e-11
1.250000e+00 2.285000e-02  2.077273e-02  1.000000e-01 1.821276e-05 8.000000e-04 7.409389e+10 3.180203e+01 2.288802e+01 6.923341e+01 2.317518e-13 3.471216e-13 9.412915e-13 1.982328e-11 7.641005e-11
1.250000e+00 2.285000e-02  2.077273e-02  1.000000e-01 1.869805e-05 8.000000e-04 7.409389e+10 3.180203e+01 2.288802e+01 6.923341e+01 2.392743e-13 3.692196e-13 9.921234e-13 2.089378e-11 8.053637e-11
1.250000e+00 2.285000e-02  2.077273e-02  1.000000e-01 1.919629e-05 8.000000e-04 7.409389e+10 3.180203e+01 2.288802e+01 6.923341e+01 2.529749e-13 3.943855e-13 1.045700e-12 2.202209e-11 8.488552e-11
1.250000e+00 2.285000e-02  2.077273e-02  1.000000e-01 1.970779e-05 8.000000e-04 7.409389e+10 3.180203e+01 2.288802e+01 6.923341e+01 2.748903e-13 4.159122e-13 1.102171e-12 2.321134e-11 8.946953e-11
1.250000e+00 2.285000e-02  2.077273e-02  1.000000e-01 2.023293e-05 8.000000e-04 7.409389e+10 3.180203e+01 2.288802e+01 6.923341e+01 2.669474e-13 4.303471e-13 1.161690e-12 2.446480e-11 9.430109e-11
1.250000e+00 2.285000e-02  2.077273e-02  1.000000e-01 2.077206e-05 8.000000e-04 7.409389e+10 3.180203e+01 2.288802e+01 6.923341e+01 2.955321e-13 4.502186e-13 1.224424e-12 2.578596e-11 9.939357e-11
1.250000e+00 2.285000e-02  2.077273e-02  1.000000e-01 2.132555e-05 8.000000e-04 7.409389e+10 3.180203e+01 2.288802e+01 6.923341e+01 3.118839e-13 4.709326e-13 1.290546e-12 2.717846e-11 1.047611e-10
1.250000e+00 2.285000e-02  2.077273e-02  1.000000e-01 2.189380e-05 8.000000e-04 7.409389e+10 3.180203e+01 2.288802e+01 6.923341e+01 3.222712e-13 5.021175e-13 1.360238e-12 2.864616e-11 1.104184e-10
1.250000e+00 2.285000e-02  2.077273e-02  1.000000e-01 2.247718e-05 8.000000e-04 7.409389e+10 3.180203e+01 2.288802e+01 6.923341e+01 3.336073e-13 5.297284e-13 1.433695e-12 3.019312e-11 1.163812e-10
1.250000e+00 2.285000e-02  2.077273e-02  1.000000e-01 2.307611e-05 8.000000e-04 7.409389e+10 3.180203e+01 2.288802e+01 6.923341e+01 3.851515e-13 5.580923e-13 1.511117e-12 3.182361e-11 1.226661e-10
1.250000e+00 2.285000e-02  2.077273e-02  1.000000e-01 2.369100e-05 8.000000e-04 7.409389e+10 3.180203e+01 2.288802e+01 6.923341e+01 3.740480e-13 5.872201e-13 1.592721e-12 3.354216e-11 1.292903e-10
1.250000e+00 2.285000e-02  2.077273e-02  1.000000e-01 2.432228e-05 8.000000e-04 7.409389e+10 3.180203e+01 2.288802e+01 6.923341e+01 3.785744e-13 6.167215e-13 1.678732e-12 3.535352e-11 1.362723e-10
1.250000e+00 2.285000e-02  2.077273e-02  1.000000e-01 2.497037e-05 8.000000e-04 7.409389e+10 3.180203e+01 2.288802e+01 6.923341e+01 4.397772e-13 6.548321e-13 1.769387e-12 3.726269e-11 1.436313e-10
1.250000e+00 2.285000e-02  2.077273e-02  1.000000e-01 2.563574e-05 8.000000e-04 7.409389e+10 3.180203e+01 2.288802e+01 6.923341e+01 4.366882e-13 6.838274e-13 1.864938e-12 3.927496e-11 1.513878e-10
1.250000e+00 2.285000e-02  2.077273e-02  1.000000e-01 2.631883e-05 8.000000e-04 7.409389e+10 3.180203e+01 2.288802e+01 6.923341e+01 4.714877e-13 7.210595e-13 1.965649e-12 4.139590e-11 1.595631e-10
1.250000e+00 2.285000e-02  2.077273e-02  1.000000e-01 2.702013e-05 8.000000e-04 7.409389e+10 3.180203e+01 2.288802e+01 6.923341e+01 4.942956e-13 7.651465e-13 2.071799e-12 4.363137e-11 1.681798e-10
1.250000e+00 2.285000e-02  2.077273e-02  1.000000e-01 2.774011e-05 8.000000e-04 7.409389e+10 3.180203e+01 2.288802e+01 6.923341e+01 5.138391e-13 8.063839e-13 2.183681e-12 4.598757e-11 1.772619e-10
1.250000e+00 2.285000e-02  2.077273e-02  1.000000e-01 2.847928e-05 8.000000e-04 7.409389e+10 3.180203e+01 2.288802e+01 6.923341e+01 5.627794e-13 8.527957e-13 2.301604e-12 4.847100e-11 1.868345e-10
1.250000e+00 2.285000e-02  2.077273e-02  1.000000e-01 2.923814e-05 8.000000e-04 7.409389e+10 3.180203e+01 2.288802e+01 6.923341e+01 5.954825e-13 8.823239e-13 2.425896e-12 5.108855e-11 1.969240e-10
1.250000e+00 2.285000e-02  2.077273e-02  1.000000e-01 3.001722e-05 8.000000e-04 7.409389e+10 3.180203e+01 2.288802e+01 6.923341e+01 6.397588e-13 9.359274e-13 2.556900e-12 5.384745e-11 2.075583e-10
1.250000e+00 2.285000e-02  2.077273e-02  1.000000e-01 3.081707e-05 8.000000e-04 7.409389e+10 3.180203e+01 2.288802e+01 6.923341e+01 6.334186e-13 9.983451e-13 2.694979e-12 5.675534e-11 2.187670e-10
1.250000e+00 2.285000e-02  2.077273e-02  1.000000e-01 3.163822e-05 8.000000e-04 7.409389e+10 3.180203e+01 2.288802e+01 6.923341e+01 6.855025e-13 1.040378e-12 2.840514e-12 5.982026e-11 2.305809e-10
1.250000e+00 2.285000e-02  2.077273e-02  1.000000e-01 3.248126e-05 8.000000e-04 7.409389e+10 3.180203e+01 2.288802e+01 6.923341e+01 7.317284e-13 1.106575e-12 2.993908e-12 6.305069e-11 2.430328e-10
1.250000e+00 2.285000e-02  2.077273e-02  1.000000e-01 3.334676e-05 8.000000e-04 7.409389e+10 3.180203e+01 2.288802e+01 6.923341e+01 7.462138e-13 1.152332e-12 3.155586e-12 6.645557e-11 2.561571e-10
1.250000e+00 2.285000e-02  2.077273e-02  1.000000e-01 3.423532e-05 8.000000e-04 7.409389e+10 3.180203e+01 2.288802e+01 6.923341e+01 7.798078e-13 1.236100e-12 3.325995e-12 7.004432e-11 2.699902e-10
1.250000e+00 2.285000e-02  2.077273e-02  1.000000e-01 3.514756e-05 8.000000e-04 7.409389e+10 3.180203e+01 2.288802e+01 6.923341e+01 8.395384e-13 1.281916e-12 3.505607e-12 7.382688e-11 2.845703e-10
1.250000e+00 2.285000e-02  2.077273e-02  1.000000e-01 3.608411e-05 8.000000e-04 7.409389e+10 3.180203e+01 2.288802e+01 6.923341e+01 8.640146e-13 1.370972e-12 3.694918e-12 7.781370e-11 2.999377e-10
1.250000e+00 2.285000e-02  2.077273e-02  1.000000e-01 3.704561e-05 8.000000e-04 7.409389e+10 3.180203e+01 2.288802e+01 6.923341e+01 9.358911e-13 1.437204e-12 3.894452e-12 8.201582e-11 3.161351e-10
1.250000e+00 2.285000e-02  2.077273e-02  1.000000e-01 3.803273e-05 8.000000e-04 7.409389e+10 3.180203e+01 2.288802e+01 6.923341e+01 9.721189e-13 1.520408e-12 4.104761e-12 8.644487e-11 3.332071e-10
1.250000e+00 2.285000e-02  2.077273e-02  1.000000e-01 3.904616e-05 8.000000e-04 7.409389e+10 3.180203e+01 2.288802e+01 6.923341e+01 1.056048e-12 1.596405e-12 4.326428e-12 9.111309e-11 3.512010e-10
1.250000e+00 2.285000e-02  2.077273e-02  1.000000e-01 4.008659e-05 8.000000e-04 7.409389e+10 3.180203e+01 2.288802e+01 6.923341e+01 1.046289e-12 1.705454e-12 4.560065e-12 9.603341e-11 3.701667e-10
1.250000e+00 2.285000e-02  2.077273e-02  1.000000e-01 4.115474e-05 8.000000e-04 7.409389e+10 3.180203e+01 2.288802e+01 6.923341e+01 1.217324e-12 1.787681e-12 4.806319e-12 1.012194e-10 3.901566e-10
1.250000e+00 2.285000e-02  2.077273e-02  1.000000e-01 4.225136e-05 8.000000e-04 7.409389e+10 3.180203e+01 2.288802e+01 6.923341e+01 1.208030e-12 1.880987e-12 5.065871e-12 1.066855e-10 4.112259e-10
1.250000e+00 2.285000e-02  2.077273e-02  1.000000e-01 4.337719e-05 8.000000e-04 7.409389e+10 3.180203e+01 2.288802e+01 6.923341e+01 1.256270e-12 1.973358e-12 5.339440e-12 1.124468e-10 4.334331e-10
1.250000e+00 2.285000e-02  2.077273e-02  1.000000e-01 4.453303e-05 8.000000e-04 7.409389e+10 3.180203e+01 2.288802e+01 6.923341e+01 1.342001e-12 2.079774e-12 5.627782e-12 1.185192e-10 4.568395e-10
1.250000e+00 2.285000e-02  2.077273e-02  1.000000e-01 4.571966e-05 8.000000e-04 7.409389e+10 3.180203e+01 2.288802e+01 6.923341e+01 1.431273e-12 2.206594e-12 5.931695e-12 1.249195e-10 4.815099e-10
1.250000e+00 2.285000e-02  2.077273e-02  1.000000e-01 4.693791e-05 8.000000e-04 7.409389e+10 3.180203e+01 2.288802e+01 6.923341e+01 1.545308e-12 2.346134e-12 6.252020e-12 1.316654e-10 5.075125e-10
1.250000e+00 2.285000e-02  2.077273e-02  1.000000e-01 4.818863e-05 8.000000e-04 7.409389e+10 3.180203e+01 2.288802e+01 6.923341e+01 1.557021e-12 2.407036e-12 6.589644e-12 1.387757e-10 5.349193e-10
1.250000e+00 2.285000e-02  2.077273e-02  1.000000e-01 4.947267e-05 8.000000e-04 7.409389e+10 3.180203e+01 2.288802e+01 6.923341e+01 1.786088e-12 2.527103e-12 6.945500e-12 1.462699e-10 5.638062e-10
1.250000e+00 2.285000e-02  2.077273e-02  1.000000e-01 5.079093e-05 8.000000e-04 7.409389e+10 3.180203e+01 2.288802e+01 6.923341e+01 1.801615e-12 2.682361e-12 7.320573e-12 1.541688e-10 5.942531e-10
1.250000e+00 2.285000e-02  2.077273e-02  1.000000e-01 5.214431e-05 8.000000e-04 7.409389e+10 3.180203e+01 2.288802e+01 6.923341e+01 1.813859e-12 2.881440e-12 7.715901e-12 1.624942e-10 6.263441e-10
1.250000e+00 2.285000e-02  2.077273e-02  1.000000e-01 5.353375e-05 8.000000e-04 7.409389e+10 3.180203e+01 2.288802e+01 6.923341e+01 1.933786e-12 3.002836e-12 8.132577e-12 1.712693e-10 6.601681e-10
1.250000e+00 2.285000e-02  2.077273e-02  1.000000e-01 5.496022e-05 8.000000e-04 7.409389e+10 3.180203e+01 2.288802e+01 6.923341e+01 2.053391e-12 3.134535e-12 8.571755e-12 1.805182e-10 6.958187e-10
1.250000e+00 2.285000e-02  2.077273e-02  1.000000e-01 5.642470e-05 8.000000e-04 7.409389e+10 3.180203e+01 2.288802e+01 6.923341e+01 2.146385e-12 3.318588e-12 9.034650e-12 1.902666e-10 7.333946e-10
1.250000e+00 2.285000e-02  2.077273e-02  1.000000e-01 5.792820e-05 8.000000e-04 7.409389e+10 3.180203e+01 2.288802e+01 6.923341e+01 2.273964e-12 3.501344e-12 9.522542e-12 2.005415e-10 7.729996e-10
1.250000e+00 2.285000e-02  2.077273e-02  1.000000e-01 5.947176e-05 8.000000e-04 7.409389e+10 3.180203e+01 2.288802e+01 6.923341e+01 2.396509e-12 3.737100e-12 1.003678e-11 2.113712e-10 8.147433e-10
1.250000e+00 2.285000e-02  2.077273e-02  1.000000e-01 6.105646e-05 8.000000e-04 7.409389e+10 3.180203e+01 2.288802e+01 6.923341e+01 2.685255e-12 3.891138e-12 1.057879e-11 2.227857e-10 8.587413e-10
1.250000e+00 2.285000e-02  2.077273e-02  1.000000e-01 6.268338e-05 8.000000e-04 7.409389e+10 3.180203e+01 2.288802e+01 6.923341e+01 2.779607e-12 4.180300e-12 1.115007e-11 2.348167e-10 9.051154e-10
1.250000e+00 2.285000e-02  2.077273e-02  1.000000e-01 6.435365e-05 8.000000e-04 7.409389e+10 3.180203e+01 2.288802e+01 6.923341e+01 2.860871e-12 4.396292e-12 1.175220e-11 2.474973e-10 9.539937e-10
1.250000e+00 2.285000e-02  2.077273e-02  1.000000e-01 6.606842e-05 8.000000e-04 7.409389e+10 3.180203e+01 2.288802e+01 6.923341e+01 2.804787e-12 4.607701e-12 1.238685e-11 2.608627e-10 1.005512e-09
1.250000e+00 2.285000e-02  2.077273e-02  1.000000e-01 6.782889e-05 8.000000e-04 7.409389e+10 3.180203e+01 2.288802e+01 6.923341e+01 3.116642e-12 4.804145e-12 1.305576e-11 2.749499e-10 1.059811e-09
1.250000e+00 2.285000e-02  2.077273e-02  1.000000e-01 6.963627e-05 8.000000e-04 7.409389e+10 3.180203e+01 2.288802e+01 6.923341e+01 3.220614e-12 5.054789e-12 1.376080e-11 2.897978e-10 1.117044e-09
1.250000e+00 2.285000e-02  2.077273e-02  1.000000e-01 7.149181e-05 8.000000e-04 7.409389e+10 3.180203e+01 2.288802e+01 6.923341e+01 3.344747e-12 5.332944e-12 1.450392e-11 3.054476e-10 1.177367e-09
1.250000e+00 2.285000e-02  2.077273e-02  1.000000e-01 7.339679e-05 8.000000e-04 7.409389e+10 3.180203e+01 2.288802e+01 6.923341e+01 3.642365e-12 5.653308e-12 1.528717e-11 3.219425e-10 1.240947e-09
