2.000000e-01 6.615000e-02  6.013637e-02  1.000000e-01 2.000000e-06 8.000000e-04 1.488342e+05 3.180203e+01 2.288802e+01 6.923341e+01 3.755607e-06 3.548938e-06 2.031601e-05 3.815690e-04 1.410180e-03
2.000000e-01 6.615000e-02  6.013637e-02  1.000000e-01 2.053292e-06 8.000000e-04 1.488342e+05 3.180203e+01 2.288802e+01 6.923341e+01 4.080718e-06 3.734442e-06 2.141312e-05 4.021746e-04 1.486333e-03
2.000000e-01 6.615000e-02  6.013637e-02  1.000000e-01 2.108005e-06 8.000000e-04 1.488342e+05 3.180203e+01 2.288802e+01 6.923341e+01 4.213143e-06 3.891946e-06 2.256948e-05 4.238930e-04 1.566598e-03
2.000000e-01 6.615000e-02  6.013637e-02  1.000000e-01 2.164175e-06 8.000000e-04 1.488342e+05 3.180203e+01 2.288802e+01 6.923341e+01 4.403837e-06 4.103774e-06 2.378828e-05 4.467842e-04 1.651198e-03
2.000000e-01 6.615000e-02  6.013637e-02  1.000000e-01 2.221842e-06 8.000000e-04 1.488342e+05 3.180203e+01 2.288802e+01 6.923341e+01 4.762319e-06 4.356673e-06 2.507291e-05 4.709116e-04 1.740367e-03
2.000000e-01 6.615000e-02  6.013637e-02  1.000000e-01 2.281045e-06 8.000000e-04 1.488342e+05 3.180203e+01 2.288802e+01 6.923341e+01 4.948111e-06 4.599257e-06 2.642690e-05 4.963419e-04 1.834351e-03
2.000000e-01 6.615000e-02  6.013637e-02  1.000000e-01 2.341826e-06 8.000000e-04 1.488342e+05 3.180203e+01 2.288802e+01 6.923341e+01 5.281532e-06 4.836170e-06 2.785402e-05 5.231455e-04 1.933410e-03
2.000000e-01 6.615000e-02  6.013637e-02  1.000000e-01 2.404227e-06 8.000000e-04 1.488342e+05 3.180203e+01 2.288802e+01 6.923341e+01 5.410104e-06 5.064588e-06 2.935820e-05 5.513966e-04 2.037818e-03
2.000000e-01 6.615000e-02  6.013637e-02  1.000000e-01 2.468290e-06 8.000000e-04 1.488342e+05 3.180203e+01 2.288802e+01 6.923341e+01 5.739084e-06 5.393951e-06 3.094361e-05 5.811732e-04 2.147865e-03
2.000000e-01 6.615000e-02  6.013637e-02  1.000000e-01 2.534061e-06 8.000000e-04 1.488342e+05 3.180203e+01 2.288802e+01 6.923341e+01 5.973873e-06 5.724838e-06 3.261463e-05 6.125579e-04 2.263855e-03
2.000000e-01 6.615000e-02  6.013637e-02  1.000000e-01 2.601584e-06 8.000000e-04 1.488342e+05 3.180203e+01 2.288802e+01 6.923341e+01 6.334527e-06 5.973120e-06 3.437590e-05 6.456375e-04 2.386108e-03
2.000000e-01 6.615000e-02  6.013637e-02  1.000000e-01 2.670906e-06 8.000000e-04 1.488342e+05 3.180203e+01 2.288802e+01 6.923341e+01 6.726872e-06 6.246884e-06 3.623228e-05 6.805034e-04 2.514964e-03
2.000000e-01 6.615000e-02  6.013637e-02  1.000000e-01 2.742075e-06 8.000000e-04 1.488342e+05 3.180203e+01 2.288802e+01 6.923341e+01 6.924489e-06 6.574911e-06 3.818890e-05 7.172522e-04 2.650777e-03
2.000000e-01 6.615000e-02  6.013637e-02  1.000000e-01 2.815141e-06 8.000000e-04 1.488342e+05 3.180203e+01 2.288802e+01 6.923341e+01 7.492865e-06 6.927308e-06 4.025119e-05 7.559854e-04 2.793926e-03
2.000000e-01 6.615000e-02  6.013637e-02  1.000000e-01 2.890154e-06 8.000000e-04 1.488342e+05 3.180203e+01 2.288802e+01 6.923341e+01 7.922436e-06 7.365988e-06 4.242485e-05 7.968104e-04 2.944804e-03
2.000000e-01 6.615000e-02  6.013637e-02  1.000000e-01 2.967165e-06 8.000000e-04 1.488342e+05 3.180203e+01 2.288802e+01 6.923341e+01 8.152736e-06 7.759314e-06 4.471589e-05 8.398400e-04 3.103830e-03
2.000000e-01 6.615000e-02  6.013637e-02  1.000000e-01 3.046229e-06 8.000000e-04 1.488342e+05 3.180203e+01 2.288802e+01 6.923341e+01 8.972152e-06 8.165770e-06 4.713065e-05 8.851933e-04 3.271444e-03
2.000000e-01 6.615000e-02  6.013637e-02  1.000000e-01 3.127399e-06 8.000000e-04 1.488342e+05 3.180203e+01 2.288802e+01 6.923341e+01 9.146361e-06 8.588735e-06 4.967581e-05 9.329958e-04 3.448110e-03
2.000000e-01 6.615000e-02  6.013637e-02  1.000000e-01 3.210732e-06 8.000000e-04 1.488342e+05 3.180203e+01 2.288802e+01 6.923341e+01 1.008318e-05 9.102769e-06 5.235842e-05 9.833797e-04 3.634316e-03
2.000000e-01 6.615000e-02  6.013637e-02  1.000000e-01 3.296286e-06 8.000000e-04 1.488342e+05 3.180203e+01 2.288802e+01 6.923341e+01 1.039015e-05 9.566673e-06 5.518590e-05 1.036484e-03 3.830577e-03
2.000000e-01 6.615000e-02  6.013637e-02  1.000000e-01 3.384119e-06 8.000000e-04 1.488342e+05 3.180203e+01 2.288802e+01 6.923341e+01 1.040506e-05 1.016657e-05 5.816607e-05 1.092457e-03 4.037437e-03
2.000000e-01 6.615000e-02  6.013637e-02  1.000000e-01 3.474293e-06 8.000000e-04 1.488342e+05 3.180203e+01 2.288802e+01 6.923341e+01 1.174971e-05 1.081727e-05 6.130717e-05 1.151452e-03 4.255468e-03
2.000000e-01 6.615000e-02  6.013637e-02  1.000000e-01 3.566869e-06 8.000000e-04 1.488342e+05 3.180203e+01 2.288802e+01 6.923341e+01 1.193528e-05 1.116007e-05 6.461790e-05 1.213633e-03 4.485273e-03
2.000000e-01 6.615000e-02  6.013637e-02  1.000000e-01 3.661913e-06 8.000000e-04 1.488342e+05 3.180203e+01 2.288802e+01 6.923341e+01 1.264837e-05 1.175250e-05 6.810741e-05 1.279172e-03 4.727488e-03
2.000000e-01 6.615000e-02  6.013637e-02  1.000000e-01 3.759488e-06 8.000000e-04 1.488342e+05 3.180203e+01 2.288802e+01 6.923341e+01 1.343637e-05 1.248286e-05 7.178537e-05 1.348251e-03 4.982784e-03
2.000000e-01 6.615000e-02  6.013637e-02  1.000000e-01 3.859664e-06 8.000000e-04 1.488342e+05 3.180203e+01 2.288802e+01 6.923341e+01 1.399444e-05 1.313113e-05 7.566195e-05 1.421059e-03 5.251865e-03
2.000000e-01 6.615000e-02  6.013637e-02  1.000000e-01 3.962510e-06 8.000000e-04 1.488342e+05 3.180203e+01 2.288802e+01 6.923341e+01 1.501779e-05 1.379664e-05 7.974787e-05 1.497800e-03 5.535478e-03
2.000000e-01 6.615000e-02  6.013637e-02  1.000000e-01 4.068095e-06 8.000000e-04 1.488342e+05 3.180203e+01 2.288802e+01 6.923341e+01 1.535266e-05 1.451796e-05 8.405443e-05 1.578684e-03 5.834407e-03
2.000000e-01 6.615000e-02  6.013637e-02  1.000000e-01 4.176494e-06 8.000000e-04 1.488342e+05 3.180203e+01 2.288802e+01 6.923341e+01 1.694417e-05 1.527994e-05 8.859357e-05 1.663937e-03 6.149478e-03
2.000000e-01 6.615000e-02  6.013637e-02  1.000000e-01 4.287782e-06 8.000000e-04 1.488342e+05 3.180203e+01 2.288802e+01 6.923341e+01 1.734706e-05 1.620128e-05 9.337783e-05 1.753793e-03 6.481564e-03
2.000000e-01 6.615000e-02  6.013637e-02  1.000000e-01 4.402035e-06 8.000000e-04 1.488342e+05 3.180203e+01 2.288802e+01 6.923341e+01 1.819113e-05 1.697064e-05 9.842044e-05 1.848502e-03 6.831584e-03
2.000000e-01 6.615000e-02  6.013637e-02  1.000000e-01 4.519332e-06 8.000000e-04 1.488342e+05 3.180203e+01 2.288802e+01 6.923341e+01 1.911996e-05 1.816422e-05 1.037354e-04 1.948326e-03 7.200505e-03
2.000000e-01 6.615000e-02  6.013637e-02  1.000000e-01 4.639755e-06 8.000000e-04 1.488342e+05 3.180203e+01 2.288802e+01 6.923341e+01 2.017929e-05 1.874374e-05 1.093373e-04 2.053540e-03 7.589349e-03
2.000000e-01 6.615000e-02  6.013637e-02  1.000000e-01 4.763386e-06 8.000000e-04 1.488342e+05 3.180203e+01 2.288802e+01 6.923341e+01 2.205786e-05 1.994136e-05 1.152418e-04 2.164436e-03 7.999192e-03
2.000000e-01 6.615000e-02  6.013637e-02  1.000000e-01 4.890312e-06 8.000000e-04 1.488342e+05 3.180203e+01 2.288802e+01 6.923341e+01 2.249203e-05 2.078048e-05 1.214651e-04 2.281320e-03 8.431166e-03
2.000000e-01 6.615000e-02  6.013637e-02  1.000000e-01 5.020620e-06 8.000000e-04 1.488342e+05 3.180203e+01 2.288802e+01 6.923341e+01 2.360216e-05 2.194082e-05 1.280245e-04 2.404517e-03 8.886469e-03
2.000000e-01 6.615000e-02  6.013637e-02  1.000000e-01 5.154400e-06 8.000000e-04 1.488342e+05 3.180203e+01 2.288802e+01 6.923341e+01 2.460397e-05 2.323828e-05 1.349381e-04 2.534366e-03 9.366359e-03
2.000000e-01 6.615000e-02  6.013637e-02  1.000000e-01 5.291745e-06 8.000000e-04 1.488342e+05 3.180203e+01 2.288802e+01 6.923341e+01 2.598383e-05 2.463862e-05 1.422251e-04 2.671228e-03 9.872164e-03
2.000000e-01 6.615000e-02  6.013637e-02  1.000000e-01 5.432750e-06 8.000000e-04 1.488342e+05 3.180203e+01 2.288802e+01 6.923341e+01 2.866592e-05 2.604088e-05 1.499056e-04 2.815480e-03 1.040528e-02
2.000000e-01 6.615000e-02  6.013637e-02  1.000000e-01 5.577512e-06 8.000000e-04 1.488342e+05 3.180203e+01 2.288802e+01 6.923341e+01 3.019137e-05 2.723904e-05 1.580008e-04 2.967523e-03 1.096719e-02
2.000000e-01 6.615000e-02  6.013637e-02  1.000000e-01 5.726131e-06 8.000000e-04 1.488342e+05 3.180203e+01 2.288802e+01 6.923341e+01 3.155943e-05 2.930485e-05 1.665332e-04 3.127776e-03 1.155945e-02
2.000000e-01 6.615000e-02  6.013637e-02  1.000000e-01 5.878710e-06 8.000000e-04 1.488342e+05 3.180203e+01 2.288802e+01 6.923341e+01 3.420357e-05 3.055448e-05 1.755264e-04 3.296683e-03 1.218368e-02
2.000000e-01 6.615000e-02  6.013637e-02  1.000000e-01 6.035355e-06 8.000000e-04 1.488342e+05 3.180203e+01 2.288802e+01 6.923341e+01 3.362371e-05 3.172333e-05 1.850053e-04 3.474712e-03 1.284163e-02
2.000000e-01 6.615000e-02  6.013637e-02  1.000000e-01 6.196174e-06 8.000000e-04 1.488342e+05 3.180203e+01 2.288802e+01 6.923341e+01 3.629613e-05 3.401863e-05 1.949960e-04 3.662354e-03 1.353511e-02
2.000000e-01 6.615000e-02  6.013637e-02  1.000000e-01 6.361278e-06 8.000000e-04 1.488342e+05 3.180203e+01 2.288802e+01 6.923341e+01 3.906512e-05 3.544800e-05 2.055262e-04 3.860130e-03 1.426604e-02
2.000000e-01 6.615000e-02  6.013637e-02  1.000000e-01 6.530782e-06 8.000000e-04 1.488342e+05 3.180203e+01 2.288802e+01 6.923341e+01 4.157689e-05 3.711893e-05 2.166251e-04 4.068586e-03 1.503643e-02
2.000000e-01 6.615000e-02  6.013637e-02  1.000000e-01 6.704802e-06 8.000000e-04 1.488342e+05 3.180203e+01 2.288802e+01 6.923341e+01 4.232922e-05 3.944374e-05 2.283234e-04 4.288299e-03 1.584844e-02
2.000000e-01 6.615000e-02  6.013637e-02  1.000000e-01 6.883459e-06 8.000000e-04 1.488342e+05 3.180203e+01 2.288802e+01 6.923341e+01 4.475001e-05 4.212102e-05 2.406533e-04 4.519877e-03 1.670429e-02
2.000000e-01 6.615000e-02  6.013637e-02  1.000000e-01 7.066877e-06 8.000000e-04 1.488342e+05 3.180203e+01 2.288802e+01 6.923341e+01 4.616511e-05 4.377351e-05 2.536492e-04 4.763960e-03 1.760636e-02
2.000000e-01 6.615000e-02  6.013637e-02  1.000000e-01 7.255182e-06 8.000000e-04 1.488342e+05 3.180203e+01 2.288802e+01 6.923341e+01 5.096584e-05 4.572433e-05 2.673468e-04 5.021225e-03 1.855714e-02
2.000000e-01 6.615000e-02  6.013637e-02  1.000000e-01 7.448504e-06 8.000000e-04 1.488342e+05 3.180203e+01 2.288802e+01 6.923341e+01 5.006643e-05 4.850324e-05 2.817842e-04 5.292383e-03 1.955927e-02
2.000000e-01 6.615000e-02  6.013637e-02  1.000000e-01 7.646978e-06 8.000000e-04 1.488342e+05 3.180203e+01 2.288801e+01 6.923341e+01 5.504890e-05 5.171110e-05 2.970012e-04 5.578184e-03 2.061552e-02
2.000000e-01 6.615000e-02  6.013637e-02  1.000000e-01 7.850741e-06 8.000000e-04 1.488342e+05 3.180203e+01 2.288801e+01 6.923341e+01 5.777607e-05 5.457826e-05 3.130399e-04 5.879419e-03 2.172880e-02
2.000000e-01 6.615000e-02  6.013637e-02  1.000000e-01 8.059933e-06 8.000000e-04 1.488342e+05 3.180203e+01 2.288801e+01 6.923340e+01 5.937472e-05 5.760911e-05 3.299448e-04 6.196921e-03 2.290221e-02
2.000000e-01 6.615000e-02  6.013637e-02  1.000000e-01 8.274699e-06 8.000000e-04 1.488342e+05 3.180203e+01 2.288801e+01 6.923340e+01 6.582626e-05 6.058484e-05 3.477626e-04 6.531569e-03 2.413898e-02
2.000000e-01 6.615000e-02  6.013637e-02  1.000000e-01 8.495188e-06 8.000000e-04 1.488342e+05 3.180203e+01 2.288801e+01 6.923340e+01 6.735038e-05 6.498011e-05 3.665426e-04 6.884289e-03 2.544254e-02
2.000000e-01 6.615000e-02  6.013637e-02  1.000000e-01 8.721552e-06 8.000000e-04 1.488342e+05 3.180203e+01 2.288801e+01 6.923340e+01 6.881273e-05 6.637301e-05 3.863367e-04 7.256056e-03 2.681650e-02
2.000000e-01 6.615000e-02  6.013637e-02  1.000000e-01 8.953948e-06 8.000000e-04 1.488342e+05 3.180203e+01 2.288801e+01 6.923340e+01 7.492676e-05 7.094969e-05 4.071998e-04 7.647900e-03 2.826465e-02
2.000000e-01 6.615000e-02  6.013637e-02  1.000000e-01 9.192536e-06 8.000000e-04 1.488342e+05 3.180203e+01 2.288801e+01 6.923340e+01 7.855667e-05 7.395745e-05 4.291895e-04 8.060904e-03 2.979101e-02
2.000000e-01 6.615000e-02  6.013637e-02  1.000000e-01 9.437481e-06 8.000000e-04 1.488342e+05 3.180203e+01 2.288801e+01 6.923340e+01 8.292430e-05 7.780846e-05 4.523667e-04 8.496212e-03 3.139979e-02
2.000000e-01 6.615000e-02  6.013637e-02  1.000000e-01 9.688954e-06 8.000000e-04 1.488342e+05 3.180203e+01 2.288801e+01 6.923340e+01 9.092070e-05 8.232501e-05 4.767956e-04 8.955027e-03 3.309545e-02
2.000000e-01 6.615000e-02  6.013637e-02  1.000000e-01 9.947127e-06 8.000000e-04 1.488342e+05 3.180203e+01 2.288801e+01 6.923340e+01 9.474075e-05 8.672384e-05 5.025436e-04 9.438619e-03 3.488268e-02
2.000000e-01 6.615000e-02  6.013637e-02  1.000000e-01 1.021218e-05 8.000000e-04 1.488342e+05 3.180203e+01 2.288801e+01 6.923340e+01 9.525003e-05 9.185084e-05 5.296822e-04 9.948326e-03 3.676643e-02
2.000000e-01 6.615000e-02  6.013637e-02  1.000000e-01 1.048430e-05 8.000000e-04 1.488342e+05 3.180203e+01 2.288801e+01 6.923340e+01 1.052689e-04 9.699095e-05 5.582862e-04 1.048556e-02 3.875190e-02
2.000000e-01 6.615000e-02  6.013637e-02  1.000000e-01 1.076366e-05 8.000000e-04 1.488342e+05 3.180203e+01 2.288801e+01 6.923340e+01 1.091586e-04 1.031959e-04 5.884350e-04 1.105180e-02 4.084459e-02
2.000000e-01 6.615000e-02  6.013637e-02  1.000000e-01 1.105047e-05 8.000000e-04 1.488342e+05 3.180203e+01 2.288801e+01 6.923340e+01 1.151406e-04 1.062968e-04 6.202118e-04 1.164863e-02 4.305029e-02
2.000000e-01 6.615000e-02  6.013637e-02  1.000000e-01 1.134492e-05 8.000000e-04 1.488342e+05 3.180203e+01 2.288801e+01 6.923340e+01 1.216780e-04 1.120562e-04 6.537047e-04 1.227768e-02 4.537511e-02
2.000000e-01 6.615000e-02  6.013637e-02  1.000000e-01 1.164722e-05 8.000000e-04 1.488342e+05 3.180203e+01 2.288801e+01 6.923340e+01 1.312955e-04 1.193447e-04 6.890062e-04 1.294070e-02 4.782547e-02
2.000000e-01 6.615000e-02  6.013637e-02  1.000000e-01 1.195758e-05 8.000000e-04 1.488342e+05 3.180203e+01 2.288801e+01 6.923340e+01 1.355192e-04 1.263631e-04 7.262142e-04 1.363953e-02 5.040816e-02
2.000000e-01 6.615000e-02  6.013637e-02  1.000000e-01 1.227620e-05 8.000000e-04 1.488342e+05 3.180202e+01 2.288801e+01 6.923340e+01 1.420341e-04 1.298298e-04 7.654314e-04 1.437610e-02 5.313031e-02
2.000000e-01 6.615000e-02  6.013637e-02  1.000000e-01 1.260331e-05 8.000000e-04 1.488342e+05 3.180202e+01 2.288801e+01 6.923340e+01 1.551973e-04 1.411907e-04 8.067665e-04 1.515244e-02 5.599947e-02
2.000000e-01 6.615000e-02  6.013637e-02  1.000000e-01 1.293914e-05 8.000000e-04 1.488342e+05 3.180202e+01 2.288800e+01 6.923339e+01 1.532777e-04 1.490328e-04 8.503337e-04 1.597071e-02 5.902357e-02
2.000000e-01 6.615000e-02  6.013637e-02  1.000000e-01 1.328392e-05 8.000000e-04 1.488342e+05 3.180202e+01 2.288800e+01 6.923339e+01 1.706264e-04 1.568775e-04 8.962537e-04 1.683316e-02 6.221098e-02
2.000000e-01 6.615000e-02  6.013637e-02  1.000000e-01 1.363789e-05 8.000000e-04 1.488342e+05 3.180202e+01 2.288800e+01 6.923339e+01 1.733646e-04 1.652380e-04 9.446535e-04 1.774219e-02 6.557052e-02
2.000000e-01 6.615000e-02  6.013637e-02  1.000000e-01 1.400128e-05 8.000000e-04 1.488342e+05 3.180202e+01 2.288800e+01 6.923339e+01 1.807851e-04 1.717142e-04 9.956670e-04 1.870031e-02 6.911148e-02
2.000000e-01 6.615000e-02  6.013637e-02  1.000000e-01 1.437436e-05 8.000000e-04 1.488342e+05 3.180202e+01 2.288800e+01 6.923339e+01 1.899766e-04 1.819547e-04 1.049435e-03 1.971017e-02 7.284366e-02
2.000000e-01 6.615000e-02  6.013637e-02  1.000000e-01 1.475738e-05 8.000000e-04 1.488342e+05 3.180202e+01 2.288800e+01 6.923339e+01 2.024272e-04 1.924939e-04 1.106107e-03 2.077456e-02 7.677738e-02
2.000000e-01 6.615000e-02  6.013637e-02  1.000000e-01 1.515061e-05 8.000000e-04 1.488342e+05 3.180202e+01 2.288800e+01 6.923339e+01 2.142084e-04 2.047956e-04 1.165840e-03 2.189644e-02 8.092354e-02
2.000000e-01 6.615000e-02  6.013637e-02  1.000000e-01 1.555432e-05 8.000000e-04 1.488342e+05 3.180202e+01 2.288800e+01 6.923339e+01 2.275638e-04 2.116139e-04 1.228798e-03 2.307890e-02 8.529360e-02
2.000000e-01 6.615000e-02  6.013637e-02  1.000000e-01 1.596878e-05 8.000000e-04 1.488342e+05 3.180202e+01 2.288800e+01 6.923338e+01 2.469848e-04 2.250392e-04 1.295156e-03 2.432521e-02 8.989965e-02
2.000000e-01 6.615000e-02  6.013637e-02  1.000000e-01 1.639429e-05 8.000000e-04 1.488342e+05 3.180202e+01 2.288799e+01 6.923338e+01 2.565518e-04 2.362043e-04 1.365097e-03 2.563883e-02 9.475444e-02
2.000000e-01 6.615000e-02  6.013637e-02  1.000000e-01 1.683113e-05 8.000000e-04 1.488342e+05 3.180202e+01 2.288799e+01 6.923338e+01 2.854553e-04 2.523552e-04 1.438815e-03 2.702338e-02 9.987140e-02
2.000000e-01 6.615000e-02  6.013637e-02  1.000000e-01 1.727962e-05 8.000000e-04 1.488342e+05 3.180202e+01 2.288799e+01 6.923338e+01 2.778287e-04 2.617231e-04 1.516515e-03 2.848271e-02 1.052647e-01
2.000000e-01 6.615000e-02  6.013637e-02  1.000000e-01 1.774005e-05 8.000000e-04 1.488342e+05 3.180202e+01 2.288799e+01 6.923338e+01 3.034445e-04 2.719147e-04 1.598410e-03 3.002084e-02 1.109492e-01
2.000000e-01 6.615000e-02  6.013637e-02  1.000000e-01 1.821276e-05 8.000000e-04 1.488342e+05 3.180202e+01 2.288799e+01 6.923337e+01 3.101510e-04 2.928081e-04 1.684728e-03 3.164204e-02 1.169407e-01
2.000000e-01 6.615000e-02  6.013637e-02  1.000000e-01 1.869805e-05 8.000000e-04 1.488342e+05 3.180202e+01 2.288799e+01 6.923338e+01 3.150252e-04 3.105098e-04 1.775707e-03 3.335078e-02 1.232558e-01
2.000000e-01 6.615000e-02  6.013637e-02  1.000000e-01 1.919629e-05 8.000000e-04 1.488342e+05 3.180202e+01 2.288799e+01 6.923337e+01 3.486002e-04 3.251301e-04 1.871599e-03 3.515180e-02 1.299119e-01
2.000000e-01 6.615000e-02  6.013637e-02  1.000000e-01 1.970779e-05 8.000000e-04 1.488342e+05 3.180201e+01 2.288798e+01 6.923337e+01 3.679059e-04 3.452254e-04 1.972670e-03 3.705008e-02 1.369274e-01
2.000000e-01 6.615000e-02  6.013637e-02  1.000000e-01 2.023293e-05 8.000000e-04 1.488342e+05 3.180201e+01 2.288798e+01 6.923337e+01 3.859991e-04 3.584316e-04 2.079199e-03 3.905087e-02 1.443218e-01
2.000000e-01 6.615000e-02  6.013637e-02  1.000000e-01 2.077206e-05 8.000000e-04 1.488342e+05 3.180201e+01 2.288798e+01 6.923336e+01 4.184196e-04 3.806640e-04 2.191480e-03 4.115970e-02 1.521156e-01
2.000000e-01 6.615000e-02  6.013637e-02  1.000000e-01 2.132555e-05 8.000000e-04 1.488342e+05 3.180201e+01 2.288798e+01 6.923336e+01 4.193959e-04 3.909160e-04 2.309825e-03 4.338242e-02 1.603301e-01
2.000000e-01 6.615000e-02  6.013637e-02  1.000000e-01 2.189380e-05 8.000000e-04 1.488342e+05 3.180201e+01 2.288798e+01 6.923336e+01 4.433191e-04 4.258277e-04 2.434561e-03 4.572517e-02 1.689883e-01
2.000000e-01 6.615000e-02  6.013637e-02  1.000000e-01 2.247718e-05 8.000000e-04 1.488342e+05 3.180201e+01 2.288797e+01 6.923336e+01 4.639588e-04 4.405741e-04 2.566033e-03 4.819444e-02 1.781141e-01
2.000000e-01 6.615000e-02  6.013637e-02  1.000000e-01 2.307611e-05 8.000000e-04 1.488342e+05 3.180201e+01 2.288797e+01 6.923335e+01 4.954689e-04 4.714555e-04 2.704605e-03 5.079705e-02 1.877327e-01
2.000000e-01 6.615000e-02  6.013637e-02  1.000000e-01 2.369100e-05 8.000000e-04 1.488342e+05 3.180201e+01 2.288797e+01 6.923335e+01 5.454633e-04 4.999068e-04 2.850660e-03 5.354021e-02 1.978707e-01
2.000000e-01 6.615000e-02  6.013637e-02  1.000000e-01 2.432228e-05 8.000000e-04 1.488342e+05 3.180201e+01 2.288796e+01 6.923335e+01 5.480635e-04 5.157122e-04 3.004602e-03 5.643150e-02 2.085562e-01
2.000000e-01 6.615000e-02  6.013637e-02  1.000000e-01 2.497037e-05 8.000000e-04 1.488342e+05 3.180200e+01 2.288796e+01 6.923334e+01 5.878601e-04 5.458521e-04 3.166857e-03 5.947893e-02 2.198187e-01
2.000000e-01 6.615000e-02  6.013637e-02  1.000000e-01 2.563574e-05 8.000000e-04 1.488342e+05 3.180200e+01 2.288796e+01 6.923334e+01 6.465364e-04 5.733279e-04 3.337875e-03 6.269093e-02 2.316894e-01
2.000000e-01 6.615000e-02  6.013637e-02  1.000000e-01 2.631883e-05 8.000000e-04 1.488342e+05 3.180200e+01 2.288795e+01 6.923334e+01 6.352500e-04 6.055723e-04 3.518128e-03 6.607639e-02 2.442011e-01
2.000000e-01 6.615000e-02  6.013637e-02  1.000000e-01 2.702013e-05 8.000000e-04 1.488342e+05 3.180200e+01 2.288795e+01 6.923333e+01 6.981969e-04 6.427344e-04 3.708115e-03 6.964467e-02 2.573886e-01
2.000000e-01 6.615000e-02  6.013637e-02  1.000000e-01 2.774011e-05 8.000000e-04 1.488342e+05 3.180200e+01 2.288795e+01 6.923332e+01 7.447016e-04 6.800269e-04 3.908362e-03 7.340564e-02 2.712882e-01
2.000000e-01 6.615000e-02  6.013637e-02  1.000000e-01 2.847928e-05 8.000000e-04 1.488342e+05 3.180200e+01 2.288794e+01 6.923332e+01 7.657657e-04 7.087769e-04 4.119422e-03 7.736971e-02 2.859383e-01
2.000000e-01 6.615000e-02  6.013637e-02  1.000000e-01 2.923814e-05 8.000000e-04 1.488342e+05 3.180200e+01 2.288794e+01 6.923332e+01 7.999133e-04 7.517912e-04 4.341881e-03 8.154786e-02 3.013797e-01
2.000000e-01 6.615000e-02  6.013637e-02  1.000000e-01 3.001722e-05 8.000000e-04 1.488342e+05 3.180199e+01 2.288794e+01 6.923332e+01 8.487477e-04 8.031811e-04 4.576352e-03 8.595163e-02 3.176549e-01
2.000000e-01 6.615000e-02  6.013637e-02  1.000000e-01 3.081707e-05 8.000000e-04 1.488342e+05 3.180199e+01 2.288793e+01 6.923331e+01 8.951203e-04 8.300333e-04 4.823486e-03 9.059322e-02 3.348090e-01
2.000000e-01 6.615000e-02  6.013637e-02  1.000000e-01 3.163822e-05 8.000000e-04 1.488342e+05 3.180199e+01 2.288792e+01 6.923330e+01 9.474642e-04 8.800045e-04 5.083965e-03 9.548546e-02 3.528894e-01
2.000000e-01 6.615000e-02  6.013637e-02  1.000000e-01 3.248126e-05 8.000000e-04 1.488342e+05 3.180199e+01 2.288792e+01 6.923330e+01 9.934407e-04 9.287282e-04 5.358511e-03 1.006419e-01 3.719463e-01
2.000000e-01 6.615000e-02  6.013637e-02  1.000000e-01 3.334676e-05 8.000000e-04 1.488342e+05 3.180198e+01 2.288792e+01 6.923329e+01 1.037145e-03 9.934768e-04 5.647883e-03 1.060768e-01 3.920322e-01
2.000000e-01 6.615000e-02  6.013637e-02  1.000000e-01 3.423532e-05 8.000000e-04 1.488342e+05 3.180198e+01 2.288791e+01 6.923328e+01 1.086158e-03 1.026340e-03 5.952882e-03 1.118052e-01 4.132029e-01
2.000000e-01 6.615000e-02  6.013637e-02  1.000000e-01 3.514756e-05 8.000000e-04 1.488342e+05 3.180198e+01 2.288790e+01 6.923327e+01 1.174180e-03 1.092067e-03 6.274351e-03 1.178429e-01 4.355168e-01
2.000000e-01 6.615000e-02  6.013637e-02  1.000000e-01 3.608411e-05 8.000000e-04 1.488342e+05 3.180198e+01 2.288790e+01 6.923327e+01 1.203427e-03 1.144802e-03 6.613180e-03 1.242067e-01 4.590357e-01
2.000000e-01 6.615000e-02  6.013637e-02  1.000000e-01 3.704561e-05 8.000000e-04 1.488342e+05 3.180197e+01 2.288789e+01 6.923324e+01 1.348577e-03 1.205335e-03 6.970307e-03 1.309142e-01 4.838247e-01
2.000000e-01 6.615000e-02  6.013637e-02  1.000000e-01 3.803273e-05 8.000000e-04 1.488342e+05 3.180197e+01 2.288788e+01 6.923326e+01 1.345897e-03 1.273979e-03 7.346720e-03 1.379838e-01 5.099523e-01
2.000000e-01 6.615000e-02  6.013637e-02  1.000000e-01 3.904616e-05 8.000000e-04 1.488342e+05 3.180196e+01 2.288788e+01 6.923322e+01 1.440017e-03 1.339560e-03 7.743460e-03 1.454353e-01 5.374909e-01
2.000000e-01 6.615000e-02  6.013637e-02  1.000000e-01 4.008659e-05 8.000000e-04 1.488342e+05 3.180197e+01 2.288786e+01 6.923324e+01 1.487261e-03 1.437351e-03 8.161625e-03 1.532891e-01 5.665167e-01
2.000000e-01 6.615000e-02  6.013637e-02  1.000000e-01 4.115474e-05 8.000000e-04 1.488342e+05 3.180196e+01 2.288786e+01 6.923323e+01 1.650051e-03 1.488809e-03 8.602371e-03 1.615671e-01 5.971099e-01
2.000000e-01 6.615000e-02  6.013637e-02  1.000000e-01 4.225136e-05 8.000000e-04 1.488342e+05 3.180196e+01 2.288786e+01 6.923323e+01 1.651028e-03 1.585404e-03 9.066919e-03 1.702921e-01 6.293552e-01
2.000000e-01 6.615000e-02  6.013637e-02  1.000000e-01 4.337719e-05 8.000000e-04 1.488342e+05 3.180196e+01 2.288784e+01 6.923323e+01 1.707825e-03 1.669152e-03 9.556554e-03 1.794882e-01 6.633419e-01
2.000000e-01 6.615000e-02  6.013637e-02  1.000000e-01 4.453303e-05 8.000000e-04 1.488342e+05 3.180195e+01 2.288783e+01 6.923320e+01 1.931861e-03 1.746727e-03 1.007263e-02 1.891810e-01 6.991639e-01
2.000000e-01 6.615000e-02  6.013637e-02  1.000000e-01 4.571966e-05 8.000000e-04 1.488342e+05 3.180194e+01 2.288782e+01 6.923318e+01 1.993091e-03 1.850362e-03 1.061658e-02 1.993972e-01 7.369203e-01
2.000000e-01 6.615000e-02  6.013637e-02  1.000000e-01 4.693791e-05 8.000000e-04 1.488342e+05 3.180193e+01 2.288782e+01 6.923316e+01 2.186248e-03 1.934731e-03 1.118989e-02 2.101651e-01 7.767157e-01
2.000000e-01 6.615000e-02  6.013637e-02  1.000000e-01 4.818863e-05 8.000000e-04 1.488342e+05 3.180194e+01 2.288780e+01 6.923317e+01 2.184584e-03 2.058605e-03 1.179418e-02 2.215145e-01 8.186602e-01
2.000000e-01 6.615000e-02  6.013637e-02  1.000000e-01 4.947267e-05 8.000000e-04 1.488342e+05 3.180193e+01 2.288778e+01 6.923314e+01 2.311222e-03 2.181967e-03 1.243109e-02 2.334768e-01 8.628697e-01
2.000000e-01 6.615000e-02  6.013637e-02  1.000000e-01 5.079093e-05 8.000000e-04 1.488342e+05 3.180193e+01 2.288778e+01 6.923314e+01 2.411709e-03 2.258992e-03 1.310240e-02 2.460851e-01 9.094667e-01
2.000000e-01 6.615000e-02  6.013637e-02  1.000000e-01 5.214431e-05 8.000000e-04 1.488342e+05 3.180193e+01 2.288776e+01 6.923314e+01 2.544113e-03 2.393601e-03 1.380995e-02 2.593743e-01 9.585800e-01
2.000000e-01 6.615000e-02  6.013637e-02  1.000000e-01 5.353375e-05 8.000000e-04 1.488342e+05 3.180192e+01 2.288775e+01 6.923312e+01 2.541762e-03 2.531558e-03 1.455572e-02 2.733811e-01 1.010345e+00
2.000000e-01 6.615000e-02  6.013637e-02  1.000000e-01 5.496022e-05 8.000000e-04 1.488342e+05 3.180190e+01 2.288773e+01 6.923308e+01 2.929352e-03 2.668120e-03 1.534177e-02 2.881443e-01 1.064906e+00
2.000000e-01 6.615000e-02  6.013637e-02  1.000000e-01 5.642470e-05 8.000000e-04 1.488342e+05 3.180190e+01 2.288771e+01 6.923306e+01 2.947153e-03 2.803921e-03 1.617026e-02 3.037048e-01 1.122414e+00
2.000000e-01 6.615000e-02  6.013637e-02  1.000000e-01 5.792820e-05 8.000000e-04 1.488342e+05 3.180189e+01 2.288770e+01 6.923305e+01 3.183146e-03 2.928225e-03 1.704349e-02 3.201055e-01 1.183027e+00
2.000000e-01 6.615000e-02  6.013637e-02  1.000000e-01 5.947176e-05 8.000000e-04 1.488342e+05 3.180189e+01 2.288769e+01 6.923304e+01 3.331120e-03 3.120527e-03 1.796388e-02 3.373920e-01 1.246913e+00
2.000000e-01 6.615000e-02  6.013637e-02  1.000000e-01 6.105646e-05 8.000000e-04 1.488342e+05 3.180189e+01 2.288767e+01 6.923303e+01 3.373525e-03 3.285670e-03 1.893397e-02 3.556119e-01 1.314249e+00
2.000000e-01 6.615000e-02  6.013637e-02  1.000000e-01 6.268338e-05 8.000000e-04 1.488342e+05 3.180186e+01 2.288764e+01 6.923297e+01 3.715192e-03 3.504203e-03 1.995645e-02 3.748158e-01 1.385222e+00
2.000000e-01 6.615000e-02  6.013637e-02  1.000000e-01 6.435365e-05 8.000000e-04 1.488342e+05 3.180186e+01 2.288764e+01 6.923297e+01 3.849515e-03 3.651872e-03 2.103414e-02 3.950567e-01 1.460027e+00
2.000000e-01 6.615000e-02  6.013637e-02  1.000000e-01 6.606842e-05 8.000000e-04 1.488342e+05 3.180186e+01 2.288761e+01 6.923295e+01 4.075257e-03 3.873582e-03 2.217003e-02 4.163907e-01 1.538872e+00
2.000000e-01 6.615000e-02  6.013637e-02  1.000000e-01 6.782889e-05 8.000000e-04 1.488342e+05 3.180185e+01 2.288758e+01 6.923293e+01 4.320355e-03 4.107687e-03 2.336727e-02 4.388767e-01 1.621974e+00
2.000000e-01 6.615000e-02  6.013637e-02  1.000000e-01 6.963627e-05 8.000000e-04 1.488342e+05 3.180182e+01 2.288755e+01 6.923286e+01 4.597224e-03 4.330756e-03 2.462915e-02 4.625771e-01 1.709565e+00
2.000000e-01 6.615000e-02  6.013637e-02  1.000000e-01 7.149181e-05 8.000000e-04 1.488342e+05 3.180182e+01 2.288754e+01 6.923285e+01 4.746428e-03 4.477002e-03 2.595918e-02 4.875573e-01 1.801885e+00
2.000000e-01 6.615000e-02  6.013637e-02  1.000000e-01 7.339679e-05 8.000000e-04 1.488342e+05 3.180183e+01 2.288752e+01 6.923285e+01 5.155569e-03 4.700186e-03 2.736104e-02 5.138866e-01 1.899191e+00
2.000000e-01 6.615000e-02  6.013637e-02  1.000000e-01 7.535253e-05 8.000000e-04 1.488342e+05 3.180181e+01 2.288749e+01 6.923283e+01 5.073058e-03 5.026249e-03 2.883860e-02 5.416376e-01 2.001752e+00
2.000000e-01 6.615000e-02  6.013637e-02  1.000000e-01 7.736039e-05 8.000000e-04 1.488342e+05 3.180179e+01 2.288744e+01 6.923277e+01 5.475767e-03 5.241243e-03 3.039595e-02 5.708873e-01 2.109851e+00
2.000000e-01 6.615000e-02  6.013637e-02  1.000000e-01 7.942174e-05 8.000000e-04 1.488342e+05 3.180178e+01 2.288743e+01 6.923276e+01 5.981167e-03 5.634238e-03 3.203740e-02 6.017165e-01 2.223788e+00
2.000000e-01 6.615000e-02  6.013637e-02  1.000000e-01 8.153803e-05 8.000000e-04 1.488342e+05 3.180175e+01 2.288738e+01 6.923266e+01 6.376231e-03 5.900322e-03 3.376749e-02 6.342106e-01 2.343878e+00
2.000000e-01 6.615000e-02  6.013637e-02  1.000000e-01 8.371070e-05 8.000000e-04 1.488342e+05 3.180174e+01 2.288738e+01 6.923264e+01 6.636016e-03 6.170316e-03 3.559102e-02 6.684595e-01 2.470452e+00
2.000000e-01 6.615000e-02  6.013637e-02  1.000000e-01 8.594127e-05 8.000000e-04 1.488342e+05 3.180174e+01 2.288732e+01 6.923263e+01 6.637694e-03 6.547236e-03 3.751301e-02 7.045578e-01 2.603862e+00
2.000000e-01 6.615000e-02  6.013637e-02  1.000000e-01 8.823127e-05 8.000000e-04 1.488342e+05 3.180172e+01 2.288729e+01 6.923259e+01 7.127345e-03 6.911298e-03 3.953880e-02 7.426056e-01 2.744477e+00
2.000000e-01 6.615000e-02  6.013637e-02  1.000000e-01 9.058230e-05 8.000000e-04 1.488342e+05 3.180171e+01 2.288726e+01 6.923255e+01 8.063716e-03 7.296060e-03 4.167399e-02 7.827080e-01 2.892685e+00
2.000000e-01 6.615000e-02  6.013637e-02  1.000000e-01 9.299597e-05 8.000000e-04 1.488342e+05 3.180168e+01 2.288721e+01 6.923249e+01 8.325774e-03 7.626887e-03 4.392448e-02 8.249760e-01 3.048897e+00
2.000000e-01 6.615000e-02  6.013637e-02  1.000000e-01 9.547395e-05 8.000000e-04 1.488342e+05 3.180166e+01 2.288715e+01 6.923243e+01 8.448500e-03 8.071036e-03 4.629651e-02 8.695266e-01 3.213544e+00
2.000000e-01 6.615000e-02  6.013637e-02  1.000000e-01 9.801796e-05 8.000000e-04 1.488342e+05 3.180165e+01 2.288712e+01 6.923239e+01 8.861466e-03 8.490465e-03 4.879662e-02 9.164831e-01 3.387083e+00
2.000000e-01 6.615000e-02  6.013637e-02  1.000000e-01 1.006298e-04 8.000000e-04 1.488342e+05 3.180163e+01 2.288709e+01 6.923235e+01 9.953203e-03 8.825664e-03 5.143175e-02 9.659753e-01 3.569993e+00
2.000000e-01 6.615000e-02  6.013637e-02  1.000000e-01 1.033112e-04 8.000000e-04 1.488342e+05 3.180160e+01 2.288701e+01 6.923228e+01 9.753318e-03 9.370072e-03 5.420919e-02 1.018140e+00 3.762781e+00
2.000000e-01 6.615000e-02  6.013637e-02  1.000000e-01 1.060640e-04 8.000000e-04 1.488342e+05 3.180156e+01 2.288696e+01 6.923219e+01 1.036417e-02 9.742420e-03 5.713661e-02 1.073122e+00 3.965980e+00
2.000000e-01 6.615000e-02  6.013637e-02  1.000000e-01 1.088902e-04 8.000000e-04 1.488342e+05 3.180153e+01 2.288690e+01 6.923212e+01 1.118559e-02 1.026150e-02 6.022212e-02 1.131073e+00 4.180152e+00
2.000000e-01 6.615000e-02  6.013637e-02  1.000000e-01 1.117917e-04 8.000000e-04 1.488342e+05 3.180152e+01 2.288683e+01 6.923206e+01 1.191938e-02 1.098636e-02 6.347425e-02 1.192154e+00 4.405890e+00
2.000000e-01 6.615000e-02  6.013637e-02  1.000000e-01 1.147705e-04 8.000000e-04 1.488342e+05 3.180152e+01 2.288677e+01 6.923204e+01 1.241437e-02 1.167150e-02 6.690201e-02 1.256533e+00 4.643819e+00
2.000000e-01 6.615000e-02  6.013637e-02  1.000000e-01 1.178287e-04 8.000000e-04 1.488342e+05 3.180144e+01 2.288669e+01 6.923187e+01 1.288270e-02 1.221119e-02 7.051487e-02 1.324389e+00 4.894595e+00
2.000000e-01 6.615000e-02  6.013637e-02  1.000000e-01 1.209684e-04 8.000000e-04 1.488342e+05 3.180146e+01 2.288662e+01 6.923190e+01 1.417556e-02 1.293816e-02 7.432284e-02 1.395909e+00 5.158915e+00
2.000000e-01 6.615000e-02  6.013637e-02  1.000000e-01 1.241917e-04 8.000000e-04 1.488342e+05 3.180144e+01 2.288656e+01 6.923183e+01 1.451598e-02 1.364277e-02 7.833644e-02 1.471291e+00 5.437508e+00
2.000000e-01 6.615000e-02  6.013637e-02  1.000000e-01 1.275010e-04 8.000000e-04 1.488342e+05 3.180137e+01 2.288644e+01 6.923165e+01 1.515054e-02 1.444973e-02 8.256679e-02 1.550744e+00 5.731146e+00
2.000000e-01 6.615000e-02  6.013637e-02  1.000000e-01 1.308984e-04 8.000000e-04 1.488342e+05 3.180132e+01 2.288640e+01 6.923152e+01 1.629060e-02 1.495403e-02 8.702559e-02 1.634488e+00 6.040641e+00
2.000000e-01 6.615000e-02  6.013637e-02  1.000000e-01 1.343863e-04 8.000000e-04 1.488342e+05 3.180138e+01 2.288634e+01 6.923164e+01 1.697591e-02 1.594371e-02 9.172517e-02 1.722754e+00 6.366850e+00
2.000000e-01 6.615000e-02  6.013637e-02  1.000000e-01 1.379672e-04 8.000000e-04 1.488342e+05 3.180122e+01 2.288619e+01 6.923127e+01 1.869716e-02 1.681306e-02 9.667854e-02 1.815786e+00 6.710675e+00
2.000000e-01 6.615000e-02  6.013637e-02  1.000000e-01 1.416435e-04 8.000000e-04 1.488342e+05 3.180128e+01 2.288607e+01 6.923134e+01 1.840750e-02 1.774084e-02 1.018994e-01 1.913843e+00 7.073067e+00
2.000000e-01 6.615000e-02  6.013637e-02  1.000000e-01 1.454177e-04 8.000000e-04 1.488342e+05 3.180119e+01 2.288599e+01 6.923117e+01 2.014639e-02 1.861425e-02 1.074022e-01 2.017195e+00 7.455029e+00
2.000000e-01 6.615000e-02  6.013637e-02  1.000000e-01 1.492926e-04 8.000000e-04 1.488342e+05 3.180097e+01 2.288598e+01 6.923070e+01 2.223480e-02 1.950576e-02 1.132022e-01 2.126128e+00 7.857617e+00
2.000000e-01 6.615000e-02  6.013637e-02  1.000000e-01 1.532706e-04 8.000000e-04 1.488342e+05 3.180105e+01 2.288579e+01 6.923081e+01 2.225303e-02 2.044842e-02 1.193154e-01 2.240944e+00 8.281947e+00
2.000000e-01 6.615000e-02  6.013637e-02  1.000000e-01 1.573547e-04 8.000000e-04 1.488342e+05 3.180104e+01 2.288572e+01 6.923079e+01 2.222053e-02 2.144054e-02 1.257587e-01 2.361960e+00 8.729191e+00
2.000000e-01 6.615000e-02  6.013637e-02  1.000000e-01 1.615476e-04 8.000000e-04 1.488342e+05 3.180091e+01 2.288561e+01 6.923051e+01 2.562151e-02 2.290893e-02 1.325499e-01 2.489512e+00 9.200588e+00
2.000000e-01 6.615000e-02  6.013637e-02  1.000000e-01 1.658522e-04 8.000000e-04 1.488342e+05 3.180088e+01 2.288551e+01 6.923043e+01 2.620471e-02 2.378323e-02 1.397079e-01 2.623951e+00 9.697441e+00
2.000000e-01 6.615000e-02  6.013637e-02  1.000000e-01 1.702715e-04 8.000000e-04 1.488342e+05 3.180084e+01 2.288527e+01 6.923026e+01 2.714200e-02 2.587797e-02 1.472525e-01 2.765650e+00 1.022112e+01
2.000000e-01 6.615000e-02  6.013637e-02  1.000000e-01 1.748086e-04 8.000000e-04 1.488342e+05 3.180088e+01 2.288506e+01 6.923025e+01 2.865266e-02 2.708207e-02 1.552044e-01 2.915002e+00 1.077309e+01
2.000000e-01 6.615000e-02  6.013637e-02  1.000000e-01 1.794666e-04 8.000000e-04 1.488342e+05 3.180082e+01 2.288500e+01 6.923015e+01 3.048522e-02 2.815958e-02 1.635858e-01 3.072419e+00 1.135486e+01
2.000000e-01 6.615000e-02  6.013637e-02  1.000000e-01 1.842487e-04 8.000000e-04 1.488342e+05 3.180069e+01 2.288486e+01 6.922988e+01 3.107939e-02 2.980959e-02 1.724199e-01 3.238337e+00 1.196805e+01
2.000000e-01 6.615000e-02  6.013637e-02  1.000000e-01 1.891582e-04 8.000000e-04 1.488342e+05 3.180064e+01 2.288463e+01 6.922965e+01 3.344737e-02 3.138470e-02 1.817309e-01 3.413214e+00 1.261435e+01
2.000000e-01 6.615000e-02  6.013637e-02  1.000000e-01 1.941986e-04 8.000000e-04 1.488342e+05 3.180040e+01 2.288432e+01 6.922914e+01 3.699628e-02 3.382035e-02 1.915448e-01 3.597536e+00 1.329556e+01
2.000000e-01 6.615000e-02  6.013637e-02  1.000000e-01 1.993732e-04 8.000000e-04 1.488342e+05 3.180057e+01 2.288437e+01 6.922947e+01 3.606347e-02 3.447619e-02 2.018887e-01 3.791811e+00 1.401355e+01
2.000000e-01 6.615000e-02  6.013637e-02  1.000000e-01 2.046857e-04 8.000000e-04 1.488342e+05 3.180025e+01 2.288418e+01 6.922875e+01 4.018850e-02 3.698760e-02 2.127911e-01 3.996577e+00 1.477031e+01
2.000000e-01 6.615000e-02  6.013637e-02  1.000000e-01 2.101398e-04 8.000000e-04 1.488342e+05 3.180015e+01 2.288393e+01 6.922850e+01 4.293565e-02 3.931579e-02 2.242824e-01 4.212402e+00 1.556794e+01
2.000000e-01 6.615000e-02  6.013637e-02  1.000000e-01 2.157392e-04 8.000000e-04 1.488342e+05 3.179994e+01 2.288354e+01 6.922802e+01 4.495112e-02 4.060617e-02 2.363941e-01 4.439881e+00 1.640865e+01
2.000000e-01 6.615000e-02  6.013637e-02  1.000000e-01 2.214878e-04 8.000000e-04 1.488342e+05 3.180009e+01 2.288325e+01 6.922822e+01 4.702488e-02 4.369231e-02 2.491600e-01 4.679645e+00 1.729475e+01
2.000000e-01 6.615000e-02  6.013637e-02  1.000000e-01 2.273896e-04 8.000000e-04 1.488342e+05 3.179977e+01 2.288290e+01 6.922749e+01 4.869663e-02 4.651400e-02 2.626152e-01 4.932357e+00 1.822871e+01
2.000000e-01 6.615000e-02  6.013637e-02  1.000000e-01 2.334487e-04 8.000000e-04 1.488342e+05 3.179992e+01 2.288289e+01 6.922776e+01 4.941362e-02 4.770326e-02 2.767970e-01 5.198716e+00 1.921310e+01
2.000000e-01 6.615000e-02  6.013637e-02  1.000000e-01 2.396692e-04 8.000000e-04 1.488342e+05 3.179966e+01 2.288252e+01 6.922718e+01 5.541710e-02 5.080733e-02 2.917447e-01 5.479458e+00 2.025065e+01
2.000000e-01 6.615000e-02  6.013637e-02  1.000000e-01 2.460555e-04 8.000000e-04 1.488342e+05 3.179975e+01 2.288237e+01 6.922729e+01 5.636494e-02 5.286352e-02 3.074996e-01 5.775362e+00 2.134423e+01
2.000000e-01 6.615000e-02  6.013637e-02  1.000000e-01 2.526119e-04 8.000000e-04 1.488342e+05 3.179942e+01 2.288211e+01 6.922655e+01 6.031948e-02 5.586200e-02 3.241052e-01 6.087244e+00 2.249687e+01
2.000000e-01 6.615000e-02  6.013637e-02  1.000000e-01 2.593430e-04 8.000000e-04 1.488342e+05 3.179924e+01 2.288157e+01 6.922603e+01 6.192065e-02 5.856674e-02 3.416077e-01 6.415970e+00 2.371176e+01
2.000000e-01 6.615000e-02  6.013637e-02  1.000000e-01 2.662535e-04 8.000000e-04 1.488342e+05 3.179915e+01 2.288127e+01 6.922582e+01 6.637442e-02 6.323789e-02 3.600553e-01 6.762447e+00 2.499225e+01
2.000000e-01 6.615000e-02  6.013637e-02  1.000000e-01 2.733482e-04 8.000000e-04 1.488342e+05 3.179929e+01 2.288087e+01 6.922586e+01 7.003741e-02 6.548257e-02 3.794991e-01 7.127635e+00 2.634188e+01
2.000000e-01 6.615000e-02  6.013637e-02  1.000000e-01 2.806318e-04 8.000000e-04 1.488342e+05 3.179872e+01 2.288081e+01 6.922483e+01 7.834316e-02 6.862041e-02 3.999929e-01 7.512543e+00 2.776441e+01
2.000000e-01 6.615000e-02  6.013637e-02  1.000000e-01 2.881096e-04 8.000000e-04 1.488342e+05 3.179861e+01 2.288033e+01 6.922433e+01 7.735219e-02 7.236577e-02 4.215935e-01 7.918238e+00 2.926375e+01
2.000000e-01 6.615000e-02  6.013637e-02  1.000000e-01 2.957866e-04 8.000000e-04 1.488342e+05 3.179849e+01 2.287968e+01 6.922401e+01 8.446327e-02 7.673487e-02 4.443605e-01 8.345841e+00 3.084406e+01
2.000000e-01 6.615000e-02  6.013637e-02  1.000000e-01 3.036682e-04 8.000000e-04 1.488342e+05 3.179795e+01 2.287956e+01 6.922290e+01 8.961950e-02 8.126816e-02 4.683570e-01 8.796536e+00 3.250971e+01
2.000000e-01 6.615000e-02  6.013637e-02  1.000000e-01 3.117598e-04 8.000000e-04 1.488342e+05 3.179790e+01 2.287871e+01 6.922257e+01 9.195946e-02 8.712281e-02 4.936494e-01 9.271569e+00 3.426531e+01
2.000000e-01 6.615000e-02  6.013637e-02  1.000000e-01 3.200670e-04 8.000000e-04 1.488342e+05 3.179763e+01 2.287837e+01 6.922202e+01 9.885114e-02 9.060491e-02 5.203076e-01 9.772256e+00 3.611572e+01
2.000000e-01 6.615000e-02  6.013637e-02  1.000000e-01 3.285955e-04 8.000000e-04 1.488342e+05 3.179747e+01 2.287811e+01 6.922139e+01 1.021649e-01 9.524774e-02 5.484054e-01 1.029998e+01 3.806605e+01
2.000000e-01 6.615000e-02  6.013637e-02  1.000000e-01 3.373513e-04 8.000000e-04 1.488342e+05 3.179705e+01 2.287720e+01 6.922046e+01 1.105506e-01 9.975909e-02 5.780205e-01 1.085620e+01 4.012170e+01
2.000000e-01 6.615000e-02  6.013637e-02  1.000000e-01 3.463404e-04 8.000000e-04 1.488342e+05 3.179715e+01 2.287691e+01 6.922056e+01 1.157955e-01 1.069439e-01 6.092350e-01 1.144246e+01 4.228837e+01
2.000000e-01 6.615000e-02  6.013637e-02  1.000000e-01 3.555691e-04 8.000000e-04 1.488342e+05 3.179622e+01 2.287616e+01 6.921848e+01 1.224006e-01 1.115586e-01 6.421351e-01 1.206038e+01 4.457204e+01
2.000000e-01 6.615000e-02  6.013637e-02  1.000000e-01 3.650436e-04 8.000000e-04 1.488342e+05 3.179657e+01 2.287544e+01 6.921880e+01 1.273850e-01 1.180808e-01 6.768119e-01 1.271167e+01 4.697903e+01
2.000000e-01 6.615000e-02  6.013637e-02  1.000000e-01 3.747706e-04 8.000000e-04 1.488342e+05 3.179654e+01 2.287442e+01 6.921852e+01 1.313459e-01 1.225735e-01 7.133613e-01 1.339813e+01 4.951601e+01
2.000000e-01 6.615000e-02  6.013637e-02  1.000000e-01 3.847568e-04 8.000000e-04 1.488342e+05 3.179587e+01 2.287394e+01 6.921701e+01 1.417917e-01 1.311452e-01 7.518844e-01 1.412166e+01 5.218999e+01
2.000000e-01 6.615000e-02  6.013637e-02  1.000000e-01 3.950091e-04 8.000000e-04 1.488342e+05 3.179594e+01 2.287354e+01 6.921728e+01 1.441149e-01 1.372547e-01 7.924879e-01 1.488426e+01 5.500837e+01
2.000000e-01 6.615000e-02  6.013637e-02  1.000000e-01 4.055346e-04 8.000000e-04 1.488342e+05 3.179575e+01 2.287259e+01 6.921650e+01 1.577260e-01 1.446820e-01 8.352841e-01 1.568805e+01 5.797894e+01
2.000000e-01 6.615000e-02  6.013637e-02  1.000000e-01 4.163405e-04 8.000000e-04 1.488342e+05 3.179478e+01 2.287196e+01 6.921439e+01 1.677921e-01 1.521039e-01 8.803914e-01 1.653524e+01 6.110994e+01
2.000000e-01 6.615000e-02  6.013637e-02  1.000000e-01 4.274344e-04 8.000000e-04 1.488342e+05 3.179450e+01 2.287100e+01 6.921370e+01 1.714649e-01 1.625654e-01 9.279346e-01 1.742818e+01 6.441002e+01
2.000000e-01 6.615000e-02  6.013637e-02  1.000000e-01 4.388239e-04 8.000000e-04 1.488342e+05 3.179384e+01 2.287005e+01 6.921221e+01 1.911247e-01 1.690224e-01 9.780452e-01 1.836934e+01 6.788831e+01
2.000000e-01 6.615000e-02  6.013637e-02  1.000000e-01 4.505168e-04 8.000000e-04 1.488342e+05 3.179369e+01 2.286878e+01 6.921118e+01 1.946949e-01 1.790732e-01 1.030862e+00 1.936133e+01 7.155444e+01
2.000000e-01 6.615000e-02  6.013637e-02  1.000000e-01 4.625214e-04 8.000000e-04 1.488342e+05 3.179389e+01 2.286832e+01 6.921172e+01 2.021547e-01 1.885788e-01 1.086531e+00 2.040689e+01 7.541854e+01
2.000000e-01 6.615000e-02  6.013637e-02  1.000000e-01 4.748458e-04 8.000000e-04 1.488342e+05 3.179329e+01 2.286706e+01 6.920999e+01 2.071026e-01 1.991648e-01 1.145206e+00 2.150890e+01 7.949132e+01
2.000000e-01 6.615000e-02  6.013637e-02  1.000000e-01 4.874986e-04 8.000000e-04 1.488342e+05 3.179236e+01 2.286592e+01 6.920775e+01 2.213517e-01 2.100223e-01 1.207050e+00 2.267044e+01 8.378403e+01
2.000000e-01 6.615000e-02  6.013637e-02  1.000000e-01 5.004886e-04 8.000000e-04 1.488342e+05 3.179277e+01 2.286390e+01 6.920816e+01 2.305735e-01 2.228976e-01 1.272233e+00 2.389469e+01 8.830857e+01
2.000000e-01 6.615000e-02  6.013637e-02  1.000000e-01 5.138247e-04 8.000000e-04 1.488342e+05 3.179055e+01 2.286290e+01 6.920422e+01 2.442823e-01 2.340657e-01 1.340937e+00 2.518506e+01 9.307743e+01
2.000000e-01 6.615000e-02  6.013637e-02  1.000000e-01 5.275161e-04 8.000000e-04 1.488342e+05 3.179028e+01 2.286162e+01 6.920241e+01 2.700133e-01 2.467165e-01 1.413350e+00 2.654511e+01 9.810383e+01
2.000000e-01 6.615000e-02  6.013637e-02  1.000000e-01 5.415724e-04 8.000000e-04 1.488342e+05 3.179008e+01 2.286051e+01 6.920170e+01 2.822727e-01 2.569205e-01 1.489675e+00 2.797861e+01 1.034017e+02
2.000000e-01 6.615000e-02  6.013637e-02  1.000000e-01 5.560032e-04 8.000000e-04 1.488342e+05 3.178919e+01 2.285997e+01 6.919950e+01 2.955608e-01 2.718477e-01 1.570121e+00 2.948952e+01 1.089856e+02
2.000000e-01 6.615000e-02  6.013637e-02  1.000000e-01 5.708185e-04 8.000000e-04 1.488342e+05 3.178879e+01 2.285646e+01 6.919837e+01 3.046405e-01 2.885884e-01 1.654911e+00 3.108202e+01 1.148711e+02
2.000000e-01 6.615000e-02  6.013637e-02  1.000000e-01 5.860287e-04 8.000000e-04 1.488342e+05 3.178712e+01 2.285621e+01 6.919443e+01 3.308115e-01 3.003183e-01 1.744280e+00 3.276052e+01 1.210744e+02
2.000000e-01 6.615000e-02  6.013637e-02  1.000000e-01 6.016441e-04 8.000000e-04 1.488342e+05 3.178782e+01 2.285310e+01 6.919491e+01 3.414138e-01 3.157974e-01 1.838475e+00 3.452967e+01 1.276127e+02
2.000000e-01 6.615000e-02  6.013637e-02  1.000000e-01 6.176756e-04 8.000000e-04 1.488342e+05 3.178758e+01 2.285268e+01 6.919446e+01 3.522008e-01 3.385169e-01 1.937757e+00 3.639435e+01 1.345041e+02
2.000000e-01 6.615000e-02  6.013637e-02  1.000000e-01 6.341342e-04 8.000000e-04 1.488342e+05 3.178542e+01 2.284952e+01 6.918908e+01 3.837154e-01 3.614111e-01 2.042400e+00 3.835973e+01 1.417676e+02
2.000000e-01 6.615000e-02  6.013637e-02  1.000000e-01 6.510315e-04 8.000000e-04 1.488342e+05 3.178357e+01 2.284870e+01 6.918604e+01 4.076708e-01 3.714574e-01 2.152695e+00 4.043124e+01 1.494234e+02
2.000000e-01 6.615000e-02  6.013637e-02  1.000000e-01 6.683790e-04 8.000000e-04 1.488342e+05 3.178540e+01 2.284553e+01 6.918753e+01 4.117932e-01 3.940882e-01 2.268945e+00 4.261462e+01 1.574926e+02
2.000000e-01 6.615000e-02  6.013637e-02  1.000000e-01 6.861887e-04 8.000000e-04 1.488342e+05 3.178329e+01 2.284355e+01 6.918313e+01 4.180553e-01 4.115628e-01 2.391473e+00 4.491591e+01 1.659975e+02
2.000000e-01 6.615000e-02  6.013637e-02  1.000000e-01 7.044730e-04 8.000000e-04 1.488342e+05 3.178152e+01 2.283960e+01 6.917926e+01 4.829855e-01 4.376893e-01 2.520618e+00 4.734148e+01 1.749618e+02
2.000000e-01 6.615000e-02  6.013637e-02  1.000000e-01 7.232445e-04 8.000000e-04 1.488342e+05 3.178160e+01 2.283956e+01 6.917863e+01 5.215383e-01 4.613281e-01 2.656738e+00 4.989803e+01 1.844101e+02
2.000000e-01 6.615000e-02  6.013637e-02  1.000000e-01 7.425162e-04 8.000000e-04 1.488342e+05 3.178140e+01 2.283662e+01 6.917791e+01 5.306611e-01 4.890376e-01 2.800208e+00 5.259264e+01 1.943687e+02
2.000000e-01 6.615000e-02  6.013637e-02  1.000000e-01 7.623014e-04 8.000000e-04 1.488342e+05 3.177992e+01 2.283425e+01 6.917312e+01 5.521054e-01 5.104130e-01 2.951425e+00 5.543276e+01 2.048651e+02
2.000000e-01 6.615000e-02  6.013637e-02  1.000000e-01 7.826138e-04 8.000000e-04 1.488342e+05 3.177738e+01 2.282966e+01 6.916821e+01 5.847130e-01 5.389614e-01 3.110809e+00 5.842626e+01 2.159283e+02
2.000000e-01 6.615000e-02  6.013637e-02  1.000000e-01 8.034674e-04 8.000000e-04 1.488342e+05 3.177672e+01 2.282554e+01 6.916566e+01 6.058708e-01 5.692201e-01 3.278800e+00 6.158141e+01 2.275889e+02
2.000000e-01 6.615000e-02  6.013637e-02  1.000000e-01 8.248767e-04 8.000000e-04 1.488342e+05 3.177567e+01 2.282441e+01 6.916377e+01 6.091845e-01 5.968330e-01 3.455863e+00 6.490695e+01 2.398792e+02
2.000000e-01 6.615000e-02  6.013637e-02  1.000000e-01 8.468565e-04 8.000000e-04 1.488342e+05 3.177030e+01 2.281953e+01 6.915164e+01 6.943447e-01 6.385717e-01 3.642488e+00 6.841208e+01 2.528333e+02
2.000000e-01 6.615000e-02  6.013637e-02  1.000000e-01 8.694220e-04 8.000000e-04 1.488342e+05 3.177089e+01 2.281878e+01 6.915196e+01 7.305780e-01 6.800802e-01 3.839191e+00 7.210649e+01 2.664868e+02
2.000000e-01 6.615000e-02  6.013637e-02  1.000000e-01 8.925887e-04 8.000000e-04 1.488342e+05 3.176899e+01 2.281244e+01 6.914700e+01 7.667623e-01 6.883234e-01 4.046516e+00 7.600041e+01 2.808777e+02
2.000000e-01 6.615000e-02  6.013637e-02  1.000000e-01 9.163728e-04 8.000000e-04 1.488342e+05 3.176593e+01 2.281117e+01 6.914000e+01 8.030872e-01 7.388926e-01 4.265037e+00 8.010461e+01 2.960458e+02
2.000000e-01 6.615000e-02  6.013637e-02  1.000000e-01 9.407906e-04 8.000000e-04 1.488342e+05 3.176854e+01 2.280165e+01 6.914298e+01 8.227192e-01 7.712993e-01 4.495359e+00 8.443045e+01 3.120330e+02
2.000000e-01 6.615000e-02  6.013637e-02  1.000000e-01 9.658591e-04 8.000000e-04 1.488342e+05 3.176446e+01 2.280169e+01 6.913454e+01 8.901793e-01 8.178381e-01 4.738119e+00 8.898989e+01 3.288835e+02
2.000000e-01 6.615000e-02  6.013637e-02  1.000000e-01 9.915955e-04 8.000000e-04 1.488342e+05 3.176036e+01 2.279446e+01 6.912468e+01 9.597506e-01 8.767527e-01 4.993989e+00 9.379555e+01 3.466440e+02
2.000000e-01 6.615000e-02  6.013637e-02  1.000000e-01 1.018018e-03 8.000000e-04 1.488342e+05 3.176180e+01 2.279284e+01 6.912750e+01 9.558867e-01 9.110165e-01 5.263676e+00 9.886073e+01 3.653635e+02
2.000000e-01 6.615000e-02  6.013637e-02  1.000000e-01 1.045144e-03 8.000000e-04 1.488342e+05 3.175646e+01 2.278694e+01 6.911623e+01 1.028187e+00 9.566825e-01 5.547926e+00 1.041994e+02 3.850940e+02
2.000000e-01 6.615000e-02  6.013637e-02  1.000000e-01 1.072993e-03 8.000000e-04 1.488342e+05 3.175346e+01 2.278047e+01 6.910623e+01 1.113432e+00 1.009833e+00 5.847527e+00 1.098265e+02 4.058900e+02
2.000000e-01 6.615000e-02  6.013637e-02  1.000000e-01 1.101584e-03 8.000000e-04 1.488342e+05 3.175106e+01 2.277763e+01 6.910254e+01 1.184246e+00 1.053331e+00 6.163308e+00 1.157573e+02 4.278090e+02
2.000000e-01 6.615000e-02  6.013637e-02  1.000000e-01 1.130937e-03 8.000000e-04 1.488342e+05 3.175044e+01 2.276887e+01 6.909680e+01 1.205429e+00 1.126336e+00 6.496141e+00 1.220085e+02 4.509117e+02
2.000000e-01 6.615000e-02  6.013637e-02  1.000000e-01 1.161072e-03 8.000000e-04 1.488342e+05 3.174223e+01 2.276199e+01 6.907859e+01 1.301368e+00 1.190583e+00 6.846948e+00 1.285973e+02 4.752620e+02
2.000000e-01 6.615000e-02  6.013637e-02  1.000000e-01 1.192010e-03 8.000000e-04 1.488342e+05 3.174660e+01 2.275656e+01 6.908503e+01 1.341223e+00 1.249619e+00 7.216699e+00 1.355418e+02 5.009273e+02
2.000000e-01 6.615000e-02  6.013637e-02  1.000000e-01 1.223773e-03 8.000000e-04 1.488342e+05 3.174211e+01 2.274901e+01 6.907375e+01 1.430437e+00 1.315720e+00 7.606418e+00 1.428614e+02 5.279785e+02
2.000000e-01 6.615000e-02  6.013637e-02  1.000000e-01 1.256382e-03 8.000000e-04 1.488342e+05 3.174110e+01 2.274122e+01 6.906930e+01 1.446628e+00 1.387953e+00 8.017182e+00 1.505762e+02 5.564906e+02
2.000000e-01 6.615000e-02  6.013637e-02  1.000000e-01 1.289860e-03 8.000000e-04 1.488342e+05 3.172883e+01 2.272703e+01 6.904430e+01 1.646589e+00 1.471468e+00 8.450129e+00 1.587077e+02 5.865424e+02
2.000000e-01 6.615000e-02  6.013637e-02  1.000000e-01 1.324229e-03 8.000000e-04 1.488342e+05 3.172808e+01 2.272558e+01 6.904163e+01 1.658160e+00 1.546956e+00 8.906456e+00 1.672783e+02 6.182171e+02
2.000000e-01 6.615000e-02  6.013637e-02  1.000000e-01 1.359515e-03 8.000000e-04 1.488342e+05 3.172929e+01 2.271028e+01 6.904117e+01 1.668324e+00 1.635011e+00 9.387425e+00 1.763117e+02 6.516023e+02
2.000000e-01 6.615000e-02  6.013637e-02  1.000000e-01 1.395741e-03 8.000000e-04 1.488342e+05 3.172581e+01 2.270787e+01 6.903247e+01 1.779007e+00 1.697162e+00 9.894368e+00 1.858330e+02 6.867903e+02
2.000000e-01 6.615000e-02  6.013637e-02  1.000000e-01 1.432932e-03 8.000000e-04 1.488342e+05 3.171801e+01 2.269395e+01 6.901022e+01 1.949811e+00 1.795273e+00 1.042869e+01 1.958684e+02 7.238786e+02
2.000000e-01 6.615000e-02  6.013637e-02  1.000000e-01 1.471114e-03 8.000000e-04 1.488342e+05 3.172382e+01 2.269040e+01 6.902451e+01 1.972198e+00 1.902066e+00 1.099186e+01 2.064457e+02 7.629698e+02
2.000000e-01 6.615000e-02  6.013637e-02  1.000000e-01 1.510314e-03 8.000000e-04 1.488342e+05 3.171305e+01 2.266879e+01 6.899356e+01 2.170720e+00 2.033623e+00 1.158545e+01 2.175943e+02 8.041720e+02
2.000000e-01 6.615000e-02  6.013637e-02  1.000000e-01 1.550558e-03 8.000000e-04 1.488342e+05 3.170387e+01 2.266864e+01 6.897707e+01 2.347305e+00 2.111115e+00 1.221109e+01 2.293449e+02 8.475991e+02
2.000000e-01 6.615000e-02  6.013637e-02  1.000000e-01 1.591874e-03 8.000000e-04 1.488342e+05 3.168711e+01 2.265005e+01 6.893779e+01 2.380875e+00 2.238848e+00 1.287052e+01 2.417301e+02 8.933715e+02
2.000000e-01 6.615000e-02  6.013637e-02  1.000000e-01 1.634292e-03 8.000000e-04 1.488342e+05 3.169153e+01 2.263754e+01 6.894646e+01 2.463620e+00 2.354977e+00 1.356556e+01 2.547841e+02 9.416157e+02
2.000000e-01 6.615000e-02  6.013637e-02  1.000000e-01 1.677839e-03 8.000000e-04 1.488342e+05 3.168906e+01 2.262130e+01 6.893643e+01 2.622023e+00 2.493356e+00 1.429813e+01 2.685430e+02 9.924652e+02
2.000000e-01 6.615000e-02  6.013637e-02  1.000000e-01 1.722547e-03 8.000000e-04 1.488342e+05 3.168541e+01 2.260680e+01 6.892407e+01 2.732124e+00 2.626929e+00 1.507026e+01 2.830450e+02 1.046061e+03
2.000000e-01 6.615000e-02  6.013637e-02  1.000000e-01 1.768447e-03 8.000000e-04 1.488342e+05 3.168301e+01 2.259395e+01 6.891629e+01 2.974808e+00 2.764941e+00 1.588409e+01 2.983301e+02 1.102550e+03
2.000000e-01 6.615000e-02  6.013637e-02  1.000000e-01 1.815569e-03 8.000000e-04 1.488342e+05 3.168069e+01 2.258339e+01 6.890115e+01 3.023674e+00 2.919705e+00 1.674187e+01 3.144406e+02 1.162091e+03
2.000000e-01 6.615000e-02  6.013637e-02  1.000000e-01 1.863947e-03 8.000000e-04 1.488342e+05 3.167153e+01 2.256996e+01 6.888253e+01 3.256839e+00 3.105301e+00 1.764597e+01 3.314212e+02 1.224847e+03
2.000000e-01 6.615000e-02  6.013637e-02  1.000000e-01 1.913614e-03 8.000000e-04 1.488342e+05 3.163780e+01 2.255583e+01 6.881571e+01 3.569382e+00 3.201473e+00 1.859890e+01 3.493187e+02 1.290991e+03
2.000000e-01 6.615000e-02  6.013637e-02  1.000000e-01 1.964605e-03 8.000000e-04 1.488342e+05 3.165533e+01 2.254431e+01 6.885022e+01 3.596038e+00 3.348487e+00 1.960328e+01 3.681828e+02 1.360708e+03
2.000000e-01 6.615000e-02  6.013637e-02  1.000000e-01 2.016954e-03 8.000000e-04 1.488342e+05 3.163949e+01 2.251465e+01 6.881050e+01 3.866830e+00 3.557783e+00 2.066191e+01 3.880656e+02 1.434189e+03
2.000000e-01 6.615000e-02  6.013637e-02  1.000000e-01 2.070698e-03 8.000000e-04 1.488342e+05 3.161915e+01 2.249552e+01 6.876623e+01 4.111820e+00 3.729108e+00 2.177770e+01 4.090220e+02 1.511639e+03
2.000000e-01 6.615000e-02  6.013637e-02  1.000000e-01 2.125874e-03 8.000000e-04 1.488342e+05 3.162195e+01 2.246858e+01 6.876332e+01 4.265390e+00 3.944035e+00 2.295375e+01 4.311102e+02 1.593271e+03
2.000000e-01 6.615000e-02  6.013637e-02  1.000000e-01 2.182521e-03 8.000000e-04 1.488342e+05 3.159482e+01 2.244490e+01 6.870237e+01 4.482633e+00 4.162972e+00 2.419331e+01 4.543912e+02 1.679312e+03
2.000000e-01 6.615000e-02  6.013637e-02  1.000000e-01 2.240677e-03 8.000000e-04 1.488342e+05 3.159908e+01 2.244507e+01 6.870709e+01 4.754314e+00 4.452326e+00 2.549981e+01 4.789295e+02 1.769999e+03
2.000000e-01 6.615000e-02  6.013637e-02  1.000000e-01 2.300382e-03 8.000000e-04 1.488342e+05 3.159490e+01 2.240251e+01 6.869342e+01 4.969257e+00 4.663102e+00 2.687686e+01 5.047928e+02 1.865583e+03
