8.000000e-01 3.257000e-02  2.960909e-02  1.000000e-01 2.000000e-06 8.000000e-04 1.585508e+09 3.180203e+01 2.288802e+01 6.923341e+01 1.042295e-12 1.420780e-12 4.691168e-12 9.451789e-11 3.615865e-10
8.000000e-01 3.257000e-02  2.960909e-02  1.000000e-01 2.053292e-06 8.000000e-04 1.585508e+09 3.180203e+01 2.288802e+01 6.923341e+01 1.124788e-12 1.533454e-12 4.944501e-12 9.962207e-11 3.811130e-10
8.000000e-01 3.257000e-02  2.960909e-02  1.000000e-01 2.108005e-06 8.000000e-04 1.585508e+09 3.180203e+01 2.288802e+01 6.923341e+01 1.158010e-12 1.623495e-12 5.211516e-12 1.050019e-10 4.016940e-10
8.000000e-01 3.257000e-02  2.960909e-02  1.000000e-01 2.164175e-06 8.000000e-04 1.585508e+09 3.180203e+01 2.288802e+01 6.923341e+01 1.182324e-12 1.682619e-12 5.492950e-12 1.106722e-10 4.233864e-10
8.000000e-01 3.257000e-02  2.960909e-02  1.000000e-01 2.221842e-06 8.000000e-04 1.585508e+09 3.180203e+01 2.288802e+01 6.923341e+01 1.260720e-12 1.790709e-12 5.789582e-12 1.166488e-10 4.462503e-10
8.000000e-01 3.257000e-02  2.960909e-02  1.000000e-01 2.281045e-06 8.000000e-04 1.585508e+09 3.180203e+01 2.288802e+01 6.923341e+01 1.487708e-12 1.910236e-12 6.102233e-12 1.229481e-10 4.703488e-10
8.000000e-01 3.257000e-02  2.960909e-02  1.000000e-01 2.341826e-06 8.000000e-04 1.585508e+09 3.180203e+01 2.288802e+01 6.923341e+01 1.401209e-12 1.995935e-12 6.431767e-12 1.295876e-10 4.957488e-10
8.000000e-01 3.257000e-02  2.960909e-02  1.000000e-01 2.404227e-06 8.000000e-04 1.585508e+09 3.180203e+01 2.288802e+01 6.923341e+01 1.502617e-12 2.088252e-12 6.779098e-12 1.365856e-10 5.225203e-10
8.000000e-01 3.257000e-02  2.960909e-02  1.000000e-01 2.468290e-06 8.000000e-04 1.585508e+09 3.180203e+01 2.288802e+01 6.923341e+01 1.619937e-12 2.201721e-12 7.145185e-12 1.439616e-10 5.507376e-10
8.000000e-01 3.257000e-02  2.960909e-02  1.000000e-01 2.534061e-06 8.000000e-04 1.585508e+09 3.180203e+01 2.288802e+01 6.923341e+01 1.621536e-12 2.310307e-12 7.531041e-12 1.517358e-10 5.804787e-10
8.000000e-01 3.257000e-02  2.960909e-02  1.000000e-01 2.601584e-06 8.000000e-04 1.585508e+09 3.180203e+01 2.288802e+01 6.923341e+01 1.823509e-12 2.482854e-12 7.937735e-12 1.599299e-10 6.118259e-10
8.000000e-01 3.257000e-02  2.960909e-02  1.000000e-01 2.670906e-06 8.000000e-04 1.585508e+09 3.180203e+01 2.288802e+01 6.923341e+01 1.943596e-12 2.601362e-12 8.366391e-12 1.685665e-10 6.448660e-10
8.000000e-01 3.257000e-02  2.960909e-02  1.000000e-01 2.742075e-06 8.000000e-04 1.585508e+09 3.180203e+01 2.288802e+01 6.923341e+01 2.040753e-12 2.715128e-12 8.818195e-12 1.776695e-10 6.796902e-10
8.000000e-01 3.257000e-02  2.960909e-02  1.000000e-01 2.815141e-06 8.000000e-04 1.585508e+09 3.180203e+01 2.288802e+01 6.923341e+01 2.081728e-12 2.890604e-12 9.294398e-12 1.872640e-10 7.163950e-10
8.000000e-01 3.257000e-02  2.960909e-02  1.000000e-01 2.890154e-06 8.000000e-04 1.585508e+09 3.180203e+01 2.288802e+01 6.923341e+01 2.095089e-12 3.031065e-12 9.796317e-12 1.973767e-10 7.550820e-10
8.000000e-01 3.257000e-02  2.960909e-02  1.000000e-01 2.967165e-06 8.000000e-04 1.585508e+09 3.180203e+01 2.288802e+01 6.923341e+01 2.214249e-12 3.198793e-12 1.032534e-11 2.080355e-10 7.958582e-10
8.000000e-01 3.257000e-02  2.960909e-02  1.000000e-01 3.046229e-06 8.000000e-04 1.585508e+09 3.180203e+01 2.288802e+01 6.923341e+01 2.528203e-12 3.375251e-12 1.088293e-11 2.192699e-10 8.388364e-10
8.000000e-01 3.257000e-02  2.960909e-02  1.000000e-01 3.127399e-06 8.000000e-04 1.585508e+09 3.180203e+01 2.288802e+01 6.923341e+01 2.501041e-12 3.553315e-12 1.147064e-11 2.311110e-10 8.841355e-10
8.000000e-01 3.257000e-02  2.960909e-02  1.000000e-01 3.210732e-06 8.000000e-04 1.585508e+09 3.180203e+01 2.288802e+01 6.923341e+01 2.597119e-12 3.767555e-12 1.209008e-11 2.435915e-10 9.318809e-10
8.000000e-01 3.257000e-02  2.960909e-02  1.000000e-01 3.296286e-06 8.000000e-04 1.585508e+09 3.180203e+01 2.288802e+01 6.923341e+01 2.786092e-12 3.929386e-12 1.274297e-11 2.567460e-10 9.822046e-10
8.000000e-01 3.257000e-02  2.960909e-02  1.000000e-01 3.384119e-06 8.000000e-04 1.585508e+09 3.180203e+01 2.288802e+01 6.923341e+01 2.940663e-12 4.152895e-12 1.343112e-11 2.706109e-10 1.035246e-09
8.000000e-01 3.257000e-02  2.960909e-02  1.000000e-01 3.474293e-06 8.000000e-04 1.585508e+09 3.180203e+01 2.288802e+01 6.923341e+01 3.172544e-12 4.340128e-12 1.415643e-11 2.852245e-10 1.091152e-09
8.000000e-01 3.257000e-02  2.960909e-02  1.000000e-01 3.566869e-06 8.000000e-04 1.585508e+09 3.180203e+01 2.288802e+01 6.923341e+01 3.275801e-12 4.608458e-12 1.492091e-11 3.006273e-10 1.150076e-09
8.000000e-01 3.257000e-02  2.960909e-02  1.000000e-01 3.661913e-06 8.000000e-04 1.585508e+09 3.180203e+01 2.288802e+01 6.923341e+01 3.534247e-12 4.864216e-12 1.572667e-11 3.168619e-10 1.212183e-09
8.000000e-01 3.257000e-02  2.960909e-02  1.000000e-01 3.759488e-06 8.000000e-04 1.585508e+09 3.180203e+01 2.288802e+01 6.923341e+01 3.758845e-12 5.098543e-12 1.657595e-11 3.339731e-10 1.277644e-09
8.000000e-01 3.257000e-02  2.960909e-02  1.000000e-01 3.859664e-06 8.000000e-04 1.585508e+09 3.180203e+01 2.288802e+01 6.923341e+01 3.802754e-12 5.374694e-12 1.747109e-11 3.520085e-10 1.346639e-09
8.000000e-01 3.257000e-02  2.960909e-02  1.000000e-01 3.962510e-06 8.000000e-04 1.585508e+09 3.180203e+01 2.288802e+01 6.923341e+01 4.087038e-12 5.660117e-12 1.841457e-11 3.710177e-10 1.419361e-09
8.000000e-01 3.257000e-02  2.960909e-02  1.000000e-01 4.068095e-06 8.000000e-04 1.585508e+09 3.180203e+01 2.288802e+01 6.923341e+01 4.374808e-12 5.999630e-12 1.940900e-11 3.910535e-10 1.496010e-09
8.000000e-01 3.257000e-02  2.960909e-02  1.000000e-01 4.176494e-06 8.000000e-04 1.585508e+09 3.180203e+01 2.288802e+01 6.923341e+01 4.441296e-12 6.260836e-12 2.045713e-11 4.121713e-10 1.576798e-09
8.000000e-01 3.257000e-02  2.960909e-02  1.000000e-01 4.287782e-06 8.000000e-04 1.585508e+09 3.180203e+01 2.288802e+01 6.923341e+01 4.918977e-12 6.624774e-12 2.156186e-11 4.344295e-10 1.661949e-09
8.000000e-01 3.257000e-02  2.960909e-02  1.000000e-01 4.402035e-06 8.000000e-04 1.585508e+09 3.180203e+01 2.288802e+01 6.923341e+01 4.815268e-12 7.027098e-12 2.272625e-11 4.578897e-10 1.751698e-09
8.000000e-01 3.257000e-02  2.960909e-02  1.000000e-01 4.519332e-06 8.000000e-04 1.585508e+09 3.180203e+01 2.288802e+01 6.923341e+01 5.395326e-12 7.395323e-12 2.395352e-11 4.826168e-10 1.846293e-09
8.000000e-01 3.257000e-02  2.960909e-02  1.000000e-01 4.639755e-06 8.000000e-04 1.585508e+09 3.180203e+01 2.288802e+01 6.923341e+01 5.583634e-12 7.841083e-12 2.524707e-11 5.086793e-10 1.945997e-09
8.000000e-01 3.257000e-02  2.960909e-02  1.000000e-01 4.763386e-06 8.000000e-04 1.585508e+09 3.180203e+01 2.288802e+01 6.923341e+01 6.219505e-12 8.226312e-12 2.661047e-11 5.361491e-10 2.051086e-09
8.000000e-01 3.257000e-02  2.960909e-02  1.000000e-01 4.890312e-06 8.000000e-04 1.585508e+09 3.180203e+01 2.288802e+01 6.923341e+01 6.243305e-12 8.770902e-12 2.804750e-11 5.651024e-10 2.161849e-09
8.000000e-01 3.257000e-02  2.960909e-02  1.000000e-01 5.020620e-06 8.000000e-04 1.585508e+09 3.180203e+01 2.288802e+01 6.923341e+01 6.398948e-12 9.119341e-12 2.956213e-11 5.956193e-10 2.278594e-09
8.000000e-01 3.257000e-02  2.960909e-02  1.000000e-01 5.154400e-06 8.000000e-04 1.585508e+09 3.180203e+01 2.288802e+01 6.923341e+01 7.267269e-12 9.495356e-12 3.115855e-11 6.277841e-10 2.401643e-09
8.000000e-01 3.257000e-02  2.960909e-02  1.000000e-01 5.291745e-06 8.000000e-04 1.585508e+09 3.180203e+01 2.288802e+01 6.923341e+01 7.089631e-12 1.011333e-11 3.284118e-11 6.616859e-10 2.531338e-09
8.000000e-01 3.257000e-02  2.960909e-02  1.000000e-01 5.432750e-06 8.000000e-04 1.585508e+09 3.180203e+01 2.288802e+01 6.923341e+01 7.454149e-12 1.071808e-11 3.461468e-11 6.974184e-10 2.668036e-09
8.000000e-01 3.257000e-02  2.960909e-02  1.000000e-01 5.577512e-06 8.000000e-04 1.585508e+09 3.180203e+01 2.288802e+01 6.923341e+01 7.832646e-12 1.128918e-11 3.648395e-11 7.350806e-10 2.812116e-09
8.000000e-01 3.257000e-02  2.960909e-02  1.000000e-01 5.726131e-06 8.000000e-04 1.585508e+09 3.180203e+01 2.288802e+01 6.923341e+01 8.503411e-12 1.186806e-11 3.845417e-11 7.747767e-10 2.963977e-09
8.000000e-01 3.257000e-02  2.960909e-02  1.000000e-01 5.878710e-06 8.000000e-04 1.585508e+09 3.180203e+01 2.288802e+01 6.923341e+01 8.782803e-12 1.244271e-11 4.053079e-11 8.166164e-10 3.124038e-09
8.000000e-01 3.257000e-02  2.960909e-02  1.000000e-01 6.035355e-06 8.000000e-04 1.585508e+09 3.180203e+01 2.288802e+01 6.923341e+01 9.188974e-12 1.312845e-11 4.271954e-11 8.607156e-10 3.292744e-09
8.000000e-01 3.257000e-02  2.960909e-02  1.000000e-01 6.196174e-06 8.000000e-04 1.585508e+09 3.180203e+01 2.288802e+01 6.923341e+01 9.820649e-12 1.375774e-11 4.502650e-11 9.071962e-10 3.470559e-09
8.000000e-01 3.257000e-02  2.960909e-02  1.000000e-01 6.361278e-06 8.000000e-04 1.585508e+09 3.180203e+01 2.288802e+01 6.923341e+01 9.983600e-12 1.465350e-11 4.745803e-11 9.561869e-10 3.657978e-09
8.000000e-01 3.257000e-02  2.960909e-02  1.000000e-01 6.530782e-06 8.000000e-04 1.585508e+09 3.180203e+01 2.288802e+01 6.923341e+01 1.066771e-11 1.552885e-11 5.002088e-11 1.007823e-09 3.855517e-09
8.000000e-01 3.257000e-02  2.960909e-02  1.000000e-01 6.704802e-06 8.000000e-04 1.585508e+09 3.180203e+01 2.288802e+01 6.923341e+01 1.174637e-11 1.636656e-11 5.272212e-11 1.062248e-09 4.063724e-09
8.000000e-01 3.257000e-02  2.960909e-02  1.000000e-01 6.883459e-06 8.000000e-04 1.585508e+09 3.180203e+01 2.288802e+01 6.923341e+01 1.257220e-11 1.720615e-11 5.556923e-11 1.119612e-09 4.283174e-09
8.000000e-01 3.257000e-02  2.960909e-02  1.000000e-01 7.066877e-06 8.000000e-04 1.585508e+09 3.180203e+01 2.288802e+01 6.923341e+01 1.278472e-11 1.833072e-11 5.857010e-11 1.180073e-09 4.514475e-09
8.000000e-01 3.257000e-02  2.960909e-02  1.000000e-01 7.255182e-06 8.000000e-04 1.585508e+09 3.180203e+01 2.288802e+01 6.923341e+01 1.333682e-11 1.916951e-11 6.173302e-11 1.243800e-09 4.758267e-09
8.000000e-01 3.257000e-02  2.960909e-02  1.000000e-01 7.448504e-06 8.000000e-04 1.585508e+09 3.180203e+01 2.288802e+01 6.923341e+01 1.448983e-11 2.016637e-11 6.506675e-11 1.310968e-09 5.015225e-09
8.000000e-01 3.257000e-02  2.960909e-02  1.000000e-01 7.646978e-06 8.000000e-04 1.585508e+09 3.180203e+01 2.288802e+01 6.923341e+01 1.495123e-11 2.151455e-11 6.858050e-11 1.381764e-09 5.286059e-09
8.000000e-01 3.257000e-02  2.960909e-02  1.000000e-01 7.850741e-06 8.000000e-04 1.585508e+09 3.180203e+01 2.288802e+01 6.923341e+01 1.580116e-11 2.256369e-11 7.228401e-11 1.456382e-09 5.571518e-09
8.000000e-01 3.257000e-02  2.960909e-02  1.000000e-01 8.059933e-06 8.000000e-04 1.585508e+09 3.180203e+01 2.288802e+01 6.923341e+01 1.697407e-11 2.351642e-11 7.618751e-11 1.535030e-09 5.872393e-09
8.000000e-01 3.257000e-02  2.960909e-02  1.000000e-01 8.274699e-06 8.000000e-04 1.585508e+09 3.180203e+01 2.288802e+01 6.923341e+01 1.795429e-11 2.473464e-11 8.030181e-11 1.617925e-09 6.189516e-09
8.000000e-01 3.257000e-02  2.960909e-02  1.000000e-01 8.495188e-06 8.000000e-04 1.585508e+09 3.180203e+01 2.288802e+01 6.923341e+01 1.875431e-11 2.604115e-11 8.463830e-11 1.705297e-09 6.523764e-09
8.000000e-01 3.257000e-02  2.960909e-02  1.000000e-01 8.721552e-06 8.000000e-04 1.585508e+09 3.180203e+01 2.288802e+01 6.923341e+01 1.980840e-11 2.756498e-11 8.920896e-11 1.797387e-09 6.876062e-09
8.000000e-01 3.257000e-02  2.960909e-02  1.000000e-01 8.953948e-06 8.000000e-04 1.585508e+09 3.180203e+01 2.288802e+01 6.923341e+01 2.033405e-11 2.939946e-11 9.402645e-11 1.894450e-09 7.247385e-09
8.000000e-01 3.257000e-02  2.960909e-02  1.000000e-01 9.192536e-06 8.000000e-04 1.585508e+09 3.180203e+01 2.288802e+01 6.923341e+01 2.186787e-11 3.068754e-11 9.910410e-11 1.996755e-09 7.638761e-09
8.000000e-01 3.257000e-02  2.960909e-02  1.000000e-01 9.437481e-06 8.000000e-04 1.585508e+09 3.180203e+01 2.288802e+01 6.923341e+01 2.392315e-11 3.233921e-11 1.044559e-10 2.104584e-09 8.051272e-09
8.000000e-01 3.257000e-02  2.960909e-02  1.000000e-01 9.688954e-06 8.000000e-04 1.585508e+09 3.180203e+01 2.288802e+01 6.923341e+01 2.505372e-11 3.400267e-11 1.100968e-10 2.218236e-09 8.486059e-09
8.000000e-01 3.257000e-02  2.960909e-02  1.000000e-01 9.947127e-06 8.000000e-04 1.585508e+09 3.180203e+01 2.288802e+01 6.923341e+01 2.541664e-11 3.598281e-11 1.160423e-10 2.338026e-09 8.944326e-09
8.000000e-01 3.257000e-02  2.960909e-02  1.000000e-01 1.021218e-05 8.000000e-04 1.585508e+09 3.180203e+01 2.288802e+01 6.923341e+01 2.598821e-11 3.788845e-11 1.223088e-10 2.464285e-09 9.427340e-09
8.000000e-01 3.257000e-02  2.960909e-02  1.000000e-01 1.048430e-05 8.000000e-04 1.585508e+09 3.180203e+01 2.288802e+01 6.923341e+01 2.835141e-11 3.974232e-11 1.289138e-10 2.597362e-09 9.936438e-09
8.000000e-01 3.257000e-02  2.960909e-02  1.000000e-01 1.076366e-05 8.000000e-04 1.585508e+09 3.180203e+01 2.288802e+01 6.923341e+01 2.995777e-11 4.210010e-11 1.358754e-10 2.737626e-09 1.047303e-08
8.000000e-01 3.257000e-02  2.960909e-02  1.000000e-01 1.105047e-05 8.000000e-04 1.585508e+09 3.180203e+01 2.288802e+01 6.923341e+01 3.326505e-11 4.483144e-11 1.432130e-10 2.885464e-09 1.103860e-08
8.000000e-01 3.257000e-02  2.960909e-02  1.000000e-01 1.134492e-05 8.000000e-04 1.585508e+09 3.180203e+01 2.288802e+01 6.923341e+01 3.496072e-11 4.652289e-11 1.509469e-10 3.041285e-09 1.163471e-08
8.000000e-01 3.257000e-02  2.960909e-02  1.000000e-01 1.164722e-05 8.000000e-04 1.585508e+09 3.180203e+01 2.288802e+01 6.923341e+01 3.510043e-11 4.915725e-11 1.590984e-10 3.205522e-09 1.226301e-08
8.000000e-01 3.257000e-02  2.960909e-02  1.000000e-01 1.195758e-05 8.000000e-04 1.585508e+09 3.180203e+01 2.288802e+01 6.923341e+01 3.838889e-11 5.158779e-11 1.676900e-10 3.378627e-09 1.292524e-08
8.000000e-01 3.257000e-02  2.960909e-02  1.000000e-01 1.227620e-05 8.000000e-04 1.585508e+09 3.180203e+01 2.288802e+01 6.923341e+01 3.685464e-11 5.477564e-11 1.767457e-10 3.561081e-09 1.362323e-08
8.000000e-01 3.257000e-02  2.960909e-02  1.000000e-01 1.260331e-05 8.000000e-04 1.585508e+09 3.180203e+01 2.288802e+01 6.923341e+01 4.134569e-11 5.809183e-11 1.862904e-10 3.753388e-09 1.435892e-08
8.000000e-01 3.257000e-02  2.960909e-02  1.000000e-01 1.293914e-05 8.000000e-04 1.585508e+09 3.180203e+01 2.288802e+01 6.923341e+01 4.165289e-11 6.084675e-11 1.963505e-10 3.956079e-09 1.513433e-08
8.000000e-01 3.257000e-02  2.960909e-02  1.000000e-01 1.328392e-05 8.000000e-04 1.585508e+09 3.180203e+01 2.288802e+01 6.923341e+01 4.591198e-11 6.356045e-11 2.069538e-10 4.169717e-09 1.595162e-08
8.000000e-01 3.257000e-02  2.960909e-02  1.000000e-01 1.363789e-05 8.000000e-04 1.585508e+09 3.180203e+01 2.288802e+01 6.923341e+01 4.932915e-11 6.731040e-11 2.181298e-10 4.394891e-09 1.681304e-08
8.000000e-01 3.257000e-02  2.960909e-02  1.000000e-01 1.400128e-05 8.000000e-04 1.585508e+09 3.180203e+01 2.288802e+01 6.923341e+01 5.099957e-11 7.029665e-11 2.299093e-10 4.632225e-09 1.772099e-08
8.000000e-01 3.257000e-02  2.960909e-02  1.000000e-01 1.437436e-05 8.000000e-04 1.585508e+09 3.180203e+01 2.288802e+01 6.923341e+01 5.194354e-11 7.483894e-11 2.423250e-10 4.882376e-09 1.867796e-08
8.000000e-01 3.257000e-02  2.960909e-02  1.000000e-01 1.475738e-05 8.000000e-04 1.585508e+09 3.180203e+01 2.288802e+01 6.923341e+01 5.510178e-11 7.858863e-11 2.554111e-10 5.146036e-09 1.968662e-08
8.000000e-01 3.257000e-02  2.960909e-02  1.000000e-01 1.515061e-05 8.000000e-04 1.585508e+09 3.180203e+01 2.288802e+01 6.923341e+01 5.924409e-11 8.234505e-11 2.692039e-10 5.423934e-09 2.074974e-08
8.000000e-01 3.257000e-02  2.960909e-02  1.000000e-01 1.555432e-05 8.000000e-04 1.585508e+09 3.180203e+01 2.288802e+01 6.923341e+01 6.066333e-11 8.660410e-11 2.837415e-10 5.716839e-09 2.187027e-08
8.000000e-01 3.257000e-02  2.960909e-02  1.000000e-01 1.596878e-05 8.000000e-04 1.585508e+09 3.180203e+01 2.288802e+01 6.923341e+01 6.433100e-11 9.217394e-11 2.990642e-10 6.025561e-09 2.305132e-08
8.000000e-01 3.257000e-02  2.960909e-02  1.000000e-01 1.639429e-05 8.000000e-04 1.585508e+09 3.180203e+01 2.288802e+01 6.923341e+01 7.050397e-11 9.761924e-11 3.152144e-10 6.350955e-09 2.429614e-08
8.000000e-01 3.257000e-02  2.960909e-02  1.000000e-01 1.683113e-05 8.000000e-04 1.585508e+09 3.180203e+01 2.288802e+01 6.923341e+01 7.624686e-11 1.022167e-10 3.322367e-10 6.693922e-09 2.560819e-08
8.000000e-01 3.257000e-02  2.960909e-02  1.000000e-01 1.727962e-05 8.000000e-04 1.585508e+09 3.180203e+01 2.288802e+01 6.923341e+01 8.053060e-11 1.086138e-10 3.501782e-10 7.055409e-09 2.699109e-08
8.000000e-01 3.257000e-02  2.960909e-02  1.000000e-01 1.774005e-05 8.000000e-04 1.585508e+09 3.180203e+01 2.288802e+01 6.923341e+01 8.360775e-11 1.137445e-10 3.690886e-10 7.436417e-09 2.844867e-08
8.000000e-01 3.257000e-02  2.960909e-02  1.000000e-01 1.821276e-05 8.000000e-04 1.585508e+09 3.180203e+01 2.288802e+01 6.923341e+01 8.942911e-11 1.194107e-10 3.890203e-10 7.838001e-09 2.998497e-08
8.000000e-01 3.257000e-02  2.960909e-02  1.000000e-01 1.869805e-05 8.000000e-04 1.585508e+09 3.180203e+01 2.288802e+01 6.923341e+01 9.083572e-11 1.254589e-10 4.100283e-10 8.261271e-09 3.160422e-08
8.000000e-01 3.257000e-02  2.960909e-02  1.000000e-01 1.919629e-05 8.000000e-04 1.585508e+09 3.180203e+01 2.288802e+01 6.923341e+01 9.753928e-11 1.341893e-10 4.321708e-10 8.707399e-09 3.331092e-08
8.000000e-01 3.257000e-02  2.960909e-02  1.000000e-01 1.970779e-05 8.000000e-04 1.585508e+09 3.180203e+01 2.288802e+01 6.923341e+01 1.001678e-10 1.405838e-10 4.555090e-10 9.177619e-09 3.510979e-08
8.000000e-01 3.257000e-02  2.960909e-02  1.000000e-01 2.023293e-05 8.000000e-04 1.585508e+09 3.180203e+01 2.288802e+01 6.923341e+01 1.013287e-10 1.508328e-10 4.801075e-10 9.673231e-09 3.700580e-08
8.000000e-01 3.257000e-02  2.960909e-02  1.000000e-01 2.077206e-05 8.000000e-04 1.585508e+09 3.180203e+01 2.288802e+01 6.923341e+01 1.070573e-10 1.545657e-10 5.060344e-10 1.019561e-08 3.900420e-08
8.000000e-01 3.257000e-02  2.960909e-02  1.000000e-01 2.132555e-05 8.000000e-04 1.585508e+09 3.180203e+01 2.288802e+01 6.923341e+01 1.179502e-10 1.656944e-10 5.333615e-10 1.074619e-08 4.111052e-08
8.000000e-01 3.257000e-02  2.960909e-02  1.000000e-01 2.189380e-05 8.000000e-04 1.585508e+09 3.180203e+01 2.288802e+01 6.923341e+01 1.166107e-10 1.728823e-10 5.621642e-10 1.132651e-08 4.333058e-08
8.000000e-01 3.257000e-02  2.960909e-02  1.000000e-01 2.247718e-05 8.000000e-04 1.585508e+09 3.180203e+01 2.288802e+01 6.923341e+01 1.252307e-10 1.821810e-10 5.925224e-10 1.193817e-08 4.567053e-08
8.000000e-01 3.257000e-02  2.960909e-02  1.000000e-01 2.307611e-05 8.000000e-04 1.585508e+09 3.180203e+01 2.288802e+01 6.923341e+01 1.432709e-10 1.931465e-10 6.245200e-10 1.258286e-08 4.813685e-08
8.000000e-01 3.257000e-02  2.960909e-02  1.000000e-01 2.369100e-05 8.000000e-04 1.585508e+09 3.180203e+01 2.288802e+01 6.923341e+01 1.483933e-10 2.020360e-10 6.582455e-10 1.326236e-08 5.073635e-08
8.000000e-01 3.257000e-02  2.960909e-02  1.000000e-01 2.432228e-05 8.000000e-04 1.585508e+09 3.180203e+01 2.288802e+01 6.923341e+01 1.521872e-10 2.123870e-10 6.937923e-10 1.397856e-08 5.347623e-08
8.000000e-01 3.257000e-02  2.960909e-02  1.000000e-01 2.497037e-05 8.000000e-04 1.585508e+09 3.180203e+01 2.288802e+01 6.923341e+01 1.679611e-10 2.245999e-10 7.312586e-10 1.473344e-08 5.636407e-08
8.000000e-01 3.257000e-02  2.960909e-02  1.000000e-01 2.563574e-05 8.000000e-04 1.585508e+09 3.180203e+01 2.288802e+01 6.923341e+01 1.710467e-10 2.384260e-10 7.707483e-10 1.552908e-08 5.940786e-08
8.000000e-01 3.257000e-02  2.960909e-02  1.000000e-01 2.631883e-05 8.000000e-04 1.585508e+09 3.180203e+01 2.288802e+01 6.923341e+01 1.796468e-10 2.485423e-10 8.123705e-10 1.636768e-08 6.261602e-08
8.000000e-01 3.257000e-02  2.960909e-02  1.000000e-01 2.702013e-05 8.000000e-04 1.585508e+09 3.180203e+01 2.288802e+01 6.923341e+01 1.887915e-10 2.626888e-10 8.562404e-10 1.725158e-08 6.599743e-08
8.000000e-01 3.257000e-02  2.960909e-02  1.000000e-01 2.774011e-05 8.000000e-04 1.585508e+09 3.180203e+01 2.288802e+01 6.923341e+01 1.909024e-10 2.792222e-10 9.024793e-10 1.818320e-08 6.956144e-08
8.000000e-01 3.257000e-02  2.960909e-02  1.000000e-01 2.847928e-05 8.000000e-04 1.585508e+09 3.180203e+01 2.288802e+01 6.923341e+01 2.163421e-10 2.938098e-10 9.512153e-10 1.916514e-08 7.331792e-08
8.000000e-01 3.257000e-02  2.960909e-02  1.000000e-01 2.923814e-05 8.000000e-04 1.585508e+09 3.180203e+01 2.288802e+01 6.923341e+01 2.258645e-10 3.094612e-10 1.002583e-09 2.020010e-08 7.727726e-08
8.000000e-01 3.257000e-02  2.960909e-02  1.000000e-01 3.001722e-05 8.000000e-04 1.585508e+09 3.180203e+01 2.288802e+01 6.923341e+01 2.366989e-10 3.234491e-10 1.056725e-09 2.129095e-08 8.145041e-08
8.000000e-01 3.257000e-02  2.960909e-02  1.000000e-01 3.081707e-05 8.000000e-04 1.585508e+09 3.180203e+01 2.288802e+01 6.923341e+01 2.416942e-10 3.443525e-10 1.113791e-09 2.244071e-08 8.584892e-08
8.000000e-01 3.257000e-02  2.960909e-02  1.000000e-01 3.163822e-05 8.000000e-04 1.585508e+09 3.180203e+01 2.288802e+01 6.923341e+01 2.582952e-10 3.620331e-10 1.173938e-09 2.365256e-08 9.048496e-08
8.000000e-01 3.257000e-02  2.960909e-02  1.000000e-01 3.248126e-05 8.000000e-04 1.585508e+09 3.180203e+01 2.288802e+01 6.923341e+01 2.775700e-10 3.822311e-10 1.237333e-09 2.492985e-08 9.537135e-08
8.000000e-01 3.257000e-02  2.960909e-02  1.000000e-01 3.334676e-05 8.000000e-04 1.585508e+09 3.180203e+01 2.288802e+01 6.923341e+01 3.009052e-10 4.060238e-10 1.304152e-09 2.627612e-08 1.005216e-07
8.000000e-01 3.257000e-02  2.960909e-02  1.000000e-01 3.423532e-05 8.000000e-04 1.585508e+09 3.180203e+01 2.288802e+01 6.923341e+01 2.983234e-10 4.255554e-10 1.374579e-09 2.769509e-08 1.059500e-07
8.000000e-01 3.257000e-02  2.960909e-02  1.000000e-01 3.514756e-05 8.000000e-04 1.585508e+09 3.180203e+01 2.288802e+01 6.923341e+01 3.236824e-10 4.474052e-10 1.448810e-09 2.919069e-08 1.116716e-07
8.000000e-01 3.257000e-02  2.960909e-02  1.000000e-01 3.608411e-05 8.000000e-04 1.585508e+09 3.180203e+01 2.288802e+01 6.923341e+01 3.302440e-10 4.742390e-10 1.527049e-09 3.076706e-08 1.177021e-07
8.000000e-01 3.257000e-02  2.960909e-02  1.000000e-01 3.704561e-05 8.000000e-04 1.585508e+09 3.180203e+01 2.288802e+01 6.923341e+01 3.651448e-10 4.977393e-10 1.609513e-09 3.242855e-08 1.240583e-07
8.000000e-01 3.257000e-02  2.960909e-02  1.000000e-01 3.803273e-05 8.000000e-04 1.585508e+09 3.180203e+01 2.288802e+01 6.923341e+01 3.865530e-10 5.262965e-10 1.696430e-09 3.417977e-08 1.307577e-07
8.000000e-01 3.257000e-02  2.960909e-02  1.000000e-01 3.904616e-05 8.000000e-04 1.585508e+09 3.180203e+01 2.288802e+01 6.923341e+01 3.793450e-10 5.483638e-10 1.788041e-09 3.602555e-08 1.378189e-07
8.000000e-01 3.257000e-02  2.960909e-02  1.000000e-01 4.008659e-05 8.000000e-04 1.585508e+09 3.180203e+01 2.288802e+01 6.923341e+01 4.127997e-10 5.832723e-10 1.884600e-09 3.797102e-08 1.452615e-07
8.000000e-01 3.257000e-02  2.960909e-02  1.000000e-01 4.115474e-05 8.000000e-04 1.585508e+09 3.180203e+01 2.288802e+01 6.923341e+01 4.233891e-10 6.150023e-10 1.986373e-09 4.002154e-08 1.531059e-07
8.000000e-01 3.257000e-02  2.960909e-02  1.000000e-01 4.225136e-05 8.000000e-04 1.585508e+09 3.180203e+01 2.288802e+01 6.923341e+01 4.727485e-10 6.419842e-10 2.093641e-09 4.218279e-08 1.613740e-07
8.000000e-01 3.257000e-02  2.960909e-02  1.000000e-01 4.337719e-05 8.000000e-04 1.585508e+09 3.180203e+01 2.288802e+01 6.923341e+01 5.036527e-10 6.764342e-10 2.206703e-09 4.446076e-08 1.700886e-07
8.000000e-01 3.257000e-02  2.960909e-02  1.000000e-01 4.453303e-05 8.000000e-04 1.585508e+09 3.180203e+01 2.288802e+01 6.923341e+01 5.263891e-10 7.255761e-10 2.325870e-09 4.686175e-08 1.792738e-07
8.000000e-01 3.257000e-02  2.960909e-02  1.000000e-01 4.571966e-05 8.000000e-04 1.585508e+09 3.180203e+01 2.288802e+01 6.923341e+01 5.310321e-10 7.617880e-10 2.451472e-09 4.939239e-08 1.889549e-07
8.000000e-01 3.257000e-02  2.960909e-02  1.000000e-01 4.693791e-05 8.000000e-04 1.585508e+09 3.180203e+01 2.288802e+01 6.923341e+01 5.749893e-10 7.881722e-10 2.583857e-09 5.205969e-08 1.991590e-07
8.000000e-01 3.257000e-02  2.960909e-02  1.000000e-01 4.818863e-05 8.000000e-04 1.585508e+09 3.180203e+01 2.288802e+01 6.923341e+01 5.867272e-10 8.403343e-10 2.723392e-09 5.487104e-08 2.099140e-07
8.000000e-01 3.257000e-02  2.960909e-02  1.000000e-01 4.947267e-05 8.000000e-04 1.585508e+09 3.180203e+01 2.288802e+01 6.923341e+01 6.284274e-10 8.793313e-10 2.870461e-09 5.783420e-08 2.212498e-07
8.000000e-01 3.257000e-02  2.960909e-02  1.000000e-01 5.079093e-05 8.000000e-04 1.585508e+09 3.180203e+01 2.288802e+01 6.923341e+01 6.982794e-10 9.296989e-10 3.025473e-09 6.095738e-08 2.331978e-07
8.000000e-01 3.257000e-02  2.960909e-02  1.000000e-01 5.214431e-05 8.000000e-04 1.585508e+09 3.180203e+01 2.288802e+01 6.923341e+01 7.063725e-10 9.786682e-10 3.188855e-09 6.424922e-08 2.457911e-07
8.000000e-01 3.257000e-02  2.960909e-02  1.000000e-01 5.353375e-05 8.000000e-04 1.585508e+09 3.180203e+01 2.288802e+01 6.923341e+01 7.666385e-10 1.039625e-09 3.361061e-09 6.771882e-08 2.590643e-07
8.000000e-01 3.257000e-02  2.960909e-02  1.000000e-01 5.496022e-05 8.000000e-04 1.585508e+09 3.180203e+01 2.288802e+01 6.923341e+01 8.151809e-10 1.096495e-09 3.542566e-09 7.137580e-08 2.730544e-07
8.000000e-01 3.257000e-02  2.960909e-02  1.000000e-01 5.642470e-05 8.000000e-04 1.585508e+09 3.180203e+01 2.288802e+01 6.923341e+01 8.388098e-10 1.165383e-09 3.733872e-09 7.523026e-08 2.878000e-07
8.000000e-01 3.257000e-02  2.960909e-02  1.000000e-01 5.792820e-05 8.000000e-04 1.585508e+09 3.180203e+01 2.288802e+01 6.923341e+01 9.266684e-10 1.211205e-09 3.935510e-09 7.929286e-08 3.033419e-07
8.000000e-01 3.257000e-02  2.960909e-02  1.000000e-01 5.947176e-05 8.000000e-04 1.585508e+09 3.180203e+01 2.288802e+01 6.923341e+01 9.388850e-10 1.295693e-09 4.148037e-09 8.357486e-08 3.197230e-07
8.000000e-01 3.257000e-02  2.960909e-02  1.000000e-01 6.105646e-05 8.000000e-04 1.585508e+09 3.180203e+01 2.288802e+01 6.923341e+01 9.378302e-10 1.357264e-09 4.372040e-09 8.808810e-08 3.369888e-07
8.000000e-01 3.257000e-02  2.960909e-02  1.000000e-01 6.268338e-05 8.000000e-04 1.585508e+09 3.180203e+01 2.288802e+01 6.923341e+01 1.013885e-09 1.419695e-09 4.608141e-09 9.284506e-08 3.551870e-07
8.000000e-01 3.257000e-02  2.960909e-02  1.000000e-01 6.435365e-05 8.000000e-04 1.585508e+09 3.180203e+01 2.288802e+01 6.923341e+01 1.049659e-09 1.487832e-09 4.856991e-09 9.785891e-08 3.743679e-07
8.000000e-01 3.257000e-02  2.960909e-02  1.000000e-01 6.606842e-05 8.000000e-04 1.585508e+09 3.180203e+01 2.288802e+01 6.923341e+01 1.171623e-09 1.595528e-09 5.119280e-09 1.031435e-07 3.945846e-07
8.000000e-01 3.257000e-02  2.960909e-02  1.000000e-01 6.782889e-05 8.000000e-04 1.585508e+09 3.180203e+01 2.288802e+01 6.923341e+01 1.159530e-09 1.682557e-09 5.395732e-09 1.087135e-07 4.158931e-07
8.000000e-01 3.257000e-02  2.960909e-02  1.000000e-01 6.963627e-05 8.000000e-04 1.585508e+09 3.180203e+01 2.288802e+01 6.923341e+01 1.271525e-09 1.757950e-09 5.687115e-09 1.145843e-07 4.383523e-07
8.000000e-01 3.257000e-02  2.960909e-02  1.000000e-01 7.149181e-05 8.000000e-04 1.585508e+09 3.180203e+01 2.288802e+01 6.923341e+01 1.309539e-09 1.868498e-09 5.994232e-09 1.207721e-07 4.620243e-07
8.000000e-01 3.257000e-02  2.960909e-02  1.000000e-01 7.339679e-05 8.000000e-04 1.585508e+09 3.180203e+01 2.288802e+01 6.923341e+01 1.387234e-09 1.931138e-09 6.317934e-09 1.272941e-07 4.869747e-07
8.000000e-01 3.257000e-02  2.960909e-02  1.000000e-01 7.535253e-05 8.000000e-04 1.585508e+09 3.180203e+01 2.288802e+01 6.923341e+01 1.467701e-09 2.091353e-09 6.659117e-09 1.341682e-07 5.132725e-07
8.000000e-01 3.257000e-02  2.960909e-02  1.000000e-01 7.736039e-05 8.000000e-04 1.585508e+09 3.180203e+01 2.288802e+01 6.923341e+01 1.577496e-09 2.162581e-09 7.018725e-09 1.414136e-07 5.409904e-07
8.000000e-01 3.257000e-02  2.960909e-02  1.000000e-01 7.942174e-05 8.000000e-04 1.585508e+09 3.180203e+01 2.288802e+01 6.923341e+01 1.598248e-09 2.246483e-09 7.397752e-09 1.490503e-07 5.702051e-07
8.000000e-01 3.257000e-02  2.960909e-02  1.000000e-01 8.153803e-05 8.000000e-04 1.585508e+09 3.180203e+01 2.288802e+01 6.923341e+01 1.799266e-09 2.407180e-09 7.797248e-09 1.570994e-07 6.009975e-07
8.000000e-01 3.257000e-02  2.960909e-02  1.000000e-01 8.371070e-05 8.000000e-04 1.585508e+09 3.180203e+01 2.288802e+01 6.923341e+01 1.790344e-09 2.540292e-09 8.218318e-09 1.655831e-07 6.334527e-07
8.000000e-01 3.257000e-02  2.960909e-02  1.000000e-01 8.594127e-05 8.000000e-04 1.585508e+09 3.180203e+01 2.288802e+01 6.923341e+01 1.877865e-09 2.683944e-09 8.662126e-09 1.745250e-07 6.676607e-07
8.000000e-01 3.257000e-02  2.960909e-02  1.000000e-01 8.823127e-05 8.000000e-04 1.585508e+09 3.180203e+01 2.288802e+01 6.923341e+01 1.983279e-09 2.822134e-09 9.129900e-09 1.839497e-07 7.037159e-07
8.000000e-01 3.257000e-02  2.960909e-02  1.000000e-01 9.058230e-05 8.000000e-04 1.585508e+09 3.180203e+01 2.288802e+01 6.923341e+01 2.068174e-09 2.964535e-09 9.622936e-09 1.938834e-07 7.417182e-07
8.000000e-01 3.257000e-02  2.960909e-02  1.000000e-01 9.299597e-05 8.000000e-04 1.585508e+09 3.180203e+01 2.288802e+01 6.923341e+01 2.249175e-09 3.124599e-09 1.014260e-08 2.043536e-07 7.817727e-07
8.000000e-01 3.257000e-02  2.960909e-02  1.000000e-01 9.547395e-05 8.000000e-04 1.585508e+09 3.180203e+01 2.288802e+01 6.923341e+01 2.362386e-09 3.325646e-09 1.069032e-08 2.153891e-07 8.239902e-07
8.000000e-01 3.257000e-02  2.960909e-02  1.000000e-01 9.801796e-05 8.000000e-04 1.585508e+09 3.180203e+01 2.288802e+01 6.923341e+01 2.505292e-09 3.444227e-09 1.126762e-08 2.270207e-07 8.684876e-07
8.000000e-01 3.257000e-02  2.960909e-02  1.000000e-01 1.006298e-04 8.000000e-04 1.585508e+09 3.180203e+01 2.288802e+01 6.923341e+01 2.762147e-09 3.671469e-09 1.187610e-08 2.392803e-07 9.153879e-07
8.000000e-01 3.257000e-02  2.960909e-02  1.000000e-01 1.033112e-04 8.000000e-04 1.585508e+09 3.180203e+01 2.288802e+01 6.923341e+01 2.832335e-09 3.835900e-09 1.251744e-08 2.522020e-07 9.648210e-07
8.000000e-01 3.257000e-02  2.960909e-02  1.000000e-01 1.060640e-04 8.000000e-04 1.585508e+09 3.180203e+01 2.288802e+01 6.923341e+01 2.897092e-09 4.073554e-09 1.319341e-08 2.658215e-07 1.016924e-06
8.000000e-01 3.257000e-02  2.960909e-02  1.000000e-01 1.088902e-04 8.000000e-04 1.585508e+09 3.180203e+01 2.288802e+01 6.923341e+01 3.033003e-09 4.314539e-09 1.390588e-08 2.801764e-07 1.071840e-06
8.000000e-01 3.257000e-02  2.960909e-02  1.000000e-01 1.117917e-04 8.000000e-04 1.585508e+09 3.180203e+01 2.288802e+01 6.923341e+01 3.311704e-09 4.528004e-09 1.465683e-08 2.953066e-07 1.129722e-06
8.000000e-01 3.257000e-02  2.960909e-02  1.000000e-01 1.147705e-04 8.000000e-04 1.585508e+09 3.180203e+01 2.288802e+01 6.923341e+01 3.294203e-09 4.736114e-09 1.544833e-08 3.112539e-07 1.190729e-06
8.000000e-01 3.257000e-02  2.960909e-02  1.000000e-01 1.178287e-04 8.000000e-04 1.585508e+09 3.180203e+01 2.288802e+01 6.923341e+01 3.747776e-09 5.074669e-09 1.628258e-08 3.280623e-07 1.255031e-06
8.000000e-01 3.257000e-02  2.960909e-02  1.000000e-01 1.209684e-04 8.000000e-04 1.585508e+09 3.180203e+01 2.288802e+01 6.923341e+01 3.762440e-09 5.293934e-09 1.716188e-08 3.457784e-07 1.322806e-06
8.000000e-01 3.257000e-02  2.960909e-02  1.000000e-01 1.241917e-04 8.000000e-04 1.585508e+09 3.180203e+01 2.288802e+01 6.923341e+01 4.082655e-09 5.545766e-09 1.808866e-08 3.644512e-07 1.394240e-06
8.000000e-01 3.257000e-02  2.960909e-02  1.000000e-01 1.275010e-04 8.000000e-04 1.585508e+09 3.180203e+01 2.288802e+01 6.923341e+01 4.342977e-09 5.824538e-09 1.906549e-08 3.841325e-07 1.469533e-06
8.000000e-01 3.257000e-02  2.960909e-02  1.000000e-01 1.308984e-04 8.000000e-04 1.585508e+09 3.180203e+01 2.288802e+01 6.923341e+01 4.338943e-09 6.211124e-09 2.009507e-08 4.048765e-07 1.548891e-06
8.000000e-01 3.257000e-02  2.960909e-02  1.000000e-01 1.343863e-04 8.000000e-04 1.585508e+09 3.180203e+01 2.288802e+01 6.923341e+01 4.628536e-09 6.521812e-09 2.118025e-08 4.267408e-07 1.632534e-06
8.000000e-01 3.257000e-02  2.960909e-02  1.000000e-01 1.379672e-04 8.000000e-04 1.585508e+09 3.180203e+01 2.288802e+01 6.923341e+01 4.731340e-09 6.857439e-09 2.232403e-08 4.497857e-07 1.720695e-06
8.000000e-01 3.257000e-02  2.960909e-02  1.000000e-01 1.416435e-04 8.000000e-04 1.585508e+09 3.180203e+01 2.288802e+01 6.923341e+01 5.320590e-09 7.242378e-09 2.352958e-08 4.740752e-07 1.813617e-06
8.000000e-01 3.257000e-02  2.960909e-02  1.000000e-01 1.454177e-04 8.000000e-04 1.585508e+09 3.180203e+01 2.288802e+01 6.923341e+01 5.697542e-09 7.641078e-09 2.480023e-08 4.996764e-07 1.911556e-06
8.000000e-01 3.257000e-02  2.960909e-02  1.000000e-01 1.492926e-04 8.000000e-04 1.585508e+09 3.180203e+01 2.288802e+01 6.923341e+01 5.855388e-09 8.080128e-09 2.613950e-08 5.266601e-07 2.014785e-06
8.000000e-01 3.257000e-02  2.960909e-02  1.000000e-01 1.532706e-04 8.000000e-04 1.585508e+09 3.180203e+01 2.288802e+01 6.923341e+01 6.329715e-09 8.565148e-09 2.755110e-08 5.551009e-07 2.123588e-06
8.000000e-01 3.257000e-02  2.960909e-02  1.000000e-01 1.573547e-04 8.000000e-04 1.585508e+09 3.180203e+01 2.288802e+01 6.923341e+01 6.324909e-09 8.984801e-09 2.903892e-08 5.850776e-07 2.238266e-06
8.000000e-01 3.257000e-02  2.960909e-02  1.000000e-01 1.615476e-04 8.000000e-04 1.585508e+09 3.180203e+01 2.288802e+01 6.923341e+01 6.945394e-09 9.329937e-09 3.060709e-08 6.166732e-07 2.359138e-06
8.000000e-01 3.257000e-02  2.960909e-02  1.000000e-01 1.658522e-04 8.000000e-04 1.585508e+09 3.180203e+01 2.288802e+01 6.923341e+01 7.311211e-09 1.006419e-08 3.225994e-08 6.499750e-07 2.486537e-06
8.000000e-01 3.257000e-02  2.960909e-02  1.000000e-01 1.702715e-04 8.000000e-04 1.585508e+09 3.180203e+01 2.288802e+01 6.923341e+01 7.294976e-09 1.057257e-08 3.400205e-08 6.850751e-07 2.620815e-06
8.000000e-01 3.257000e-02  2.960909e-02  1.000000e-01 1.748086e-04 8.000000e-04 1.585508e+09 3.180203e+01 2.288802e+01 6.923341e+01 7.504859e-09 1.103224e-08 3.583824e-08 7.220708e-07 2.762345e-06
8.000000e-01 3.257000e-02  2.960909e-02  1.000000e-01 1.794666e-04 8.000000e-04 1.585508e+09 3.180203e+01 2.288802e+01 6.923341e+01 8.498425e-09 1.160705e-08 3.777359e-08 7.610642e-07 2.911519e-06
8.000000e-01 3.257000e-02  2.960909e-02  1.000000e-01 1.842487e-04 8.000000e-04 1.585508e+09 3.180203e+01 2.288802e+01 6.923341e+01 9.232946e-09 1.206761e-08 3.981345e-08 8.021635e-07 3.068747e-06
8.000000e-01 3.257000e-02  2.960909e-02  1.000000e-01 1.891582e-04 8.000000e-04 1.585508e+09 3.180203e+01 2.288802e+01 6.923341e+01 9.031584e-09 1.280775e-08 4.196347e-08 8.454822e-07 3.234467e-06
8.000000e-01 3.257000e-02  2.960909e-02  1.000000e-01 1.941986e-04 8.000000e-04 1.585508e+09 3.180203e+01 2.288802e+01 6.923341e+01 9.843066e-09 1.366445e-08 4.422959e-08 8.911402e-07 3.409135e-06
8.000000e-01 3.257000e-02  2.960909e-02  1.000000e-01 1.993732e-04 8.000000e-04 1.585508e+09 3.180203e+01 2.288802e+01 6.923341e+01 1.040399e-08 1.439227e-08 4.661809e-08 9.392638e-07 3.593237e-06
8.000000e-01 3.257000e-02  2.960909e-02  1.000000e-01 2.046857e-04 8.000000e-04 1.585508e+09 3.180203e+01 2.288802e+01 6.923341e+01 1.061682e-08 1.497174e-08 4.913558e-08 9.899862e-07 3.787280e-06
8.000000e-01 3.257000e-02  2.960909e-02  1.000000e-01 2.101398e-04 8.000000e-04 1.585508e+09 3.180203e+01 2.288802e+01 6.923341e+01 1.132532e-08 1.596863e-08 5.178901e-08 1.043448e-06 3.991802e-06
8.000000e-01 3.257000e-02  2.960909e-02  1.000000e-01 2.157392e-04 8.000000e-04 1.585508e+09 3.180203e+01 2.288802e+01 6.923341e+01 1.217283e-08 1.670175e-08 5.458574e-08 1.099796e-06 4.207368e-06
8.000000e-01 3.257000e-02  2.960909e-02  1.000000e-01 2.214878e-04 8.000000e-04 1.585508e+09 3.180203e+01 2.288802e+01 6.923341e+01 1.299859e-08 1.776876e-08 5.753350e-08 1.159188e-06 4.434576e-06
8.000000e-01 3.257000e-02  2.960909e-02  1.000000e-01 2.273896e-04 8.000000e-04 1.585508e+09 3.180203e+01 2.288802e+01 6.923341e+01 1.347325e-08 1.884519e-08 6.064044e-08 1.221787e-06 4.674053e-06
8.000000e-01 3.257000e-02  2.960909e-02  1.000000e-01 2.334487e-04 8.000000e-04 1.585508e+09 3.180203e+01 2.288802e+01 6.923341e+01 1.439161e-08 1.978093e-08 6.391516e-08 1.287766e-06 4.926463e-06
8.000000e-01 3.257000e-02  2.960909e-02  1.000000e-01 2.396692e-04 8.000000e-04 1.585508e+09 3.180203e+01 2.288802e+01 6.923341e+01 1.507018e-08 2.046208e-08 6.736673e-08 1.357308e-06 5.192503e-06
8.000000e-01 3.257000e-02  2.960909e-02  1.000000e-01 2.460555e-04 8.000000e-04 1.585508e+09 3.180203e+01 2.288802e+01 6.923341e+01 1.636507e-08 2.191823e-08 7.100469e-08 1.430606e-06 5.472910e-06
8.000000e-01 3.257000e-02  2.960909e-02  1.000000e-01 2.526119e-04 8.000000e-04 1.585508e+09 3.180203e+01 2.288802e+01 6.923341e+01 1.680544e-08 2.296364e-08 7.483910e-08 1.507862e-06 5.768460e-06
8.000000e-01 3.257000e-02  2.960909e-02  1.000000e-01 2.593430e-04 8.000000e-04 1.585508e+09 3.180203e+01 2.288802e+01 6.923341e+01 1.745456e-08 2.449217e-08 7.888059e-08 1.589290e-06 6.079970e-06
8.000000e-01 3.257000e-02  2.960909e-02  1.000000e-01 2.662535e-04 8.000000e-04 1.585508e+09 3.180203e+01 2.288802e+01 6.923341e+01 1.848639e-08 2.600431e-08 8.314032e-08 1.675116e-06 6.408303e-06
8.000000e-01 3.257000e-02  2.960909e-02  1.000000e-01 2.733482e-04 8.000000e-04 1.585508e+09 3.180203e+01 2.288802e+01 6.923341e+01 1.994429e-08 2.696751e-08 8.763009e-08 1.765576e-06 6.754366e-06
8.000000e-01 3.257000e-02  2.960909e-02  1.000000e-01 2.806318e-04 8.000000e-04 1.585508e+09 3.180203e+01 2.288802e+01 6.923341e+01 2.089304e-08 2.884339e-08 9.236232e-08 1.860921e-06 7.119117e-06
8.000000e-01 3.257000e-02  2.960909e-02  1.000000e-01 2.881096e-04 8.000000e-04 1.585508e+09 3.180203e+01 2.288802e+01 6.923341e+01 2.189308e-08 3.012383e-08 9.735010e-08 1.961415e-06 7.503566e-06
8.000000e-01 3.257000e-02  2.960909e-02  1.000000e-01 2.957866e-04 8.000000e-04 1.585508e+09 3.180203e+01 2.288802e+01 6.923341e+01 2.253139e-08 3.170551e-08 1.026072e-07 2.067336e-06 7.908776e-06
8.000000e-01 3.257000e-02  2.960909e-02  1.000000e-01 3.036682e-04 8.000000e-04 1.585508e+09 3.180203e+01 2.288802e+01 6.923341e+01 2.320862e-08 3.353154e-08 1.081483e-07 2.178977e-06 8.335868e-06
8.000000e-01 3.257000e-02  2.960909e-02  1.000000e-01 3.117598e-04 8.000000e-04 1.585508e+09 3.180203e+01 2.288802e+01 6.923341e+01 2.492056e-08 3.529988e-08 1.139885e-07 2.296647e-06 8.786024e-06
8.000000e-01 3.257000e-02  2.960909e-02  1.000000e-01 3.200670e-04 8.000000e-04 1.585508e+09 3.180203e+01 2.288802e+01 6.923341e+01 2.674119e-08 3.699928e-08 1.201442e-07 2.420671e-06 9.260490e-06
8.000000e-01 3.257000e-02  2.960909e-02  1.000000e-01 3.285955e-04 8.000000e-04 1.585508e+09 3.180203e+01 2.288802e+01 6.923341e+01 2.659421e-08 3.954819e-08 1.266322e-07 2.551393e-06 9.760578e-06
8.000000e-01 3.257000e-02  2.960909e-02  1.000000e-01 3.373513e-04 8.000000e-04 1.585508e+09 3.180203e+01 2.288802e+01 6.923341e+01 3.071242e-08 4.149637e-08 1.334707e-07 2.689174e-06 1.028767e-05
8.000000e-01 3.257000e-02  2.960909e-02  1.000000e-01 3.463404e-04 8.000000e-04 1.585508e+09 3.180203e+01 2.288802e+01 6.923341e+01 3.238452e-08 4.287397e-08 1.406784e-07 2.834395e-06 1.084323e-05
8.000000e-01 3.257000e-02  2.960909e-02  1.000000e-01 3.555691e-04 8.000000e-04 1.585508e+09 3.180203e+01 2.288802e+01 6.923341e+01 3.318367e-08 4.587041e-08 1.482753e-07 2.987459e-06 1.142879e-05
8.000000e-01 3.257000e-02  2.960909e-02  1.000000e-01 3.650436e-04 8.000000e-04 1.585508e+09 3.180203e+01 2.288802e+01 6.923341e+01 3.385942e-08 4.867700e-08 1.562825e-07 3.148789e-06 1.204597e-05
8.000000e-01 3.257000e-02  2.960909e-02  1.000000e-01 3.747706e-04 8.000000e-04 1.585508e+09 3.180203e+01 2.288802e+01 6.923341e+01 3.793966e-08 5.005773e-08 1.647222e-07 3.318831e-06 1.269648e-05
8.000000e-01 3.257000e-02  2.960909e-02  1.000000e-01 3.847568e-04 8.000000e-04 1.585508e+09 3.180203e+01 2.288802e+01 6.923341e+01 3.635599e-08 5.351299e-08 1.736175e-07 3.498055e-06 1.338212e-05
8.000000e-01 3.257000e-02  2.960909e-02  1.000000e-01 3.950091e-04 8.000000e-04 1.585508e+09 3.180203e+01 2.288802e+01 6.923341e+01 4.338631e-08 5.618740e-08 1.829933e-07 3.686958e-06 1.410479e-05
8.000000e-01 3.257000e-02  2.960909e-02  1.000000e-01 4.055346e-04 8.000000e-04 1.585508e+09 3.180203e+01 2.288802e+01 6.923341e+01 4.222414e-08 5.941328e-08 1.928754e-07 3.886063e-06 1.486648e-05
8.000000e-01 3.257000e-02  2.960909e-02  1.000000e-01 4.163405e-04 8.000000e-04 1.585508e+09 3.180203e+01 2.288802e+01 6.923341e+01 4.382048e-08 6.240445e-08 2.032911e-07 4.095919e-06 1.566930e-05
