1.250000e+00 5.878000e-02  5.343636e-02  1.000000e-01 2.000000e-06 8.000000e-04 4.164643e+08 3.180203e+01 2.288802e+01 6.923341e+01 1.268679e-12 1.812001e-12 5.291630e-12 1.064353e-10 4.205340e-10
1.250000e+00 5.878000e-02  5.343636e-02  1.000000e-01 2.053292e-06 8.000000e-04 4.164643e+08 3.180203e+01 2.288802e+01 6.923341e+01 1.264286e-12 1.943540e-12 5.577390e-12 1.121830e-10 4.432438e-10
1.250000e+00 5.878000e-02  5.343636e-02  1.000000e-01 2.108005e-06 8.000000e-04 4.164643e+08 3.180203e+01 2.288802e+01 6.923341e+01 1.338736e-12 2.013196e-12 5.878582e-12 1.182411e-10 4.671800e-10
1.250000e+00 5.878000e-02  5.343636e-02  1.000000e-01 2.164175e-06 8.000000e-04 4.164643e+08 3.180203e+01 2.288802e+01 6.923341e+01 1.384537e-12 2.112409e-12 6.196039e-12 1.246264e-10 4.924088e-10
1.250000e+00 5.878000e-02  5.343636e-02  1.000000e-01 2.221842e-06 8.000000e-04 4.164643e+08 3.180203e+01 2.288802e+01 6.923341e+01 1.440439e-12 2.249291e-12 6.530639e-12 1.313566e-10 5.190000e-10
1.250000e+00 5.878000e-02  5.343636e-02  1.000000e-01 2.281045e-06 8.000000e-04 4.164643e+08 3.180203e+01 2.288802e+01 6.923341e+01 1.568040e-12 2.363479e-12 6.883309e-12 1.384501e-10 5.470272e-10
1.250000e+00 5.878000e-02  5.343636e-02  1.000000e-01 2.341826e-06 8.000000e-04 4.164643e+08 3.180203e+01 2.288802e+01 6.923341e+01 1.612037e-12 2.478032e-12 7.255023e-12 1.459267e-10 5.765679e-10
1.250000e+00 5.878000e-02  5.343636e-02  1.000000e-01 2.404227e-06 8.000000e-04 4.164643e+08 3.180203e+01 2.288802e+01 6.923341e+01 1.741731e-12 2.616517e-12 7.646811e-12 1.538071e-10 6.077039e-10
1.250000e+00 5.878000e-02  5.343636e-02  1.000000e-01 2.468290e-06 8.000000e-04 4.164643e+08 3.180203e+01 2.288802e+01 6.923341e+01 1.858985e-12 2.775455e-12 8.059757e-12 1.621131e-10 6.405213e-10
1.250000e+00 5.878000e-02  5.343636e-02  1.000000e-01 2.534061e-06 8.000000e-04 4.164643e+08 3.180203e+01 2.288802e+01 6.923341e+01 1.869299e-12 2.914833e-12 8.495002e-12 1.708675e-10 6.751110e-10
1.250000e+00 5.878000e-02  5.343636e-02  1.000000e-01 2.601584e-06 8.000000e-04 4.164643e+08 3.180203e+01 2.288802e+01 6.923341e+01 2.084255e-12 3.099077e-12 8.953752e-12 1.800948e-10 7.115685e-10
1.250000e+00 5.878000e-02  5.343636e-02  1.000000e-01 2.670906e-06 8.000000e-04 4.164643e+08 3.180203e+01 2.288802e+01 6.923341e+01 2.088540e-12 3.184624e-12 9.437276e-12 1.898203e-10 7.499949e-10
1.250000e+00 5.878000e-02  5.343636e-02  1.000000e-01 2.742075e-06 8.000000e-04 4.164643e+08 3.180203e+01 2.288802e+01 6.923341e+01 2.140372e-12 3.409241e-12 9.946910e-12 2.000711e-10 7.904963e-10
1.250000e+00 5.878000e-02  5.343636e-02  1.000000e-01 2.815141e-06 8.000000e-04 4.164643e+08 3.180203e+01 2.288802e+01 6.923341e+01 2.405233e-12 3.623860e-12 1.048407e-11 2.108754e-10 8.331850e-10
1.250000e+00 5.878000e-02  5.343636e-02  1.000000e-01 2.890154e-06 8.000000e-04 4.164643e+08 3.180203e+01 2.288802e+01 6.923341e+01 2.449670e-12 3.782194e-12 1.105023e-11 2.222631e-10 8.781789e-10
1.250000e+00 5.878000e-02  5.343636e-02  1.000000e-01 2.967165e-06 8.000000e-04 4.164643e+08 3.180203e+01 2.288802e+01 6.923341e+01 2.556628e-12 4.004055e-12 1.164697e-11 2.342658e-10 9.256026e-10
1.250000e+00 5.878000e-02  5.343636e-02  1.000000e-01 3.046229e-06 8.000000e-04 4.164643e+08 3.180203e+01 2.288802e+01 6.923341e+01 2.869048e-12 4.253154e-12 1.227593e-11 2.469167e-10 9.755872e-10
1.250000e+00 5.878000e-02  5.343636e-02  1.000000e-01 3.127399e-06 8.000000e-04 4.164643e+08 3.180203e+01 2.288802e+01 6.923341e+01 2.905551e-12 4.498013e-12 1.293886e-11 2.602508e-10 1.028271e-09
1.250000e+00 5.878000e-02  5.343636e-02  1.000000e-01 3.210732e-06 8.000000e-04 4.164643e+08 3.180203e+01 2.288802e+01 6.923341e+01 2.999264e-12 4.651442e-12 1.363759e-11 2.743049e-10 1.083800e-09
1.250000e+00 5.878000e-02  5.343636e-02  1.000000e-01 3.296286e-06 8.000000e-04 4.164643e+08 3.180203e+01 2.288802e+01 6.923341e+01 3.242442e-12 4.888201e-12 1.437405e-11 2.891180e-10 1.142328e-09
1.250000e+00 5.878000e-02  5.343636e-02  1.000000e-01 3.384119e-06 8.000000e-04 4.164643e+08 3.180203e+01 2.288802e+01 6.923341e+01 3.285571e-12 5.126278e-12 1.515028e-11 3.047311e-10 1.204016e-09
1.250000e+00 5.878000e-02  5.343636e-02  1.000000e-01 3.474293e-06 8.000000e-04 4.164643e+08 3.180203e+01 2.288802e+01 6.923341e+01 3.336202e-12 5.491561e-12 1.596843e-11 3.211873e-10 1.269036e-09
1.250000e+00 5.878000e-02  5.343636e-02  1.000000e-01 3.566869e-06 8.000000e-04 4.164643e+08 3.180203e+01 2.288802e+01 6.923341e+01 3.827575e-12 5.735958e-12 1.683076e-11 3.385321e-10 1.337567e-09
1.250000e+00 5.878000e-02  5.343636e-02  1.000000e-01 3.661913e-06 8.000000e-04 4.164643e+08 3.180203e+01 2.288802e+01 6.923341e+01 4.082618e-12 6.043622e-12 1.773966e-11 3.568136e-10 1.409799e-09
1.250000e+00 5.878000e-02  5.343636e-02  1.000000e-01 3.759488e-06 8.000000e-04 4.164643e+08 3.180203e+01 2.288802e+01 6.923341e+01 4.010458e-12 6.456811e-12 1.869765e-11 3.760824e-10 1.485931e-09
1.250000e+00 5.878000e-02  5.343636e-02  1.000000e-01 3.859664e-06 8.000000e-04 4.164643e+08 3.180203e+01 2.288802e+01 6.923341e+01 4.445221e-12 6.892083e-12 1.970736e-11 3.963917e-10 1.566175e-09
1.250000e+00 5.878000e-02  5.343636e-02  1.000000e-01 3.962510e-06 8.000000e-04 4.164643e+08 3.180203e+01 2.288802e+01 6.923341e+01 4.564631e-12 7.219823e-12 2.077161e-11 4.177978e-10 1.650752e-09
1.250000e+00 5.878000e-02  5.343636e-02  1.000000e-01 4.068095e-06 8.000000e-04 4.164643e+08 3.180203e+01 2.288802e+01 6.923341e+01 5.058693e-12 7.466723e-12 2.189332e-11 4.403598e-10 1.739896e-09
1.250000e+00 5.878000e-02  5.343636e-02  1.000000e-01 4.176494e-06 8.000000e-04 4.164643e+08 3.180203e+01 2.288802e+01 6.923341e+01 5.463212e-12 7.996222e-12 2.307561e-11 4.641403e-10 1.833854e-09
1.250000e+00 5.878000e-02  5.343636e-02  1.000000e-01 4.287782e-06 8.000000e-04 4.164643e+08 3.180203e+01 2.288802e+01 6.923341e+01 5.471687e-12 8.311234e-12 2.432175e-11 4.892049e-10 1.932887e-09
1.250000e+00 5.878000e-02  5.343636e-02  1.000000e-01 4.402035e-06 8.000000e-04 4.164643e+08 3.180203e+01 2.288802e+01 6.923341e+01 5.802236e-12 8.805628e-12 2.563518e-11 5.156231e-10 2.037267e-09
1.250000e+00 5.878000e-02  5.343636e-02  1.000000e-01 4.519332e-06 8.000000e-04 4.164643e+08 3.180203e+01 2.288802e+01 6.923341e+01 5.962730e-12 9.336882e-12 2.701954e-11 5.434680e-10 2.147284e-09
1.250000e+00 5.878000e-02  5.343636e-02  1.000000e-01 4.639755e-06 8.000000e-04 4.164643e+08 3.180203e+01 2.288802e+01 6.923341e+01 6.396226e-12 9.917830e-12 2.847865e-11 5.728165e-10 2.263243e-09
1.250000e+00 5.878000e-02  5.343636e-02  1.000000e-01 4.763386e-06 8.000000e-04 4.164643e+08 3.180203e+01 2.288802e+01 6.923341e+01 6.709705e-12 1.045990e-11 3.001657e-11 6.037499e-10 2.385463e-09
1.250000e+00 5.878000e-02  5.343636e-02  1.000000e-01 4.890312e-06 8.000000e-04 4.164643e+08 3.180203e+01 2.288802e+01 6.923341e+01 6.913211e-12 1.094576e-11 3.163753e-11 6.363538e-10 2.514283e-09
1.250000e+00 5.878000e-02  5.343636e-02  1.000000e-01 5.020620e-06 8.000000e-04 4.164643e+08 3.180203e+01 2.288802e+01 6.923341e+01 7.394529e-12 1.161668e-11 3.334603e-11 6.707184e-10 2.650061e-09
1.250000e+00 5.878000e-02  5.343636e-02  1.000000e-01 5.154400e-06 8.000000e-04 4.164643e+08 3.180203e+01 2.288802e+01 6.923341e+01 7.802509e-12 1.198997e-11 3.514679e-11 7.069387e-10 2.793170e-09
1.250000e+00 5.878000e-02  5.343636e-02  1.000000e-01 5.291745e-06 8.000000e-04 4.164643e+08 3.180203e+01 2.288802e+01 6.923341e+01 7.900745e-12 1.281854e-11 3.704480e-11 7.451151e-10 2.944008e-09
1.250000e+00 5.878000e-02  5.343636e-02  1.000000e-01 5.432750e-06 8.000000e-04 4.164643e+08 3.180203e+01 2.288802e+01 6.923341e+01 8.361107e-12 1.332337e-11 3.904531e-11 7.853530e-10 3.102991e-09
1.250000e+00 5.878000e-02  5.343636e-02  1.000000e-01 5.577512e-06 8.000000e-04 4.164643e+08 3.180203e+01 2.288802e+01 6.923341e+01 8.987934e-12 1.415914e-11 4.115384e-11 8.277639e-10 3.270560e-09
1.250000e+00 5.878000e-02  5.343636e-02  1.000000e-01 5.726131e-06 8.000000e-04 4.164643e+08 3.180203e+01 2.288802e+01 6.923341e+01 9.320160e-12 1.483649e-11 4.337625e-11 8.724650e-10 3.447177e-09
1.250000e+00 5.878000e-02  5.343636e-02  1.000000e-01 5.878710e-06 8.000000e-04 4.164643e+08 3.180203e+01 2.288802e+01 6.923341e+01 1.037487e-11 1.568869e-11 4.571866e-11 9.195802e-10 3.633333e-09
1.250000e+00 5.878000e-02  5.343636e-02  1.000000e-01 6.035355e-06 8.000000e-04 4.164643e+08 3.180203e+01 2.288802e+01 6.923341e+01 1.103761e-11 1.660257e-11 4.818758e-11 9.692396e-10 3.829541e-09
1.250000e+00 5.878000e-02  5.343636e-02  1.000000e-01 6.196174e-06 8.000000e-04 4.164643e+08 3.180203e+01 2.288802e+01 6.923341e+01 1.124561e-11 1.757021e-11 5.078982e-11 1.021581e-09 4.036345e-09
1.250000e+00 5.878000e-02  5.343636e-02  1.000000e-01 6.361278e-06 8.000000e-04 4.164643e+08 3.180203e+01 2.288802e+01 6.923341e+01 1.203041e-11 1.851212e-11 5.353259e-11 1.076749e-09 4.254317e-09
1.250000e+00 5.878000e-02  5.343636e-02  1.000000e-01 6.530782e-06 8.000000e-04 4.164643e+08 3.180203e+01 2.288802e+01 6.923341e+01 1.255652e-11 1.929393e-11 5.642347e-11 1.134895e-09 4.484060e-09
1.250000e+00 5.878000e-02  5.343636e-02  1.000000e-01 6.704802e-06 8.000000e-04 4.164643e+08 3.180203e+01 2.288802e+01 6.923341e+01 1.359756e-11 2.040323e-11 5.947047e-11 1.196182e-09 4.726210e-09
1.250000e+00 5.878000e-02  5.343636e-02  1.000000e-01 6.883459e-06 8.000000e-04 4.164643e+08 3.180203e+01 2.288802e+01 6.923341e+01 1.455436e-11 2.156832e-11 6.268201e-11 1.260779e-09 4.981436e-09
1.250000e+00 5.878000e-02  5.343636e-02  1.000000e-01 7.066877e-06 8.000000e-04 4.164643e+08 3.180203e+01 2.288802e+01 6.923341e+01 1.482147e-11 2.288630e-11 6.606698e-11 1.328864e-09 5.250445e-09
1.250000e+00 5.878000e-02  5.343636e-02  1.000000e-01 7.255182e-06 8.000000e-04 4.164643e+08 3.180203e+01 2.288802e+01 6.923341e+01 1.638786e-11 2.399855e-11 6.963475e-11 1.400626e-09 5.533981e-09
1.250000e+00 5.878000e-02  5.343636e-02  1.000000e-01 7.448504e-06 8.000000e-04 4.164643e+08 3.180203e+01 2.288802e+01 6.923341e+01 1.633499e-11 2.559553e-11 7.339519e-11 1.476263e-09 5.832829e-09
1.250000e+00 5.878000e-02  5.343636e-02  1.000000e-01 7.646978e-06 8.000000e-04 4.164643e+08 3.180203e+01 2.288802e+01 6.923341e+01 1.751701e-11 2.646198e-11 7.735870e-11 1.555984e-09 6.147815e-09
1.250000e+00 5.878000e-02  5.343636e-02  1.000000e-01 7.850741e-06 8.000000e-04 4.164643e+08 3.180203e+01 2.288802e+01 6.923341e+01 1.815356e-11 2.804645e-11 8.153625e-11 1.640011e-09 6.479812e-09
1.250000e+00 5.878000e-02  5.343636e-02  1.000000e-01 8.059933e-06 8.000000e-04 4.164643e+08 3.180203e+01 2.288802e+01 6.923341e+01 1.945973e-11 2.967069e-11 8.593939e-11 1.728575e-09 6.829736e-09
1.250000e+00 5.878000e-02  5.343636e-02  1.000000e-01 8.274699e-06 8.000000e-04 4.164643e+08 3.180203e+01 2.288802e+01 6.923341e+01 2.114863e-11 3.112665e-11 9.058032e-11 1.821923e-09 7.198558e-09
1.250000e+00 5.878000e-02  5.343636e-02  1.000000e-01 8.495188e-06 8.000000e-04 4.164643e+08 3.180203e+01 2.288802e+01 6.923341e+01 2.144595e-11 3.305566e-11 9.547187e-11 1.920311e-09 7.587297e-09
1.250000e+00 5.878000e-02  5.343636e-02  1.000000e-01 8.721552e-06 8.000000e-04 4.164643e+08 3.180203e+01 2.288802e+01 6.923341e+01 2.204362e-11 3.506580e-11 1.006276e-10 2.024012e-09 7.997028e-09
1.250000e+00 5.878000e-02  5.343636e-02  1.000000e-01 8.953948e-06 8.000000e-04 4.164643e+08 3.180203e+01 2.288802e+01 6.923341e+01 2.338172e-11 3.621329e-11 1.060617e-10 2.133313e-09 8.428886e-09
1.250000e+00 5.878000e-02  5.343636e-02  1.000000e-01 9.192536e-06 8.000000e-04 4.164643e+08 3.180203e+01 2.288802e+01 6.923341e+01 2.505082e-11 3.870177e-11 1.117893e-10 2.248517e-09 8.884066e-09
1.250000e+00 5.878000e-02  5.343636e-02  1.000000e-01 9.437481e-06 8.000000e-04 4.164643e+08 3.180203e+01 2.288802e+01 6.923341e+01 2.695096e-11 4.041000e-11 1.178261e-10 2.369942e-09 9.363826e-09
1.250000e+00 5.878000e-02  5.343636e-02  1.000000e-01 9.688954e-06 8.000000e-04 4.164643e+08 3.180203e+01 2.288802e+01 6.923341e+01 2.724291e-11 4.312820e-11 1.241890e-10 2.497924e-09 9.869494e-09
1.250000e+00 5.878000e-02  5.343636e-02  1.000000e-01 9.947127e-06 8.000000e-04 4.164643e+08 3.180203e+01 2.288802e+01 6.923341e+01 2.937788e-11 4.513781e-11 1.308955e-10 2.632818e-09 1.040247e-08
1.250000e+00 5.878000e-02  5.343636e-02  1.000000e-01 1.021218e-05 8.000000e-04 4.164643e+08 3.180203e+01 2.288802e+01 6.923341e+01 3.024407e-11 4.704564e-11 1.379642e-10 2.774996e-09 1.096423e-08
1.250000e+00 5.878000e-02  5.343636e-02  1.000000e-01 1.048430e-05 8.000000e-04 4.164643e+08 3.180203e+01 2.288802e+01 6.923341e+01 3.242122e-11 4.977129e-11 1.454146e-10 2.924853e-09 1.155632e-08
1.250000e+00 5.878000e-02  5.343636e-02  1.000000e-01 1.076366e-05 8.000000e-04 4.164643e+08 3.180203e+01 2.288802e+01 6.923341e+01 3.469904e-11 5.253252e-11 1.532673e-10 3.082801e-09 1.218039e-08
1.250000e+00 5.878000e-02  5.343636e-02  1.000000e-01 1.105047e-05 8.000000e-04 4.164643e+08 3.180203e+01 2.288802e+01 6.923341e+01 3.447738e-11 5.555261e-11 1.615441e-10 3.249280e-09 1.283816e-08
1.250000e+00 5.878000e-02  5.343636e-02  1.000000e-01 1.134492e-05 8.000000e-04 4.164643e+08 3.180203e+01 2.288802e+01 6.923341e+01 3.814027e-11 5.852734e-11 1.702678e-10 3.424748e-09 1.353145e-08
1.250000e+00 5.878000e-02  5.343636e-02  1.000000e-01 1.164722e-05 8.000000e-04 4.164643e+08 3.180203e+01 2.288802e+01 6.923341e+01 3.800218e-11 6.131427e-11 1.794627e-10 3.609693e-09 1.426218e-08
1.250000e+00 5.878000e-02  5.343636e-02  1.000000e-01 1.195758e-05 8.000000e-04 4.164643e+08 3.180203e+01 2.288802e+01 6.923341e+01 4.266683e-11 6.474224e-11 1.891541e-10 3.804624e-09 1.503237e-08
1.250000e+00 5.878000e-02  5.343636e-02  1.000000e-01 1.227620e-05 8.000000e-04 4.164643e+08 3.180203e+01 2.288802e+01 6.923341e+01 4.420900e-11 6.838931e-11 1.993688e-10 4.010083e-09 1.584415e-08
1.250000e+00 5.878000e-02  5.343636e-02  1.000000e-01 1.260331e-05 8.000000e-04 4.164643e+08 3.180203e+01 2.288802e+01 6.923341e+01 4.691493e-11 7.221043e-11 2.101352e-10 4.226637e-09 1.669977e-08
1.250000e+00 5.878000e-02  5.343636e-02  1.000000e-01 1.293914e-05 8.000000e-04 4.164643e+08 3.180203e+01 2.288802e+01 6.923341e+01 5.040174e-11 7.682945e-11 2.214830e-10 4.454885e-09 1.760160e-08
1.250000e+00 5.878000e-02  5.343636e-02  1.000000e-01 1.328392e-05 8.000000e-04 4.164643e+08 3.180203e+01 2.288802e+01 6.923341e+01 5.290370e-11 7.939419e-11 2.334436e-10 4.695459e-09 1.855212e-08
1.250000e+00 5.878000e-02  5.343636e-02  1.000000e-01 1.363789e-05 8.000000e-04 4.164643e+08 3.180203e+01 2.288802e+01 6.923341e+01 5.544220e-11 8.480526e-11 2.460501e-10 4.949025e-09 1.955398e-08
1.250000e+00 5.878000e-02  5.343636e-02  1.000000e-01 1.400128e-05 8.000000e-04 4.164643e+08 3.180203e+01 2.288802e+01 6.923341e+01 5.836640e-11 8.996927e-11 2.593374e-10 5.216283e-09 2.060994e-08
1.250000e+00 5.878000e-02  5.343636e-02  1.000000e-01 1.437436e-05 8.000000e-04 4.164643e+08 3.180203e+01 2.288802e+01 6.923341e+01 5.973030e-11 9.501861e-11 2.733422e-10 5.497975e-09 2.172293e-08
1.250000e+00 5.878000e-02  5.343636e-02  1.000000e-01 1.475738e-05 8.000000e-04 4.164643e+08 3.180203e+01 2.288802e+01 6.923341e+01 6.579382e-11 9.897184e-11 2.881033e-10 5.794878e-09 2.289601e-08
1.250000e+00 5.878000e-02  5.343636e-02  1.000000e-01 1.515061e-05 8.000000e-04 4.164643e+08 3.180203e+01 2.288802e+01 6.923341e+01 6.759352e-11 1.048062e-10 3.036615e-10 6.107815e-09 2.413245e-08
1.250000e+00 5.878000e-02  5.343636e-02  1.000000e-01 1.555432e-05 8.000000e-04 4.164643e+08 3.180203e+01 2.288802e+01 6.923341e+01 7.426723e-11 1.096651e-10 3.200600e-10 6.437651e-09 2.543566e-08
1.250000e+00 5.878000e-02  5.343636e-02  1.000000e-01 1.596878e-05 8.000000e-04 4.164643e+08 3.180203e+01 2.288802e+01 6.923341e+01 7.525111e-11 1.168085e-10 3.373440e-10 6.785299e-09 2.680925e-08
1.250000e+00 5.878000e-02  5.343636e-02  1.000000e-01 1.639429e-05 8.000000e-04 4.164643e+08 3.180203e+01 2.288802e+01 6.923341e+01 8.020486e-11 1.219331e-10 3.555613e-10 7.151721e-09 2.825701e-08
1.250000e+00 5.878000e-02  5.343636e-02  1.000000e-01 1.683113e-05 8.000000e-04 4.164643e+08 3.180203e+01 2.288802e+01 6.923341e+01 8.382814e-11 1.280281e-10 3.747624e-10 7.537930e-09 2.978295e-08
1.250000e+00 5.878000e-02  5.343636e-02  1.000000e-01 1.727962e-05 8.000000e-04 4.164643e+08 3.180203e+01 2.288802e+01 6.923341e+01 8.797461e-11 1.364687e-10 3.950005e-10 7.944996e-09 3.139130e-08
1.250000e+00 5.878000e-02  5.343636e-02  1.000000e-01 1.774005e-05 8.000000e-04 4.164643e+08 3.180203e+01 2.288802e+01 6.923341e+01 9.006917e-11 1.446247e-10 4.163314e-10 8.374044e-09 3.308650e-08
1.250000e+00 5.878000e-02  5.343636e-02  1.000000e-01 1.821276e-05 8.000000e-04 4.164643e+08 3.180203e+01 2.288802e+01 6.923341e+01 1.009480e-10 1.522909e-10 4.388143e-10 8.826262e-09 3.487325e-08
1.250000e+00 5.878000e-02  5.343636e-02  1.000000e-01 1.869805e-05 8.000000e-04 4.164643e+08 3.180203e+01 2.288802e+01 6.923341e+01 1.066169e-10 1.585331e-10 4.625113e-10 9.302900e-09 3.675648e-08
1.250000e+00 5.878000e-02  5.343636e-02  1.000000e-01 1.919629e-05 8.000000e-04 4.164643e+08 3.180203e+01 2.288802e+01 6.923341e+01 1.058423e-10 1.658556e-10 4.874879e-10 9.805278e-09 3.874142e-08
1.250000e+00 5.878000e-02  5.343636e-02  1.000000e-01 1.970779e-05 8.000000e-04 4.164643e+08 3.180203e+01 2.288802e+01 6.923341e+01 1.131631e-10 1.798134e-10 5.138134e-10 1.033479e-08 4.083355e-08
1.250000e+00 5.878000e-02  5.343636e-02  1.000000e-01 2.023293e-05 8.000000e-04 4.164643e+08 3.180203e+01 2.288802e+01 6.923341e+01 1.270453e-10 1.852160e-10 5.415605e-10 1.089289e-08 4.303865e-08
1.250000e+00 5.878000e-02  5.343636e-02  1.000000e-01 2.077206e-05 8.000000e-04 4.164643e+08 3.180203e+01 2.288802e+01 6.923341e+01 1.247069e-10 1.962866e-10 5.708060e-10 1.148113e-08 4.536284e-08
1.250000e+00 5.878000e-02  5.343636e-02  1.000000e-01 2.132555e-05 8.000000e-04 4.164643e+08 3.180203e+01 2.288802e+01 6.923341e+01 1.342594e-10 2.069607e-10 6.016309e-10 1.210114e-08 4.781254e-08
1.250000e+00 5.878000e-02  5.343636e-02  1.000000e-01 2.189380e-05 8.000000e-04 4.164643e+08 3.180203e+01 2.288802e+01 6.923341e+01 1.401217e-10 2.188320e-10 6.341203e-10 1.275463e-08 5.039452e-08
1.250000e+00 5.878000e-02  5.343636e-02  1.000000e-01 2.247718e-05 8.000000e-04 4.164643e+08 3.180203e+01 2.288802e+01 6.923341e+01 1.482608e-10 2.307298e-10 6.683643e-10 1.344341e-08 5.311594e-08
1.250000e+00 5.878000e-02  5.343636e-02  1.000000e-01 2.307611e-05 8.000000e-04 4.164643e+08 3.180203e+01 2.288802e+01 6.923341e+01 1.570696e-10 2.413584e-10 7.044575e-10 1.416938e-08 5.598433e-08
1.250000e+00 5.878000e-02  5.343636e-02  1.000000e-01 2.369100e-05 8.000000e-04 4.164643e+08 3.180203e+01 2.288802e+01 6.923341e+01 1.640682e-10 2.562328e-10 7.424999e-10 1.493456e-08 5.900761e-08
1.250000e+00 5.878000e-02  5.343636e-02  1.000000e-01 2.432228e-05 8.000000e-04 4.164643e+08 3.180203e+01 2.288802e+01 6.923341e+01 1.743470e-10 2.720770e-10 7.825966e-10 1.574106e-08 6.219416e-08
1.250000e+00 5.878000e-02  5.343636e-02  1.000000e-01 2.497037e-05 8.000000e-04 4.164643e+08 3.180203e+01 2.288802e+01 6.923341e+01 1.791064e-10 2.863825e-10 8.248586e-10 1.659111e-08 6.555279e-08
1.250000e+00 5.878000e-02  5.343636e-02  1.000000e-01 2.563574e-05 8.000000e-04 4.164643e+08 3.180203e+01 2.288802e+01 6.923341e+01 2.000044e-10 2.992437e-10 8.694029e-10 1.748707e-08 6.909279e-08
1.250000e+00 5.878000e-02  5.343636e-02  1.000000e-01 2.631883e-05 8.000000e-04 4.164643e+08 3.180203e+01 2.288802e+01 6.923341e+01 2.039981e-10 3.159400e-10 9.163526e-10 1.843142e-08 7.282396e-08
1.250000e+00 5.878000e-02  5.343636e-02  1.000000e-01 2.702013e-05 8.000000e-04 4.164643e+08 3.180203e+01 2.288802e+01 6.923341e+01 2.185446e-10 3.314076e-10 9.658378e-10 1.942675e-08 7.675662e-08
1.250000e+00 5.878000e-02  5.343636e-02  1.000000e-01 2.774011e-05 8.000000e-04 4.164643e+08 3.180203e+01 2.288802e+01 6.923341e+01 2.264874e-10 3.469558e-10 1.017995e-09 2.047584e-08 8.090166e-08
1.250000e+00 5.878000e-02  5.343636e-02  1.000000e-01 2.847928e-05 8.000000e-04 4.164643e+08 3.180203e+01 2.288802e+01 6.923341e+01 2.433759e-10 3.655354e-10 1.072969e-09 2.158159e-08 8.527053e-08
1.250000e+00 5.878000e-02  5.343636e-02  1.000000e-01 2.923814e-05 8.000000e-04 4.164643e+08 3.180203e+01 2.288802e+01 6.923341e+01 2.501744e-10 3.885408e-10 1.130912e-09 2.274704e-08 8.987534e-08
1.250000e+00 5.878000e-02  5.343636e-02  1.000000e-01 3.001722e-05 8.000000e-04 4.164643e+08 3.180203e+01 2.288802e+01 6.923341e+01 2.643155e-10 4.115461e-10 1.191984e-09 2.397544e-08 9.472881e-08
1.250000e+00 5.878000e-02  5.343636e-02  1.000000e-01 3.081707e-05 8.000000e-04 4.164643e+08 3.180203e+01 2.288802e+01 6.923341e+01 2.824437e-10 4.303335e-10 1.256354e-09 2.527016e-08 9.984439e-08
1.250000e+00 5.878000e-02  5.343636e-02  1.000000e-01 3.163822e-05 8.000000e-04 4.164643e+08 3.180203e+01 2.288802e+01 6.923341e+01 2.864345e-10 4.556174e-10 1.324200e-09 2.663481e-08 1.052362e-07
1.250000e+00 5.878000e-02  5.343636e-02  1.000000e-01 3.248126e-05 8.000000e-04 4.164643e+08 3.180203e+01 2.288802e+01 6.923341e+01 3.037396e-10 4.788831e-10 1.395710e-09 2.807315e-08 1.109192e-07
1.250000e+00 5.878000e-02  5.343636e-02  1.000000e-01 3.334676e-05 8.000000e-04 4.164643e+08 3.180203e+01 2.288802e+01 6.923341e+01 3.224511e-10 5.061046e-10 1.471081e-09 2.958917e-08 1.169091e-07
1.250000e+00 5.878000e-02  5.343636e-02  1.000000e-01 3.423532e-05 8.000000e-04 4.164643e+08 3.180203e+01 2.288802e+01 6.923341e+01 3.383479e-10 5.291402e-10 1.550523e-09 3.118705e-08 1.232225e-07
1.250000e+00 5.878000e-02  5.343636e-02  1.000000e-01 3.514756e-05 8.000000e-04 4.164643e+08 3.180203e+01 2.288802e+01 6.923341e+01 3.604503e-10 5.541499e-10 1.634255e-09 3.287122e-08 1.298768e-07
1.250000e+00 5.878000e-02  5.343636e-02  1.000000e-01 3.608411e-05 8.000000e-04 4.164643e+08 3.180203e+01 2.288802e+01 6.923341e+01 3.937811e-10 5.971247e-10 1.722509e-09 3.464635e-08 1.368904e-07
1.250000e+00 5.878000e-02  5.343636e-02  1.000000e-01 3.704561e-05 8.000000e-04 4.164643e+08 3.180203e+01 2.288802e+01 6.923341e+01 4.224774e-10 6.283745e-10 1.815528e-09 3.651733e-08 1.442828e-07
1.250000e+00 5.878000e-02  5.343636e-02  1.000000e-01 3.803273e-05 8.000000e-04 4.164643e+08 3.180203e+01 2.288802e+01 6.923341e+01 4.547054e-10 6.626046e-10 1.913571e-09 3.848935e-08 1.520744e-07
1.250000e+00 5.878000e-02  5.343636e-02  1.000000e-01 3.904616e-05 8.000000e-04 4.164643e+08 3.180203e+01 2.288802e+01 6.923341e+01 4.544822e-10 6.895551e-10 2.016908e-09 4.056786e-08 1.602868e-07
1.250000e+00 5.878000e-02  5.343636e-02  1.000000e-01 4.008659e-05 8.000000e-04 4.164643e+08 3.180203e+01 2.288802e+01 6.923341e+01 4.776019e-10 7.255194e-10 2.125826e-09 4.275862e-08 1.689426e-07
1.250000e+00 5.878000e-02  5.343636e-02  1.000000e-01 4.115474e-05 8.000000e-04 4.164643e+08 3.180203e+01 2.288802e+01 6.923341e+01 5.003009e-10 7.619996e-10 2.240625e-09 4.506769e-08 1.780659e-07
1.250000e+00 5.878000e-02  5.343636e-02  1.000000e-01 4.225136e-05 8.000000e-04 4.164643e+08 3.180203e+01 2.288802e+01 6.923341e+01 5.165373e-10 8.108205e-10 2.361624e-09 4.750145e-08 1.876819e-07
1.250000e+00 5.878000e-02  5.343636e-02  1.000000e-01 4.337719e-05 8.000000e-04 4.164643e+08 3.180203e+01 2.288802e+01 6.923341e+01 5.813779e-10 8.545527e-10 2.489157e-09 5.006663e-08 1.978172e-07
1.250000e+00 5.878000e-02  5.343636e-02  1.000000e-01 4.453303e-05 8.000000e-04 4.164643e+08 3.180203e+01 2.288802e+01 6.923341e+01 5.959002e-10 9.039399e-10 2.623577e-09 5.277035e-08 2.084998e-07
1.250000e+00 5.878000e-02  5.343636e-02  1.000000e-01 4.571966e-05 8.000000e-04 4.164643e+08 3.180203e+01 2.288802e+01 6.923341e+01 6.019380e-10 9.473502e-10 2.765257e-09 5.562007e-08 2.197592e-07
1.250000e+00 5.878000e-02  5.343636e-02  1.000000e-01 4.693791e-05 8.000000e-04 4.164643e+08 3.180203e+01 2.288802e+01 6.923341e+01 6.648172e-10 1.001572e-09 2.914587e-09 5.862368e-08 2.316267e-07
1.250000e+00 5.878000e-02  5.343636e-02  1.000000e-01 4.818863e-05 8.000000e-04 4.164643e+08 3.180203e+01 2.288802e+01 6.923341e+01 6.744705e-10 1.053445e-09 3.071981e-09 6.178949e-08 2.441351e-07
1.250000e+00 5.878000e-02  5.343636e-02  1.000000e-01 4.947267e-05 8.000000e-04 4.164643e+08 3.180203e+01 2.288802e+01 6.923341e+01 7.164826e-10 1.102096e-09 3.237875e-09 6.512627e-08 2.573190e-07
1.250000e+00 5.878000e-02  5.343636e-02  1.000000e-01 5.079093e-05 8.000000e-04 4.164643e+08 3.180203e+01 2.288802e+01 6.923341e+01 7.554284e-10 1.173740e-09 3.412728e-09 6.864324e-08 2.712148e-07
1.250000e+00 5.878000e-02  5.343636e-02  1.000000e-01 5.214431e-05 8.000000e-04 4.164643e+08 3.180203e+01 2.288802e+01 6.923341e+01 8.120930e-10 1.222365e-09 3.597023e-09 7.235013e-08 2.858610e-07
1.250000e+00 5.878000e-02  5.343636e-02  1.000000e-01 5.353375e-05 8.000000e-04 4.164643e+08 3.180203e+01 2.288802e+01 6.923341e+01 8.233326e-10 1.299108e-09 3.791271e-09 7.625721e-08 3.012982e-07
1.250000e+00 5.878000e-02  5.343636e-02  1.000000e-01 5.496022e-05 8.000000e-04 4.164643e+08 3.180203e+01 2.288802e+01 6.923341e+01 8.566385e-10 1.369830e-09 3.996008e-09 8.037527e-08 3.175690e-07
1.250000e+00 5.878000e-02  5.343636e-02  1.000000e-01 5.642470e-05 8.000000e-04 4.164643e+08 3.180203e+01 2.288802e+01 6.923341e+01 9.321907e-10 1.440830e-09 4.211802e-09 8.471572e-08 3.347184e-07
1.250000e+00 5.878000e-02  5.343636e-02  1.000000e-01 5.792820e-05 8.000000e-04 4.164643e+08 3.180203e+01 2.288802e+01 6.923341e+01 9.955036e-10 1.542752e-09 4.439249e-09 8.929057e-08 3.527940e-07
1.250000e+00 5.878000e-02  5.343636e-02  1.000000e-01 5.947176e-05 8.000000e-04 4.164643e+08 3.180203e+01 2.288802e+01 6.923341e+01 1.050728e-09 1.604646e-09 4.678979e-09 9.411246e-08 3.718457e-07
1.250000e+00 5.878000e-02  5.343636e-02  1.000000e-01 6.105646e-05 8.000000e-04 4.164643e+08 3.180203e+01 2.288802e+01 6.923341e+01 1.120022e-09 1.688102e-09 4.931655e-09 9.919476e-08 3.919262e-07
1.250000e+00 5.878000e-02  5.343636e-02  1.000000e-01 6.268338e-05 8.000000e-04 4.164643e+08 3.180203e+01 2.288802e+01 6.923341e+01 1.193469e-09 1.792763e-09 5.197975e-09 1.045515e-07 4.130911e-07
1.250000e+00 5.878000e-02  5.343636e-02  1.000000e-01 6.435365e-05 8.000000e-04 4.164643e+08 3.180203e+01 2.288802e+01 6.923341e+01 1.214499e-09 1.873965e-09 5.478678e-09 1.101975e-07 4.353990e-07
1.250000e+00 5.878000e-02  5.343636e-02  1.000000e-01 6.606842e-05 8.000000e-04 4.164643e+08 3.180203e+01 2.288802e+01 6.923341e+01 1.348634e-09 1.995928e-09 5.774539e-09 1.161484e-07 4.589116e-07
1.250000e+00 5.878000e-02  5.343636e-02  1.000000e-01 6.782889e-05 8.000000e-04 4.164643e+08 3.180203e+01 2.288802e+01 6.923341e+01 1.301816e-09 2.084328e-09 6.086378e-09 1.224207e-07 4.836938e-07
1.250000e+00 5.878000e-02  5.343636e-02  1.000000e-01 6.963627e-05 8.000000e-04 4.164643e+08 3.180203e+01 2.288802e+01 6.923341e+01 1.396865e-09 2.197253e-09 6.415056e-09 1.290317e-07 5.098144e-07
1.250000e+00 5.878000e-02  5.343636e-02  1.000000e-01 7.149181e-05 8.000000e-04 4.164643e+08 3.180203e+01 2.288802e+01 6.923341e+01 1.507485e-09 2.350941e-09 6.761484e-09 1.359997e-07 5.373456e-07
1.250000e+00 5.878000e-02  5.343636e-02  1.000000e-01 7.339679e-05 8.000000e-04 4.164643e+08 3.180203e+01 2.288802e+01 6.923341e+01 1.599252e-09 2.469210e-09 7.126620e-09 1.433440e-07 5.663635e-07
