5.000000e-01 1.805000e-02  1.640909e-02  1.000000e-01 2.000000e-06 8.000000e-04 9.315232e+09 3.180203e+01 2.288802e+01 6.923341e+01 6.116442e-13 7.611789e-13 2.746499e-12 5.548917e-11 2.088294e-10
5.000000e-01 1.805000e-02  1.640909e-02  1.000000e-01 2.053292e-06 8.000000e-04 9.315232e+09 3.180203e+01 2.288802e+01 6.923341e+01 6.581574e-13 8.092646e-13 2.894817e-12 5.848572e-11 2.201067e-10
5.000000e-01 1.805000e-02  1.640909e-02  1.000000e-01 2.108005e-06 8.000000e-04 9.315232e+09 3.180203e+01 2.288802e+01 6.923341e+01 6.940286e-13 8.607701e-13 3.051143e-12 6.164408e-11 2.319930e-10
5.000000e-01 1.805000e-02  1.640909e-02  1.000000e-01 2.164175e-06 8.000000e-04 9.315232e+09 3.180203e+01 2.288802e+01 6.923341e+01 7.392529e-13 8.964581e-13 3.215912e-12 6.497301e-11 2.445211e-10
5.000000e-01 1.805000e-02  1.640909e-02  1.000000e-01 2.221842e-06 8.000000e-04 9.315232e+09 3.180203e+01 2.288802e+01 6.923341e+01 8.219761e-13 9.418712e-13 3.389579e-12 6.848170e-11 2.577258e-10
5.000000e-01 1.805000e-02  1.640909e-02  1.000000e-01 2.281045e-06 8.000000e-04 9.315232e+09 3.180203e+01 2.288802e+01 6.923341e+01 8.200336e-13 9.998114e-13 3.572624e-12 7.217987e-11 2.716436e-10
5.000000e-01 1.805000e-02  1.640909e-02  1.000000e-01 2.341826e-06 8.000000e-04 9.315232e+09 3.180203e+01 2.288802e+01 6.923341e+01 8.601219e-13 1.052128e-12 3.765554e-12 7.607775e-11 2.863130e-10
5.000000e-01 1.805000e-02  1.640909e-02  1.000000e-01 2.404227e-06 8.000000e-04 9.315232e+09 3.180203e+01 2.288802e+01 6.923341e+01 9.681709e-13 1.119429e-12 3.968902e-12 8.018612e-11 3.017745e-10
5.000000e-01 1.805000e-02  1.640909e-02  1.000000e-01 2.468290e-06 8.000000e-04 9.315232e+09 3.180203e+01 2.288802e+01 6.923341e+01 9.770886e-13 1.163834e-12 4.183232e-12 8.451636e-11 3.180711e-10
5.000000e-01 1.805000e-02  1.640909e-02  1.000000e-01 2.534061e-06 8.000000e-04 9.315232e+09 3.180203e+01 2.288802e+01 6.923341e+01 1.053906e-12 1.241585e-12 4.409137e-12 8.908044e-11 3.352476e-10
5.000000e-01 1.805000e-02  1.640909e-02  1.000000e-01 2.601584e-06 8.000000e-04 9.315232e+09 3.180203e+01 2.288802e+01 6.923341e+01 1.051671e-12 1.282557e-12 4.647240e-12 9.389099e-11 3.533518e-10
5.000000e-01 1.805000e-02  1.640909e-02  1.000000e-01 2.670906e-06 8.000000e-04 9.315232e+09 3.180203e+01 2.288802e+01 6.923341e+01 1.184437e-12 1.339254e-12 4.898202e-12 9.896132e-11 3.724336e-10
5.000000e-01 1.805000e-02  1.640909e-02  1.000000e-01 2.742075e-06 8.000000e-04 9.315232e+09 3.180203e+01 2.288802e+01 6.923341e+01 1.183977e-12 1.447784e-12 5.162716e-12 1.043055e-10 3.925459e-10
5.000000e-01 1.805000e-02  1.640909e-02  1.000000e-01 2.815141e-06 8.000000e-04 9.315232e+09 3.180203e+01 2.288802e+01 6.923341e+01 1.295628e-12 1.524470e-12 5.441515e-12 1.099382e-10 4.137443e-10
5.000000e-01 1.805000e-02  1.640909e-02  1.000000e-01 2.890154e-06 8.000000e-04 9.315232e+09 3.180203e+01 2.288802e+01 6.923341e+01 1.408040e-12 1.587159e-12 5.735369e-12 1.158751e-10 4.360874e-10
5.000000e-01 1.805000e-02  1.640909e-02  1.000000e-01 2.967165e-06 8.000000e-04 9.315232e+09 3.180203e+01 2.288802e+01 6.923341e+01 1.417339e-12 1.689841e-12 6.045092e-12 1.221326e-10 4.596371e-10
5.000000e-01 1.805000e-02  1.640909e-02  1.000000e-01 3.046229e-06 8.000000e-04 9.315232e+09 3.180203e+01 2.288802e+01 6.923341e+01 1.490272e-12 1.776284e-12 6.371541e-12 1.287281e-10 4.844586e-10
5.000000e-01 1.805000e-02  1.640909e-02  1.000000e-01 3.127399e-06 8.000000e-04 9.315232e+09 3.180203e+01 2.288802e+01 6.923341e+01 1.628716e-12 1.871050e-12 6.715619e-12 1.356797e-10 5.106205e-10
5.000000e-01 1.805000e-02  1.640909e-02  1.000000e-01 3.210732e-06 8.000000e-04 9.315232e+09 3.180203e+01 2.288802e+01 6.923341e+01 1.784231e-12 1.949895e-12 7.078278e-12 1.430067e-10 5.381952e-10
5.000000e-01 1.805000e-02  1.640909e-02  1.000000e-01 3.296286e-06 8.000000e-04 9.315232e+09 3.180203e+01 2.288802e+01 6.923341e+01 1.733137e-12 2.067777e-12 7.460521e-12 1.507294e-10 5.672590e-10
5.000000e-01 1.805000e-02  1.640909e-02  1.000000e-01 3.384119e-06 8.000000e-04 9.315232e+09 3.180203e+01 2.288802e+01 6.923341e+01 1.791491e-12 2.197462e-12 7.863407e-12 1.588691e-10 5.978923e-10
5.000000e-01 1.805000e-02  1.640909e-02  1.000000e-01 3.474293e-06 8.000000e-04 9.315232e+09 3.180203e+01 2.288802e+01 6.923341e+01 1.939492e-12 2.299436e-12 8.288049e-12 1.674484e-10 6.301798e-10
5.000000e-01 1.805000e-02  1.640909e-02  1.000000e-01 3.566869e-06 8.000000e-04 9.315232e+09 3.180203e+01 2.288802e+01 6.923341e+01 2.081830e-12 2.407507e-12 8.735623e-12 1.764910e-10 6.642110e-10
5.000000e-01 1.805000e-02  1.640909e-02  1.000000e-01 3.661913e-06 8.000000e-04 9.315232e+09 3.180203e+01 2.288802e+01 6.923341e+01 2.066258e-12 2.568004e-12 9.207367e-12 1.860220e-10 7.000799e-10
5.000000e-01 1.805000e-02  1.640909e-02  1.000000e-01 3.759488e-06 8.000000e-04 9.315232e+09 3.180203e+01 2.288802e+01 6.923341e+01 2.234979e-12 2.687990e-12 9.704586e-12 1.960676e-10 7.378858e-10
5.000000e-01 1.805000e-02  1.640909e-02  1.000000e-01 3.859664e-06 8.000000e-04 9.315232e+09 3.180203e+01 2.288802e+01 6.923341e+01 2.331771e-12 2.843771e-12 1.022866e-11 2.066557e-10 7.777334e-10
5.000000e-01 1.805000e-02  1.640909e-02  1.000000e-01 3.962510e-06 8.000000e-04 9.315232e+09 3.180203e+01 2.288802e+01 6.923341e+01 2.539003e-12 3.016977e-12 1.078103e-11 2.178156e-10 8.197328e-10
5.000000e-01 1.805000e-02  1.640909e-02  1.000000e-01 4.068095e-06 8.000000e-04 9.315232e+09 3.180203e+01 2.288802e+01 6.923341e+01 2.621187e-12 3.144611e-12 1.136323e-11 2.295781e-10 8.640002e-10
5.000000e-01 1.805000e-02  1.640909e-02  1.000000e-01 4.176494e-06 8.000000e-04 9.315232e+09 3.180203e+01 2.288802e+01 6.923341e+01 2.890365e-12 3.328980e-12 1.197687e-11 2.419759e-10 9.106583e-10
5.000000e-01 1.805000e-02  1.640909e-02  1.000000e-01 4.287782e-06 8.000000e-04 9.315232e+09 3.180203e+01 2.288802e+01 6.923341e+01 2.844972e-12 3.504720e-12 1.262365e-11 2.550431e-10 9.598359e-10
5.000000e-01 1.805000e-02  1.640909e-02  1.000000e-01 4.402035e-06 8.000000e-04 9.315232e+09 3.180203e+01 2.288802e+01 6.923341e+01 3.082779e-12 3.685911e-12 1.330535e-11 2.688160e-10 1.011669e-09
5.000000e-01 1.805000e-02  1.640909e-02  1.000000e-01 4.519332e-06 8.000000e-04 9.315232e+09 3.180203e+01 2.288802e+01 6.923341e+01 3.322578e-12 3.895019e-12 1.402387e-11 2.833327e-10 1.066302e-09
5.000000e-01 1.805000e-02  1.640909e-02  1.000000e-01 4.639755e-06 8.000000e-04 9.315232e+09 3.180203e+01 2.288802e+01 6.923341e+01 3.669037e-12 4.137404e-12 1.478119e-11 2.986333e-10 1.123885e-09
5.000000e-01 1.805000e-02  1.640909e-02  1.000000e-01 4.763386e-06 8.000000e-04 9.315232e+09 3.180203e+01 2.288802e+01 6.923341e+01 3.653162e-12 4.380362e-12 1.557941e-11 3.147602e-10 1.184577e-09
5.000000e-01 1.805000e-02  1.640909e-02  1.000000e-01 4.890312e-06 8.000000e-04 9.315232e+09 3.180203e+01 2.288802e+01 6.923341e+01 3.811157e-12 4.519959e-12 1.642074e-11 3.317580e-10 1.248547e-09
5.000000e-01 1.805000e-02  1.640909e-02  1.000000e-01 5.020620e-06 8.000000e-04 9.315232e+09 3.180203e+01 2.288802e+01 6.923341e+01 3.989439e-12 4.781559e-12 1.730749e-11 3.496737e-10 1.315971e-09
5.000000e-01 1.805000e-02  1.640909e-02  1.000000e-01 5.154400e-06 8.000000e-04 9.315232e+09 3.180203e+01 2.288802e+01 6.923341e+01 4.090853e-12 5.024789e-12 1.824214e-11 3.685569e-10 1.387037e-09
5.000000e-01 1.805000e-02  1.640909e-02  1.000000e-01 5.291745e-06 8.000000e-04 9.315232e+09 3.180203e+01 2.288802e+01 6.923341e+01 4.662705e-12 5.210000e-12 1.922726e-11 3.884598e-10 1.461940e-09
5.000000e-01 1.805000e-02  1.640909e-02  1.000000e-01 5.432750e-06 8.000000e-04 9.315232e+09 3.180203e+01 2.288802e+01 6.923341e+01 4.801460e-12 5.611390e-12 2.026557e-11 4.094375e-10 1.540888e-09
5.000000e-01 1.805000e-02  1.640909e-02  1.000000e-01 5.577512e-06 8.000000e-04 9.315232e+09 3.180203e+01 2.288802e+01 6.923341e+01 4.833159e-12 5.963279e-12 2.135996e-11 4.315481e-10 1.624099e-09
5.000000e-01 1.805000e-02  1.640909e-02  1.000000e-01 5.726131e-06 8.000000e-04 9.315232e+09 3.180203e+01 2.288802e+01 6.923341e+01 5.095584e-12 6.223190e-12 2.251345e-11 4.548527e-10 1.711805e-09
5.000000e-01 1.805000e-02  1.640909e-02  1.000000e-01 5.878710e-06 8.000000e-04 9.315232e+09 3.180203e+01 2.288802e+01 6.923341e+01 5.819394e-12 6.559625e-12 2.372923e-11 4.794158e-10 1.804246e-09
5.000000e-01 1.805000e-02  1.640909e-02  1.000000e-01 6.035355e-06 8.000000e-04 9.315232e+09 3.180203e+01 2.288802e+01 6.923341e+01 5.539641e-12 6.895595e-12 2.501066e-11 5.053054e-10 1.901679e-09
5.000000e-01 1.805000e-02  1.640909e-02  1.000000e-01 6.196174e-06 8.000000e-04 9.315232e+09 3.180203e+01 2.288802e+01 6.923341e+01 6.398003e-12 7.214669e-12 2.636129e-11 5.325930e-10 2.004375e-09
5.000000e-01 1.805000e-02  1.640909e-02  1.000000e-01 6.361278e-06 8.000000e-04 9.315232e+09 3.180203e+01 2.288802e+01 6.923341e+01 6.505537e-12 7.653040e-12 2.778486e-11 5.613543e-10 2.112615e-09
5.000000e-01 1.805000e-02  1.640909e-02  1.000000e-01 6.530782e-06 8.000000e-04 9.315232e+09 3.180203e+01 2.288802e+01 6.923341e+01 6.853963e-12 8.119166e-12 2.928531e-11 5.916687e-10 2.226702e-09
5.000000e-01 1.805000e-02  1.640909e-02  1.000000e-01 6.704802e-06 8.000000e-04 9.315232e+09 3.180203e+01 2.288802e+01 6.923341e+01 6.908933e-12 8.552199e-12 3.086678e-11 6.236202e-10 2.346949e-09
5.000000e-01 1.805000e-02  1.640909e-02  1.000000e-01 6.883459e-06 8.000000e-04 9.315232e+09 3.180203e+01 2.288802e+01 6.923341e+01 7.236399e-12 8.941303e-12 3.253366e-11 6.572971e-10 2.473689e-09
5.000000e-01 1.805000e-02  1.640909e-02  1.000000e-01 7.066877e-06 8.000000e-04 9.315232e+09 3.180203e+01 2.288802e+01 6.923341e+01 7.569812e-12 9.488310e-12 3.429056e-11 6.927927e-10 2.607274e-09
5.000000e-01 1.805000e-02  1.640909e-02  1.000000e-01 7.255182e-06 8.000000e-04 9.315232e+09 3.180203e+01 2.288802e+01 6.923341e+01 8.246722e-12 9.874131e-12 3.614232e-11 7.302051e-10 2.748073e-09
5.000000e-01 1.805000e-02  1.640909e-02  1.000000e-01 7.448504e-06 8.000000e-04 9.315232e+09 3.180203e+01 2.288802e+01 6.923341e+01 8.669345e-12 1.044914e-11 3.809409e-11 7.696379e-10 2.896475e-09
5.000000e-01 1.805000e-02  1.640909e-02  1.000000e-01 7.646978e-06 8.000000e-04 9.315232e+09 3.180203e+01 2.288802e+01 6.923341e+01 9.478295e-12 1.117963e-11 4.015126e-11 8.112001e-10 3.052892e-09
5.000000e-01 1.805000e-02  1.640909e-02  1.000000e-01 7.850741e-06 8.000000e-04 9.315232e+09 3.180203e+01 2.288802e+01 6.923341e+01 1.014277e-11 1.171826e-11 4.231952e-11 8.550068e-10 3.217755e-09
5.000000e-01 1.805000e-02  1.640909e-02  1.000000e-01 8.059933e-06 8.000000e-04 9.315232e+09 3.180203e+01 2.288802e+01 6.923341e+01 1.041806e-11 1.238437e-11 4.460488e-11 9.011791e-10 3.391521e-09
5.000000e-01 1.805000e-02  1.640909e-02  1.000000e-01 8.274699e-06 8.000000e-04 9.315232e+09 3.180203e+01 2.288802e+01 6.923341e+01 1.076325e-11 1.303784e-11 4.701364e-11 9.498449e-10 3.574671e-09
5.000000e-01 1.805000e-02  1.640909e-02  1.000000e-01 8.495188e-06 8.000000e-04 9.315232e+09 3.180203e+01 2.288802e+01 6.923341e+01 1.160827e-11 1.386523e-11 4.955249e-11 1.001139e-09 3.767711e-09
5.000000e-01 1.805000e-02  1.640909e-02  1.000000e-01 8.721552e-06 8.000000e-04 9.315232e+09 3.180203e+01 2.288802e+01 6.923341e+01 1.231206e-11 1.441424e-11 5.222844e-11 1.055202e-09 3.971177e-09
5.000000e-01 1.805000e-02  1.640909e-02  1.000000e-01 8.953948e-06 8.000000e-04 9.315232e+09 3.180203e+01 2.288802e+01 6.923341e+01 1.323669e-11 1.523826e-11 5.504889e-11 1.112186e-09 4.185629e-09
5.000000e-01 1.805000e-02  1.640909e-02  1.000000e-01 9.192536e-06 8.000000e-04 9.315232e+09 3.180203e+01 2.288802e+01 6.923341e+01 1.349248e-11 1.606178e-11 5.802166e-11 1.172246e-09 4.411663e-09
5.000000e-01 1.805000e-02  1.640909e-02  1.000000e-01 9.437481e-06 8.000000e-04 9.315232e+09 3.180203e+01 2.288802e+01 6.923341e+01 1.404420e-11 1.705669e-11 6.115496e-11 1.235550e-09 4.649903e-09
5.000000e-01 1.805000e-02  1.640909e-02  1.000000e-01 9.688954e-06 8.000000e-04 9.315232e+09 3.180203e+01 2.288802e+01 6.923341e+01 1.495554e-11 1.785218e-11 6.445747e-11 1.302273e-09 4.901008e-09
5.000000e-01 1.805000e-02  1.640909e-02  1.000000e-01 9.947127e-06 8.000000e-04 9.315232e+09 3.180203e+01 2.288802e+01 6.923341e+01 1.596028e-11 1.902409e-11 6.793833e-11 1.372599e-09 5.165674e-09
5.000000e-01 1.805000e-02  1.640909e-02  1.000000e-01 1.021218e-05 8.000000e-04 9.315232e+09 3.180203e+01 2.288802e+01 6.923341e+01 1.612939e-11 1.966546e-11 7.160715e-11 1.446722e-09 5.444633e-09
5.000000e-01 1.805000e-02  1.640909e-02  1.000000e-01 1.048430e-05 8.000000e-04 9.315232e+09 3.180203e+01 2.288802e+01 6.923341e+01 1.717516e-11 2.069590e-11 7.547410e-11 1.524849e-09 5.738655e-09
5.000000e-01 1.805000e-02  1.640909e-02  1.000000e-01 1.076366e-05 8.000000e-04 9.315232e+09 3.180203e+01 2.288802e+01 6.923341e+01 1.944286e-11 2.198910e-11 7.954988e-11 1.607194e-09 6.048556e-09
5.000000e-01 1.805000e-02  1.640909e-02  1.000000e-01 1.105047e-05 8.000000e-04 9.315232e+09 3.180203e+01 2.288802e+01 6.923341e+01 1.981865e-11 2.326584e-11 8.384576e-11 1.693986e-09 6.375192e-09
5.000000e-01 1.805000e-02  1.640909e-02  1.000000e-01 1.134492e-05 8.000000e-04 9.315232e+09 3.180203e+01 2.288802e+01 6.923341e+01 2.106427e-11 2.465060e-11 8.837362e-11 1.785465e-09 6.719467e-09
5.000000e-01 1.805000e-02  1.640909e-02  1.000000e-01 1.164722e-05 8.000000e-04 9.315232e+09 3.180203e+01 2.288802e+01 6.923341e+01 2.237068e-11 2.570731e-11 9.314600e-11 1.881885e-09 7.082334e-09
5.000000e-01 1.805000e-02  1.640909e-02  1.000000e-01 1.195758e-05 8.000000e-04 9.315232e+09 3.180203e+01 2.288802e+01 6.923341e+01 2.234701e-11 2.756808e-11 9.817610e-11 1.983511e-09 7.464796e-09
5.000000e-01 1.805000e-02  1.640909e-02  1.000000e-01 1.227620e-05 8.000000e-04 9.315232e+09 3.180203e+01 2.288802e+01 6.923341e+01 2.318235e-11 2.851958e-11 1.034778e-10 2.090625e-09 7.867912e-09
5.000000e-01 1.805000e-02  1.640909e-02  1.000000e-01 1.260331e-05 8.000000e-04 9.315232e+09 3.180203e+01 2.288802e+01 6.923341e+01 2.545348e-11 2.994421e-11 1.090659e-10 2.203523e-09 8.292798e-09
5.000000e-01 1.805000e-02  1.640909e-02  1.000000e-01 1.293914e-05 8.000000e-04 9.315232e+09 3.180203e+01 2.288802e+01 6.923341e+01 2.657210e-11 3.185441e-11 1.149557e-10 2.322519e-09 8.740628e-09
5.000000e-01 1.805000e-02  1.640909e-02  1.000000e-01 1.328392e-05 8.000000e-04 9.315232e+09 3.180203e+01 2.288802e+01 6.923341e+01 2.842032e-11 3.387557e-11 1.211636e-10 2.447940e-09 9.212642e-09
5.000000e-01 1.805000e-02  1.640909e-02  1.000000e-01 1.363789e-05 8.000000e-04 9.315232e+09 3.180203e+01 2.288802e+01 6.923341e+01 2.941662e-11 3.529939e-11 1.277067e-10 2.580135e-09 9.710146e-09
5.000000e-01 1.805000e-02  1.640909e-02  1.000000e-01 1.400128e-05 8.000000e-04 9.315232e+09 3.180203e+01 2.288802e+01 6.923341e+01 3.073613e-11 3.729654e-11 1.346031e-10 2.719468e-09 1.023452e-08
5.000000e-01 1.805000e-02  1.640909e-02  1.000000e-01 1.437436e-05 8.000000e-04 9.315232e+09 3.180203e+01 2.288802e+01 6.923341e+01 3.286398e-11 3.932456e-11 1.418720e-10 2.866325e-09 1.078720e-08
5.000000e-01 1.805000e-02  1.640909e-02  1.000000e-01 1.475738e-05 8.000000e-04 9.315232e+09 3.180203e+01 2.288802e+01 6.923341e+01 3.384083e-11 4.184154e-11 1.495334e-10 3.021114e-09 1.136974e-08
5.000000e-01 1.805000e-02  1.640909e-02  1.000000e-01 1.515061e-05 8.000000e-04 9.315232e+09 3.180203e+01 2.288802e+01 6.923341e+01 3.659640e-11 4.370890e-11 1.576086e-10 3.184261e-09 1.198373e-08
5.000000e-01 1.805000e-02  1.640909e-02  1.000000e-01 1.555432e-05 8.000000e-04 9.315232e+09 3.180203e+01 2.288802e+01 6.923341e+01 3.823320e-11 4.655273e-11 1.661198e-10 3.356218e-09 1.263088e-08
5.000000e-01 1.805000e-02  1.640909e-02  1.000000e-01 1.596878e-05 8.000000e-04 9.315232e+09 3.180203e+01 2.288802e+01 6.923341e+01 4.036483e-11 4.838789e-11 1.750907e-10 3.537462e-09 1.331298e-08
5.000000e-01 1.805000e-02  1.640909e-02  1.000000e-01 1.639429e-05 8.000000e-04 9.315232e+09 3.180203e+01 2.288802e+01 6.923341e+01 4.261602e-11 5.091742e-11 1.845460e-10 3.728493e-09 1.403191e-08
5.000000e-01 1.805000e-02  1.640909e-02  1.000000e-01 1.683113e-05 8.000000e-04 9.315232e+09 3.180203e+01 2.288802e+01 6.923341e+01 4.646768e-11 5.354349e-11 1.945119e-10 3.929840e-09 1.478966e-08
5.000000e-01 1.805000e-02  1.640909e-02  1.000000e-01 1.727962e-05 8.000000e-04 9.315232e+09 3.180203e+01 2.288802e+01 6.923341e+01 4.515494e-11 5.744490e-11 2.050160e-10 4.142061e-09 1.558834e-08
5.000000e-01 1.805000e-02  1.640909e-02  1.000000e-01 1.774005e-05 8.000000e-04 9.315232e+09 3.180203e+01 2.288802e+01 6.923341e+01 5.188084e-11 6.023975e-11 2.160873e-10 4.365741e-09 1.643015e-08
5.000000e-01 1.805000e-02  1.640909e-02  1.000000e-01 1.821276e-05 8.000000e-04 9.315232e+09 3.180203e+01 2.288802e+01 6.923341e+01 5.173815e-11 6.307580e-11 2.277565e-10 4.601502e-09 1.731741e-08
5.000000e-01 1.805000e-02  1.640909e-02  1.000000e-01 1.869805e-05 8.000000e-04 9.315232e+09 3.180203e+01 2.288802e+01 6.923341e+01 5.431843e-11 6.685223e-11 2.400559e-10 4.849993e-09 1.825259e-08
5.000000e-01 1.805000e-02  1.640909e-02  1.000000e-01 1.919629e-05 8.000000e-04 9.315232e+09 3.180203e+01 2.288802e+01 6.923341e+01 6.000357e-11 7.034235e-11 2.530195e-10 5.111904e-09 1.923827e-08
5.000000e-01 1.805000e-02  1.640909e-02  1.000000e-01 1.970779e-05 8.000000e-04 9.315232e+09 3.180203e+01 2.288802e+01 6.923341e+01 5.646787e-11 7.446414e-11 2.666831e-10 5.387959e-09 2.027718e-08
5.000000e-01 1.805000e-02  1.640909e-02  1.000000e-01 2.023293e-05 8.000000e-04 9.315232e+09 3.180203e+01 2.288802e+01 6.923341e+01 6.446237e-11 7.759457e-11 2.810846e-10 5.678921e-09 2.137220e-08
5.000000e-01 1.805000e-02  1.640909e-02  1.000000e-01 2.077206e-05 8.000000e-04 9.315232e+09 3.180203e+01 2.288802e+01 6.923341e+01 7.106659e-11 8.233065e-11 2.962638e-10 5.985596e-09 2.252635e-08
5.000000e-01 1.805000e-02  1.640909e-02  1.000000e-01 2.132555e-05 8.000000e-04 9.315232e+09 3.180203e+01 2.288802e+01 6.923341e+01 7.022112e-11 8.648107e-11 3.122627e-10 6.308832e-09 2.374282e-08
5.000000e-01 1.805000e-02  1.640909e-02  1.000000e-01 2.189380e-05 8.000000e-04 9.315232e+09 3.180203e+01 2.288802e+01 6.923341e+01 7.444998e-11 9.014250e-11 3.291257e-10 6.649523e-09 2.502499e-08
5.000000e-01 1.805000e-02  1.640909e-02  1.000000e-01 2.247718e-05 8.000000e-04 9.315232e+09 3.180203e+01 2.288802e+01 6.923341e+01 7.885661e-11 9.646687e-11 3.468992e-10 7.008613e-09 2.637640e-08
5.000000e-01 1.805000e-02  1.640909e-02  1.000000e-01 2.307611e-05 8.000000e-04 9.315232e+09 3.180203e+01 2.288802e+01 6.923341e+01 8.512751e-11 1.014155e-10 3.656326e-10 7.387094e-09 2.780078e-08
5.000000e-01 1.805000e-02  1.640909e-02  1.000000e-01 2.369100e-05 8.000000e-04 9.315232e+09 3.180203e+01 2.288802e+01 6.923341e+01 8.581373e-11 1.074094e-10 3.853776e-10 7.786014e-09 2.930209e-08
5.000000e-01 1.805000e-02  1.640909e-02  1.000000e-01 2.432228e-05 8.000000e-04 9.315232e+09 3.180203e+01 2.288802e+01 6.923341e+01 9.148017e-11 1.128782e-10 4.061888e-10 8.206477e-09 3.088447e-08
5.000000e-01 1.805000e-02  1.640909e-02  1.000000e-01 2.497037e-05 8.000000e-04 9.315232e+09 3.180203e+01 2.288802e+01 6.923341e+01 9.865644e-11 1.190479e-10 4.281240e-10 8.649646e-09 3.255230e-08
5.000000e-01 1.805000e-02  1.640909e-02  1.000000e-01 2.563574e-05 8.000000e-04 9.315232e+09 3.180203e+01 2.288802e+01 6.923341e+01 1.073416e-10 1.257651e-10 4.512437e-10 9.116747e-09 3.431020e-08
5.000000e-01 1.805000e-02  1.640909e-02  1.000000e-01 2.631883e-05 8.000000e-04 9.315232e+09 3.180203e+01 2.288802e+01 6.923341e+01 1.075724e-10 1.324534e-10 4.756119e-10 9.609072e-09 3.616303e-08
5.000000e-01 1.805000e-02  1.640909e-02  1.000000e-01 2.702013e-05 8.000000e-04 9.315232e+09 3.180203e+01 2.288802e+01 6.923341e+01 1.168360e-10 1.385679e-10 5.012960e-10 1.012798e-08 3.811592e-08
5.000000e-01 1.805000e-02  1.640909e-02  1.000000e-01 2.774011e-05 8.000000e-04 9.315232e+09 3.180203e+01 2.288802e+01 6.923341e+01 1.199800e-10 1.468303e-10 5.283671e-10 1.067492e-08 4.017427e-08
5.000000e-01 1.805000e-02  1.640909e-02  1.000000e-01 2.847928e-05 8.000000e-04 9.315232e+09 3.180203e+01 2.288802e+01 6.923341e+01 1.261121e-10 1.534337e-10 5.569002e-10 1.125139e-08 4.234377e-08
5.000000e-01 1.805000e-02  1.640909e-02  1.000000e-01 2.923814e-05 8.000000e-04 9.315232e+09 3.180203e+01 2.288802e+01 6.923341e+01 1.427605e-10 1.617423e-10 5.869741e-10 1.185899e-08 4.463043e-08
5.000000e-01 1.805000e-02  1.640909e-02  1.000000e-01 3.001722e-05 8.000000e-04 9.315232e+09 3.180203e+01 2.288802e+01 6.923341e+01 1.480168e-10 1.731889e-10 6.186720e-10 1.249940e-08 4.704058e-08
5.000000e-01 1.805000e-02  1.640909e-02  1.000000e-01 3.081707e-05 8.000000e-04 9.315232e+09 3.180203e+01 2.288802e+01 6.923341e+01 1.512032e-10 1.803473e-10 6.520818e-10 1.317440e-08 4.958088e-08
5.000000e-01 1.805000e-02  1.640909e-02  1.000000e-01 3.163822e-05 8.000000e-04 9.315232e+09 3.180203e+01 2.288802e+01 6.923341e+01 1.552307e-10 1.868728e-10 6.872957e-10 1.388585e-08 5.225836e-08
5.000000e-01 1.805000e-02  1.640909e-02  1.000000e-01 3.248126e-05 8.000000e-04 9.315232e+09 3.180203e+01 2.288802e+01 6.923341e+01 1.697791e-10 2.002032e-10 7.244112e-10 1.463572e-08 5.508043e-08
5.000000e-01 1.805000e-02  1.640909e-02  1.000000e-01 3.334676e-05 8.000000e-04 9.315232e+09 3.180203e+01 2.288802e+01 6.923341e+01 1.705926e-10 2.101322e-10 7.635311e-10 1.542608e-08 5.805491e-08
5.000000e-01 1.805000e-02  1.640909e-02  1.000000e-01 3.423532e-05 8.000000e-04 9.315232e+09 3.180203e+01 2.288802e+01 6.923341e+01 1.805633e-10 2.229683e-10 8.047636e-10 1.625912e-08 6.119000e-08
5.000000e-01 1.805000e-02  1.640909e-02  1.000000e-01 3.514756e-05 8.000000e-04 9.315232e+09 3.180203e+01 2.288802e+01 6.923341e+01 2.040831e-10 2.362810e-10 8.482227e-10 1.713715e-08 6.449441e-08
5.000000e-01 1.805000e-02  1.640909e-02  1.000000e-01 3.608411e-05 8.000000e-04 9.315232e+09 3.180203e+01 2.288802e+01 6.923341e+01 2.002830e-10 2.481810e-10 8.940286e-10 1.806260e-08 6.797725e-08
5.000000e-01 1.805000e-02  1.640909e-02  1.000000e-01 3.704561e-05 8.000000e-04 9.315232e+09 3.180203e+01 2.288802e+01 6.923341e+01 2.240002e-10 2.636377e-10 9.423083e-10 1.903802e-08 7.164818e-08
5.000000e-01 1.805000e-02  1.640909e-02  1.000000e-01 3.803273e-05 8.000000e-04 9.315232e+09 3.180203e+01 2.288802e+01 6.923341e+01 2.272628e-10 2.750380e-10 9.931951e-10 2.006612e-08 7.551735e-08
5.000000e-01 1.805000e-02  1.640909e-02  1.000000e-01 3.904616e-05 8.000000e-04 9.315232e+09 3.180203e+01 2.288802e+01 6.923341e+01 2.472183e-10 2.902442e-10 1.046830e-09 2.114973e-08 7.959546e-08
5.000000e-01 1.805000e-02  1.640909e-02  1.000000e-01 4.008659e-05 8.000000e-04 9.315232e+09 3.180203e+01 2.288802e+01 6.923341e+01 2.472204e-10 3.027856e-10 1.103361e-09 2.229187e-08 8.389380e-08
5.000000e-01 1.805000e-02  1.640909e-02  1.000000e-01 4.115474e-05 8.000000e-04 9.315232e+09 3.180203e+01 2.288802e+01 6.923341e+01 2.760642e-10 3.204832e-10 1.162945e-09 2.349568e-08 8.842426e-08
5.000000e-01 1.805000e-02  1.640909e-02  1.000000e-01 4.225136e-05 8.000000e-04 9.315232e+09 3.180203e+01 2.288802e+01 6.923341e+01 2.889613e-10 3.409636e-10 1.225747e-09 2.476450e-08 9.319937e-08
5.000000e-01 1.805000e-02  1.640909e-02  1.000000e-01 4.337719e-05 8.000000e-04 9.315232e+09 3.180203e+01 2.288802e+01 6.923341e+01 2.944286e-10 3.566288e-10 1.291940e-09 2.610184e-08 9.823235e-08
5.000000e-01 1.805000e-02  1.640909e-02  1.000000e-01 4.453303e-05 8.000000e-04 9.315232e+09 3.180203e+01 2.288802e+01 6.923341e+01 3.034150e-10 3.759936e-10 1.361708e-09 2.751140e-08 1.035371e-07
5.000000e-01 1.805000e-02  1.640909e-02  1.000000e-01 4.571966e-05 8.000000e-04 9.315232e+09 3.180203e+01 2.288802e+01 6.923341e+01 3.270767e-10 3.957567e-10 1.435243e-09 2.899708e-08 1.091284e-07
5.000000e-01 1.805000e-02  1.640909e-02  1.000000e-01 4.693791e-05 8.000000e-04 9.315232e+09 3.180203e+01 2.288802e+01 6.923341e+01 3.555685e-10 4.200953e-10 1.512750e-09 3.056299e-08 1.150216e-07
5.000000e-01 1.805000e-02  1.640909e-02  1.000000e-01 4.818863e-05 8.000000e-04 9.315232e+09 3.180203e+01 2.288802e+01 6.923341e+01 3.781523e-10 4.443318e-10 1.594442e-09 3.221346e-08 1.212330e-07
5.000000e-01 1.805000e-02  1.640909e-02  1.000000e-01 4.947267e-05 8.000000e-04 9.315232e+09 3.180203e+01 2.288802e+01 6.923341e+01 3.913668e-10 4.663137e-10 1.680545e-09 3.395306e-08 1.277798e-07
5.000000e-01 1.805000e-02  1.640909e-02  1.000000e-01 5.079093e-05 8.000000e-04 9.315232e+09 3.180203e+01 2.288802e+01 6.923341e+01 4.083951e-10 4.859270e-10 1.771298e-09 3.578661e-08 1.346803e-07
5.000000e-01 1.805000e-02  1.640909e-02  1.000000e-01 5.214431e-05 8.000000e-04 9.315232e+09 3.180203e+01 2.288802e+01 6.923341e+01 4.326972e-10 5.141499e-10 1.866953e-09 3.771917e-08 1.419533e-07
5.000000e-01 1.805000e-02  1.640909e-02  1.000000e-01 5.353375e-05 8.000000e-04 9.315232e+09 3.180203e+01 2.288802e+01 6.923341e+01 4.279463e-10 5.437015e-10 1.967772e-09 3.975609e-08 1.496191e-07
5.000000e-01 1.805000e-02  1.640909e-02  1.000000e-01 5.496022e-05 8.000000e-04 9.315232e+09 3.180203e+01 2.288802e+01 6.923341e+01 4.864546e-10 5.854075e-10 2.074037e-09 4.190301e-08 1.576989e-07
5.000000e-01 1.805000e-02  1.640909e-02  1.000000e-01 5.642470e-05 8.000000e-04 9.315232e+09 3.180203e+01 2.288802e+01 6.923341e+01 4.854663e-10 5.984864e-10 2.186039e-09 4.416587e-08 1.662150e-07
5.000000e-01 1.805000e-02  1.640909e-02  1.000000e-01 5.792820e-05 8.000000e-04 9.315232e+09 3.180203e+01 2.288802e+01 6.923341e+01 5.261690e-10 6.375420e-10 2.304091e-09 4.655093e-08 1.751910e-07
5.000000e-01 1.805000e-02  1.640909e-02  1.000000e-01 5.947176e-05 8.000000e-04 9.315232e+09 3.180203e+01 2.288802e+01 6.923341e+01 5.341258e-10 6.688999e-10 2.428517e-09 4.906479e-08 1.846517e-07
5.000000e-01 1.805000e-02  1.640909e-02  1.000000e-01 6.105646e-05 8.000000e-04 9.315232e+09 3.180203e+01 2.288802e+01 6.923341e+01 6.043170e-10 7.207708e-10 2.559662e-09 5.171440e-08 1.946233e-07
5.000000e-01 1.805000e-02  1.640909e-02  1.000000e-01 6.268338e-05 8.000000e-04 9.315232e+09 3.180203e+01 2.288802e+01 6.923341e+01 6.119685e-10 7.424030e-10 2.697890e-09 5.450710e-08 2.051334e-07
5.000000e-01 1.805000e-02  1.640909e-02  1.000000e-01 6.435365e-05 8.000000e-04 9.315232e+09 3.180203e+01 2.288802e+01 6.923341e+01 6.351819e-10 7.874967e-10 2.843582e-09 5.745060e-08 2.162111e-07
5.000000e-01 1.805000e-02  1.640909e-02  1.000000e-01 6.606842e-05 8.000000e-04 9.315232e+09 3.180203e+01 2.288802e+01 6.923341e+01 6.874766e-10 8.228179e-10 2.997142e-09 6.055307e-08 2.278870e-07
5.000000e-01 1.805000e-02  1.640909e-02  1.000000e-01 6.782889e-05 8.000000e-04 9.315232e+09 3.180203e+01 2.288802e+01 6.923341e+01 7.544377e-10 8.792699e-10 3.158995e-09 6.382308e-08 2.401934e-07
5.000000e-01 1.805000e-02  1.640909e-02  1.000000e-01 6.963627e-05 8.000000e-04 9.315232e+09 3.180203e+01 2.288802e+01 6.923341e+01 7.535489e-10 9.198673e-10 3.329588e-09 6.726967e-08 2.531644e-07
5.000000e-01 1.805000e-02  1.640909e-02  1.000000e-01 7.149181e-05 8.000000e-04 9.315232e+09 3.180203e+01 2.288802e+01 6.923341e+01 7.849275e-10 9.839374e-10 3.509394e-09 7.090239e-08 2.668359e-07
5.000000e-01 1.805000e-02  1.640909e-02  1.000000e-01 7.339679e-05 8.000000e-04 9.315232e+09 3.180203e+01 2.288802e+01 6.923341e+01 8.505276e-10 1.015650e-09 3.698909e-09 7.473128e-08 2.812457e-07
5.000000e-01 1.805000e-02  1.640909e-02  1.000000e-01 7.535253e-05 8.000000e-04 9.315232e+09 3.180203e+01 2.288802e+01 6.923341e+01 9.113266e-10 1.080125e-09 3.898659e-09 7.876694e-08 2.964336e-07
5.000000e-01 1.805000e-02  1.640909e-02  1.000000e-01 7.736039e-05 8.000000e-04 9.315232e+09 3.180203e+01 2.288802e+01 6.923341e+01 9.473627e-10 1.128162e-09 4.109195e-09 8.302054e-08 3.124417e-07
5.000000e-01 1.805000e-02  1.640909e-02  1.000000e-01 7.942174e-05 8.000000e-04 9.315232e+09 3.180203e+01 2.288802e+01 6.923341e+01 9.828675e-10 1.202228e-09 4.331101e-09 8.750384e-08 3.293142e-07
5.000000e-01 1.805000e-02  1.640909e-02  1.000000e-01 8.153803e-05 8.000000e-04 9.315232e+09 3.180203e+01 2.288802e+01 6.923341e+01 1.022054e-09 1.259251e-09 4.564991e-09 9.222925e-08 3.470980e-07
5.000000e-01 1.805000e-02  1.640909e-02  1.000000e-01 8.371070e-05 8.000000e-04 9.315232e+09 3.180203e+01 2.288802e+01 6.923341e+01 1.105960e-09 1.333641e-09 4.811511e-09 9.720984e-08 3.658421e-07
5.000000e-01 1.805000e-02  1.640909e-02  1.000000e-01 8.594127e-05 8.000000e-04 9.315232e+09 3.180203e+01 2.288802e+01 6.923341e+01 1.155017e-09 1.426272e-09 5.071343e-09 1.024594e-07 3.855984e-07
5.000000e-01 1.805000e-02  1.640909e-02  1.000000e-01 8.823127e-05 8.000000e-04 9.315232e+09 3.180203e+01 2.288802e+01 6.923341e+01 1.268662e-09 1.461136e-09 5.345208e-09 1.079924e-07 4.064216e-07
5.000000e-01 1.805000e-02  1.640909e-02  1.000000e-01 9.058230e-05 8.000000e-04 9.315232e+09 3.180203e+01 2.288802e+01 6.923341e+01 1.286790e-09 1.567706e-09 5.633861e-09 1.138243e-07 4.283693e-07
5.000000e-01 1.805000e-02  1.640909e-02  1.000000e-01 9.299597e-05 8.000000e-04 9.315232e+09 3.180203e+01 2.288802e+01 6.923341e+01 1.335201e-09 1.650184e-09 5.938103e-09 1.199711e-07 4.515022e-07
5.000000e-01 1.805000e-02  1.640909e-02  1.000000e-01 9.547395e-05 8.000000e-04 9.315232e+09 3.180203e+01 2.288802e+01 6.923341e+01 1.460155e-09 1.735584e-09 6.258774e-09 1.264498e-07 4.758844e-07
5.000000e-01 1.805000e-02  1.640909e-02  1.000000e-01 9.801796e-05 8.000000e-04 9.315232e+09 3.180203e+01 2.288802e+01 6.923341e+01 1.542014e-09 1.836179e-09 6.596762e-09 1.332784e-07 5.015832e-07
5.000000e-01 1.805000e-02  1.640909e-02  1.000000e-01 1.006298e-04 8.000000e-04 9.315232e+09 3.180203e+01 2.288802e+01 6.923341e+01 1.569683e-09 1.941097e-09 6.953003e-09 1.404757e-07 5.286699e-07
5.000000e-01 1.805000e-02  1.640909e-02  1.000000e-01 1.033112e-04 8.000000e-04 9.315232e+09 3.180203e+01 2.288802e+01 6.923341e+01 1.696720e-09 2.029532e-09 7.328481e-09 1.480617e-07 5.572193e-07
5.000000e-01 1.805000e-02  1.640909e-02  1.000000e-01 1.060640e-04 8.000000e-04 9.315232e+09 3.180203e+01 2.288802e+01 6.923341e+01 1.707080e-09 2.146108e-09 7.724236e-09 1.560574e-07 5.873104e-07
5.000000e-01 1.805000e-02  1.640909e-02  1.000000e-01 1.088902e-04 8.000000e-04 9.315232e+09 3.180203e+01 2.288802e+01 6.923341e+01 1.816450e-09 2.280470e-09 8.141362e-09 1.644848e-07 6.190265e-07
5.000000e-01 1.805000e-02  1.640909e-02  1.000000e-01 1.117917e-04 8.000000e-04 9.315232e+09 3.180203e+01 2.288802e+01 6.923341e+01 1.921366e-09 2.367232e-09 8.581015e-09 1.733674e-07 6.524554e-07
5.000000e-01 1.805000e-02  1.640909e-02  1.000000e-01 1.147705e-04 8.000000e-04 9.315232e+09 3.180203e+01 2.288802e+01 6.923341e+01 2.021035e-09 2.513298e-09 9.044409e-09 1.827296e-07 6.876895e-07
5.000000e-01 1.805000e-02  1.640909e-02  1.000000e-01 1.178287e-04 8.000000e-04 9.315232e+09 3.180203e+01 2.288802e+01 6.923341e+01 2.276504e-09 2.623493e-09 9.532828e-09 1.925975e-07 7.248263e-07
5.000000e-01 1.805000e-02  1.640909e-02  1.000000e-01 1.209684e-04 8.000000e-04 9.315232e+09 3.180203e+01 2.288802e+01 6.923341e+01 2.401375e-09 2.809714e-09 1.004762e-08 2.029982e-07 7.639686e-07
5.000000e-01 1.805000e-02  1.640909e-02  1.000000e-01 1.241917e-04 8.000000e-04 9.315232e+09 3.180203e+01 2.288802e+01 6.923341e+01 2.589068e-09 2.956687e-09 1.059022e-08 2.139605e-07 8.052247e-07
5.000000e-01 1.805000e-02  1.640909e-02  1.000000e-01 1.275010e-04 8.000000e-04 9.315232e+09 3.180203e+01 2.288802e+01 6.923341e+01 2.609564e-09 3.070949e-09 1.116211e-08 2.255149e-07 8.487087e-07
5.000000e-01 1.805000e-02  1.640909e-02  1.000000e-01 1.308984e-04 8.000000e-04 9.315232e+09 3.180203e+01 2.288802e+01 6.923341e+01 2.640373e-09 3.295580e-09 1.176489e-08 2.376932e-07 8.945409e-07
5.000000e-01 1.805000e-02  1.640909e-02  1.000000e-01 1.343863e-04 8.000000e-04 9.315232e+09 3.180203e+01 2.288802e+01 6.923341e+01 2.771692e-09 3.428569e-09 1.240023e-08 2.505292e-07 9.428482e-07
5.000000e-01 1.805000e-02  1.640909e-02  1.000000e-01 1.379672e-04 8.000000e-04 9.315232e+09 3.180203e+01 2.288802e+01 6.923341e+01 3.182259e-09 3.616476e-09 1.306987e-08 2.640584e-07 9.937642e-07
5.000000e-01 1.805000e-02  1.640909e-02  1.000000e-01 1.416435e-04 8.000000e-04 9.315232e+09 3.180203e+01 2.288802e+01 6.923341e+01 3.111291e-09 3.809441e-09 1.377567e-08 2.783181e-07 1.047430e-06
5.000000e-01 1.805000e-02  1.640909e-02  1.000000e-01 1.454177e-04 8.000000e-04 9.315232e+09 3.180203e+01 2.288802e+01 6.923341e+01 3.205524e-09 4.049433e-09 1.451959e-08 2.933480e-07 1.103993e-06
5.000000e-01 1.805000e-02  1.640909e-02  1.000000e-01 1.492926e-04 8.000000e-04 9.315232e+09 3.180203e+01 2.288802e+01 6.923341e+01 3.399313e-09 4.279184e-09 1.530368e-08 3.091894e-07 1.163612e-06
5.000000e-01 1.805000e-02  1.640909e-02  1.000000e-01 1.532706e-04 8.000000e-04 9.315232e+09 3.180203e+01 2.288802e+01 6.923341e+01 3.673998e-09 4.475108e-09 1.613011e-08 3.258864e-07 1.226449e-06
5.000000e-01 1.805000e-02  1.640909e-02  1.000000e-01 1.573547e-04 8.000000e-04 9.315232e+09 3.180203e+01 2.288802e+01 6.923341e+01 3.813182e-09 4.720894e-09 1.700118e-08 3.434850e-07 1.292680e-06
5.000000e-01 1.805000e-02  1.640909e-02  1.000000e-01 1.615476e-04 8.000000e-04 9.315232e+09 3.180203e+01 2.288802e+01 6.923341e+01 4.382106e-09 4.943640e-09 1.791928e-08 3.620340e-07 1.362488e-06
5.000000e-01 1.805000e-02  1.640909e-02  1.000000e-01 1.658522e-04 8.000000e-04 9.315232e+09 3.180203e+01 2.288802e+01 6.923341e+01 4.141948e-09 5.219469e-09 1.888696e-08 3.815846e-07 1.436066e-06
5.000000e-01 1.805000e-02  1.640909e-02  1.000000e-01 1.702715e-04 8.000000e-04 9.315232e+09 3.180203e+01 2.288802e+01 6.923341e+01 4.666968e-09 5.484499e-09 1.990690e-08 4.021911e-07 1.513616e-06
5.000000e-01 1.805000e-02  1.640909e-02  1.000000e-01 1.748086e-04 8.000000e-04 9.315232e+09 3.180203e+01 2.288802e+01 6.923341e+01 4.981895e-09 5.774139e-09 2.098192e-08 4.239103e-07 1.595355e-06
5.000000e-01 1.805000e-02  1.640909e-02  1.000000e-01 1.794666e-04 8.000000e-04 9.315232e+09 3.180203e+01 2.288802e+01 6.923341e+01 5.099959e-09 6.090787e-09 2.211499e-08 4.468025e-07 1.681508e-06
5.000000e-01 1.805000e-02  1.640909e-02  1.000000e-01 1.842487e-04 8.000000e-04 9.315232e+09 3.180203e+01 2.288802e+01 6.923341e+01 5.193151e-09 6.423402e-09 2.330925e-08 4.709308e-07 1.772313e-06
5.000000e-01 1.805000e-02  1.640909e-02  1.000000e-01 1.891582e-04 8.000000e-04 9.315232e+09 3.180203e+01 2.288802e+01 6.923341e+01 5.940040e-09 6.838584e-09 2.456801e-08 4.963622e-07 1.868022e-06
5.000000e-01 1.805000e-02  1.640909e-02  1.000000e-01 1.941986e-04 8.000000e-04 9.315232e+09 3.180203e+01 2.288802e+01 6.923341e+01 5.981697e-09 7.194562e-09 2.589474e-08 5.231669e-07 1.968900e-06
5.000000e-01 1.805000e-02  1.640909e-02  1.000000e-01 1.993732e-04 8.000000e-04 9.315232e+09 3.180203e+01 2.288802e+01 6.923341e+01 6.355135e-09 7.504452e-09 2.729311e-08 5.514191e-07 2.075225e-06
5.000000e-01 1.805000e-02  1.640909e-02  1.000000e-01 2.046857e-04 8.000000e-04 9.315232e+09 3.180203e+01 2.288802e+01 6.923341e+01 6.178067e-09 8.024552e-09 2.876700e-08 5.811970e-07 2.187292e-06
5.000000e-01 1.805000e-02  1.640909e-02  1.000000e-01 2.101398e-04 8.000000e-04 9.315232e+09 3.180203e+01 2.288802e+01 6.923341e+01 7.164464e-09 8.466496e-09 3.032049e-08 6.125830e-07 2.305411e-06
5.000000e-01 1.805000e-02  1.640909e-02  1.000000e-01 2.157392e-04 8.000000e-04 9.315232e+09 3.180203e+01 2.288802e+01 6.923341e+01 7.492778e-09 8.838707e-09 3.195786e-08 6.456639e-07 2.429908e-06
5.000000e-01 1.805000e-02  1.640909e-02  1.000000e-01 2.214878e-04 8.000000e-04 9.315232e+09 3.180203e+01 2.288802e+01 6.923341e+01 8.139998e-09 9.429259e-09 3.368366e-08 6.805313e-07 2.561129e-06
5.000000e-01 1.805000e-02  1.640909e-02  1.000000e-01 2.273896e-04 8.000000e-04 9.315232e+09 3.180203e+01 2.288802e+01 6.923341e+01 8.447239e-09 9.883060e-09 3.550266e-08 7.172815e-07 2.699436e-06
5.000000e-01 1.805000e-02  1.640909e-02  1.000000e-01 2.334487e-04 8.000000e-04 9.315232e+09 3.180203e+01 2.288802e+01 6.923341e+01 8.494471e-09 1.042604e-08 3.741988e-08 7.560164e-07 2.845212e-06
5.000000e-01 1.805000e-02  1.640909e-02  1.000000e-01 2.396692e-04 8.000000e-04 9.315232e+09 3.180203e+01 2.288802e+01 6.923341e+01 8.510164e-09 1.098752e-08 3.944064e-08 7.968430e-07 2.998860e-06
5.000000e-01 1.805000e-02  1.640909e-02  1.000000e-01 2.460555e-04 8.000000e-04 9.315232e+09 3.180203e+01 2.288802e+01 6.923341e+01 9.202905e-09 1.144863e-08 4.157053e-08 8.398744e-07 3.160805e-06
5.000000e-01 1.805000e-02  1.640909e-02  1.000000e-01 2.526119e-04 8.000000e-04 9.315232e+09 3.180203e+01 2.288802e+01 6.923341e+01 1.021750e-08 1.223880e-08 4.381543e-08 8.852295e-07 3.331496e-06
5.000000e-01 1.805000e-02  1.640909e-02  1.000000e-01 2.593430e-04 8.000000e-04 9.315232e+09 3.180203e+01 2.288802e+01 6.923341e+01 1.078521e-08 1.288350e-08 4.618157e-08 9.330340e-07 3.511404e-06
5.000000e-01 1.805000e-02  1.640909e-02  1.000000e-01 2.662535e-04 8.000000e-04 9.315232e+09 3.180203e+01 2.288802e+01 6.923341e+01 1.115970e-08 1.342428e-08 4.867548e-08 9.834200e-07 3.701028e-06
5.000000e-01 1.805000e-02  1.640909e-02  1.000000e-01 2.733482e-04 8.000000e-04 9.315232e+09 3.180203e+01 2.288802e+01 6.923341e+01 1.135463e-08 1.442463e-08 5.130407e-08 1.036527e-06 3.900893e-06
5.000000e-01 1.805000e-02  1.640909e-02  1.000000e-01 2.806318e-04 8.000000e-04 9.315232e+09 3.180203e+01 2.288802e+01 6.923341e+01 1.259625e-08 1.496727e-08 5.407461e-08 1.092502e-06 4.111550e-06
5.000000e-01 1.805000e-02  1.640909e-02  1.000000e-01 2.881096e-04 8.000000e-04 9.315232e+09 3.180203e+01 2.288802e+01 6.923341e+01 1.347018e-08 1.578264e-08 5.699476e-08 1.151499e-06 4.333583e-06
5.000000e-01 1.805000e-02  1.640909e-02  1.000000e-01 2.957866e-04 8.000000e-04 9.315232e+09 3.180203e+01 2.288802e+01 6.923341e+01 1.382052e-08 1.657251e-08 6.007261e-08 1.213683e-06 4.567606e-06
5.000000e-01 1.805000e-02  1.640909e-02  1.000000e-01 3.036682e-04 8.000000e-04 9.315232e+09 3.180203e+01 2.288802e+01 6.923341e+01 1.501776e-08 1.743920e-08 6.331667e-08 1.279225e-06 4.814268e-06
5.000000e-01 1.805000e-02  1.640909e-02  1.000000e-01 3.117598e-04 8.000000e-04 9.315232e+09 3.180203e+01 2.288802e+01 6.923341e+01 1.496200e-08 1.807314e-08 6.673592e-08 1.348306e-06 5.074249e-06
5.000000e-01 1.805000e-02  1.640909e-02  1.000000e-01 3.200670e-04 8.000000e-04 9.315232e+09 3.180203e+01 2.288802e+01 6.923341e+01 1.667704e-08 1.938129e-08 7.033981e-08 1.421117e-06 5.348271e-06
5.000000e-01 1.805000e-02  1.640909e-02  1.000000e-01 3.285955e-04 8.000000e-04 9.315232e+09 3.180203e+01 2.288802e+01 6.923341e+01 1.729486e-08 2.059917e-08 7.413832e-08 1.497861e-06 5.637090e-06
5.000000e-01 1.805000e-02  1.640909e-02  1.000000e-01 3.373513e-04 8.000000e-04 9.315232e+09 3.180203e+01 2.288802e+01 6.923341e+01 1.703642e-08 2.175806e-08 7.814196e-08 1.578749e-06 5.941505e-06
5.000000e-01 1.805000e-02  1.640909e-02  1.000000e-01 3.463404e-04 8.000000e-04 9.315232e+09 3.180203e+01 2.288802e+01 6.923341e+01 1.939803e-08 2.314303e-08 8.236181e-08 1.664005e-06 6.262361e-06
5.000000e-01 1.805000e-02  1.640909e-02  1.000000e-01 3.555691e-04 8.000000e-04 9.315232e+09 3.180203e+01 2.288802e+01 6.923341e+01 2.069516e-08 2.459295e-08 8.680954e-08 1.753865e-06 6.600542e-06
5.000000e-01 1.805000e-02  1.640909e-02  1.000000e-01 3.650436e-04 8.000000e-04 9.315232e+09 3.180203e+01 2.288802e+01 6.923341e+01 2.131706e-08 2.563196e-08 9.149746e-08 1.848578e-06 6.956987e-06
5.000000e-01 1.805000e-02  1.640909e-02  1.000000e-01 3.747706e-04 8.000000e-04 9.315232e+09 3.180203e+01 2.288802e+01 6.923341e+01 2.236085e-08 2.658401e-08 9.643853e-08 1.948406e-06 7.332680e-06
5.000000e-01 1.805000e-02  1.640909e-02  1.000000e-01 3.847568e-04 8.000000e-04 9.315232e+09 3.180203e+01 2.288802e+01 6.923341e+01 2.353209e-08 2.849210e-08 1.016464e-07 2.053624e-06 7.728662e-06
5.000000e-01 1.805000e-02  1.640909e-02  1.000000e-01 3.950091e-04 8.000000e-04 9.315232e+09 3.180203e+01 2.288802e+01 6.923341e+01 2.379994e-08 2.994194e-08 1.071356e-07 2.164524e-06 8.146028e-06
5.000000e-01 1.805000e-02  1.640909e-02  1.000000e-01 4.055346e-04 8.000000e-04 9.315232e+09 3.180203e+01 2.288802e+01 6.923341e+01 2.641479e-08 3.138791e-08 1.129211e-07 2.281414e-06 8.585932e-06
5.000000e-01 1.805000e-02  1.640909e-02  1.000000e-01 4.163405e-04 8.000000e-04 9.315232e+09 3.180203e+01 2.288802e+01 6.923341e+01 2.626796e-08 3.324610e-08 1.190191e-07 2.404615e-06 9.049592e-06
5.000000e-01 1.805000e-02  1.640909e-02  1.000000e-01 4.274344e-04 8.000000e-04 9.315232e+09 3.180203e+01 2.288802e+01 6.923341e+01 2.905233e-08 3.402665e-08 1.254465e-07 2.534470e-06 9.538291e-06
5.000000e-01 1.805000e-02  1.640909e-02  1.000000e-01 4.388239e-04 8.000000e-04 9.315232e+09 3.180203e+01 2.288802e+01 6.923341e+01 3.158755e-08 3.670262e-08 1.322209e-07 2.671337e-06 1.005338e-05
5.000000e-01 1.805000e-02  1.640909e-02  1.000000e-01 4.505168e-04 8.000000e-04 9.315232e+09 3.180203e+01 2.288802e+01 6.923341e+01 3.278636e-08 3.880964e-08 1.393611e-07 2.815596e-06 1.059629e-05
5.000000e-01 1.805000e-02  1.640909e-02  1.000000e-01 4.625214e-04 8.000000e-04 9.315232e+09 3.180203e+01 2.288802e+01 6.923341e+01 3.302653e-08 4.040072e-08 1.468869e-07 2.967645e-06 1.116851e-05
5.000000e-01 1.805000e-02  1.640909e-02  1.000000e-01 4.748458e-04 8.000000e-04 9.315232e+09 3.180203e+01 2.288802e+01 6.923341e+01 3.482696e-08 4.281913e-08 1.548191e-07 3.127904e-06 1.177164e-05
5.000000e-01 1.805000e-02  1.640909e-02  1.000000e-01 4.874986e-04 8.000000e-04 9.315232e+09 3.180203e+01 2.288802e+01 6.923341e+01 3.878345e-08 4.512723e-08 1.631797e-07 3.296818e-06 1.240733e-05
5.000000e-01 1.805000e-02  1.640909e-02  1.000000e-01 5.004886e-04 8.000000e-04 9.315232e+09 3.180203e+01 2.288802e+01 6.923341e+01 4.105079e-08 4.783885e-08 1.719918e-07 3.474854e-06 1.307736e-05
5.000000e-01 1.805000e-02  1.640909e-02  1.000000e-01 5.138247e-04 8.000000e-04 9.315232e+09 3.180203e+01 2.288802e+01 6.923341e+01 4.092052e-08 5.073272e-08 1.812798e-07 3.662504e-06 1.378356e-05
5.000000e-01 1.805000e-02  1.640909e-02  1.000000e-01 5.275161e-04 8.000000e-04 9.315232e+09 3.180203e+01 2.288802e+01 6.923341e+01 4.386238e-08 5.336430e-08 1.910693e-07 3.860288e-06 1.452791e-05
5.000000e-01 1.805000e-02  1.640909e-02  1.000000e-01 5.415724e-04 8.000000e-04 9.315232e+09 3.180203e+01 2.288802e+01 6.923341e+01 5.008749e-08 5.635575e-08 2.013875e-07 4.068753e-06 1.531245e-05
5.000000e-01 1.805000e-02  1.640909e-02  1.000000e-01 5.560032e-04 8.000000e-04 9.315232e+09 3.180203e+01 2.288802e+01 6.923341e+01 4.826598e-08 5.965913e-08 2.122629e-07 4.288475e-06 1.613936e-05
5.000000e-01 1.805000e-02  1.640909e-02  1.000000e-01 5.708185e-04 8.000000e-04 9.315232e+09 3.180203e+01 2.288802e+01 6.923341e+01 4.972932e-08 6.166910e-08 2.237256e-07 4.520062e-06 1.701092e-05
5.000000e-01 1.805000e-02  1.640909e-02  1.000000e-01 5.860287e-04 8.000000e-04 9.315232e+09 3.180203e+01 2.288802e+01 6.923341e+01 5.355235e-08 6.536538e-08 2.358073e-07 4.764156e-06 1.792955e-05
5.000000e-01 1.805000e-02  1.640909e-02  1.000000e-01 6.016441e-04 8.000000e-04 9.315232e+09 3.180203e+01 2.288802e+01 6.923341e+01 5.580006e-08 6.890681e-08 2.485414e-07 5.021432e-06 1.889779e-05
5.000000e-01 1.805000e-02  1.640909e-02  1.000000e-01 6.176756e-04 8.000000e-04 9.315232e+09 3.180203e+01 2.288802e+01 6.923341e+01 6.044651e-08 7.278777e-08 2.619632e-07 5.292601e-06 1.991831e-05
5.000000e-01 1.805000e-02  1.640909e-02  1.000000e-01 6.341342e-04 8.000000e-04 9.315232e+09 3.180203e+01 2.288802e+01 6.923341e+01 6.186359e-08 7.632541e-08 2.761099e-07 5.578413e-06 2.099395e-05
5.000000e-01 1.805000e-02  1.640909e-02  1.000000e-01 6.510315e-04 8.000000e-04 9.315232e+09 3.180203e+01 2.288802e+01 6.923341e+01 6.613444e-08 8.079534e-08 2.910204e-07 5.879660e-06 2.212767e-05
5.000000e-01 1.805000e-02  1.640909e-02  1.000000e-01 6.683790e-04 8.000000e-04 9.315232e+09 3.180203e+01 2.288802e+01 6.923341e+01 7.288584e-08 8.469543e-08 3.067362e-07 6.197176e-06 2.332261e-05
5.000000e-01 1.805000e-02  1.640909e-02  1.000000e-01 6.861887e-04 8.000000e-04 9.315232e+09 3.180203e+01 2.288802e+01 6.923341e+01 7.735832e-08 8.969541e-08 3.233007e-07 6.531838e-06 2.458209e-05
5.000000e-01 1.805000e-02  1.640909e-02  1.000000e-01 7.044730e-04 8.000000e-04 9.315232e+09 3.180203e+01 2.288802e+01 6.923341e+01 8.326742e-08 9.499054e-08 3.407597e-07 6.884572e-06 2.590958e-05
5.000000e-01 1.805000e-02  1.640909e-02  1.000000e-01 7.232445e-04 8.000000e-04 9.315232e+09 3.180203e+01 2.288802e+01 6.923341e+01 8.432898e-08 9.994059e-08 3.591615e-07 7.256355e-06 2.730876e-05
5.000000e-01 1.805000e-02  1.640909e-02  1.000000e-01 7.425162e-04 8.000000e-04 9.315232e+09 3.180203e+01 2.288802e+01 6.923341e+01 8.460580e-08 1.053464e-07 3.785570e-07 7.648215e-06 2.878349e-05
5.000000e-01 1.805000e-02  1.640909e-02  1.000000e-01 7.623014e-04 8.000000e-04 9.315232e+09 3.180203e+01 2.288802e+01 6.923341e+01 9.210412e-08 1.112699e-07 3.990000e-07 8.061236e-06 3.033787e-05
5.000000e-01 1.805000e-02  1.640909e-02  1.000000e-01 7.826138e-04 8.000000e-04 9.315232e+09 3.180203e+01 2.288802e+01 6.923341e+01 9.160277e-08 1.162650e-07 4.205469e-07 8.496562e-06 3.197618e-05
5.000000e-01 1.805000e-02  1.640909e-02  1.000000e-01 8.034674e-04 8.000000e-04 9.315232e+09 3.180203e+01 2.288802e+01 6.923341e+01 9.896848e-08 1.237100e-07 4.432574e-07 8.955396e-06 3.370297e-05
5.000000e-01 1.805000e-02  1.640909e-02  1.000000e-01 8.248767e-04 8.000000e-04 9.315232e+09 3.180203e+01 2.288802e+01 6.923341e+01 1.109830e-07 1.297092e-07 4.671944e-07 9.439008e-06 3.552301e-05
5.000000e-01 1.805000e-02  1.640909e-02  1.000000e-01 8.468565e-04 8.000000e-04 9.315232e+09 3.180203e+01 2.288802e+01 6.923341e+01 1.098330e-07 1.338312e-07 4.924239e-07 9.948737e-06 3.744134e-05
5.000000e-01 1.805000e-02  1.640909e-02  1.000000e-01 8.694220e-04 8.000000e-04 9.315232e+09 3.180203e+01 2.288802e+01 6.923341e+01 1.284794e-07 1.444664e-07 5.190160e-07 1.048599e-05 3.946326e-05
5.000000e-01 1.805000e-02  1.640909e-02  1.000000e-01 8.925887e-04 8.000000e-04 9.315232e+09 3.180203e+01 2.288802e+01 6.923341e+01 1.344506e-07 1.529799e-07 5.470441e-07 1.105226e-05 4.159436e-05
5.000000e-01 1.805000e-02  1.640909e-02  1.000000e-01 9.163728e-04 8.000000e-04 9.315232e+09 3.180203e+01 2.288802e+01 6.923341e+01 1.215444e-07 1.585770e-07 5.765857e-07 1.164911e-05 4.384056e-05
5.000000e-01 1.805000e-02  1.640909e-02  1.000000e-01 9.407906e-04 8.000000e-04 9.315232e+09 3.180203e+01 2.288802e+01 6.923341e+01 1.359241e-07 1.689678e-07 6.077227e-07 1.227819e-05 4.620805e-05
5.000000e-01 1.805000e-02  1.640909e-02  1.000000e-01 9.658591e-04 8.000000e-04 9.315232e+09 3.180203e+01 2.288802e+01 6.923341e+01 1.501549e-07 1.771195e-07 6.405411e-07 1.294124e-05 4.870339e-05
5.000000e-01 1.805000e-02  1.640909e-02  1.000000e-01 9.915955e-04 8.000000e-04 9.315232e+09 3.180203e+01 2.288802e+01 6.923341e+01 1.700087e-07 1.881481e-07 6.751319e-07 1.364009e-05 5.133349e-05
5.000000e-01 1.805000e-02  1.640909e-02  1.000000e-01 1.018018e-03 8.000000e-04 9.315232e+09 3.180203e+01 2.288802e+01 6.923341e+01 1.554708e-07 1.979379e-07 7.115906e-07 1.437669e-05 5.410562e-05
5.000000e-01 1.805000e-02  1.640909e-02  1.000000e-01 1.045144e-03 8.000000e-04 9.315232e+09 3.180203e+01 2.288802e+01 6.923341e+01 1.786021e-07 2.076465e-07 7.500181e-07 1.515307e-05 5.702745e-05
5.000000e-01 1.805000e-02  1.640909e-02  1.000000e-01 1.072993e-03 8.000000e-04 9.315232e+09 3.180203e+01 2.288802e+01 6.923341e+01 1.632180e-07 2.193817e-07 7.905208e-07 1.597137e-05 6.010706e-05
5.000000e-01 1.805000e-02  1.640909e-02  1.000000e-01 1.101584e-03 8.000000e-04 9.315232e+09 3.180203e+01 2.288802e+01 6.923341e+01 1.970048e-07 2.340077e-07 8.332108e-07 1.683386e-05 6.335298e-05
5.000000e-01 1.805000e-02  1.640909e-02  1.000000e-01 1.130937e-03 8.000000e-04 9.315232e+09 3.180203e+01 2.288802e+01 6.923341e+01 2.034576e-07 2.464457e-07 8.782062e-07 1.774293e-05 6.677419e-05
5.000000e-01 1.805000e-02  1.640909e-02  1.000000e-01 1.161072e-03 8.000000e-04 9.315232e+09 3.180203e+01 2.288802e+01 6.923341e+01 2.165028e-07 2.563404e-07 9.256314e-07 1.870109e-05 7.038016e-05
5.000000e-01 1.805000e-02  1.640909e-02  1.000000e-01 1.192010e-03 8.000000e-04 9.315232e+09 3.180203e+01 2.288802e+01 6.923341e+01 2.287808e-07 2.706945e-07 9.756176e-07 1.971099e-05 7.418085e-05
5.000000e-01 1.805000e-02  1.640909e-02  1.000000e-01 1.223773e-03 8.000000e-04 9.315232e+09 3.180203e+01 2.288802e+01 6.923341e+01 2.409668e-07 2.872960e-07 1.028303e-06 2.077543e-05 7.818679e-05
5.000000e-01 1.805000e-02  1.640909e-02  1.000000e-01 1.256382e-03 8.000000e-04 9.315232e+09 3.180203e+01 2.288802e+01 6.923341e+01 2.439263e-07 2.977521e-07 1.083834e-06 2.189735e-05 8.240906e-05
5.000000e-01 1.805000e-02  1.640909e-02  1.000000e-01 1.289860e-03 8.000000e-04 9.315232e+09 3.180203e+01 2.288802e+01 6.923341e+01 2.677078e-07 3.161367e-07 1.142364e-06 2.307986e-05 8.685935e-05
5.000000e-01 1.805000e-02  1.640909e-02  1.000000e-01 1.324229e-03 8.000000e-04 9.315232e+09 3.180203e+01 2.288802e+01 6.923341e+01 2.811686e-07 3.321985e-07 1.204054e-06 2.432623e-05 9.154996e-05
5.000000e-01 1.805000e-02  1.640909e-02  1.000000e-01 1.359515e-03 8.000000e-04 9.315232e+09 3.180203e+01 2.288802e+01 6.923341e+01 3.085026e-07 3.507380e-07 1.269076e-06 2.563990e-05 9.649387e-05
5.000000e-01 1.805000e-02  1.640909e-02  1.000000e-01 1.395741e-03 8.000000e-04 9.315232e+09 3.180203e+01 2.288802e+01 6.923341e+01 3.202603e-07 3.736300e-07 1.337609e-06 2.702452e-05 1.017048e-04
5.000000e-01 1.805000e-02  1.640909e-02  1.000000e-01 1.432932e-03 8.000000e-04 9.315232e+09 3.180203e+01 2.288802e+01 6.923341e+01 3.344346e-07 3.892506e-07 1.409843e-06 2.848390e-05 1.071971e-04
5.000000e-01 1.805000e-02  1.640909e-02  1.000000e-01 1.471114e-03 8.000000e-04 9.315232e+09 3.180203e+01 2.288802e+01 6.923341e+01 3.333599e-07 4.099321e-07 1.485978e-06 3.002210e-05 1.129860e-04
5.000000e-01 1.805000e-02  1.640909e-02  1.000000e-01 1.510314e-03 8.000000e-04 9.315232e+09 3.180203e+01 2.288802e+01 6.923341e+01 3.785102e-07 4.303865e-07 1.566224e-06 3.164337e-05 1.190875e-04
5.000000e-01 1.805000e-02  1.640909e-02  1.000000e-01 1.550558e-03 8.000000e-04 9.315232e+09 3.180203e+01 2.288802e+01 6.923341e+01 3.835055e-07 4.545215e-07 1.650804e-06 3.335218e-05 1.255185e-04
5.000000e-01 1.805000e-02  1.640909e-02  1.000000e-01 1.591874e-03 8.000000e-04 9.315232e+09 3.180203e+01 2.288802e+01 6.923341e+01 4.104691e-07 4.855680e-07 1.739951e-06 3.515328e-05 1.322968e-04
5.000000e-01 1.805000e-02  1.640909e-02  1.000000e-01 1.634292e-03 8.000000e-04 9.315232e+09 3.180203e+01 2.288802e+01 6.923341e+01 4.403680e-07 5.123522e-07 1.833913e-06 3.705164e-05 1.394411e-04
5.000000e-01 1.805000e-02  1.640909e-02  1.000000e-01 1.677839e-03 8.000000e-04 9.315232e+09 3.180203e+01 2.288802e+01 6.923341e+01 4.651962e-07 5.451424e-07 1.932948e-06 3.905252e-05 1.469713e-04
5.000000e-01 1.805000e-02  1.640909e-02  1.000000e-01 1.722547e-03 8.000000e-04 9.315232e+09 3.180203e+01 2.288802e+01 6.923341e+01 4.876039e-07 5.623810e-07 2.037332e-06 4.116145e-05 1.549081e-04
5.000000e-01 1.805000e-02  1.640909e-02  1.000000e-01 1.768447e-03 8.000000e-04 9.315232e+09 3.180203e+01 2.288802e+01 6.923341e+01 4.813545e-07 5.989492e-07 2.147353e-06 4.338426e-05 1.632735e-04
5.000000e-01 1.805000e-02  1.640909e-02  1.000000e-01 1.815569e-03 8.000000e-04 9.315232e+09 3.180203e+01 2.288802e+01 6.923341e+01 5.518662e-07 6.250257e-07 2.263315e-06 4.572712e-05 1.720906e-04
5.000000e-01 1.805000e-02  1.640909e-02  1.000000e-01 1.863947e-03 8.000000e-04 9.315232e+09 3.180203e+01 2.288802e+01 6.923341e+01 5.562463e-07 6.590680e-07 2.385540e-06 4.819649e-05 1.813839e-04
5.000000e-01 1.805000e-02  1.640909e-02  1.000000e-01 1.913614e-03 8.000000e-04 9.315232e+09 3.180203e+01 2.288802e+01 6.923341e+01 6.156117e-07 6.967660e-07 2.514365e-06 5.079922e-05 1.911791e-04
5.000000e-01 1.805000e-02  1.640909e-02  1.000000e-01 1.964605e-03 8.000000e-04 9.315232e+09 3.180203e+01 2.288802e+01 6.923341e+01 6.397927e-07 7.390639e-07 2.650146e-06 5.354250e-05 2.015032e-04
5.000000e-01 1.805000e-02  1.640909e-02  1.000000e-01 2.016954e-03 8.000000e-04 9.315232e+09 3.180203e+01 2.288802e+01 6.923341e+01 6.964975e-07 7.682197e-07 2.793261e-06 5.643392e-05 2.123849e-04
5.000000e-01 1.805000e-02  1.640909e-02  1.000000e-01 2.070698e-03 8.000000e-04 9.315232e+09 3.180203e+01 2.288802e+01 6.923341e+01 6.799350e-07 8.229564e-07 2.944104e-06 5.948149e-05 2.238542e-04
5.000000e-01 1.805000e-02  1.640909e-02  1.000000e-01 2.125874e-03 8.000000e-04 9.315232e+09 3.180203e+01 2.288802e+01 6.923341e+01 7.373758e-07 8.679798e-07 3.103092e-06 6.269364e-05 2.359429e-04
5.000000e-01 1.805000e-02  1.640909e-02  1.000000e-01 2.182521e-03 8.000000e-04 9.315232e+09 3.180203e+01 2.288802e+01 6.923341e+01 7.860000e-07 9.201914e-07 3.270667e-06 6.607925e-05 2.486844e-04
5.000000e-01 1.805000e-02  1.640909e-02  1.000000e-01 2.240677e-03 8.000000e-04 9.315232e+09 3.180203e+01 2.288802e+01 6.923341e+01 8.337548e-07 9.427816e-07 3.447291e-06 6.964769e-05 2.621139e-04
5.000000e-01 1.805000e-02  1.640909e-02  1.000000e-01 2.300382e-03 8.000000e-04 9.315232e+09 3.180203e+01 2.288802e+01 6.923341e+01 8.435981e-07 1.001359e-06 3.633453e-06 7.340884e-05 2.762687e-04
5.000000e-01 1.805000e-02  1.640909e-02  1.000000e-01 2.361679e-03 8.000000e-04 9.315232e+09 3.180203e+01 2.288802e+01 6.923341e+01 9.042000e-07 1.055715e-06 3.829668e-06 7.737309e-05 2.911879e-04
5.000000e-01 1.805000e-02  1.640909e-02  1.000000e-01 2.424609e-03 8.000000e-04 9.315232e+09 3.180203e+01 2.288802e+01 6.923341e+01 9.272102e-07 1.129767e-06 4.036480e-06 8.155143e-05 3.069128e-04
5.000000e-01 1.805000e-02  1.640909e-02  1.000000e-01 2.489215e-03 8.000000e-04 9.315232e+09 3.180203e+01 2.288802e+01 6.923341e+01 9.963901e-07 1.171631e-06 4.254460e-06 8.595541e-05 3.234868e-04
5.000000e-01 1.805000e-02  1.640909e-02  1.000000e-01 2.555544e-03 8.000000e-04 9.315232e+09 3.180203e+01 2.288802e+01 6.923341e+01 1.049641e-06 1.249241e-06 4.484211e-06 9.059722e-05 3.409559e-04
5.000000e-01 1.805000e-02  1.640909e-02  1.000000e-01 2.623639e-03 8.000000e-04 9.315232e+09 3.180203e+01 2.288802e+01 6.923341e+01 1.114053e-06 1.313254e-06 4.726370e-06 9.548969e-05 3.593684e-04
5.000000e-01 1.805000e-02  1.640909e-02  1.000000e-01 2.693549e-03 8.000000e-04 9.315232e+09 3.180203e+01 2.288802e+01 6.923341e+01 1.132582e-06 1.376162e-06 4.981606e-06 1.006464e-04 3.787752e-04
5.000000e-01 1.805000e-02  1.640909e-02  1.000000e-01 2.765322e-03 8.000000e-04 9.315232e+09 3.180203e+01 2.288802e+01 6.923341e+01 1.203841e-06 1.460288e-06 5.250625e-06 1.060815e-04 3.992300e-04
5.000000e-01 1.805000e-02  1.640909e-02  1.000000e-01 2.839008e-03 8.000000e-04 9.315232e+09 3.180203e+01 2.288802e+01 6.923341e+01 1.298201e-06 1.539281e-06 5.534172e-06 1.118102e-04 4.207894e-04
5.000000e-01 1.805000e-02  1.640909e-02  1.000000e-01 2.914657e-03 8.000000e-04 9.315232e+09 3.180203e+01 2.288802e+01 6.923341e+01 1.390636e-06 1.620512e-06 5.833031e-06 1.178482e-04 4.435131e-04
