3.000000e-02 6.615000e-02  6.013637e-02  1.000000e-01 2.000000e-06 8.000000e-04 7.271836e+01 3.179940e+01 2.279563e+01 6.920051e+01 5.424476e-02 8.684344e-01 1.360688e+00 5.957879e+00 8.573927e+01
3.000000e-02 6.615000e-02  6.013637e-02  1.000000e-01 2.053292e-06 8.000000e-04 7.271836e+01 3.179914e+01 2.278618e+01 6.919688e+01 5.806711e-02 9.011094e-01 1.434168e+00 6.279618e+00 9.036939e+01
3.000000e-02 6.615000e-02  6.013637e-02  1.000000e-01 2.108005e-06 8.000000e-04 7.271836e+01 3.179903e+01 2.278118e+01 6.919560e+01 6.262406e-02 9.597923e-01 1.511616e+00 6.618732e+00 9.524955e+01
3.000000e-02 6.615000e-02  6.013637e-02  1.000000e-01 2.164175e-06 8.000000e-04 7.271836e+01 3.179877e+01 2.277875e+01 6.919358e+01 6.431504e-02 9.960449e-01 1.593247e+00 6.976159e+00 1.003932e+02
3.000000e-02 6.615000e-02  6.013637e-02  1.000000e-01 2.221842e-06 8.000000e-04 7.271836e+01 3.179880e+01 2.277377e+01 6.919169e+01 6.518871e-02 1.048418e+00 1.679286e+00 7.352888e+00 1.058147e+02
3.000000e-02 6.615000e-02  6.013637e-02  1.000000e-01 2.281045e-06 8.000000e-04 7.271836e+01 3.179869e+01 2.276883e+01 6.918960e+01 7.300703e-02 1.112275e+00 1.769972e+00 7.749961e+00 1.115290e+02
3.000000e-02 6.615000e-02  6.013637e-02  1.000000e-01 2.341826e-06 8.000000e-04 7.271836e+01 3.179812e+01 2.275511e+01 6.918627e+01 7.883739e-02 1.190497e+00 1.865554e+00 8.168476e+00 1.175518e+02
3.000000e-02 6.615000e-02  6.013637e-02  1.000000e-01 2.404227e-06 8.000000e-04 7.271836e+01 3.179834e+01 2.275075e+01 6.918465e+01 7.919350e-02 1.249674e+00 1.966298e+00 8.609593e+00 1.238998e+02
3.000000e-02 6.615000e-02  6.013637e-02  1.000000e-01 2.468290e-06 8.000000e-04 7.271836e+01 3.179799e+01 2.274496e+01 6.918150e+01 8.372676e-02 1.327808e+00 2.072483e+00 9.074531e+00 1.305907e+02
3.000000e-02 6.615000e-02  6.013637e-02  1.000000e-01 2.534061e-06 8.000000e-04 7.271836e+01 3.179764e+01 2.273469e+01 6.917889e+01 8.578970e-02 1.395019e+00 2.184402e+00 9.564576e+00 1.376429e+02
3.000000e-02 6.615000e-02  6.013637e-02  1.000000e-01 2.601584e-06 8.000000e-04 7.271836e+01 3.179741e+01 2.273165e+01 6.917588e+01 9.220492e-02 1.460742e+00 2.302365e+00 1.008109e+01 1.450760e+02
3.000000e-02 6.615000e-02  6.013637e-02  1.000000e-01 2.670906e-06 8.000000e-04 7.271836e+01 3.179704e+01 2.272006e+01 6.917271e+01 9.722040e-02 1.529787e+00 2.426698e+00 1.062549e+01 1.529104e+02
3.000000e-02 6.615000e-02  6.013637e-02  1.000000e-01 2.742075e-06 8.000000e-04 7.271836e+01 3.179714e+01 2.270294e+01 6.916988e+01 1.030507e-01 1.637816e+00 2.557745e+00 1.119929e+01 1.611679e+02
3.000000e-02 6.615000e-02  6.013637e-02  1.000000e-01 2.815141e-06 8.000000e-04 7.271836e+01 3.179704e+01 2.269492e+01 6.916714e+01 1.048634e-01 1.711434e+00 2.695869e+00 1.180408e+01 1.698713e+02
3.000000e-02 6.615000e-02  6.013637e-02  1.000000e-01 2.890154e-06 8.000000e-04 7.271836e+01 3.179657e+01 2.268401e+01 6.916157e+01 1.154018e-01 1.837229e+00 2.841452e+00 1.244152e+01 1.790448e+02
3.000000e-02 6.615000e-02  6.013637e-02  1.000000e-01 2.967165e-06 8.000000e-04 7.271836e+01 3.179633e+01 2.268207e+01 6.916036e+01 1.211950e-01 1.886835e+00 2.994897e+00 1.311339e+01 1.887136e+02
3.000000e-02 6.615000e-02  6.013637e-02  1.000000e-01 3.046229e-06 8.000000e-04 7.271836e+01 3.179598e+01 2.267350e+01 6.915715e+01 1.228857e-01 2.008855e+00 3.156628e+00 1.382155e+01 1.989046e+02
3.000000e-02 6.615000e-02  6.013637e-02  1.000000e-01 3.127399e-06 8.000000e-04 7.271836e+01 3.179613e+01 2.265765e+01 6.915297e+01 1.365182e-01 2.149236e+00 3.327094e+00 1.456794e+01 2.096459e+02
3.000000e-02 6.615000e-02  6.013637e-02  1.000000e-01 3.210732e-06 8.000000e-04 7.271836e+01 3.179559e+01 2.264525e+01 6.915110e+01 1.384364e-01 2.237163e+00 3.506764e+00 1.535465e+01 2.209673e+02
3.000000e-02 6.615000e-02  6.013637e-02  1.000000e-01 3.296286e-06 8.000000e-04 7.271836e+01 3.179431e+01 2.262899e+01 6.913949e+01 1.477400e-01 2.348115e+00 3.696138e+00 1.618383e+01 2.329000e+02
3.000000e-02 6.615000e-02  6.013637e-02  1.000000e-01 3.384119e-06 8.000000e-04 7.271836e+01 3.179479e+01 2.262100e+01 6.913717e+01 1.589649e-01 2.467392e+00 3.895738e+00 1.705780e+01 2.454771e+02
3.000000e-02 6.615000e-02  6.013637e-02  1.000000e-01 3.474293e-06 8.000000e-04 7.271836e+01 3.179460e+01 2.259984e+01 6.913361e+01 1.614986e-01 2.563507e+00 4.106117e+00 1.797896e+01 2.587335e+02
3.000000e-02 6.615000e-02  6.013637e-02  1.000000e-01 3.566869e-06 8.000000e-04 7.271836e+01 3.179307e+01 2.258226e+01 6.912556e+01 1.831272e-01 2.750502e+00 4.327856e+00 1.894986e+01 2.727057e+02
3.000000e-02 6.615000e-02  6.013637e-02  1.000000e-01 3.661913e-06 8.000000e-04 7.271836e+01 3.179350e+01 2.257491e+01 6.912339e+01 1.829291e-01 2.890678e+00 4.561571e+00 1.997320e+01 2.874324e+02
3.000000e-02 6.615000e-02  6.013637e-02  1.000000e-01 3.759488e-06 8.000000e-04 7.271836e+01 3.179248e+01 2.256502e+01 6.911804e+01 1.962435e-01 3.041045e+00 4.807906e+00 2.105180e+01 3.029544e+02
3.000000e-02 6.615000e-02  6.013637e-02  1.000000e-01 3.859664e-06 8.000000e-04 7.271836e+01 3.179251e+01 2.253717e+01 6.911117e+01 2.046587e-01 3.262673e+00 5.067544e+00 2.218864e+01 3.193147e+02
3.000000e-02 6.615000e-02  6.013637e-02  1.000000e-01 3.962510e-06 8.000000e-04 7.271836e+01 3.179117e+01 2.252050e+01 6.910681e+01 2.184246e-01 3.380197e+00 5.341203e+00 2.338688e+01 3.365584e+02
3.000000e-02 6.615000e-02  6.013637e-02  1.000000e-01 4.068095e-06 8.000000e-04 7.271836e+01 3.179095e+01 2.250129e+01 6.910653e+01 2.313322e-01 3.568773e+00 5.629641e+00 2.464983e+01 3.547333e+02
3.000000e-02 6.615000e-02  6.013637e-02  1.000000e-01 4.176494e-06 8.000000e-04 7.271836e+01 3.179052e+01 2.246107e+01 6.908820e+01 2.493592e-01 3.788217e+00 5.933654e+00 2.598097e+01 3.738898e+02
3.000000e-02 6.615000e-02  6.013637e-02  1.000000e-01 4.287782e-06 8.000000e-04 7.271836e+01 3.178841e+01 2.246176e+01 6.908510e+01 2.699695e-01 3.972108e+00 6.254085e+00 2.738401e+01 3.940807e+02
3.000000e-02 6.615000e-02  6.013637e-02  1.000000e-01 4.402035e-06 8.000000e-04 7.271836e+01 3.178955e+01 2.243438e+01 6.908147e+01 2.613325e-01 4.182763e+00 6.591820e+00 2.886281e+01 4.153619e+02
3.000000e-02 6.615000e-02  6.013637e-02  1.000000e-01 4.519332e-06 8.000000e-04 7.271836e+01 3.178848e+01 2.241147e+01 6.907244e+01 2.844377e-01 4.419190e+00 6.947794e+00 3.042147e+01 4.377924e+02
3.000000e-02 6.615000e-02  6.013637e-02  1.000000e-01 4.639755e-06 8.000000e-04 7.271836e+01 3.178782e+01 2.238793e+01 6.906633e+01 2.829869e-01 4.623654e+00 7.322991e+00 3.206430e+01 4.614342e+02
3.000000e-02 6.615000e-02  6.013637e-02  1.000000e-01 4.763386e-06 8.000000e-04 7.271836e+01 3.178597e+01 2.236362e+01 6.905206e+01 3.312457e-01 4.951928e+00 7.718449e+00 3.379584e+01 4.863528e+02
3.000000e-02 6.615000e-02  6.013637e-02  1.000000e-01 4.890312e-06 8.000000e-04 7.271836e+01 3.178616e+01 2.234135e+01 6.905005e+01 3.238556e-01 5.193132e+00 8.135263e+00 3.562089e+01 5.126169e+02
3.000000e-02 6.615000e-02  6.013637e-02  1.000000e-01 5.020620e-06 8.000000e-04 7.271836e+01 3.178491e+01 2.233171e+01 6.904442e+01 3.463997e-01 5.417275e+00 8.574586e+00 3.754451e+01 5.402994e+02
3.000000e-02 6.615000e-02  6.013637e-02  1.000000e-01 5.154400e-06 8.000000e-04 7.271836e+01 3.178152e+01 2.227440e+01 6.903788e+01 3.753317e-01 5.729656e+00 9.037634e+00 3.957200e+01 5.694769e+02
3.000000e-02 6.615000e-02  6.013637e-02  1.000000e-01 5.291745e-06 8.000000e-04 7.271836e+01 3.178412e+01 2.224920e+01 6.902669e+01 4.004325e-01 6.077157e+00 9.525687e+00 4.170897e+01 6.002299e+02
3.000000e-02 6.615000e-02  6.013637e-02  1.000000e-01 5.432750e-06 8.000000e-04 7.271836e+01 3.178174e+01 2.222786e+01 6.902082e+01 4.470147e-01 6.330156e+00 1.004010e+01 4.396136e+01 6.326437e+02
3.000000e-02 6.615000e-02  6.013637e-02  1.000000e-01 5.577512e-06 8.000000e-04 7.271836e+01 3.178197e+01 2.216227e+01 6.900813e+01 4.202937e-01 6.746929e+00 1.058228e+01 4.633537e+01 6.668079e+02
3.000000e-02 6.615000e-02  6.013637e-02  1.000000e-01 5.726131e-06 8.000000e-04 7.271836e+01 3.178109e+01 2.213928e+01 6.899249e+01 4.478835e-01 7.128512e+00 1.115375e+01 4.883759e+01 7.028171e+02
3.000000e-02 6.615000e-02  6.013637e-02  1.000000e-01 5.878710e-06 8.000000e-04 7.271836e+01 3.178098e+01 2.210254e+01 6.897988e+01 4.654576e-01 7.384710e+00 1.175608e+01 5.147493e+01 7.407709e+02
3.000000e-02 6.615000e-02  6.013637e-02  1.000000e-01 6.035355e-06 8.000000e-04 7.271836e+01 3.177494e+01 2.205990e+01 6.896525e+01 5.132413e-01 7.874881e+00 1.239094e+01 5.425470e+01 7.807742e+02
3.000000e-02 6.615000e-02  6.013637e-02  1.000000e-01 6.196174e-06 8.000000e-04 7.271836e+01 3.177743e+01 2.201564e+01 6.896669e+01 5.229752e-01 8.279066e+00 1.306008e+01 5.718457e+01 8.229378e+02
3.000000e-02 6.615000e-02  6.013637e-02  1.000000e-01 6.361278e-06 8.000000e-04 7.271836e+01 3.177413e+01 2.195764e+01 6.894672e+01 5.452180e-01 8.692690e+00 1.376535e+01 6.027267e+01 8.673784e+02
3.000000e-02 6.615000e-02  6.013637e-02  1.000000e-01 6.530782e-06 8.000000e-04 7.271836e+01 3.177362e+01 2.190712e+01 6.894544e+01 5.927311e-01 9.323069e+00 1.450871e+01 6.352754e+01 9.142188e+02
3.000000e-02 6.615000e-02  6.013637e-02  1.000000e-01 6.704802e-06 8.000000e-04 7.271836e+01 3.177091e+01 2.189322e+01 6.892378e+01 6.243850e-01 9.652629e+00 1.529221e+01 6.695817e+01 9.635887e+02
3.000000e-02 6.615000e-02  6.013637e-02  1.000000e-01 6.883459e-06 8.000000e-04 7.271836e+01 3.177005e+01 2.181101e+01 6.891312e+01 6.509546e-01 1.025714e+01 1.611803e+01 7.057407e+01 1.015625e+03
3.000000e-02 6.615000e-02  6.013637e-02  1.000000e-01 7.066877e-06 8.000000e-04 7.271836e+01 3.176880e+01 2.176300e+01 6.892417e+01 6.987891e-01 1.071989e+01 1.698844e+01 7.438523e+01 1.070471e+03
3.000000e-02 6.615000e-02  6.013637e-02  1.000000e-01 7.255182e-06 8.000000e-04 7.271836e+01 3.176622e+01 2.172535e+01 6.889270e+01 7.415592e-01 1.132820e+01 1.790585e+01 7.840220e+01 1.128279e+03
3.000000e-02 6.615000e-02  6.013637e-02  1.000000e-01 7.448504e-06 8.000000e-04 7.271836e+01 3.176255e+01 2.164432e+01 6.887541e+01 7.906619e-01 1.204782e+01 1.887281e+01 8.263610e+01 1.189208e+03
3.000000e-02 6.615000e-02  6.013637e-02  1.000000e-01 7.646978e-06 8.000000e-04 7.271836e+01 3.175784e+01 2.157428e+01 6.887229e+01 8.282181e-01 1.248257e+01 1.989199e+01 8.709864e+01 1.253428e+03
3.000000e-02 6.615000e-02  6.013637e-02  1.000000e-01 7.850741e-06 8.000000e-04 7.271836e+01 3.176047e+01 2.151969e+01 6.886350e+01 8.174432e-01 1.327402e+01 2.096620e+01 9.180217e+01 1.321116e+03
3.000000e-02 6.615000e-02  6.013637e-02  1.000000e-01 8.059933e-06 8.000000e-04 7.271836e+01 3.175749e+01 2.148105e+01 6.884274e+01 8.860903e-01 1.398142e+01 2.209842e+01 9.675970e+01 1.392460e+03
3.000000e-02 6.615000e-02  6.013637e-02  1.000000e-01 8.274699e-06 8.000000e-04 7.271836e+01 3.175372e+01 2.136620e+01 6.882608e+01 9.788198e-01 1.469771e+01 2.329179e+01 1.019849e+02 1.467656e+03
3.000000e-02 6.615000e-02  6.013637e-02  1.000000e-01 8.495188e-06 8.000000e-04 7.271836e+01 3.175348e+01 2.131693e+01 6.881660e+01 1.037947e+00 1.559402e+01 2.454960e+01 1.074924e+02 1.546913e+03
3.000000e-02 6.615000e-02  6.013637e-02  1.000000e-01 8.721552e-06 8.000000e-04 7.271836e+01 3.174920e+01 2.121510e+01 6.880162e+01 1.050307e+00 1.655923e+01 2.587534e+01 1.132972e+02 1.630449e+03
3.000000e-02 6.615000e-02  6.013637e-02  1.000000e-01 8.953948e-06 8.000000e-04 7.271836e+01 3.175279e+01 2.116540e+01 6.881801e+01 1.069911e+00 1.748749e+01 2.727266e+01 1.194155e+02 1.718497e+03
3.000000e-02 6.615000e-02  6.013637e-02  1.000000e-01 9.192536e-06 8.000000e-04 7.271836e+01 3.174476e+01 2.112403e+01 6.880770e+01 1.137183e+00 1.804169e+01 2.874545e+01 1.258642e+02 1.811300e+03
3.000000e-02 6.615000e-02  6.013637e-02  1.000000e-01 9.437481e-06 8.000000e-04 7.271836e+01 3.173723e+01 2.100091e+01 6.875983e+01 1.248183e+00 1.923654e+01 3.029777e+01 1.326612e+02 1.909115e+03
3.000000e-02 6.615000e-02  6.013637e-02  1.000000e-01 9.688954e-06 8.000000e-04 7.271836e+01 3.173555e+01 2.087160e+01 6.878036e+01 1.355625e+00 2.048171e+01 3.193392e+01 1.398252e+02 2.012211e+03
3.000000e-02 6.615000e-02  6.013637e-02  1.000000e-01 9.947127e-06 8.000000e-04 7.271836e+01 3.173157e+01 2.077684e+01 6.879541e+01 1.423999e+00 2.132866e+01 3.365843e+01 1.473761e+02 2.120875e+03
3.000000e-02 6.615000e-02  6.013637e-02  1.000000e-01 1.021218e-05 8.000000e-04 7.271836e+01 3.173228e+01 2.072456e+01 6.878481e+01 1.438754e+00 2.269929e+01 3.547606e+01 1.553347e+02 2.235408e+03
3.000000e-02 6.615000e-02  6.013637e-02  1.000000e-01 1.048430e-05 8.000000e-04 7.271836e+01 3.172468e+01 2.058907e+01 6.878875e+01 1.538580e+00 2.383561e+01 3.739185e+01 1.637232e+02 2.356125e+03
3.000000e-02 6.615000e-02  6.013637e-02  1.000000e-01 1.076366e-05 8.000000e-04 7.271836e+01 3.172658e+01 2.048851e+01 6.880782e+01 1.608741e+00 2.497937e+01 3.941110e+01 1.725646e+02 2.483361e+03
3.000000e-02 6.615000e-02  6.013637e-02  1.000000e-01 1.105047e-05 8.000000e-04 7.271836e+01 3.172286e+01 2.042003e+01 6.877778e+01 1.722314e+00 2.630518e+01 4.153939e+01 1.818835e+02 2.617468e+03
3.000000e-02 6.615000e-02  6.013637e-02  1.000000e-01 1.134492e-05 8.000000e-04 7.271836e+01 3.171451e+01 2.025262e+01 6.880805e+01 1.751943e+00 2.798350e+01 4.378261e+01 1.917056e+02 2.758817e+03
3.000000e-02 6.615000e-02  6.013637e-02  1.000000e-01 1.164722e-05 8.000000e-04 7.271836e+01 3.171043e+01 2.014912e+01 6.879126e+01 1.909098e+00 2.950658e+01 4.614697e+01 2.020582e+02 2.907800e+03
3.000000e-02 6.615000e-02  6.013637e-02  1.000000e-01 1.195758e-05 8.000000e-04 7.271836e+01 3.169771e+01 2.001844e+01 6.885423e+01 2.014157e+00 3.067462e+01 4.863901e+01 2.129698e+02 3.064828e+03
3.000000e-02 6.615000e-02  6.013637e-02  1.000000e-01 1.227620e-05 8.000000e-04 7.271836e+01 3.170154e+01 1.988639e+01 6.890563e+01 2.027768e+00 3.284544e+01 5.126563e+01 2.244706e+02 3.230336e+03
3.000000e-02 6.615000e-02  6.013637e-02  1.000000e-01 1.260331e-05 8.000000e-04 7.271836e+01 3.169679e+01 1.982141e+01 6.884764e+01 2.215536e+00 3.413989e+01 5.403410e+01 2.365926e+02 3.404781e+03
3.000000e-02 6.615000e-02  6.013637e-02  1.000000e-01 1.293914e-05 8.000000e-04 7.271836e+01 3.168722e+01 1.965457e+01 6.898559e+01 2.350424e+00 3.644940e+01 5.695206e+01 2.493691e+02 3.588647e+03
3.000000e-02 6.615000e-02  6.013637e-02  1.000000e-01 1.328392e-05 8.000000e-04 7.271836e+01 3.167949e+01 1.954226e+01 6.896516e+01 2.497811e+00 3.847899e+01 6.002760e+01 2.628356e+02 3.782443e+03
3.000000e-02 6.615000e-02  6.013637e-02  1.000000e-01 1.363789e-05 8.000000e-04 7.271836e+01 3.167760e+01 1.939043e+01 6.894821e+01 2.577736e+00 4.015256e+01 6.326923e+01 2.770294e+02 3.986703e+03
3.000000e-02 6.615000e-02  6.013637e-02  1.000000e-01 1.400128e-05 8.000000e-04 7.271836e+01 3.167191e+01 1.930766e+01 6.905394e+01 2.665172e+00 4.303745e+01 6.668592e+01 2.919896e+02 4.201994e+03
3.000000e-02 6.615000e-02  6.013637e-02  1.000000e-01 1.437436e-05 8.000000e-04 7.271836e+01 3.164948e+01 1.913875e+01 6.912755e+01 2.999399e+00 4.471580e+01 7.028711e+01 3.077577e+02 4.428912e+03
3.000000e-02 6.615000e-02  6.013637e-02  1.000000e-01 1.475738e-05 8.000000e-04 7.271836e+01 3.165045e+01 1.897047e+01 6.910722e+01 2.936609e+00 4.738623e+01 7.408278e+01 3.243773e+02 4.668083e+03
3.000000e-02 6.615000e-02  6.013637e-02  1.000000e-01 1.515061e-05 8.000000e-04 7.271836e+01 3.165939e+01 1.883572e+01 6.926206e+01 3.055943e+00 4.917486e+01 7.808342e+01 3.418944e+02 4.920171e+03
3.000000e-02 6.615000e-02  6.013637e-02  1.000000e-01 1.555432e-05 8.000000e-04 7.271836e+01 3.162439e+01 1.875651e+01 6.925389e+01 3.416606e+00 5.116651e+01 8.230010e+01 3.603575e+02 5.185871e+03
3.000000e-02 6.615000e-02  6.013637e-02  1.000000e-01 1.596878e-05 8.000000e-04 7.271836e+01 3.163060e+01 1.862698e+01 6.949735e+01 3.481055e+00 5.429400e+01 8.674450e+01 3.798177e+02 5.465920e+03
3.000000e-02 6.615000e-02  6.013637e-02  1.000000e-01 1.639429e-05 8.000000e-04 7.271836e+01 3.162434e+01 1.853685e+01 6.956591e+01 3.688212e+00 5.767969e+01 9.142890e+01 4.003287e+02 5.761093e+03
3.000000e-02 6.615000e-02  6.013637e-02  1.000000e-01 1.683113e-05 8.000000e-04 7.271836e+01 3.162552e+01 1.824246e+01 6.990396e+01 3.917614e+00 6.162856e+01 9.636628e+01 4.219474e+02 6.072205e+03
3.000000e-02 6.615000e-02  6.013637e-02  1.000000e-01 1.727962e-05 8.000000e-04 7.271836e+01 3.159580e+01 1.811851e+01 7.004430e+01 4.073707e+00 6.530512e+01 1.015703e+02 4.447335e+02 6.400118e+03
3.000000e-02 6.615000e-02  6.013637e-02  1.000000e-01 1.774005e-05 8.000000e-04 7.271836e+01 3.158655e+01 1.799200e+01 7.030873e+01 4.496662e+00 6.828041e+01 1.070553e+02 4.687501e+02 6.745739e+03
3.000000e-02 6.615000e-02  6.013637e-02  1.000000e-01 1.821276e-05 8.000000e-04 7.271836e+01 3.156682e+01 1.788311e+01 7.054512e+01 4.729458e+00 7.191024e+01 1.128365e+02 4.940637e+02 7.110025e+03
3.000000e-02 6.615000e-02  6.013637e-02  1.000000e-01 1.869805e-05 8.000000e-04 7.271836e+01 3.155490e+01 1.775381e+01 7.054244e+01 4.824942e+00 7.489429e+01 1.189300e+02 5.207443e+02 7.493982e+03
3.000000e-02 6.615000e-02  6.013637e-02  1.000000e-01 1.919629e-05 8.000000e-04 7.271836e+01 3.153058e+01 1.773877e+01 7.069069e+01 5.140786e+00 7.866596e+01 1.253525e+02 5.488657e+02 7.898675e+03
3.000000e-02 6.615000e-02  6.013637e-02  1.000000e-01 1.970779e-05 8.000000e-04 7.271836e+01 3.154710e+01 1.758646e+01 7.116847e+01 5.331815e+00 8.367989e+01 1.321218e+02 5.785057e+02 8.325221e+03
3.000000e-02 6.615000e-02  6.013637e-02  1.000000e-01 2.023293e-05 8.000000e-04 7.271836e+01 3.150203e+01 1.743342e+01 7.180330e+01 5.698501e+00 8.957457e+01 1.392567e+02 6.097464e+02 8.774803e+03
3.000000e-02 6.615000e-02  6.013637e-02  1.000000e-01 2.077206e-05 8.000000e-04 7.271836e+01 3.153325e+01 1.744686e+01 7.209499e+01 6.112092e+00 9.250949e+01 1.467769e+02 6.426741e+02 9.248662e+03
3.000000e-02 6.615000e-02  6.013637e-02  1.000000e-01 2.132555e-05 8.000000e-04 7.271836e+01 3.151151e+01 1.732639e+01 7.253687e+01 6.306338e+00 9.936809e+01 1.547031e+02 6.773800e+02 9.748111e+03
3.000000e-02 6.615000e-02  6.013637e-02  1.000000e-01 2.189380e-05 8.000000e-04 7.271836e+01 3.146144e+01 1.722943e+01 7.276153e+01 6.892564e+00 1.032199e+02 1.630575e+02 7.139601e+02 1.027453e+04
3.000000e-02 6.615000e-02  6.013637e-02  1.000000e-01 2.247718e-05 8.000000e-04 7.271836e+01 3.148126e+01 1.727990e+01 7.388761e+01 6.896871e+00 1.105129e+02 1.718630e+02 7.525156e+02 1.082938e+04
3.000000e-02 6.615000e-02  6.013637e-02  1.000000e-01 2.307611e-05 8.000000e-04 7.271836e+01 3.139640e+01 1.737434e+01 7.439307e+01 7.518471e+00 1.164258e+02 1.811440e+02 7.931531e+02 1.141419e+04
3.000000e-02 6.615000e-02  6.013637e-02  1.000000e-01 2.369100e-05 8.000000e-04 7.271836e+01 3.141608e+01 1.737968e+01 7.489413e+01 7.932554e+00 1.221827e+02 1.909261e+02 8.359852e+02 1.203058e+04
3.000000e-02 6.615000e-02  6.013637e-02  1.000000e-01 2.432228e-05 8.000000e-04 7.271836e+01 3.145490e+01 1.736530e+01 7.507358e+01 7.914816e+00 1.250446e+02 2.012366e+02 8.811304e+02 1.268026e+04
3.000000e-02 6.615000e-02  6.013637e-02  1.000000e-01 2.497037e-05 8.000000e-04 7.271836e+01 3.139198e+01 1.728556e+01 7.540996e+01 8.951221e+00 1.351631e+02 2.121038e+02 9.287135e+02 1.336503e+04
3.000000e-02 6.615000e-02  6.013637e-02  1.000000e-01 2.563574e-05 8.000000e-04 7.271836e+01 3.141810e+01 1.776873e+01 7.817928e+01 8.636350e+00 1.433706e+02 2.235579e+02 9.788661e+02 1.408677e+04
3.000000e-02 6.615000e-02  6.013637e-02  1.000000e-01 2.631883e-05 8.000000e-04 7.271836e+01 3.131831e+01 1.760318e+01 7.713736e+01 1.006482e+01 1.482974e+02 2.356306e+02 1.031727e+03 1.484749e+04
3.000000e-02 6.615000e-02  6.013637e-02  1.000000e-01 2.702013e-05 8.000000e-04 7.271836e+01 3.133476e+01 1.771320e+01 7.843010e+01 9.830235e+00 1.574911e+02 2.483552e+02 1.087443e+03 1.564929e+04
3.000000e-02 6.615000e-02  6.013637e-02  1.000000e-01 2.774011e-05 8.000000e-04 7.271836e+01 3.135766e+01 1.844727e+01 8.116640e+01 1.051143e+01 1.682346e+02 2.617669e+02 1.146167e+03 1.649438e+04
3.000000e-02 6.615000e-02  6.013637e-02  1.000000e-01 2.847928e-05 8.000000e-04 7.271836e+01 3.124951e+01 1.833321e+01 8.089563e+01 1.142384e+01 1.743888e+02 2.759029e+02 1.208063e+03 1.738512e+04
3.000000e-02 6.615000e-02  6.013637e-02  1.000000e-01 2.923814e-05 8.000000e-04 7.271836e+01 3.121213e+01 1.882936e+01 8.236240e+01 1.250933e+01 1.856932e+02 2.908023e+02 1.273301e+03 1.832396e+04
3.000000e-02 6.615000e-02  6.013637e-02  1.000000e-01 3.001722e-05 8.000000e-04 7.271836e+01 3.119684e+01 1.900332e+01 8.313468e+01 1.236057e+01 1.949155e+02 3.065063e+02 1.342062e+03 1.931349e+04
3.000000e-02 6.615000e-02  6.013637e-02  1.000000e-01 3.081707e-05 8.000000e-04 7.271836e+01 3.114876e+01 1.950751e+01 8.472956e+01 1.338707e+01 2.049127e+02 3.230584e+02 1.414537e+03 2.035647e+04
3.000000e-02 6.615000e-02  6.013637e-02  1.000000e-01 3.163822e-05 8.000000e-04 7.271836e+01 3.110156e+01 1.971033e+01 8.539669e+01 1.392042e+01 2.179443e+02 3.405043e+02 1.490925e+03 2.145576e+04
3.000000e-02 6.615000e-02  6.013637e-02  1.000000e-01 3.248126e-05 8.000000e-04 7.271836e+01 3.108412e+01 2.001546e+01 8.632986e+01 1.441170e+01 2.285534e+02 3.588923e+02 1.571438e+03 2.261442e+04
3.000000e-02 6.615000e-02  6.013637e-02  1.000000e-01 3.334676e-05 8.000000e-04 7.271836e+01 3.110680e+01 2.080847e+01 8.879480e+01 1.537430e+01 2.381902e+02 3.782733e+02 1.656300e+03 2.383565e+04
3.000000e-02 6.615000e-02  6.013637e-02  1.000000e-01 3.423532e-05 8.000000e-04 7.271836e+01 3.102101e+01 2.120223e+01 8.971289e+01 1.659736e+01 2.548580e+02 3.987010e+02 1.745744e+03 2.512283e+04
3.000000e-02 6.615000e-02  6.013637e-02  1.000000e-01 3.514756e-05 8.000000e-04 7.271836e+01 3.099420e+01 2.191602e+01 9.154081e+01 1.746406e+01 2.675822e+02 4.202317e+02 1.840018e+03 2.647952e+04
3.000000e-02 6.615000e-02  6.013637e-02  1.000000e-01 3.608411e-05 8.000000e-04 7.271836e+01 3.096835e+01 2.287988e+01 9.413858e+01 1.867203e+01 2.855672e+02 4.429252e+02 1.939383e+03 2.790948e+04
3.000000e-02 6.615000e-02  6.013637e-02  1.000000e-01 3.704561e-05 8.000000e-04 7.271836e+01 3.099124e+01 2.303373e+01 9.449983e+01 1.838828e+01 2.991655e+02 4.668442e+02 2.044114e+03 2.941666e+04
3.000000e-02 6.615000e-02  6.013637e-02  1.000000e-01 3.803273e-05 8.000000e-04 7.271836e+01 3.088550e+01 2.425093e+01 9.743133e+01 1.966182e+01 3.155734e+02 4.920549e+02 2.154501e+03 3.100522e+04
3.000000e-02 6.615000e-02  6.013637e-02  1.000000e-01 3.904616e-05 8.000000e-04 7.271836e+01 3.076616e+01 2.535019e+01 9.971874e+01 2.065245e+01 3.300776e+02 5.186270e+02 2.270849e+03 3.267958e+04
3.000000e-02 6.615000e-02  6.013637e-02  1.000000e-01 4.008659e-05 8.000000e-04 7.271836e+01 3.068920e+01 2.503168e+01 9.893346e+01 2.289799e+01 3.460621e+02 5.466340e+02 2.393480e+03 3.444435e+04
3.000000e-02 6.615000e-02  6.013637e-02  1.000000e-01 4.115474e-05 8.000000e-04 7.271836e+01 3.070082e+01 2.721631e+01 1.041462e+02 2.256755e+01 3.694437e+02 5.761535e+02 2.522734e+03 3.630443e+04
3.000000e-02 6.615000e-02  6.013637e-02  1.000000e-01 4.225136e-05 8.000000e-04 7.271836e+01 3.064846e+01 2.759357e+01 1.049761e+02 2.465250e+01 3.852585e+02 6.072671e+02 2.658967e+03 3.826495e+04
3.000000e-02 6.615000e-02  6.013637e-02  1.000000e-01 4.337719e-05 8.000000e-04 7.271836e+01 3.051476e+01 2.828171e+01 1.059620e+02 2.670956e+01 4.099487e+02 6.400610e+02 2.802558e+03 4.033134e+04
3.000000e-02 6.615000e-02  6.013637e-02  1.000000e-01 4.453303e-05 8.000000e-04 7.271836e+01 3.046096e+01 2.948082e+01 1.087637e+02 2.706034e+01 4.228364e+02 6.746258e+02 2.953902e+03 4.250933e+04
3.000000e-02 6.615000e-02  6.013637e-02  1.000000e-01 4.571966e-05 8.000000e-04 7.271836e+01 3.042393e+01 3.069551e+01 1.115394e+02 2.985759e+01 4.564220e+02 7.110571e+02 3.113420e+03 4.480493e+04
3.000000e-02 6.615000e-02  6.013637e-02  1.000000e-01 4.693791e-05 8.000000e-04 7.271836e+01 3.041057e+01 3.187338e+01 1.139390e+02 2.969708e+01 4.772740e+02 7.494558e+02 3.281552e+03 4.722450e+04
3.000000e-02 6.615000e-02  6.013637e-02  1.000000e-01 4.818863e-05 8.000000e-04 7.271836e+01 3.029826e+01 3.269980e+01 1.157756e+02 3.169997e+01 5.002828e+02 7.899282e+02 3.458763e+03 4.977473e+04
3.000000e-02 6.615000e-02  6.013637e-02  1.000000e-01 4.947267e-05 8.000000e-04 7.271836e+01 3.028799e+01 3.324102e+01 1.163887e+02 3.347451e+01 5.298581e+02 8.325861e+02 3.645544e+03 5.246268e+04
3.000000e-02 6.615000e-02  6.013637e-02  1.000000e-01 5.079093e-05 8.000000e-04 7.271836e+01 3.016626e+01 3.564852e+01 1.218480e+02 3.666850e+01 5.655898e+02 8.775477e+02 3.842412e+03 5.529579e+04
3.000000e-02 6.615000e-02  6.013637e-02  1.000000e-01 5.214431e-05 8.000000e-04 7.271836e+01 2.996514e+01 3.481753e+01 1.193501e+02 3.820415e+01 5.872408e+02 9.249373e+02 4.049911e+03 5.828189e+04
3.000000e-02 6.615000e-02  6.013637e-02  1.000000e-01 5.353375e-05 8.000000e-04 7.271836e+01 3.007822e+01 3.639767e+01 1.227330e+02 3.793230e+01 6.178263e+02 9.748861e+02 4.268616e+03 6.142925e+04
3.000000e-02 6.615000e-02  6.013637e-02  1.000000e-01 5.496022e-05 8.000000e-04 7.271836e+01 3.002113e+01 3.739878e+01 1.252354e+02 4.183754e+01 6.520630e+02 1.027532e+03 4.499131e+03 6.474657e+04
3.000000e-02 6.615000e-02  6.013637e-02  1.000000e-01 5.642470e-05 8.000000e-04 7.271836e+01 2.985545e+01 3.888436e+01 1.284111e+02 4.419529e+01 6.877496e+02 1.083021e+03 4.742094e+03 6.824303e+04
3.000000e-02 6.615000e-02  6.013637e-02  1.000000e-01 5.792820e-05 8.000000e-04 7.271836e+01 2.965936e+01 3.947889e+01 1.284375e+02 4.631372e+01 7.251405e+02 1.141507e+03 4.998178e+03 7.192831e+04
3.000000e-02 6.615000e-02  6.013637e-02  1.000000e-01 5.947176e-05 8.000000e-04 7.271836e+01 2.980975e+01 4.131142e+01 1.335968e+02 4.737544e+01 7.629661e+02 1.203151e+03 5.268092e+03 7.581261e+04
3.000000e-02 6.615000e-02  6.013637e-02  1.000000e-01 6.105646e-05 8.000000e-04 7.271836e+01 2.961261e+01 4.196282e+01 1.342140e+02 4.995145e+01 8.031045e+02 1.268124e+03 5.552581e+03 7.990667e+04
3.000000e-02 6.615000e-02  6.013637e-02  1.000000e-01 6.268338e-05 8.000000e-04 7.271836e+01 2.941929e+01 4.207099e+01 1.337839e+02 5.284835e+01 8.360155e+02 1.336605e+03 5.852433e+03 8.422181e+04
3.000000e-02 6.615000e-02  6.013637e-02  1.000000e-01 6.435365e-05 8.000000e-04 7.271836e+01 2.921893e+01 4.351458e+01 1.364064e+02 5.813199e+01 8.940506e+02 1.408785e+03 6.168478e+03 8.876998e+04
3.000000e-02 6.615000e-02  6.013637e-02  1.000000e-01 6.606842e-05 8.000000e-04 7.271836e+01 2.922422e+01 4.340367e+01 1.360388e+02 6.052761e+01 9.547859e+02 1.484863e+03 6.501590e+03 9.356377e+04
3.000000e-02 6.615000e-02  6.013637e-02  1.000000e-01 6.782889e-05 8.000000e-04 7.271836e+01 2.898391e+01 4.469428e+01 1.385914e+02 6.536417e+01 1.001153e+03 1.565049e+03 6.852691e+03 9.861643e+04
3.000000e-02 6.615000e-02  6.013637e-02  1.000000e-01 6.963627e-05 8.000000e-04 7.271836e+01 2.872219e+01 4.472408e+01 1.384135e+02 6.979532e+01 1.034328e+03 1.649565e+03 7.222752e+03 1.039419e+05
3.000000e-02 6.615000e-02  6.013637e-02  1.000000e-01 7.149181e-05 8.000000e-04 7.271836e+01 2.857398e+01 4.491822e+01 1.370687e+02 6.959944e+01 1.102993e+03 1.738646e+03 7.612797e+03 1.095550e+05
3.000000e-02 6.615000e-02  6.013637e-02  1.000000e-01 7.339679e-05 8.000000e-04 7.271836e+01 2.858677e+01 4.602087e+01 1.404681e+02 7.355329e+01 1.159220e+03 1.832536e+03 8.023906e+03 1.154713e+05
3.000000e-02 6.615000e-02  6.013637e-02  1.000000e-01 7.535253e-05 8.000000e-04 7.271836e+01 2.854609e+01 4.704208e+01 1.421532e+02 7.493086e+01 1.230901e+03 1.931498e+03 8.457215e+03 1.217070e+05
3.000000e-02 6.615000e-02  6.013637e-02  1.000000e-01 7.736039e-05 8.000000e-04 7.271836e+01 2.821675e+01 4.771218e+01 1.436172e+02 8.182544e+01 1.272126e+03 2.035803e+03 8.913925e+03 1.282794e+05
3.000000e-02 6.615000e-02  6.013637e-02  1.000000e-01 7.942174e-05 8.000000e-04 7.271836e+01 2.815565e+01 4.726319e+01 1.411198e+02 8.235598e+01 1.355439e+03 2.145741e+03 9.395297e+03 1.352068e+05
3.000000e-02 6.615000e-02  6.013637e-02  1.000000e-01 8.153803e-05 8.000000e-04 7.271836e+01 2.746323e+01 4.861232e+01 1.446117e+02 9.734635e+01 1.437683e+03 2.261616e+03 9.902665e+03 1.425083e+05
3.000000e-02 6.615000e-02  6.013637e-02  1.000000e-01 8.371070e-05 8.000000e-04 7.271836e+01 2.739193e+01 4.937913e+01 1.458338e+02 9.970935e+01 1.530298e+03 2.383748e+03 1.043743e+04 1.502041e+05
3.000000e-02 6.615000e-02  6.013637e-02  1.000000e-01 8.594127e-05 8.000000e-04 7.271836e+01 2.770957e+01 5.053366e+01 1.497770e+02 1.052065e+02 1.626464e+03 2.512476e+03 1.100108e+04 1.583155e+05
3.000000e-02 6.615000e-02  6.013637e-02  1.000000e-01 8.823127e-05 8.000000e-04 7.271836e+01 2.745579e+01 4.964946e+01 1.464411e+02 1.059700e+02 1.666054e+03 2.648156e+03 1.159516e+04 1.668649e+05
3.000000e-02 6.615000e-02  6.013637e-02  1.000000e-01 9.058230e-05 8.000000e-04 7.271836e+01 2.709269e+01 5.058885e+01 1.482237e+02 1.187803e+02 1.760864e+03 2.791162e+03 1.222133e+04 1.758760e+05
3.000000e-02 6.615000e-02  6.013637e-02  1.000000e-01 9.299597e-05 8.000000e-04 7.271836e+01 2.669030e+01 5.079312e+01 1.485885e+02 1.212237e+02 1.853034e+03 2.941892e+03 1.288131e+04 1.853737e+05
3.000000e-02 6.615000e-02  6.013637e-02  1.000000e-01 9.547395e-05 8.000000e-04 7.271836e+01 2.670628e+01 5.126101e+01 1.492219e+02 1.248593e+02 1.986607e+03 3.100761e+03 1.357693e+04 1.953843e+05
3.000000e-02 6.615000e-02  6.013637e-02  1.000000e-01 9.801796e-05 8.000000e-04 7.271836e+01 2.633577e+01 5.146206e+01 1.483344e+02 1.288857e+02 2.066630e+03 3.268209e+03 1.431011e+04 2.059355e+05
3.000000e-02 6.615000e-02  6.013637e-02  1.000000e-01 1.006298e-04 8.000000e-04 7.271836e+01 2.627644e+01 5.147412e+01 1.481635e+02 1.368083e+02 2.188652e+03 3.444700e+03 1.508289e+04 2.170565e+05
3.000000e-02 6.615000e-02  6.013637e-02  1.000000e-01 1.033112e-04 8.000000e-04 7.271836e+01 2.599839e+01 5.246222e+01 1.501956e+02 1.475748e+02 2.332522e+03 3.630721e+03 1.589740e+04 2.287780e+05
3.000000e-02 6.615000e-02  6.013637e-02  1.000000e-01 1.060640e-04 8.000000e-04 7.271836e+01 2.571203e+01 5.209509e+01 1.473892e+02 1.530790e+02 2.374149e+03 3.826789e+03 1.675590e+04 2.411326e+05
3.000000e-02 6.615000e-02  6.013637e-02  1.000000e-01 1.088902e-04 8.000000e-04 7.271836e+01 2.544506e+01 5.438045e+01 1.563140e+02 1.618795e+02 2.595317e+03 4.033444e+03 1.766076e+04 2.541543e+05
3.000000e-02 6.615000e-02  6.013637e-02  1.000000e-01 1.117917e-04 8.000000e-04 7.271836e+01 2.537827e+01 5.292312e+01 1.487611e+02 1.735355e+02 2.661164e+03 4.251260e+03 1.861448e+04 2.678792e+05
3.000000e-02 6.615000e-02  6.013637e-02  1.000000e-01 1.147705e-04 8.000000e-04 7.271836e+01 2.516432e+01 5.360806e+01 1.517255e+02 1.864036e+02 2.827388e+03 4.480837e+03 1.961970e+04 2.823453e+05
3.000000e-02 6.615000e-02  6.013637e-02  1.000000e-01 1.178287e-04 8.000000e-04 7.271836e+01 2.550396e+01 5.400943e+01 1.536750e+02 1.835813e+02 2.942197e+03 4.722813e+03 2.067921e+04 2.975926e+05
3.000000e-02 6.615000e-02  6.013637e-02  1.000000e-01 1.209684e-04 8.000000e-04 7.271836e+01 2.493391e+01 5.339845e+01 1.498051e+02 1.966366e+02 3.113865e+03 4.977856e+03 2.179594e+04 3.136633e+05
3.000000e-02 6.615000e-02  6.013637e-02  1.000000e-01 1.241917e-04 8.000000e-04 7.271836e+01 2.408527e+01 5.424253e+01 1.524929e+02 2.149748e+02 3.332567e+03 5.246672e+03 2.297297e+04 3.306018e+05
3.000000e-02 6.615000e-02  6.013637e-02  1.000000e-01 1.275010e-04 8.000000e-04 7.271836e+01 2.375886e+01 5.404718e+01 1.477904e+02 2.223320e+02 3.520193e+03 5.530004e+03 2.421356e+04 3.484551e+05
3.000000e-02 6.615000e-02  6.013637e-02  1.000000e-01 1.308984e-04 8.000000e-04 7.271836e+01 2.408251e+01 5.421709e+01 1.508688e+02 2.428878e+02 3.668220e+03 5.828637e+03 2.552115e+04 3.672724e+05
3.000000e-02 6.615000e-02  6.013637e-02  1.000000e-01 1.343863e-04 8.000000e-04 7.271836e+01 2.435992e+01 5.431275e+01 1.508749e+02 2.434018e+02 3.882215e+03 6.143397e+03 2.689935e+04 3.871060e+05
3.000000e-02 6.615000e-02  6.013637e-02  1.000000e-01 1.379672e-04 8.000000e-04 7.271836e+01 2.399462e+01 5.509572e+01 1.489267e+02 2.831879e+02 4.164456e+03 6.475154e+03 2.835198e+04 4.080106e+05
3.000000e-02 6.615000e-02  6.013637e-02  1.000000e-01 1.416435e-04 8.000000e-04 7.271836e+01 2.479243e+01 5.491983e+01 1.496582e+02 2.782176e+02 4.347506e+03 6.824828e+03 2.988305e+04 4.300441e+05
3.000000e-02 6.615000e-02  6.013637e-02  1.000000e-01 1.454177e-04 8.000000e-04 7.271836e+01 2.338959e+01 5.507156e+01 1.505921e+02 2.929118e+02 4.544921e+03 7.193384e+03 3.149680e+04 4.532675e+05
3.000000e-02 6.615000e-02  6.013637e-02  1.000000e-01 1.492926e-04 8.000000e-04 7.271836e+01 2.372971e+01 5.487103e+01 1.504213e+02 3.118439e+02 4.796198e+03 7.581844e+03 3.319770e+04 4.777450e+05
3.000000e-02 6.615000e-02  6.013637e-02  1.000000e-01 1.532706e-04 8.000000e-04 7.271836e+01 2.416250e+01 5.516164e+01 1.488925e+02 3.133053e+02 5.067916e+03 7.991281e+03 3.499046e+04 5.035443e+05
3.000000e-02 6.615000e-02  6.013637e-02  1.000000e-01 1.573547e-04 8.000000e-04 7.271836e+01 2.329268e+01 5.456910e+01 1.500058e+02 3.444069e+02 5.356168e+03 8.422828e+03 3.688002e+04 5.307369e+05
3.000000e-02 6.615000e-02  6.013637e-02  1.000000e-01 1.615476e-04 8.000000e-04 7.271836e+01 2.346142e+01 5.495051e+01 1.491261e+02 3.596063e+02 5.730216e+03 8.877681e+03 3.887163e+04 5.593979e+05
3.000000e-02 6.615000e-02  6.013637e-02  1.000000e-01 1.658522e-04 8.000000e-04 7.271836e+01 2.314125e+01 5.611195e+01 1.479920e+02 3.852811e+02 5.882133e+03 9.357096e+03 4.097079e+04 5.896067e+05
3.000000e-02 6.615000e-02  6.013637e-02  1.000000e-01 1.702715e-04 8.000000e-04 7.271836e+01 2.333912e+01 5.551824e+01 1.464188e+02 4.120318e+02 6.268397e+03 9.862401e+03 4.318330e+04 6.214468e+05
3.000000e-02 6.615000e-02  6.013637e-02  1.000000e-01 1.748086e-04 8.000000e-04 7.271836e+01 2.210079e+01 5.535815e+01 1.458830e+02 4.290444e+02 6.497678e+03 1.039499e+04 4.551530e+04 6.550064e+05
3.000000e-02 6.615000e-02  6.013637e-02  1.000000e-01 1.794666e-04 8.000000e-04 7.271836e+01 2.497918e+01 5.683665e+01 1.520653e+02 4.397052e+02 6.902496e+03 1.095635e+04 4.797323e+04 6.903783e+05
3.000000e-02 6.615000e-02  6.013637e-02  1.000000e-01 1.842487e-04 8.000000e-04 7.271836e+01 2.541488e+01 5.642750e+01 1.514053e+02 4.731747e+02 7.264892e+03 1.154801e+04 5.056390e+04 7.276603e+05
3.000000e-02 6.615000e-02  6.013637e-02  1.000000e-01 1.891582e-04 8.000000e-04 7.271836e+01 2.342982e+01 5.648779e+01 1.461130e+02 5.114029e+02 7.713667e+03 1.217163e+04 5.329446e+04 7.669556e+05
3.000000e-02 6.615000e-02  6.013637e-02  1.000000e-01 1.941986e-04 8.000000e-04 7.271836e+01 2.401264e+01 5.676747e+01 1.469045e+02 5.182616e+02 8.158537e+03 1.282893e+04 5.617249e+04 8.083730e+05
3.000000e-02 6.615000e-02  6.013637e-02  1.000000e-01 1.993732e-04 8.000000e-04 7.271836e+01 2.423741e+01 5.763608e+01 1.543865e+02 5.374533e+02 8.526168e+03 1.352172e+04 5.920593e+04 8.520270e+05
3.000000e-02 6.615000e-02  6.013637e-02  1.000000e-01 2.046857e-04 8.000000e-04 7.271836e+01 2.686723e+01 5.767591e+01 1.487849e+02 5.898472e+02 9.101921e+03 1.425193e+04 6.240319e+04 8.980384e+05
3.000000e-02 6.615000e-02  6.013637e-02  1.000000e-01 2.101398e-04 8.000000e-04 7.271836e+01 2.445507e+01 5.807834e+01 1.560550e+02 5.864214e+02 9.635131e+03 1.502156e+04 6.577311e+04 9.465346e+05
3.000000e-02 6.615000e-02  6.013637e-02  1.000000e-01 2.157392e-04 8.000000e-04 7.271836e+01 2.670375e+01 5.916953e+01 1.183721e+02 6.714382e+02 9.930527e+03 1.583276e+04 6.932501e+04 9.976496e+05
3.000000e-02 6.615000e-02  6.013637e-02  1.000000e-01 2.214878e-04 8.000000e-04 7.271836e+01 2.979639e+01 5.855513e+01 1.239901e+02 6.724144e+02 1.045226e+04 1.668777e+04 7.306872e+04 1.051525e+06
3.000000e-02 6.615000e-02  6.013637e-02  1.000000e-01 2.273896e-04 8.000000e-04 7.271836e+01 3.026239e+01 5.981375e+01 1.254392e+02 7.016921e+02 1.117384e+04 1.758895e+04 7.701460e+04 1.108310e+06
3.000000e-02 6.615000e-02  6.013637e-02  1.000000e-01 2.334487e-04 8.000000e-04 7.271836e+01 2.907969e+01 5.949353e+01 1.249477e+02 7.801545e+02 1.174749e+04 1.853879e+04 8.117356e+04 1.168161e+06
3.000000e-02 6.615000e-02  6.013637e-02  1.000000e-01 2.396692e-04 8.000000e-04 7.271836e+01 3.260762e+01 6.103569e+01 1.247021e+02 7.906330e+02 1.235585e+04 1.953993e+04 8.555712e+04 1.231245e+06
3.000000e-02 6.615000e-02  6.013637e-02  1.000000e-01 2.460555e-04 8.000000e-04 7.271836e+01 4.180398e+01 5.985026e+01 1.256964e+02 8.440098e+02 1.311361e+04 2.059513e+04 9.017741e+04 1.297735e+06
3.000000e-02 6.615000e-02  6.013637e-02  1.000000e-01 2.526119e-04 8.000000e-04 7.271836e+01 3.762919e+01 5.935860e+01 1.214147e+02 8.818187e+02 1.368924e+04 2.170731e+04 9.504720e+04 1.367815e+06
3.000000e-02 6.615000e-02  6.013637e-02  1.000000e-01 2.593430e-04 8.000000e-04 7.271836e+01 3.550651e+01 6.049565e+01 1.221231e+02 9.271746e+02 1.462980e+04 2.287956e+04 1.001800e+05 1.441680e+06
3.000000e-02 6.615000e-02  6.013637e-02  1.000000e-01 2.662535e-04 8.000000e-04 7.271836e+01 4.237377e+01 6.199589e+01 1.130354e+02 1.009031e+03 1.513058e+04 2.411511e+04 1.055899e+05 1.519534e+06
3.000000e-02 6.615000e-02  6.013637e-02  1.000000e-01 2.733482e-04 8.000000e-04 7.271836e+01 4.050524e+01 6.181646e+01 1.185595e+02 1.073547e+03 1.599123e+04 2.541738e+04 1.112920e+05 1.601593e+06
3.000000e-02 6.615000e-02  6.013637e-02  1.000000e-01 2.806318e-04 8.000000e-04 7.271836e+01 3.631335e+01 6.173560e+01 1.137337e+02 1.095274e+03 1.702234e+04 2.678998e+04 1.173020e+05 1.688083e+06
3.000000e-02 6.615000e-02  6.013637e-02  1.000000e-01 2.881096e-04 8.000000e-04 7.271836e+01 3.984758e+01 6.302537e+01 1.132027e+02 1.081516e+03 1.773580e+04 2.823670e+04 1.236366e+05 1.779243e+06
3.000000e-02 6.615000e-02  6.013637e-02  1.000000e-01 2.957866e-04 8.000000e-04 7.271836e+01 3.980632e+01 6.549108e+01 1.033988e+02 1.233335e+03 1.921092e+04 2.976155e+04 1.303133e+05 1.875326e+06
3.000000e-02 6.615000e-02  6.013637e-02  1.000000e-01 3.036682e-04 8.000000e-04 7.271836e+01 4.154830e+01 6.509662e+01 1.018574e+02 1.290266e+03 1.951780e+04 3.136874e+04 1.373505e+05 1.976598e+06
3.000000e-02 6.615000e-02  6.013637e-02  1.000000e-01 3.117598e-04 8.000000e-04 7.271836e+01 4.768112e+01 6.500134e+01 9.925784e+01 1.371189e+03 2.145767e+04 3.306272e+04 1.447677e+05 2.083339e+06
3.000000e-02 6.615000e-02  6.013637e-02  1.000000e-01 3.200670e-04 8.000000e-04 7.271836e+01 4.248505e+01 6.503448e+01 9.975179e+01 1.344911e+03 2.233189e+04 3.484819e+04 1.525855e+05 2.195844e+06
3.000000e-02 6.615000e-02  6.013637e-02  1.000000e-01 3.285955e-04 8.000000e-04 7.271836e+01 4.538087e+01 6.627465e+01 9.301381e+01 1.523600e+03 2.301607e+04 3.673007e+04 1.608255e+05 2.314425e+06
3.000000e-02 6.615000e-02  6.013637e-02  1.000000e-01 3.373513e-04 8.000000e-04 7.271836e+01 5.543990e+01 6.651883e+01 9.257603e+01 1.510486e+03 2.466399e+04 3.871358e+04 1.695105e+05 2.439409e+06
3.000000e-02 6.615000e-02  6.013637e-02  1.000000e-01 3.463404e-04 8.000000e-04 7.271836e+01 4.606915e+01 6.712450e+01 7.751564e+01 1.654729e+03 2.626496e+04 4.080420e+04 1.786644e+05 2.571143e+06
3.000000e-02 6.615000e-02  6.013637e-02  1.000000e-01 3.555691e-04 8.000000e-04 7.271836e+01 5.340918e+01 6.633904e+01 8.403768e+01 1.801500e+03 2.694084e+04 4.300772e+04 1.883127e+05 2.709991e+06
3.000000e-02 6.615000e-02  6.013637e-02  1.000000e-01 3.650436e-04 8.000000e-04 7.271836e+01 4.999548e+01 6.792767e+01 8.812844e+01 1.829912e+03 2.853471e+04 4.533024e+04 1.984820e+05 2.856336e+06
3.000000e-02 6.615000e-02  6.013637e-02  1.000000e-01 3.747706e-04 8.000000e-04 7.271836e+01 4.997138e+01 6.578863e+01 4.958716e+01 2.040877e+03 3.031825e+04 4.777818e+04 2.092005e+05 3.010585e+06
3.000000e-02 6.615000e-02  6.013637e-02  1.000000e-01 3.847568e-04 8.000000e-04 7.271836e+01 4.645741e+01 6.835983e+01 5.018886e+01 2.054899e+03 3.223587e+04 5.035831e+04 2.204978e+05 3.173164e+06
3.000000e-02 6.615000e-02  6.013637e-02  1.000000e-01 3.950091e-04 8.000000e-04 7.271836e+01 5.071111e+01 6.865283e+01 4.436280e+01 2.156356e+03 3.330717e+04 5.307777e+04 2.324052e+05 3.344522e+06
3.000000e-02 6.615000e-02  6.013637e-02  1.000000e-01 4.055346e-04 8.000000e-04 7.271836e+01 5.448759e+01 7.058157e+01 1.037041e+01 2.289300e+03 3.539922e+04 5.594410e+04 2.449557e+05 3.525134e+06
3.000000e-02 6.615000e-02  6.013637e-02  1.000000e-01 4.163405e-04 8.000000e-04 7.271836e+01 5.167727e+01 7.404738e+01 1.000000e+10 2.374712e+03 3.730170e+04 5.896521e+04 2.581838e+05 3.715499e+06
3.000000e-02 6.615000e-02  6.013637e-02  1.000000e-01 4.274344e-04 8.000000e-04 7.271836e+01 4.979540e+01 7.117559e+01 1.000000e+10 2.581888e+03 3.888072e+04 6.214946e+04 2.721263e+05 3.916145e+06
3.000000e-02 6.615000e-02  6.013637e-02  1.000000e-01 4.388239e-04 8.000000e-04 7.271836e+01 5.167250e+01 7.059992e+01 1.000000e+10 2.598431e+03 4.161162e+04 6.550568e+04 2.868218e+05 4.127626e+06
3.000000e-02 6.615000e-02  6.013637e-02  1.000000e-01 4.505168e-04 8.000000e-04 7.271836e+01 5.857309e+01 7.086610e+01 1.000000e+10 2.772184e+03 4.297446e+04 6.904314e+04 3.023108e+05 4.350527e+06
3.000000e-02 6.615000e-02  6.013637e-02  1.000000e-01 4.625214e-04 8.000000e-04 7.271836e+01 5.150582e+01 7.143955e+01 9.818405e+02 3.079145e+03 4.612912e+04 7.277163e+04 3.186363e+05 4.585465e+06
3.000000e-02 6.615000e-02  6.013637e-02  1.000000e-01 4.748458e-04 8.000000e-04 7.271836e+01 5.079692e+01 7.290728e+01 2.787715e+02 3.182687e+03 4.874414e+04 7.670146e+04 3.358434e+05 4.833091e+06
3.000000e-02 6.615000e-02  6.013637e-02  1.000000e-01 4.874986e-04 8.000000e-04 7.271836e+01 4.768859e+01 7.086038e+01 1.826092e+02 3.195590e+03 5.130957e+04 8.084352e+04 3.539798e+05 5.094089e+06
3.000000e-02 6.615000e-02  6.013637e-02  1.000000e-01 5.004886e-04 8.000000e-04 7.271836e+01 6.413107e+01 7.424446e+01 1.000000e+10 3.570086e+03 5.407895e+04 8.520926e+04 3.730955e+05 5.369182e+06
3.000000e-02 6.615000e-02  6.013637e-02  1.000000e-01 5.138247e-04 8.000000e-04 7.271836e+01 5.948309e+01 7.679952e+01 1.000000e+10 3.667061e+03 5.673139e+04 8.981075e+04 3.932435e+05 5.659130e+06
3.000000e-02 6.615000e-02  6.013637e-02  1.000000e-01 5.275161e-04 8.000000e-04 7.271836e+01 5.555395e+01 7.732613e+01 3.045275e+02 3.868628e+03 5.909238e+04 9.466074e+04 4.144796e+05 5.964736e+06
3.000000e-02 6.615000e-02  6.013637e-02  1.000000e-01 5.415724e-04 8.000000e-04 7.271836e+01 6.368910e+01 7.839040e+01 1.000000e+10 3.987182e+03 6.371913e+04 9.977264e+04 4.368624e+05 6.286846e+06
3.000000e-02 6.615000e-02  6.013637e-02  1.000000e-01 5.560032e-04 8.000000e-04 7.271836e+01 5.192850e+01 8.175943e+01 2.294011e+02 4.254972e+03 6.757759e+04 1.051606e+05 4.604540e+05 6.626350e+06
3.000000e-02 6.615000e-02  6.013637e-02  1.000000e-01 5.708185e-04 8.000000e-04 7.271836e+01 4.362207e+01 8.559002e+01 1.664065e+02 4.282669e+03 7.087578e+04 1.108395e+05 4.853196e+05 6.984188e+06
3.000000e-02 6.615000e-02  6.013637e-02  1.000000e-01 5.860287e-04 8.000000e-04 7.271836e+01 5.094298e+01 8.524999e+01 1.921313e+02 4.457505e+03 7.481193e+04 1.168251e+05 5.115280e+05 7.361351e+06
3.000000e-02 6.615000e-02  6.013637e-02  1.000000e-01 6.016441e-04 8.000000e-04 7.271836e+01 4.829761e+01 8.129947e+01 1.677466e+02 4.751174e+03 7.819612e+04 1.231339e+05 5.391517e+05 7.758881e+06
3.000000e-02 6.615000e-02  6.013637e-02  1.000000e-01 6.176756e-04 8.000000e-04 7.271836e+01 5.472452e+01 8.458058e+01 2.811614e+02 5.368372e+03 8.329107e+04 1.297834e+05 5.682671e+05 8.177878e+06
3.000000e-02 6.615000e-02  6.013637e-02  1.000000e-01 6.341342e-04 8.000000e-04 7.271836e+01 5.553493e+01 8.563635e+01 2.261262e+02 5.543411e+03 8.608662e+04 1.367921e+05 5.989549e+05 8.619503e+06
3.000000e-02 6.615000e-02  6.013637e-02  1.000000e-01 6.510315e-04 8.000000e-04 7.271836e+01 6.071335e+01 7.886835e+01 8.819281e+02 5.628601e+03 9.161113e+04 1.441791e+05 6.312998e+05 9.084976e+06
3.000000e-02 6.615000e-02  6.013637e-02  1.000000e-01 6.683790e-04 8.000000e-04 7.271836e+01 5.399088e+01 8.316892e+01 2.023146e+02 6.104510e+03 9.630411e+04 1.519652e+05 6.653915e+05 9.575586e+06
3.000000e-02 6.615000e-02  6.013637e-02  1.000000e-01 6.861887e-04 8.000000e-04 7.271836e+01 5.234390e+01 8.540130e+01 1.775468e+02 6.252311e+03 1.016811e+05 1.601716e+05 7.013242e+05 1.009269e+07
3.000000e-02 6.615000e-02  6.013637e-02  1.000000e-01 7.044730e-04 8.000000e-04 7.271836e+01 5.035508e+01 9.627898e+01 1.756588e+02 6.703750e+03 1.070343e+05 1.688213e+05 7.391973e+05 1.063772e+07
3.000000e-02 6.615000e-02  6.013637e-02  1.000000e-01 7.232445e-04 8.000000e-04 7.271836e+01 6.410169e+01 9.283444e+01 2.088655e+02 7.424676e+03 1.130226e+05 1.779380e+05 7.791157e+05 1.121218e+07
3.000000e-02 6.615000e-02  6.013637e-02  1.000000e-01 7.425162e-04 8.000000e-04 7.271836e+01 4.591583e+01 7.849156e+01 1.420083e+02 7.716953e+03 1.186166e+05 1.875471e+05 8.211897e+05 1.181766e+07
3.000000e-02 6.615000e-02  6.013637e-02  1.000000e-01 7.623014e-04 8.000000e-04 7.271836e+01 6.369984e+01 8.654418e+01 2.179854e+02 8.059117e+03 1.263328e+05 1.976751e+05 8.655359e+05 1.245585e+07
3.000000e-02 6.615000e-02  6.013637e-02  1.000000e-01 7.826138e-04 8.000000e-04 7.271836e+01 6.308158e+01 9.911014e+01 2.070143e+02 8.623664e+03 1.319811e+05 2.083500e+05 9.122768e+05 1.312849e+07
3.000000e-02 6.615000e-02  6.013637e-02  1.000000e-01 8.034674e-04 8.000000e-04 7.271836e+01 6.713568e+01 9.343994e+01 2.214777e+02 8.661729e+03 1.396327e+05 2.196013e+05 9.615419e+05 1.383746e+07
3.000000e-02 6.615000e-02  6.013637e-02  1.000000e-01 8.248767e-04 8.000000e-04 7.271836e+01 4.887985e+01 8.712852e+01 1.520836e+02 9.377277e+03 1.466114e+05 2.314603e+05 1.013467e+06 1.458471e+07
3.000000e-02 6.615000e-02  6.013637e-02  1.000000e-01 8.468565e-04 8.000000e-04 7.271836e+01 4.759268e+01 9.820272e+01 1.638071e+02 9.717770e+03 1.573415e+05 2.439597e+05 1.068197e+06 1.537232e+07
3.000000e-02 6.615000e-02  6.013637e-02  1.000000e-01 8.694220e-04 8.000000e-04 7.271836e+01 4.751171e+01 1.054286e+02 1.758465e+02 1.013079e+04 1.612915e+05 2.571341e+05 1.125882e+06 1.620246e+07
3.000000e-02 6.615000e-02  6.013637e-02  1.000000e-01 8.925887e-04 8.000000e-04 7.271836e+01 5.265954e+01 1.094839e+02 1.960759e+02 1.108121e+04 1.741665e+05 2.710200e+05 1.186682e+06 1.707743e+07
3.000000e-02 6.615000e-02  6.013637e-02  1.000000e-01 9.163728e-04 8.000000e-04 7.271836e+01 5.766167e+01 1.090697e+02 2.418043e+02 1.115322e+04 1.838492e+05 2.856557e+05 1.250766e+06 1.799966e+07
3.000000e-02 6.615000e-02  6.013637e-02  1.000000e-01 9.407906e-04 8.000000e-04 7.271836e+01 4.609936e+01 1.070067e+02 1.964319e+02 1.216198e+04 1.931545e+05 3.010817e+05 1.318310e+06 1.897168e+07
3.000000e-02 6.615000e-02  6.013637e-02  1.000000e-01 9.658591e-04 8.000000e-04 7.271836e+01 5.628289e+01 9.353882e+01 1.561142e+02 1.273872e+04 2.026530e+05 3.173409e+05 1.389502e+06 1.999619e+07
3.000000e-02 6.615000e-02  6.013637e-02  1.000000e-01 9.915955e-04 8.000000e-04 7.271836e+01 5.675559e+01 9.302485e+01 1.544642e+02 1.310284e+04 2.160179e+05 3.344780e+05 1.464538e+06 2.107604e+07
3.000000e-02 6.615000e-02  6.013637e-02  1.000000e-01 1.018018e-03 8.000000e-04 7.271836e+01 5.027692e+01 1.079369e+02 1.817266e+02 1.399120e+04 2.261404e+05 3.525406e+05 1.543627e+06 2.221419e+07
3.000000e-02 6.615000e-02  6.013637e-02  1.000000e-01 1.045144e-03 8.000000e-04 7.271836e+01 4.776324e+01 1.027670e+02 1.767561e+02 1.525415e+04 2.380951e+05 3.715786e+05 1.626986e+06 2.341381e+07
3.000000e-02 6.615000e-02  6.013637e-02  1.000000e-01 1.072993e-03 8.000000e-04 7.271836e+01 4.320535e+01 1.043130e+02 1.666283e+02 1.666638e+04 2.494923e+05 3.916447e+05 1.714848e+06 2.467821e+07
3.000000e-02 6.615000e-02  6.013637e-02  1.000000e-01 1.101584e-03 8.000000e-04 7.271836e+01 5.706996e+01 1.024670e+02 1.658151e+02 1.637200e+04 2.631094e+05 4.127945e+05 1.807453e+06 2.601089e+07
3.000000e-02 6.615000e-02  6.013637e-02  1.000000e-01 1.130937e-03 8.000000e-04 7.271836e+01 5.296105e+01 1.052595e+02 1.721960e+02 1.725349e+04 2.747017e+05 4.350863e+05 1.905060e+06 2.741554e+07
3.000000e-02 6.615000e-02  6.013637e-02  1.000000e-01 1.161072e-03 8.000000e-04 7.271836e+01 5.448748e+01 1.073973e+02 1.739447e+02 1.888730e+04 2.909794e+05 4.585820e+05 2.007938e+06 2.889604e+07
3.000000e-02 6.615000e-02  6.013637e-02  1.000000e-01 1.192010e-03 8.000000e-04 7.271836e+01 6.032853e+01 1.204975e+02 1.978490e+02 1.901806e+04 3.083108e+05 4.833465e+05 2.116371e+06 3.045650e+07
3.000000e-02 6.615000e-02  6.013637e-02  1.000000e-01 1.223773e-03 8.000000e-04 7.271836e+01 4.465787e+01 1.106763e+02 1.813726e+02 2.005493e+04 3.223366e+05 5.094484e+05 2.230660e+06 3.210122e+07
3.000000e-02 6.615000e-02  6.013637e-02  1.000000e-01 1.256382e-03 8.000000e-04 7.271836e+01 5.226659e+01 1.112294e+02 1.794670e+02 2.105760e+04 3.406701e+05 5.369598e+05 2.351121e+06 3.383476e+07
3.000000e-02 6.615000e-02  6.013637e-02  1.000000e-01 1.289860e-03 8.000000e-04 7.271836e+01 5.642190e+01 1.215494e+02 1.971915e+02 2.286912e+04 3.586086e+05 5.659569e+05 2.478087e+06 3.566192e+07
3.000000e-02 6.615000e-02  6.013637e-02  1.000000e-01 1.324229e-03 8.000000e-04 7.271836e+01 4.772339e+01 1.175780e+02 1.885099e+02 2.403262e+04 3.784651e+05 5.965199e+05 2.611910e+06 3.758775e+07
3.000000e-02 6.615000e-02  6.013637e-02  1.000000e-01 1.359515e-03 8.000000e-04 7.271836e+01 5.161358e+01 1.101332e+02 1.759141e+02 2.616069e+04 4.050929e+05 6.287334e+05 2.752959e+06 3.961757e+07
3.000000e-02 6.615000e-02  6.013637e-02  1.000000e-01 1.395741e-03 8.000000e-04 7.271836e+01 5.713381e+01 1.208868e+02 1.996408e+02 2.559514e+04 4.213764e+05 6.626865e+05 2.901625e+06 4.175702e+07
3.000000e-02 6.615000e-02  6.013637e-02  1.000000e-01 1.432932e-03 8.000000e-04 7.271836e+01 5.206565e+01 1.187118e+02 1.821918e+02 2.916924e+04 4.498137e+05 6.984731e+05 3.058320e+06 4.401199e+07
3.000000e-02 6.615000e-02  6.013637e-02  1.000000e-01 1.471114e-03 8.000000e-04 7.271836e+01 5.999152e+01 1.327005e+02 2.195965e+02 2.988143e+04 4.716979e+05 7.361923e+05 3.223476e+06 4.638874e+07
3.000000e-02 6.615000e-02  6.013637e-02  1.000000e-01 1.510314e-03 8.000000e-04 7.271836e+01 6.489471e+01 1.120536e+02 1.944743e+02 3.129549e+04 4.960199e+05 7.759485e+05 3.397552e+06 4.889385e+07
3.000000e-02 6.615000e-02  6.013637e-02  1.000000e-01 1.550558e-03 8.000000e-04 7.271836e+01 5.277939e+01 1.258155e+02 2.081146e+02 3.396205e+04 5.174339e+05 8.178515e+05 3.581028e+06 5.153423e+07
3.000000e-02 6.615000e-02  6.013637e-02  1.000000e-01 1.591874e-03 8.000000e-04 7.271836e+01 6.033932e+01 1.265517e+02 2.087231e+02 3.516769e+04 5.506667e+05 8.620174e+05 3.774412e+06 5.431720e+07
3.000000e-02 6.615000e-02  6.013637e-02  1.000000e-01 1.634292e-03 8.000000e-04 7.271836e+01 6.051538e+01 1.290814e+02 2.234983e+02 3.738285e+04 5.758140e+05 9.085684e+05 3.978239e+06 5.725046e+07
3.000000e-02 6.615000e-02  6.013637e-02  1.000000e-01 1.677839e-03 8.000000e-04 7.271836e+01 5.372727e+01 1.299107e+02 2.082346e+02 3.981042e+04 6.088403e+05 9.576333e+05 4.193073e+06 6.034212e+07
3.000000e-02 6.615000e-02  6.013637e-02  1.000000e-01 1.722547e-03 8.000000e-04 7.271836e+01 7.003585e+01 1.377830e+02 2.457839e+02 4.200553e+04 6.377556e+05 1.009348e+06 4.419509e+06 6.360074e+07
3.000000e-02 6.615000e-02  6.013637e-02  1.000000e-01 1.768447e-03 8.000000e-04 7.271836e+01 5.916890e+01 1.303079e+02 2.164658e+02 4.324980e+04 6.677696e+05 1.063855e+06 4.658173e+06 6.703533e+07
3.000000e-02 6.615000e-02  6.013637e-02  1.000000e-01 1.815569e-03 8.000000e-04 7.271836e+01 6.635078e+01 1.324494e+02 2.299498e+02 4.477771e+04 7.066319e+05 1.121306e+06 4.909726e+06 7.065540e+07
3.000000e-02 6.615000e-02  6.013637e-02  1.000000e-01 1.863947e-03 8.000000e-04 7.271836e+01 6.790009e+01 1.390802e+02 2.372281e+02 5.014192e+04 7.525362e+05 1.181859e+06 5.174863e+06 7.447096e+07
3.000000e-02 6.615000e-02  6.013637e-02  1.000000e-01 1.913614e-03 8.000000e-04 7.271836e+01 7.263332e+01 1.488885e+02 2.495055e+02 4.996903e+04 7.839162e+05 1.245682e+06 5.454318e+06 7.849258e+07
3.000000e-02 6.615000e-02  6.013637e-02  1.000000e-01 1.964605e-03 8.000000e-04 7.271836e+01 7.809594e+01 1.266621e+02 2.220503e+02 5.178599e+04 8.413493e+05 1.312952e+06 5.748864e+06 8.273136e+07
3.000000e-02 6.615000e-02  6.013637e-02  1.000000e-01 2.016954e-03 8.000000e-04 7.271836e+01 7.495299e+01 1.299241e+02 2.492938e+02 5.706171e+04 8.816972e+05 1.383855e+06 6.059317e+06 8.719906e+07
3.000000e-02 6.615000e-02  6.013637e-02  1.000000e-01 2.070698e-03 8.000000e-04 7.271836e+01 9.253103e+01 1.252836e+02 2.338606e+02 5.959273e+04 9.203046e+05 1.458586e+06 6.386535e+06 9.190802e+07
3.000000e-02 6.615000e-02  6.013637e-02  1.000000e-01 2.125874e-03 8.000000e-04 7.271836e+01 9.360111e+01 1.531261e+02 2.764832e+02 5.872768e+04 9.750026e+05 1.537353e+06 6.731423e+06 9.687128e+07
3.000000e-02 6.615000e-02  6.013637e-02  1.000000e-01 2.182521e-03 8.000000e-04 7.271836e+01 7.791866e+01 1.364954e+02 2.497653e+02 6.095914e+04 1.034750e+06 1.620374e+06 7.094936e+06 1.021026e+08
3.000000e-02 6.615000e-02  6.013637e-02  1.000000e-01 2.240677e-03 8.000000e-04 7.271836e+01 9.058454e+01 1.385964e+02 2.793859e+02 7.128825e+04 1.093274e+06 1.707878e+06 7.478080e+06 1.076163e+08
3.000000e-02 6.615000e-02  6.013637e-02  1.000000e-01 2.300382e-03 8.000000e-04 7.271836e+01 8.043666e+01 1.353496e+02 2.791619e+02 7.293758e+04 1.149662e+06 1.800108e+06 7.881915e+06 1.134279e+08
3.000000e-02 6.615000e-02  6.013637e-02  1.000000e-01 2.361679e-03 8.000000e-04 7.271836e+01 6.641769e+01 1.571663e+02 2.720818e+02 7.866197e+04 1.218617e+06 1.897318e+06 8.307558e+06 1.195533e+08
3.000000e-02 6.615000e-02  6.013637e-02  1.000000e-01 2.424609e-03 8.000000e-04 7.271836e+01 8.596052e+01 1.424385e+02 2.599238e+02 7.976460e+04 1.253919e+06 1.999778e+06 8.756186e+06 1.260095e+08
3.000000e-02 6.615000e-02  6.013637e-02  1.000000e-01 2.489215e-03 8.000000e-04 7.271836e+01 8.843994e+01 1.643291e+02 2.694407e+02 8.601692e+04 1.332805e+06 2.107771e+06 9.229042e+06 1.328143e+08
3.000000e-02 6.615000e-02  6.013637e-02  1.000000e-01 2.555544e-03 8.000000e-04 7.271836e+01 7.087859e+01 1.403441e+02 2.727971e+02 8.778661e+04 1.412941e+06 2.221596e+06 9.727433e+06 1.399866e+08
3.000000e-02 6.615000e-02  6.013637e-02  1.000000e-01 2.623639e-03 8.000000e-04 7.271836e+01 8.250792e+01 1.533783e+02 2.932235e+02 9.285011e+04 1.484733e+06 2.341568e+06 1.025274e+07 1.475462e+08
3.000000e-02 6.615000e-02  6.013637e-02  1.000000e-01 2.693549e-03 8.000000e-04 7.271836e+01 7.284284e+01 1.407650e+02 2.622713e+02 1.005173e+05 1.570751e+06 2.468018e+06 1.080641e+07 1.555141e+08
3.000000e-02 6.615000e-02  6.013637e-02  1.000000e-01 2.765322e-03 8.000000e-04 7.271836e+01 8.891399e+01 1.375564e+02 2.682069e+02 1.094824e+05 1.625308e+06 2.601297e+06 1.138999e+07 1.639122e+08
3.000000e-02 6.615000e-02  6.013637e-02  1.000000e-01 2.839008e-03 8.000000e-04 7.271836e+01 8.975807e+01 1.341181e+02 3.413660e+02 1.109462e+05 1.713799e+06 2.741774e+06 1.200507e+07 1.727639e+08
3.000000e-02 6.615000e-02  6.013637e-02  1.000000e-01 2.914657e-03 8.000000e-04 7.271836e+01 1.014532e+02 1.642706e+02 3.049781e+02 1.128125e+05 1.805734e+06 2.889837e+06 1.265338e+07 1.820936e+08
3.000000e-02 6.615000e-02  6.013637e-02  1.000000e-01 2.992321e-03 8.000000e-04 7.271836e+01 7.455222e+01 1.523220e+02 2.825640e+02 1.237876e+05 1.942560e+06 3.045895e+06 1.333669e+07 1.919271e+08
3.000000e-02 6.615000e-02  6.013637e-02  1.000000e-01 3.072056e-03 8.000000e-04 7.271836e+01 7.648575e+01 1.438507e+02 2.571836e+02 1.317178e+05 2.032130e+06 3.210381e+06 1.405691e+07 2.022917e+08
3.000000e-02 6.615000e-02  6.013637e-02  1.000000e-01 3.153914e-03 8.000000e-04 7.271836e+01 1.004178e+02 1.706312e+02 3.378444e+02 1.308650e+05 2.131216e+06 3.383750e+06 1.481602e+07 2.132159e+08
3.000000e-02 6.615000e-02  6.013637e-02  1.000000e-01 3.237955e-03 8.000000e-04 7.271836e+01 9.360135e+01 1.442461e+02 2.927276e+02 1.415405e+05 2.269418e+06 3.566482e+06 1.561612e+07 2.247301e+08
3.000000e-02 6.615000e-02  6.013637e-02  1.000000e-01 3.324234e-03 8.000000e-04 7.271836e+01 1.476002e+02 1.850404e+02 4.009266e+02 1.512998e+05 2.372298e+06 3.759081e+06 1.645943e+07 2.368662e+08
3.000000e-02 6.615000e-02  6.013637e-02  1.000000e-01 3.412813e-03 8.000000e-04 7.271836e+01 1.216963e+02 1.497496e+02 3.528527e+02 1.542369e+05 2.516203e+06 3.962081e+06 1.734829e+07 2.496575e+08
3.000000e-02 6.615000e-02  6.013637e-02  1.000000e-01 3.503751e-03 8.000000e-04 7.271836e+01 7.301031e+01 1.457018e+02 2.784027e+02 1.675775e+05 2.665817e+06 4.176044e+06 1.828514e+07 2.631397e+08
3.000000e-02 6.615000e-02  6.013637e-02  1.000000e-01 3.597114e-03 8.000000e-04 7.271836e+01 1.239539e+02 1.422074e+02 3.270308e+02 1.770290e+05 2.762675e+06 4.401561e+06 1.927259e+07 2.773500e+08
3.000000e-02 6.615000e-02  6.013637e-02  1.000000e-01 3.692963e-03 8.000000e-04 7.271836e+01 1.584553e+02 1.653391e+02 4.570848e+02 1.908728e+05 2.937815e+06 4.639258e+06 2.031336e+07 2.923276e+08
3.000000e-02 6.615000e-02  6.013637e-02  1.000000e-01 3.791367e-03 8.000000e-04 7.271836e+01 1.075861e+02 1.499093e+02 3.549357e+02 1.954841e+05 3.103348e+06 4.889790e+06 2.141033e+07 3.081141e+08
3.000000e-02 6.615000e-02  6.013637e-02  1.000000e-01 3.892393e-03 8.000000e-04 7.271836e+01 8.842002e+01 1.410746e+02 3.272739e+02 2.125470e+05 3.245944e+06 5.153852e+06 2.256655e+07 3.247531e+08
3.000000e-02 6.615000e-02  6.013637e-02  1.000000e-01 3.996112e-03 8.000000e-04 7.271836e+01 1.641475e+02 1.585615e+02 3.916324e+02 2.245089e+05 3.398293e+06 5.432174e+06 2.378520e+07 3.422906e+08
3.000000e-02 6.615000e-02  6.013637e-02  1.000000e-01 4.102593e-03 8.000000e-04 7.271836e+01 1.435085e+02 1.332854e+02 3.260874e+02 2.280063e+05 3.617939e+06 5.725527e+06 2.506967e+07 3.607753e+08
3.000000e-02 6.615000e-02  6.013637e-02  1.000000e-01 4.211913e-03 8.000000e-04 7.271836e+01 1.233926e+02 1.741903e+02 3.786664e+02 2.470561e+05 3.842649e+06 6.034721e+06 2.642350e+07 3.802581e+08
3.000000e-02 6.615000e-02  6.013637e-02  1.000000e-01 4.324145e-03 8.000000e-04 7.271836e+01 1.430343e+02 1.662008e+02 3.783770e+02 2.558387e+05 4.035494e+06 6.360613e+06 2.785045e+07 4.007932e+08
3.000000e-02 6.615000e-02  6.013637e-02  1.000000e-01 4.439368e-03 8.000000e-04 7.271836e+01 1.145391e+02 1.603554e+02 3.680556e+02 2.697791e+05 4.321917e+06 6.704104e+06 2.935445e+07 4.224371e+08
3.000000e-02 6.615000e-02  6.013637e-02  1.000000e-01 4.557661e-03 8.000000e-04 7.271836e+01 1.478165e+02 1.471581e+02 3.791747e+02 2.891716e+05 4.488743e+06 7.066145e+06 3.093968e+07 4.452499e+08
3.000000e-02 6.615000e-02  6.013637e-02  1.000000e-01 4.679107e-03 8.000000e-04 7.271836e+01 1.853281e+02 1.448548e+02 3.941166e+02 3.009046e+05 4.755287e+06 7.447737e+06 3.261051e+07 4.692947e+08
3.000000e-02 6.615000e-02  6.013637e-02  1.000000e-01 4.803788e-03 8.000000e-04 7.271836e+01 1.005513e+02 1.763760e+02 3.747869e+02 3.045846e+05 5.016098e+06 7.849937e+06 3.437157e+07 4.946380e+08
3.000000e-02 6.615000e-02  6.013637e-02  1.000000e-01 4.931792e-03 8.000000e-04 7.271836e+01 1.789513e+02 1.403434e+02 3.977517e+02 3.142038e+05 5.301021e+06 8.273857e+06 3.622774e+07 5.213500e+08
3.000000e-02 6.615000e-02  6.013637e-02  1.000000e-01 5.063207e-03 8.000000e-04 7.271836e+01 1.653963e+02 1.619150e+02 3.948278e+02 3.398800e+05 5.511392e+06 8.720670e+06 3.818414e+07 5.495044e+08
3.000000e-02 6.615000e-02  6.013637e-02  1.000000e-01 5.198124e-03 8.000000e-04 7.271836e+01 1.681736e+02 1.672756e+02 4.146489e+02 3.578795e+05 5.852141e+06 9.191613e+06 4.024620e+07 5.791793e+08
3.000000e-02 6.615000e-02  6.013637e-02  1.000000e-01 5.336636e-03 8.000000e-04 7.271836e+01 1.765937e+02 1.917720e+02 5.052650e+02 3.776350e+05 6.109465e+06 9.687988e+06 4.241962e+07 6.104568e+08
3.000000e-02 6.615000e-02  6.013637e-02  1.000000e-01 5.478839e-03 8.000000e-04 7.271836e+01 1.992048e+02 1.682281e+02 4.752001e+02 4.246182e+05 6.441104e+06 1.021117e+07 4.471041e+07 6.434234e+08
3.000000e-02 6.615000e-02  6.013637e-02  1.000000e-01 5.624831e-03 8.000000e-04 7.271836e+01 1.863605e+02 1.856422e+02 4.633191e+02 4.280764e+05 6.870294e+06 1.076261e+07 4.712492e+07 6.781703e+08
3.000000e-02 6.615000e-02  6.013637e-02  1.000000e-01 5.774713e-03 8.000000e-04 7.271836e+01 2.285439e+02 1.949997e+02 5.645409e+02 4.488508e+05 7.362634e+06 1.134382e+07 4.966982e+07 7.147936e+08
3.000000e-02 6.615000e-02  6.013637e-02  1.000000e-01 5.928590e-03 8.000000e-04 7.271836e+01 1.965248e+02 1.860223e+02 4.900865e+02 4.848730e+05 7.632918e+06 1.195642e+07 5.235215e+07 7.533948e+08
3.000000e-02 6.615000e-02  6.013637e-02  1.000000e-01 6.086567e-03 8.000000e-04 7.271836e+01 2.029140e+02 1.942081e+02 4.157275e+02 5.144885e+05 8.078177e+06 1.260211e+07 5.517934e+07 7.940806e+08
3.000000e-02 6.615000e-02  6.013637e-02  1.000000e-01 6.248754e-03 8.000000e-04 7.271836e+01 2.266988e+02 1.828804e+02 5.739141e+02 5.239213e+05 8.568973e+06 1.328267e+07 5.815921e+07 8.369637e+08
3.000000e-02 6.615000e-02  6.013637e-02  1.000000e-01 6.415262e-03 8.000000e-04 7.271836e+01 1.911225e+02 1.589976e+02 4.248147e+02 5.557076e+05 8.840430e+06 1.399998e+07 6.130000e+07 8.821626e+08
3.000000e-02 6.615000e-02  6.013637e-02  1.000000e-01 6.586208e-03 8.000000e-04 7.271836e+01 2.424277e+02 1.770556e+02 5.621859e+02 5.846056e+05 9.495405e+06 1.475602e+07 6.461042e+07 9.298024e+08
3.000000e-02 6.615000e-02  6.013637e-02  1.000000e-01 6.761709e-03 8.000000e-04 7.271836e+01 2.075914e+02 2.023663e+02 6.016331e+02 6.221823e+05 9.922597e+06 1.555290e+07 6.809961e+07 9.800150e+08
3.000000e-02 6.615000e-02  6.013637e-02  1.000000e-01 6.941887e-03 8.000000e-04 7.271836e+01 1.829566e+02 1.714523e+02 4.129550e+02 6.597452e+05 1.030817e+07 1.639281e+07 7.177723e+07 1.032939e+09
3.000000e-02 6.615000e-02  6.013637e-02  1.000000e-01 7.126866e-03 8.000000e-04 7.271836e+01 2.178728e+02 1.817282e+02 5.535301e+02 6.576661e+05 1.085529e+07 1.727809e+07 7.565347e+07 1.088722e+09
3.000000e-02 6.615000e-02  6.013637e-02  1.000000e-01 7.316774e-03 8.000000e-04 7.271836e+01 2.041994e+02 1.822131e+02 4.787540e+02 7.399729e+05 1.152451e+07 1.821117e+07 7.973904e+07 1.147517e+09
3.000000e-02 6.615000e-02  6.013637e-02  1.000000e-01 7.511744e-03 8.000000e-04 7.271836e+01 2.558444e+02 1.631367e+02 5.643494e+02 7.740694e+05 1.211462e+07 1.919464e+07 8.404525e+07 1.209487e+09
3.000000e-02 6.615000e-02  6.013637e-02  1.000000e-01 7.711908e-03 8.000000e-04 7.271836e+01 2.072717e+02 1.842074e+02 3.973014e+02 8.085455e+05 1.306754e+07 2.023123e+07 8.858403e+07 1.274804e+09
3.000000e-02 6.615000e-02  6.013637e-02  1.000000e-01 7.917407e-03 8.000000e-04 7.271836e+01 2.422744e+02 1.881583e+02 6.029696e+02 8.630014e+05 1.339267e+07 2.132379e+07 9.336792e+07 1.343649e+09
3.000000e-02 6.615000e-02  6.013637e-02  1.000000e-01 8.128383e-03 8.000000e-04 7.271836e+01 1.729805e+02 1.777204e+02 4.494925e+02 9.182598e+05 1.432914e+07 2.247537e+07 9.841017e+07 1.416211e+09
3.000000e-02 6.615000e-02  6.013637e-02  1.000000e-01 8.344980e-03 8.000000e-04 7.271836e+01 2.931842e+02 2.103477e+02 6.919278e+02 9.720062e+05 1.510502e+07 2.368913e+07 1.037247e+08 1.492693e+09
3.000000e-02 6.615000e-02  6.013637e-02  1.000000e-01 8.567350e-03 8.000000e-04 7.271836e+01 2.454430e+02 1.926723e+02 6.275284e+02 9.867823e+05 1.593258e+07 2.496844e+07 1.093263e+08 1.573305e+09
3.000000e-02 6.615000e-02  6.013637e-02  1.000000e-01 8.795645e-03 8.000000e-04 7.271836e+01 1.724842e+02 1.970667e+02 4.577396e+02 1.064297e+06 1.675668e+07 2.631685e+07 1.152304e+08 1.658270e+09
3.000000e-02 6.615000e-02  6.013637e-02  1.000000e-01 9.030025e-03 8.000000e-04 7.271836e+01 2.849467e+02 1.941431e+02 6.151552e+02 1.125214e+06 1.770389e+07 2.773808e+07 1.214534e+08 1.747824e+09
3.000000e-02 6.615000e-02  6.013637e-02  1.000000e-01 9.270651e-03 8.000000e-04 7.271836e+01 2.368629e+02 1.500269e+02 5.213521e+02 1.200408e+06 1.858122e+07 2.923606e+07 1.280124e+08 1.842215e+09
3.000000e-02 6.615000e-02  6.013637e-02  1.000000e-01 9.517689e-03 8.000000e-04 7.271836e+01 2.701849e+02 1.925900e+02 6.898117e+02 1.211883e+06 1.940677e+07 3.081495e+07 1.349257e+08 1.941703e+09
3.000000e-02 6.615000e-02  6.013637e-02  1.000000e-01 9.771310e-03 8.000000e-04 7.271836e+01 2.496978e+02 1.701315e+02 5.290647e+02 1.299940e+06 2.060542e+07 3.247911e+07 1.422123e+08 2.046564e+09
3.000000e-02 6.615000e-02  6.013637e-02  1.000000e-01 1.003169e-02 8.000000e-04 7.271836e+01 2.573608e+02 1.984728e+02 5.253860e+02 1.373822e+06 2.158229e+07 3.423314e+07 1.498925e+08 2.157089e+09
3.000000e-02 6.615000e-02  6.013637e-02  1.000000e-01 1.029901e-02 8.000000e-04 7.271836e+01 2.402787e+02 2.010132e+02 6.416747e+02 1.467022e+06 2.315256e+07 3.608191e+07 1.579875e+08 2.273583e+09
3.000000e-02 6.615000e-02  6.013637e-02  1.000000e-01 1.057346e-02 8.000000e-04 7.271836e+01 2.563096e+02 1.810855e+02 5.394461e+02 1.513712e+06 2.444654e+07 3.803053e+07 1.665197e+08 2.396369e+09
3.000000e-02 6.615000e-02  6.013637e-02  1.000000e-01 1.085521e-02 8.000000e-04 7.271836e+01 2.663896e+02 1.906456e+02 6.544747e+02 1.607509e+06 2.536679e+07 4.008438e+07 1.755126e+08 2.525786e+09
3.000000e-02 6.615000e-02  6.013637e-02  1.000000e-01 1.114448e-02 8.000000e-04 7.271836e+01 2.827764e+02 1.918918e+02 7.064669e+02 1.723531e+06 2.651861e+07 4.224917e+07 1.849913e+08 2.662193e+09
3.000000e-02 6.615000e-02  6.013637e-02  1.000000e-01 1.144146e-02 8.000000e-04 7.271836e+01 2.824490e+02 1.867398e+02 6.153422e+02 1.804859e+06 2.793041e+07 4.453087e+07 1.949819e+08 2.805967e+09
3.000000e-02 6.615000e-02  6.013637e-02  1.000000e-01 1.174635e-02 8.000000e-04 7.271836e+01 2.523960e+02 1.966914e+02 5.843278e+02 1.917279e+06 2.979838e+07 4.693580e+07 2.055121e+08 2.957506e+09
3.000000e-02 6.615000e-02  6.013637e-02  1.000000e-01 1.205937e-02 8.000000e-04 7.271836e+01 3.011292e+02 1.953939e+02 6.818975e+02 1.927496e+06 3.074762e+07 4.947063e+07 2.166111e+08 3.117230e+09
3.000000e-02 6.615000e-02  6.013637e-02  1.000000e-01 1.238073e-02 8.000000e-04 7.271836e+01 2.808460e+02 1.995436e+02 6.384814e+02 2.098892e+06 3.331091e+07 5.214236e+07 2.283095e+08 3.285580e+09
3.000000e-02 6.615000e-02  6.013637e-02  1.000000e-01 1.271065e-02 8.000000e-04 7.271836e+01 2.953844e+02 3.268581e+02 7.978430e+02 2.285666e+06 3.488058e+07 5.495840e+07 2.406397e+08 3.463023e+09
3.000000e-02 6.615000e-02  6.013637e-02  1.000000e-01 1.304937e-02 8.000000e-04 7.271836e+01 2.869670e+02 2.224795e+02 6.392129e+02 2.333343e+06 3.727559e+07 5.792653e+07 2.536359e+08 3.650050e+09
3.000000e-02 6.615000e-02  6.013637e-02  1.000000e-01 1.339712e-02 8.000000e-04 7.271836e+01 2.990103e+02 2.045918e+02 7.320044e+02 2.552038e+06 3.871788e+07 6.105498e+07 2.673341e+08 3.847179e+09
3.000000e-02 6.615000e-02  6.013637e-02  1.000000e-01 1.375413e-02 8.000000e-04 7.271836e+01 2.551791e+02 2.197888e+02 4.934496e+02 2.607781e+06 4.050012e+07 6.435240e+07 2.817721e+08 4.054956e+09
3.000000e-02 6.615000e-02  6.013637e-02  1.000000e-01 1.412066e-02 8.000000e-04 7.271836e+01 3.074128e+02 1.968813e+02 6.976419e+02 2.758144e+06 4.301583e+07 6.782793e+07 2.969899e+08 4.273954e+09
3.000000e-02 6.615000e-02  6.013637e-02  1.000000e-01 1.449696e-02 8.000000e-04 7.271836e+01 2.726763e+02 2.379540e+02 5.342898e+02 2.943101e+06 4.615843e+07 7.149118e+07 3.130298e+08 4.504782e+09
3.000000e-02 6.615000e-02  6.013637e-02  1.000000e-01 1.488329e-02 8.000000e-04 7.271836e+01 2.283244e+02 1.924273e+02 5.406784e+02 2.961190e+06 4.738306e+07 7.535229e+07 3.299360e+08 4.748078e+09
3.000000e-02 6.615000e-02  6.013637e-02  1.000000e-01 1.527992e-02 8.000000e-04 7.271836e+01 3.059425e+02 1.989396e+02 7.063390e+02 3.272717e+06 5.077372e+07 7.942196e+07 3.477554e+08 5.004515e+09
3.000000e-02 6.615000e-02  6.013637e-02  1.000000e-01 1.568712e-02 8.000000e-04 7.271836e+01 3.059970e+02 2.166876e+02 5.726613e+02 3.338542e+06 5.332062e+07 8.371146e+07 3.665373e+08 5.274803e+09
3.000000e-02 6.615000e-02  6.013637e-02  1.000000e-01 1.610518e-02 8.000000e-04 7.271836e+01 3.241744e+02 2.185964e+02 7.261225e+02 3.493192e+06 5.568411e+07 8.823266e+07 3.863337e+08 5.559692e+09
3.000000e-02 6.615000e-02  6.013637e-02  1.000000e-01 1.653437e-02 8.000000e-04 7.271836e+01 3.300633e+02 1.968545e+02 6.577100e+02 3.805825e+06 5.911622e+07 9.299808e+07 4.071995e+08 5.859969e+09
3.000000e-02 6.615000e-02  6.013637e-02  1.000000e-01 1.697501e-02 8.000000e-04 7.271836e+01 3.370384e+02 1.948271e+02 6.653828e+02 3.832407e+06 6.158485e+07 9.802091e+07 4.291923e+08 6.176466e+09
3.000000e-02 6.615000e-02  6.013637e-02  1.000000e-01 1.742740e-02 8.000000e-04 7.271836e+01 2.973052e+02 1.966896e+02 6.886402e+02 4.298973e+06 6.524586e+07 1.033151e+08 4.523732e+08 6.510061e+09
3.000000e-02 6.615000e-02  6.013637e-02  1.000000e-01 1.789185e-02 8.000000e-04 7.271836e+01 3.145559e+02 1.939361e+02 7.149770e+02 4.385708e+06 6.999124e+07 1.088952e+08 4.768063e+08 6.861675e+09
3.000000e-02 6.615000e-02  6.013637e-02  1.000000e-01 1.836868e-02 8.000000e-04 7.271836e+01 3.336596e+02 2.040667e+02 6.916728e+02 4.658154e+06 7.316371e+07 1.147768e+08 5.025593e+08 7.232284e+09
3.000000e-02 6.615000e-02  6.013637e-02  1.000000e-01 1.885822e-02 8.000000e-04 7.271836e+01 3.162105e+02 2.233867e+02 8.121675e+02 4.765874e+06 7.735094e+07 1.209761e+08 5.297035e+08 7.622914e+09
3.000000e-02 6.615000e-02  6.013637e-02  1.000000e-01 1.936081e-02 8.000000e-04 7.271836e+01 3.236115e+02 1.980626e+02 6.460698e+02 5.009127e+06 8.151030e+07 1.275103e+08 5.583141e+08 8.034646e+09
3.000000e-02 6.615000e-02  6.013637e-02  1.000000e-01 1.987680e-02 8.000000e-04 7.271836e+01 3.030544e+02 2.447059e+02 8.933628e+02 5.517295e+06 8.499440e+07 1.343975e+08 5.884703e+08 8.468621e+09
3.000000e-02 6.615000e-02  6.013637e-02  1.000000e-01 2.040655e-02 8.000000e-04 7.271836e+01 3.078955e+02 2.611991e+02 8.375058e+02 6.032231e+06 8.960685e+07 1.416568e+08 6.202557e+08 8.926041e+09
3.000000e-02 6.615000e-02  6.013637e-02  1.000000e-01 2.095042e-02 8.000000e-04 7.271836e+01 2.785979e+02 2.339096e+02 6.609423e+02 6.173725e+06 9.520382e+07 1.493083e+08 6.537583e+08 9.408174e+09
3.000000e-02 6.615000e-02  6.013637e-02  1.000000e-01 2.150880e-02 8.000000e-04 7.271836e+01 3.400459e+02 2.114635e+02 6.859783e+02 6.459251e+06 1.014618e+08 1.573732e+08 6.890709e+08 9.916354e+09
3.000000e-02 6.615000e-02  6.013637e-02  1.000000e-01 2.208206e-02 8.000000e-04 7.271836e+01 3.135354e+02 2.322284e+02 8.859943e+02 6.523319e+06 1.049378e+08 1.658738e+08 7.262914e+08 1.045199e+10
3.000000e-02 6.615000e-02  6.013637e-02  1.000000e-01 2.267061e-02 8.000000e-04 7.271836e+01 3.452803e+02 1.972494e+02 6.751529e+02 7.380767e+06 1.110561e+08 1.748336e+08 7.655229e+08 1.101657e+10
3.000000e-02 6.615000e-02  6.013637e-02  1.000000e-01 2.327486e-02 8.000000e-04 7.271836e+01 2.764983e+02 2.459055e+02 6.732676e+02 7.419325e+06 1.168212e+08 1.842776e+08 8.068741e+08 1.161165e+10
3.000000e-02 6.615000e-02  6.013637e-02  1.000000e-01 2.389522e-02 8.000000e-04 7.271836e+01 3.469376e+02 2.198901e+02 6.441402e+02 7.831553e+06 1.237798e+08 1.942319e+08 8.504596e+08 1.223888e+10
3.000000e-02 6.615000e-02  6.013637e-02  1.000000e-01 2.453212e-02 8.000000e-04 7.271836e+01 2.543972e+02 1.892768e+02 5.794544e+02 8.164611e+06 1.296213e+08 2.047240e+08 8.964002e+08 1.290001e+10
3.000000e-02 6.615000e-02  6.013637e-02  1.000000e-01 2.518601e-02 8.000000e-04 7.271836e+01 3.097863e+02 1.977870e+02 6.608898e+02 8.721424e+06 1.364054e+08 2.157831e+08 9.448232e+08 1.359686e+10
3.000000e-02 6.615000e-02  6.013637e-02  1.000000e-01 2.585735e-02 8.000000e-04 7.271836e+01 3.109185e+02 2.317057e+02 7.047123e+02 9.451735e+06 1.458296e+08 2.274397e+08 9.958629e+08 1.433137e+10
3.000000e-02 6.615000e-02  6.013637e-02  1.000000e-01 2.654658e-02 8.000000e-04 7.271836e+01 2.970529e+02 2.424314e+02 6.113126e+02 9.609107e+06 1.508734e+08 2.397263e+08 1.049661e+09 1.510557e+10
3.000000e-02 6.615000e-02  6.013637e-02  1.000000e-01 2.725421e-02 8.000000e-04 7.271836e+01 3.064463e+02 2.183539e+02 5.695443e+02 1.007745e+07 1.625995e+08 2.526769e+08 1.106366e+09 1.592161e+10
3.000000e-02 6.615000e-02  6.013637e-02  1.000000e-01 2.798071e-02 8.000000e-04 7.271836e+01 3.531310e+02 1.900836e+02 6.702999e+02 1.069837e+07 1.707746e+08 2.663274e+08 1.166136e+09 1.678175e+10
3.000000e-02 6.615000e-02  6.013637e-02  1.000000e-01 2.872659e-02 8.000000e-04 7.271836e+01 3.394946e+02 1.945711e+02 6.677685e+02 1.171491e+07 1.787868e+08 2.807156e+08 1.229136e+09 1.768838e+10
3.000000e-02 6.615000e-02  6.013637e-02  1.000000e-01 2.949237e-02 8.000000e-04 7.271836e+01 2.915646e+02 2.025326e+02 5.236570e+02 1.228133e+07 1.863275e+08 2.958815e+08 1.295541e+09 1.864400e+10
3.000000e-02 6.615000e-02  6.013637e-02  1.000000e-01 3.027858e-02 8.000000e-04 7.271836e+01 3.564973e+02 2.084681e+02 7.177200e+02 1.298597e+07 1.978906e+08 3.118671e+08 1.365535e+09 1.965128e+10
3.000000e-02 6.615000e-02  6.013637e-02  1.000000e-01 3.108578e-02 8.000000e-04 7.271836e+01 3.403952e+02 1.983054e+02 6.639366e+02 1.312859e+07 2.089974e+08 3.287168e+08 1.439313e+09 2.071301e+10
3.000000e-02 6.615000e-02  6.013637e-02  1.000000e-01 3.191451e-02 8.000000e-04 7.271836e+01 3.458462e+02 1.991502e+02 6.657838e+02 1.483805e+07 2.235107e+08 3.464773e+08 1.517078e+09 2.183213e+10
3.000000e-02 6.615000e-02  6.013637e-02  1.000000e-01 3.276536e-02 8.000000e-04 7.271836e+01 3.474234e+02 2.381289e+02 8.447594e+02 1.512952e+07 2.350201e+08 3.651979e+08 1.599048e+09 2.301175e+10
3.000000e-02 6.615000e-02  6.013637e-02  1.000000e-01 3.363892e-02 8.000000e-04 7.271836e+01 2.841459e+02 2.099246e+02 6.016312e+02 1.504985e+07 2.447064e+08 3.849306e+08 1.685449e+09 2.425514e+10
3.000000e-02 6.615000e-02  6.013637e-02  1.000000e-01 3.453579e-02 8.000000e-04 7.271836e+01 3.299579e+02 2.230095e+02 6.727012e+02 1.642799e+07 2.573863e+08 4.057302e+08 1.776522e+09 2.556576e+10
3.000000e-02 6.615000e-02  6.013637e-02  1.000000e-01 3.545661e-02 8.000000e-04 7.271836e+01 2.981927e+02 2.293202e+02 6.113790e+02 1.719894e+07 2.744543e+08 4.276543e+08 1.872518e+09 2.694723e+10
3.000000e-02 6.615000e-02  6.013637e-02  1.000000e-01 3.640201e-02 8.000000e-04 7.271836e+01 3.468818e+02 2.417332e+02 8.123642e+02 1.739390e+07 2.861234e+08 4.507639e+08 1.973706e+09 2.840341e+10
3.000000e-02 6.615000e-02  6.013637e-02  1.000000e-01 3.737265e-02 8.000000e-04 7.271836e+01 3.540279e+02 2.747595e+02 7.102723e+02 1.925046e+07 3.048521e+08 4.751232e+08 2.080365e+09 2.993833e+10
3.000000e-02 6.615000e-02  6.013637e-02  1.000000e-01 3.836921e-02 8.000000e-04 7.271836e+01 3.269282e+02 2.329384e+02 7.068810e+02 2.060119e+07 3.183805e+08 5.007999e+08 2.192792e+09 3.155626e+10
3.000000e-02 6.615000e-02  6.013637e-02  1.000000e-01 3.939239e-02 8.000000e-04 7.271836e+01 3.235003e+02 2.450227e+02 9.287965e+02 2.109307e+07 3.363630e+08 5.278652e+08 2.311300e+09 3.326169e+10
3.000000e-02 6.615000e-02  6.013637e-02  1.000000e-01 4.044289e-02 8.000000e-04 7.271836e+01 3.377186e+02 2.442014e+02 8.746048e+02 2.242463e+07 3.536883e+08 5.563945e+08 2.436217e+09 3.505937e+10
3.000000e-02 6.615000e-02  6.013637e-02  1.000000e-01 4.152145e-02 8.000000e-04 7.271836e+01 3.507318e+02 2.407146e+02 8.299675e+02 2.284227e+07 3.696184e+08 5.864669e+08 2.567892e+09 3.695429e+10
3.000000e-02 6.615000e-02  6.013637e-02  1.000000e-01 4.262883e-02 8.000000e-04 7.271836e+01 3.530123e+02 2.376554e+02 8.175840e+02 2.357004e+07 3.941118e+08 6.181663e+08 2.706690e+09 3.895172e+10
3.000000e-02 6.615000e-02  6.013637e-02  1.000000e-01 4.376580e-02 8.000000e-04 7.271836e+01 3.581790e+02 2.000681e+02 6.910480e+02 2.626668e+07 4.156246e+08 6.515807e+08 2.852998e+09 4.105722e+10
3.000000e-02 6.615000e-02  6.013637e-02  1.000000e-01 4.493315e-02 8.000000e-04 7.271836e+01 3.265323e+02 2.429729e+02 8.443035e+02 2.757521e+07 4.382020e+08 6.868031e+08 3.007222e+09 4.327664e+10
3.000000e-02 6.615000e-02  6.013637e-02  1.000000e-01 4.613170e-02 8.000000e-04 7.271836e+01 2.509546e+02 1.973765e+02 5.629711e+02 2.840966e+07 4.535205e+08 7.239315e+08 3.169791e+09 4.561617e+10
3.000000e-02 6.615000e-02  6.013637e-02  1.000000e-01 4.736230e-02 8.000000e-04 7.271836e+01 3.307644e+02 2.390417e+02 8.667035e+02 3.088987e+07 4.752383e+08 7.630693e+08 3.341159e+09 4.808231e+10
