3.000000e-02 5.541000e-01  5.037273e-01  1.000000e-01 2.000000e-06 8.000000e-04 2.123758e-12 3.180183e+01 2.287756e+01 6.922812e+01 2.380809e-03 4.110598e-02 7.374398e-03 2.428052e-02 2.232174e-01
3.000000e-02 5.541000e-01  5.037273e-01  1.000000e-01 2.053292e-06 8.000000e-04 2.123758e-12 3.180182e+01 2.287695e+01 6.922779e+01 2.512803e-03 4.332404e-02 7.772632e-03 2.559172e-02 2.352716e-01
3.000000e-02 5.541000e-01  5.037273e-01  1.000000e-01 2.108005e-06 8.000000e-04 2.123758e-12 3.180180e+01 2.287635e+01 6.922747e+01 2.663450e-03 4.581979e-02 8.192372e-03 2.697373e-02 2.479768e-01
3.000000e-02 5.541000e-01  5.037273e-01  1.000000e-01 2.164175e-06 8.000000e-04 2.123758e-12 3.180179e+01 2.287580e+01 6.922720e+01 2.805290e-03 4.795013e-02 8.634779e-03 2.843038e-02 2.613682e-01
3.000000e-02 5.541000e-01  5.037273e-01  1.000000e-01 2.221842e-06 8.000000e-04 2.123758e-12 3.180178e+01 2.287507e+01 6.922684e+01 2.944673e-03 5.067295e-02 9.101077e-03 2.996568e-02 2.754826e-01
3.000000e-02 5.541000e-01  5.037273e-01  1.000000e-01 2.281045e-06 8.000000e-04 2.123758e-12 3.180177e+01 2.287435e+01 6.922645e+01 3.118355e-03 5.353101e-02 9.592557e-03 3.158390e-02 2.903593e-01
3.000000e-02 5.541000e-01  5.037273e-01  1.000000e-01 2.341826e-06 8.000000e-04 2.123758e-12 3.180175e+01 2.287354e+01 6.922608e+01 3.280728e-03 5.650020e-02 1.011058e-02 3.328950e-02 3.060394e-01
3.000000e-02 5.541000e-01  5.037273e-01  1.000000e-01 2.404227e-06 8.000000e-04 2.123758e-12 3.180173e+01 2.287295e+01 6.922580e+01 3.485751e-03 5.924055e-02 1.065657e-02 3.508721e-02 3.225663e-01
3.000000e-02 5.541000e-01  5.037273e-01  1.000000e-01 2.468290e-06 8.000000e-04 2.123758e-12 3.180172e+01 2.287206e+01 6.922516e+01 3.639504e-03 6.245716e-02 1.123205e-02 3.698200e-02 3.399856e-01
3.000000e-02 5.541000e-01  5.037273e-01  1.000000e-01 2.534061e-06 8.000000e-04 2.123758e-12 3.180170e+01 2.287107e+01 6.922474e+01 3.857366e-03 6.627862e-02 1.183861e-02 3.897912e-02 3.583456e-01
3.000000e-02 5.541000e-01  5.037273e-01  1.000000e-01 2.601584e-06 8.000000e-04 2.123758e-12 3.180169e+01 2.287016e+01 6.922430e+01 4.065827e-03 6.960308e-02 1.247792e-02 4.108408e-02 3.776971e-01
3.000000e-02 5.541000e-01  5.037273e-01  1.000000e-01 2.670906e-06 8.000000e-04 2.123758e-12 3.180166e+01 2.286952e+01 6.922386e+01 4.265649e-03 7.313944e-02 1.315176e-02 4.330271e-02 3.980936e-01
3.000000e-02 5.541000e-01  5.037273e-01  1.000000e-01 2.742075e-06 8.000000e-04 2.123758e-12 3.180165e+01 2.286829e+01 6.922355e+01 4.486212e-03 7.722573e-02 1.386198e-02 4.564116e-02 4.195916e-01
3.000000e-02 5.541000e-01  5.037273e-01  1.000000e-01 2.815141e-06 8.000000e-04 2.123758e-12 3.180162e+01 2.286727e+01 6.922277e+01 4.754535e-03 8.112331e-02 1.461056e-02 4.810589e-02 4.422505e-01
3.000000e-02 5.541000e-01  5.037273e-01  1.000000e-01 2.890154e-06 8.000000e-04 2.123758e-12 3.180160e+01 2.286618e+01 6.922226e+01 4.994380e-03 8.556805e-02 1.539956e-02 5.070372e-02 4.661330e-01
3.000000e-02 5.541000e-01  5.037273e-01  1.000000e-01 2.967165e-06 8.000000e-04 2.123758e-12 3.180158e+01 2.286500e+01 6.922169e+01 5.245453e-03 9.046028e-02 1.623118e-02 5.344184e-02 4.913053e-01
3.000000e-02 5.541000e-01  5.037273e-01  1.000000e-01 3.046229e-06 8.000000e-04 2.123758e-12 3.180156e+01 2.286385e+01 6.922116e+01 5.540780e-03 9.518650e-02 1.710770e-02 5.632782e-02 5.178369e-01
3.000000e-02 5.541000e-01  5.037273e-01  1.000000e-01 3.127399e-06 8.000000e-04 2.123758e-12 3.180154e+01 2.286238e+01 6.922032e+01 5.845777e-03 1.004913e-01 1.803155e-02 5.936965e-02 5.458013e-01
3.000000e-02 5.541000e-01  5.037273e-01  1.000000e-01 3.210732e-06 8.000000e-04 2.123758e-12 3.180151e+01 2.286107e+01 6.921973e+01 6.175002e-03 1.058643e-01 1.900530e-02 6.257575e-02 5.752758e-01
3.000000e-02 5.541000e-01  5.037273e-01  1.000000e-01 3.296286e-06 8.000000e-04 2.123758e-12 3.180147e+01 2.285972e+01 6.921903e+01 6.487279e-03 1.119286e-01 2.003163e-02 6.595498e-02 6.063421e-01
3.000000e-02 5.541000e-01  5.037273e-01  1.000000e-01 3.384119e-06 8.000000e-04 2.123758e-12 3.180145e+01 2.285813e+01 6.921822e+01 6.875070e-03 1.179162e-01 2.111338e-02 6.951671e-02 6.390859e-01
3.000000e-02 5.541000e-01  5.037273e-01  1.000000e-01 3.474293e-06 8.000000e-04 2.123758e-12 3.180142e+01 2.285654e+01 6.921737e+01 7.210044e-03 1.241411e-01 2.225355e-02 7.327077e-02 6.735980e-01
3.000000e-02 5.541000e-01  5.037273e-01  1.000000e-01 3.566869e-06 8.000000e-04 2.123758e-12 3.180138e+01 2.285470e+01 6.921663e+01 7.565380e-03 1.308082e-01 2.345530e-02 7.722756e-02 7.099739e-01
3.000000e-02 5.541000e-01  5.037273e-01  1.000000e-01 3.661913e-06 8.000000e-04 2.123758e-12 3.180135e+01 2.285259e+01 6.921524e+01 8.021258e-03 1.380478e-01 2.472194e-02 8.139803e-02 7.483141e-01
3.000000e-02 5.541000e-01  5.037273e-01  1.000000e-01 3.759488e-06 8.000000e-04 2.123758e-12 3.180132e+01 2.285094e+01 6.921480e+01 8.371203e-03 1.455021e-01 2.605698e-02 8.579371e-02 7.887248e-01
3.000000e-02 5.541000e-01  5.037273e-01  1.000000e-01 3.859664e-06 8.000000e-04 2.123758e-12 3.180127e+01 2.284872e+01 6.921345e+01 8.897073e-03 1.537502e-01 2.746412e-02 9.042677e-02 8.313178e-01
3.000000e-02 5.541000e-01  5.037273e-01  1.000000e-01 3.962510e-06 8.000000e-04 2.123758e-12 3.180123e+01 2.284718e+01 6.921265e+01 9.362101e-03 1.600547e-01 2.894724e-02 9.531002e-02 8.762109e-01
3.000000e-02 5.541000e-01  5.037273e-01  1.000000e-01 4.068095e-06 8.000000e-04 2.123758e-12 3.180118e+01 2.284520e+01 6.921142e+01 9.916880e-03 1.693689e-01 3.051046e-02 1.004570e-01 9.235283e-01
3.000000e-02 5.541000e-01  5.037273e-01  1.000000e-01 4.176494e-06 8.000000e-04 2.123758e-12 3.180114e+01 2.284227e+01 6.921044e+01 1.039023e-02 1.798279e-01 3.215810e-02 1.058819e-01 9.734009e-01
3.000000e-02 5.541000e-01  5.037273e-01  1.000000e-01 4.287782e-06 8.000000e-04 2.123758e-12 3.180109e+01 2.284014e+01 6.920946e+01 1.102284e-02 1.890155e-01 3.389471e-02 1.115998e-01 1.025967e+00
3.000000e-02 5.541000e-01  5.037273e-01  1.000000e-01 4.402035e-06 8.000000e-04 2.123758e-12 3.180105e+01 2.283736e+01 6.920753e+01 1.155055e-02 1.989837e-01 3.572510e-02 1.176264e-01 1.081371e+00
3.000000e-02 5.541000e-01  5.037273e-01  1.000000e-01 4.519332e-06 8.000000e-04 2.123758e-12 3.180099e+01 2.283479e+01 6.920613e+01 1.219367e-02 2.102684e-01 3.765434e-02 1.239785e-01 1.139768e+00
3.000000e-02 5.541000e-01  5.037273e-01  1.000000e-01 4.639755e-06 8.000000e-04 2.123758e-12 3.180092e+01 2.283179e+01 6.920480e+01 1.292188e-02 2.211497e-01 3.968776e-02 1.306736e-01 1.201318e+00
3.000000e-02 5.541000e-01  5.037273e-01  1.000000e-01 4.763386e-06 8.000000e-04 2.123758e-12 3.180088e+01 2.282861e+01 6.920325e+01 1.354542e-02 2.337863e-01 4.183099e-02 1.377303e-01 1.266192e+00
3.000000e-02 5.541000e-01  5.037273e-01  1.000000e-01 4.890312e-06 8.000000e-04 2.123758e-12 3.180083e+01 2.282508e+01 6.920142e+01 1.403601e-02 2.470483e-01 4.408996e-02 1.451681e-01 1.334569e+00
3.000000e-02 5.541000e-01  5.037273e-01  1.000000e-01 5.020620e-06 8.000000e-04 2.123758e-12 3.180074e+01 2.282210e+01 6.920005e+01 1.509824e-02 2.596152e-01 4.647092e-02 1.530075e-01 1.406639e+00
3.000000e-02 5.541000e-01  5.037273e-01  1.000000e-01 5.154400e-06 8.000000e-04 2.123758e-12 3.180069e+01 2.281789e+01 6.919775e+01 1.580522e-02 2.747269e-01 4.898046e-02 1.612702e-01 1.482601e+00
3.000000e-02 5.541000e-01  5.037273e-01  1.000000e-01 5.291745e-06 8.000000e-04 2.123758e-12 3.180060e+01 2.281544e+01 6.919673e+01 1.669151e-02 2.875909e-01 5.162551e-02 1.699792e-01 1.562665e+00
3.000000e-02 5.541000e-01  5.037273e-01  1.000000e-01 5.432750e-06 8.000000e-04 2.123758e-12 3.180053e+01 2.281101e+01 6.919488e+01 1.754679e-02 3.042495e-01 5.441341e-02 1.791585e-01 1.647052e+00
3.000000e-02 5.541000e-01  5.037273e-01  1.000000e-01 5.577512e-06 8.000000e-04 2.123758e-12 3.180044e+01 2.280670e+01 6.919230e+01 1.847115e-02 3.189938e-01 5.735186e-02 1.888334e-01 1.735997e+00
3.000000e-02 5.541000e-01  5.037273e-01  1.000000e-01 5.726131e-06 8.000000e-04 2.123758e-12 3.180036e+01 2.280168e+01 6.919012e+01 1.949592e-02 3.379402e-01 6.044899e-02 1.990309e-01 1.829745e+00
3.000000e-02 5.541000e-01  5.037273e-01  1.000000e-01 5.878710e-06 8.000000e-04 2.123758e-12 3.180031e+01 2.279811e+01 6.918783e+01 2.055722e-02 3.547528e-01 6.371338e-02 2.097790e-01 1.928555e+00
3.000000e-02 5.541000e-01  5.037273e-01  1.000000e-01 6.035355e-06 8.000000e-04 2.123758e-12 3.180019e+01 2.279284e+01 6.918563e+01 2.164517e-02 3.752645e-01 6.715405e-02 2.211075e-01 2.032702e+00
3.000000e-02 5.541000e-01  5.037273e-01  1.000000e-01 6.196174e-06 8.000000e-04 2.123758e-12 3.180010e+01 2.278759e+01 6.918234e+01 2.285451e-02 3.942662e-01 7.078052e-02 2.330479e-01 2.142472e+00
3.000000e-02 5.541000e-01  5.037273e-01  1.000000e-01 6.361278e-06 8.000000e-04 2.123758e-12 3.179997e+01 2.278244e+01 6.918049e+01 2.425938e-02 4.152495e-01 7.460283e-02 2.456330e-01 2.258171e+00
3.000000e-02 5.541000e-01  5.037273e-01  1.000000e-01 6.530782e-06 8.000000e-04 2.123758e-12 3.179987e+01 2.277642e+01 6.917682e+01 2.553804e-02 4.394379e-01 7.863156e-02 2.588977e-01 2.380117e+00
3.000000e-02 5.541000e-01  5.037273e-01  1.000000e-01 6.704802e-06 8.000000e-04 2.123758e-12 3.179972e+01 2.277058e+01 6.917394e+01 2.690668e-02 4.630451e-01 8.287785e-02 2.728788e-01 2.508649e+00
3.000000e-02 5.541000e-01  5.037273e-01  1.000000e-01 6.883459e-06 8.000000e-04 2.123758e-12 3.179964e+01 2.276352e+01 6.917133e+01 2.810446e-02 4.887532e-01 8.735344e-02 2.876149e-01 2.644122e+00
3.000000e-02 5.541000e-01  5.037273e-01  1.000000e-01 7.066877e-06 8.000000e-04 2.123758e-12 3.179949e+01 2.275771e+01 6.916735e+01 2.974393e-02 5.151268e-01 9.207073e-02 3.031468e-01 2.786911e+00
3.000000e-02 5.541000e-01  5.037273e-01  1.000000e-01 7.255182e-06 8.000000e-04 2.123758e-12 3.179932e+01 2.275155e+01 6.916493e+01 3.162490e-02 5.365839e-01 9.704276e-02 3.195174e-01 2.937410e+00
3.000000e-02 5.541000e-01  5.037273e-01  1.000000e-01 7.448504e-06 8.000000e-04 2.123758e-12 3.179923e+01 2.274363e+01 6.916194e+01 3.298898e-02 5.694337e-01 1.022833e-01 3.367721e-01 3.096037e+00
3.000000e-02 5.541000e-01  5.037273e-01  1.000000e-01 7.646978e-06 8.000000e-04 2.123758e-12 3.179907e+01 2.273579e+01 6.915665e+01 3.483498e-02 6.012490e-01 1.078068e-01 3.549585e-01 3.263230e+00
3.000000e-02 5.541000e-01  5.037273e-01  1.000000e-01 7.850741e-06 8.000000e-04 2.123758e-12 3.179889e+01 2.272767e+01 6.915380e+01 3.688074e-02 6.320304e-01 1.136286e-01 3.741271e-01 3.439452e+00
3.000000e-02 5.541000e-01  5.037273e-01  1.000000e-01 8.059933e-06 8.000000e-04 2.123758e-12 3.179869e+01 2.271981e+01 6.914937e+01 3.881862e-02 6.671066e-01 1.197649e-01 3.943309e-01 3.625191e+00
3.000000e-02 5.541000e-01  5.037273e-01  1.000000e-01 8.274699e-06 8.000000e-04 2.123758e-12 3.179853e+01 2.270868e+01 6.914332e+01 4.113540e-02 7.073186e-01 1.262324e-01 4.156256e-01 3.820959e+00
3.000000e-02 5.541000e-01  5.037273e-01  1.000000e-01 8.495188e-06 8.000000e-04 2.123758e-12 3.179832e+01 2.270156e+01 6.913935e+01 4.332085e-02 7.408548e-01 1.330493e-01 4.380704e-01 4.027300e+00
3.000000e-02 5.541000e-01  5.037273e-01  1.000000e-01 8.721552e-06 8.000000e-04 2.123758e-12 3.179824e+01 2.268978e+01 6.913528e+01 4.485468e-02 7.861624e-01 1.402342e-01 4.617272e-01 4.244783e+00
3.000000e-02 5.541000e-01  5.037273e-01  1.000000e-01 8.953948e-06 8.000000e-04 2.123758e-12 3.179794e+01 2.268053e+01 6.912844e+01 4.772085e-02 8.195873e-01 1.478072e-01 4.866615e-01 4.474011e+00
3.000000e-02 5.541000e-01  5.037273e-01  1.000000e-01 9.192536e-06 8.000000e-04 2.123758e-12 3.179772e+01 2.266857e+01 6.912350e+01 5.039930e-02 8.655311e-01 1.557892e-01 5.129424e-01 4.715618e+00
3.000000e-02 5.541000e-01  5.037273e-01  1.000000e-01 9.437481e-06 8.000000e-04 2.123758e-12 3.179747e+01 2.265744e+01 6.911764e+01 5.322970e-02 9.102007e-01 1.642021e-01 5.406425e-01 4.970273e+00
3.000000e-02 5.541000e-01  5.037273e-01  1.000000e-01 9.688954e-06 8.000000e-04 2.123758e-12 3.179718e+01 2.264584e+01 6.911240e+01 5.613464e-02 9.652337e-01 1.730694e-01 5.698384e-01 5.238679e+00
3.000000e-02 5.541000e-01  5.037273e-01  1.000000e-01 9.947127e-06 8.000000e-04 2.123758e-12 3.179701e+01 2.263124e+01 6.910434e+01 5.896918e-02 1.015901e+00 1.824156e-01 6.006110e-01 5.521580e+00
3.000000e-02 5.541000e-01  5.037273e-01  1.000000e-01 1.021218e-05 8.000000e-04 2.123758e-12 3.179665e+01 2.261940e+01 6.910011e+01 6.274205e-02 1.068017e+00 1.922664e-01 6.330454e-01 5.819758e+00
3.000000e-02 5.541000e-01  5.037273e-01  1.000000e-01 1.048430e-05 8.000000e-04 2.123758e-12 3.179647e+01 2.260359e+01 6.909150e+01 6.527492e-02 1.129416e+00 2.026493e-01 6.672313e-01 6.134038e+00
3.000000e-02 5.541000e-01  5.037273e-01  1.000000e-01 1.076366e-05 8.000000e-04 2.123758e-12 3.179624e+01 2.258710e+01 6.908467e+01 6.883241e-02 1.198863e+00 2.135928e-01 7.032633e-01 6.465290e+00
3.000000e-02 5.541000e-01  5.037273e-01  1.000000e-01 1.105047e-05 8.000000e-04 2.123758e-12 3.179582e+01 2.257227e+01 6.907715e+01 7.276187e-02 1.254846e+00 2.251273e-01 7.412412e-01 6.814431e+00
3.000000e-02 5.541000e-01  5.037273e-01  1.000000e-01 1.134492e-05 8.000000e-04 2.123758e-12 3.179555e+01 2.255528e+01 6.906896e+01 7.634917e-02 1.324983e+00 2.372847e-01 7.812699e-01 7.182426e+00
3.000000e-02 5.541000e-01  5.037273e-01  1.000000e-01 1.164722e-05 8.000000e-04 2.123758e-12 3.179517e+01 2.253817e+01 6.906138e+01 8.097989e-02 1.393040e+00 2.500986e-01 8.234603e-01 7.570294e+00
3.000000e-02 5.541000e-01  5.037273e-01  1.000000e-01 1.195758e-05 8.000000e-04 2.123758e-12 3.179474e+01 2.251950e+01 6.905322e+01 8.532024e-02 1.464800e+00 2.636045e-01 8.679290e-01 7.979107e+00
3.000000e-02 5.541000e-01  5.037273e-01  1.000000e-01 1.227620e-05 8.000000e-04 2.123758e-12 3.179433e+01 2.249788e+01 6.904003e+01 9.022051e-02 1.549213e+00 2.778398e-01 9.147992e-01 8.409997e+00
3.000000e-02 5.541000e-01  5.037273e-01  1.000000e-01 1.260331e-05 8.000000e-04 2.123758e-12 3.179396e+01 2.248035e+01 6.903327e+01 9.484028e-02 1.630661e+00 2.928438e-01 9.642005e-01 8.864156e+00
3.000000e-02 5.541000e-01  5.037273e-01  1.000000e-01 1.293914e-05 8.000000e-04 2.123758e-12 3.179352e+01 2.245650e+01 6.902035e+01 9.987475e-02 1.722434e+00 3.086580e-01 1.016270e+00 9.342841e+00
3.000000e-02 5.541000e-01  5.037273e-01  1.000000e-01 1.328392e-05 8.000000e-04 2.123758e-12 3.179300e+01 2.242986e+01 6.900801e+01 1.064692e-01 1.819431e+00 3.253262e-01 1.071150e+00 9.847376e+00
3.000000e-02 5.541000e-01  5.037273e-01  1.000000e-01 1.363789e-05 8.000000e-04 2.123758e-12 3.179257e+01 2.240926e+01 6.899897e+01 1.108129e-01 1.914289e+00 3.428946e-01 1.128995e+00 1.037916e+01
3.000000e-02 5.541000e-01  5.037273e-01  1.000000e-01 1.400128e-05 8.000000e-04 2.123758e-12 3.179207e+01 2.238365e+01 6.898415e+01 1.167648e-01 2.013390e+00 3.614117e-01 1.189963e+00 1.093966e+01
3.000000e-02 5.541000e-01  5.037273e-01  1.000000e-01 1.437436e-05 8.000000e-04 2.123758e-12 3.179160e+01 2.235842e+01 6.897263e+01 1.231945e-01 2.120709e+00 3.809288e-01 1.254224e+00 1.153042e+01
3.000000e-02 5.541000e-01  5.037273e-01  1.000000e-01 1.475738e-05 8.000000e-04 2.123758e-12 3.179117e+01 2.232564e+01 6.896030e+01 1.295192e-01 2.240741e+00 4.014998e-01 1.321955e+00 1.215309e+01
3.000000e-02 5.541000e-01  5.037273e-01  1.000000e-01 1.515061e-05 8.000000e-04 2.123758e-12 3.179026e+01 2.229956e+01 6.894651e+01 1.360828e-01 2.364884e+00 4.231817e-01 1.393344e+00 1.280939e+01
3.000000e-02 5.541000e-01  5.037273e-01  1.000000e-01 1.555432e-05 8.000000e-04 2.123758e-12 3.178983e+01 2.226639e+01 6.893399e+01 1.435093e-01 2.479722e+00 4.460345e-01 1.468588e+00 1.350112e+01
3.000000e-02 5.541000e-01  5.037273e-01  1.000000e-01 1.596878e-05 8.000000e-04 2.123758e-12 3.178906e+01 2.223597e+01 6.891724e+01 1.521060e-01 2.642055e+00 4.701214e-01 1.547895e+00 1.423022e+01
3.000000e-02 5.541000e-01  5.037273e-01  1.000000e-01 1.639429e-05 8.000000e-04 2.123758e-12 3.178843e+01 2.220484e+01 6.890179e+01 1.596666e-01 2.763041e+00 4.955091e-01 1.631485e+00 1.499868e+01
3.000000e-02 5.541000e-01  5.037273e-01  1.000000e-01 1.683113e-05 8.000000e-04 2.123758e-12 3.178771e+01 2.216892e+01 6.888533e+01 1.687684e-01 2.911543e+00 5.222677e-01 1.719589e+00 1.580864e+01
3.000000e-02 5.541000e-01  5.037273e-01  1.000000e-01 1.727962e-05 8.000000e-04 2.123758e-12 3.178661e+01 2.213189e+01 6.886780e+01 1.787708e-01 3.069452e+00 5.504714e-01 1.812450e+00 1.666235e+01
3.000000e-02 5.541000e-01  5.037273e-01  1.000000e-01 1.774005e-05 8.000000e-04 2.123758e-12 3.178602e+01 2.208292e+01 6.884673e+01 1.873531e-01 3.246367e+00 5.801981e-01 1.910327e+00 1.756215e+01
3.000000e-02 5.541000e-01  5.037273e-01  1.000000e-01 1.821276e-05 8.000000e-04 2.123758e-12 3.178522e+01 2.205750e+01 6.884245e+01 1.983413e-01 3.395734e+00 6.115301e-01 2.013489e+00 1.851055e+01
3.000000e-02 5.541000e-01  5.037273e-01  1.000000e-01 1.869805e-05 8.000000e-04 2.123758e-12 3.178419e+01 2.200976e+01 6.881448e+01 2.084856e-01 3.590159e+00 6.445542e-01 2.122222e+00 1.951016e+01
3.000000e-02 5.541000e-01  5.037273e-01  1.000000e-01 1.919629e-05 8.000000e-04 2.123758e-12 3.178312e+01 2.196407e+01 6.880087e+01 2.199651e-01 3.760271e+00 6.793616e-01 2.236827e+00 2.056376e+01
3.000000e-02 5.541000e-01  5.037273e-01  1.000000e-01 1.970779e-05 8.000000e-04 2.123758e-12 3.178220e+01 2.191265e+01 6.877156e+01 2.314386e-01 3.985681e+00 7.160487e-01 2.357621e+00 2.167425e+01
3.000000e-02 5.541000e-01  5.037273e-01  1.000000e-01 2.023293e-05 8.000000e-04 2.123758e-12 3.178121e+01 2.186793e+01 6.875907e+01 2.438959e-01 4.198673e+00 7.547170e-01 2.484938e+00 2.284470e+01
3.000000e-02 5.541000e-01  5.037273e-01  1.000000e-01 2.077206e-05 8.000000e-04 2.123758e-12 3.177995e+01 2.181510e+01 6.873004e+01 2.574622e-01 4.415004e+00 7.954734e-01 2.619130e+00 2.407837e+01
3.000000e-02 5.541000e-01  5.037273e-01  1.000000e-01 2.132555e-05 8.000000e-04 2.123758e-12 3.177895e+01 2.174948e+01 6.872060e+01 2.716973e-01 4.668596e+00 8.384308e-01 2.760569e+00 2.537866e+01
3.000000e-02 5.541000e-01  5.037273e-01  1.000000e-01 2.189380e-05 8.000000e-04 2.123758e-12 3.177757e+01 2.170089e+01 6.868589e+01 2.867936e-01 4.918274e+00 8.837080e-01 2.909646e+00 2.674917e+01
3.000000e-02 5.541000e-01  5.037273e-01  1.000000e-01 2.247718e-05 8.000000e-04 2.123758e-12 3.177618e+01 2.164276e+01 6.866171e+01 3.007003e-01 5.190539e+00 9.314303e-01 3.066774e+00 2.819368e+01
3.000000e-02 5.541000e-01  5.037273e-01  1.000000e-01 2.307611e-05 8.000000e-04 2.123758e-12 3.177460e+01 2.157502e+01 6.864547e+01 3.192439e-01 5.469286e+00 9.817297e-01 3.232387e+00 2.971621e+01
3.000000e-02 5.541000e-01  5.037273e-01  1.000000e-01 2.369100e-05 8.000000e-04 2.123758e-12 3.177332e+01 2.149833e+01 6.860204e+01 3.368541e-01 5.775437e+00 1.034745e+00 3.406943e+00 3.132095e+01
3.000000e-02 5.541000e-01  5.037273e-01  1.000000e-01 2.432228e-05 8.000000e-04 2.123758e-12 3.177215e+01 2.143124e+01 6.857848e+01 3.515350e-01 6.069875e+00 1.090624e+00 3.590926e+00 3.301235e+01
3.000000e-02 5.541000e-01  5.037273e-01  1.000000e-01 2.497037e-05 8.000000e-04 2.123758e-12 3.176987e+01 2.135642e+01 6.855274e+01 3.741146e-01 6.410261e+00 1.149520e+00 3.784844e+00 3.479510e+01
3.000000e-02 5.541000e-01  5.037273e-01  1.000000e-01 2.563574e-05 8.000000e-04 2.123758e-12 3.176900e+01 2.128292e+01 6.852125e+01 3.881912e-01 6.775887e+00 1.211597e+00 3.989234e+00 3.667411e+01
3.000000e-02 5.541000e-01  5.037273e-01  1.000000e-01 2.631883e-05 8.000000e-04 2.123758e-12 3.176679e+01 2.120973e+01 6.850048e+01 4.161384e-01 7.096365e+00 1.277026e+00 4.204662e+00 3.865460e+01
3.000000e-02 5.541000e-01  5.037273e-01  1.000000e-01 2.702013e-05 8.000000e-04 2.123758e-12 3.176493e+01 2.111924e+01 6.847381e+01 4.351014e-01 7.517955e+00 1.345988e+00 4.431724e+00 4.074204e+01
3.000000e-02 5.541000e-01  5.037273e-01  1.000000e-01 2.774011e-05 8.000000e-04 2.123758e-12 3.176256e+01 2.102016e+01 6.843047e+01 4.653934e-01 7.900252e+00 1.418675e+00 4.671047e+00 4.294220e+01
3.000000e-02 5.541000e-01  5.037273e-01  1.000000e-01 2.847928e-05 8.000000e-04 2.123758e-12 3.176148e+01 2.093413e+01 6.841893e+01 4.835337e-01 8.340719e+00 1.495287e+00 4.923294e+00 4.526118e+01
3.000000e-02 5.541000e-01  5.037273e-01  1.000000e-01 2.923814e-05 8.000000e-04 2.123758e-12 3.175878e+01 2.083110e+01 6.836812e+01 5.066813e-01 8.825648e+00 1.576035e+00 5.189164e+00 4.770539e+01
3.000000e-02 5.541000e-01  5.037273e-01  1.000000e-01 3.001722e-05 8.000000e-04 2.123758e-12 3.175686e+01 2.075475e+01 6.835412e+01 5.344575e-01 9.238306e+00 1.661145e+00 5.469390e+00 5.028159e+01
3.000000e-02 5.541000e-01  5.037273e-01  1.000000e-01 3.081707e-05 8.000000e-04 2.123758e-12 3.175382e+01 2.063926e+01 6.830636e+01 5.644827e-01 9.757104e+00 1.750851e+00 5.764750e+00 5.299691e+01
3.000000e-02 5.541000e-01  5.037273e-01  1.000000e-01 3.163822e-05 8.000000e-04 2.123758e-12 3.175115e+01 2.051857e+01 6.828781e+01 5.987271e-01 1.036706e+01 1.845401e+00 6.076060e+00 5.585887e+01
3.000000e-02 5.541000e-01  5.037273e-01  1.000000e-01 3.248126e-05 8.000000e-04 2.123758e-12 3.174806e+01 2.042504e+01 6.822543e+01 6.363875e-01 1.081168e+01 1.945057e+00 6.404181e+00 5.887537e+01
3.000000e-02 5.541000e-01  5.037273e-01  1.000000e-01 3.334676e-05 8.000000e-04 2.123758e-12 3.174537e+01 2.027923e+01 6.820984e+01 6.678364e-01 1.148426e+01 2.050094e+00 6.750022e+00 6.205478e+01
3.000000e-02 5.541000e-01  5.037273e-01  1.000000e-01 3.423532e-05 8.000000e-04 2.123758e-12 3.174188e+01 2.016608e+01 6.820860e+01 7.024431e-01 1.209854e+01 2.160804e+00 7.114539e+00 6.540588e+01
3.000000e-02 5.541000e-01  5.037273e-01  1.000000e-01 3.514756e-05 8.000000e-04 2.123758e-12 3.173946e+01 2.005437e+01 6.816757e+01 7.323795e-01 1.269184e+01 2.277492e+00 7.498740e+00 6.893795e+01
3.000000e-02 5.541000e-01  5.037273e-01  1.000000e-01 3.608411e-05 8.000000e-04 2.123758e-12 3.173538e+01 1.992012e+01 6.814574e+01 7.782263e-01 1.342725e+01 2.400482e+00 7.903689e+00 7.266076e+01
3.000000e-02 5.541000e-01  5.037273e-01  1.000000e-01 3.704561e-05 8.000000e-04 2.123758e-12 3.173225e+01 1.978575e+01 6.810831e+01 8.183386e-01 1.411808e+01 2.530114e+00 8.330507e+00 7.658461e+01
3.000000e-02 5.541000e-01  5.037273e-01  1.000000e-01 3.803273e-05 8.000000e-04 2.123758e-12 3.172830e+01 1.966676e+01 6.808947e+01 8.672910e-01 1.485845e+01 2.666746e+00 8.780374e+00 8.072036e+01
3.000000e-02 5.541000e-01  5.037273e-01  1.000000e-01 3.904616e-05 8.000000e-04 2.123758e-12 3.172364e+01 1.952933e+01 6.807156e+01 9.093096e-01 1.569176e+01 2.810756e+00 9.254534e+00 8.507944e+01
3.000000e-02 5.541000e-01  5.037273e-01  1.000000e-01 4.008659e-05 8.000000e-04 2.123758e-12 3.171930e+01 1.935508e+01 6.803217e+01 9.668979e-01 1.652523e+01 2.962544e+00 9.754300e+00 8.967393e+01
3.000000e-02 5.541000e-01  5.037273e-01  1.000000e-01 4.115474e-05 8.000000e-04 2.123758e-12 3.171606e+01 1.921586e+01 6.803694e+01 1.010218e+00 1.742260e+01 3.122528e+00 1.028105e+01 9.451653e+01
3.000000e-02 5.541000e-01  5.037273e-01  1.000000e-01 4.225136e-05 8.000000e-04 2.123758e-12 3.171178e+01 1.906621e+01 6.803007e+01 1.062925e+00 1.833398e+01 3.291152e+00 1.083626e+01 9.962064e+01
3.000000e-02 5.541000e-01  5.037273e-01  1.000000e-01 4.337719e-05 8.000000e-04 2.123758e-12 3.170695e+01 1.888406e+01 6.801691e+01 1.123873e+00 1.928067e+01 3.468881e+00 1.142144e+01 1.050004e+02
3.000000e-02 5.541000e-01  5.037273e-01  1.000000e-01 4.453303e-05 8.000000e-04 2.123758e-12 3.170077e+01 1.870728e+01 6.798688e+01 1.186823e+00 2.040200e+01 3.656209e+00 1.203822e+01 1.106706e+02
3.000000e-02 5.541000e-01  5.037273e-01  1.000000e-01 4.571966e-05 8.000000e-04 2.123758e-12 3.169511e+01 1.854962e+01 6.799986e+01 1.251061e+00 2.154251e+01 3.853653e+00 1.268831e+01 1.166471e+02
3.000000e-02 5.541000e-01  5.037273e-01  1.000000e-01 4.693791e-05 8.000000e-04 2.123758e-12 3.168835e+01 1.839891e+01 6.804845e+01 1.324778e+00 2.257534e+01 4.061759e+00 1.337351e+01 1.229463e+02
3.000000e-02 5.541000e-01  5.037273e-01  1.000000e-01 4.818863e-05 8.000000e-04 2.123758e-12 3.168297e+01 1.824469e+01 6.803355e+01 1.391515e+00 2.384249e+01 4.281103e+00 1.409571e+01 1.295857e+02
3.000000e-02 5.541000e-01  5.037273e-01  1.000000e-01 4.947267e-05 8.000000e-04 2.123758e-12 3.167728e+01 1.802503e+01 6.816610e+01 1.464197e+00 2.518626e+01 4.512293e+00 1.485691e+01 1.365836e+02
3.000000e-02 5.541000e-01  5.037273e-01  1.000000e-01 5.079093e-05 8.000000e-04 2.123758e-12 3.167446e+01 1.785995e+01 6.812872e+01 1.522391e+00 2.639891e+01 4.755967e+00 1.565922e+01 1.439595e+02
3.000000e-02 5.541000e-01  5.037273e-01  1.000000e-01 5.214431e-05 8.000000e-04 2.123758e-12 3.166448e+01 1.762516e+01 6.815112e+01 1.620715e+00 2.806020e+01 5.012800e+00 1.650486e+01 1.517336e+02
3.000000e-02 5.541000e-01  5.037273e-01  1.000000e-01 5.353375e-05 8.000000e-04 2.123758e-12 3.165851e+01 1.750385e+01 6.833230e+01 1.705094e+00 2.949180e+01 5.283503e+00 1.739616e+01 1.599276e+02
3.000000e-02 5.541000e-01  5.037273e-01  1.000000e-01 5.496022e-05 8.000000e-04 2.123758e-12 3.164764e+01 1.728072e+01 6.832451e+01 1.811884e+00 3.111334e+01 5.568824e+00 1.833559e+01 1.685640e+02
3.000000e-02 5.541000e-01  5.037273e-01  1.000000e-01 5.642470e-05 8.000000e-04 2.123758e-12 3.164293e+01 1.711028e+01 6.838709e+01 1.891348e+00 3.281336e+01 5.869554e+00 1.932575e+01 1.776669e+02
3.000000e-02 5.541000e-01  5.037273e-01  1.000000e-01 5.792820e-05 8.000000e-04 2.123758e-12 3.163186e+01 1.695270e+01 6.857828e+01 2.006278e+00 3.463649e+01 6.186523e+00 2.036939e+01 1.872613e+02
3.000000e-02 5.541000e-01  5.037273e-01  1.000000e-01 5.947176e-05 8.000000e-04 2.123758e-12 3.161969e+01 1.677429e+01 6.866539e+01 2.129356e+00 3.641563e+01 6.520610e+00 2.146938e+01 1.973739e+02
3.000000e-02 5.541000e-01  5.037273e-01  1.000000e-01 6.105646e-05 8.000000e-04 2.123758e-12 3.161042e+01 1.662844e+01 6.883580e+01 2.229117e+00 3.817797e+01 6.872738e+00 2.262878e+01 2.080325e+02
3.000000e-02 5.541000e-01  5.037273e-01  1.000000e-01 6.268338e-05 8.000000e-04 2.123758e-12 3.160463e+01 1.644408e+01 6.907914e+01 2.340973e+00 4.047832e+01 7.243881e+00 2.385079e+01 2.192667e+02
3.000000e-02 5.541000e-01  5.037273e-01  1.000000e-01 6.435365e-05 8.000000e-04 2.123758e-12 3.159077e+01 1.625271e+01 6.929717e+01 2.482118e+00 4.260416e+01 7.635068e+00 2.513878e+01 2.311077e+02
3.000000e-02 5.541000e-01  5.037273e-01  1.000000e-01 6.606842e-05 8.000000e-04 2.123758e-12 3.158180e+01 1.620649e+01 6.958511e+01 2.624289e+00 4.456717e+01 8.047379e+00 2.649634e+01 2.435880e+02
3.000000e-02 5.541000e-01  5.037273e-01  1.000000e-01 6.782889e-05 8.000000e-04 2.123758e-12 3.156713e+01 1.599518e+01 6.973480e+01 2.760538e+00 4.729374e+01 8.481956e+00 2.792720e+01 2.567423e+02
3.000000e-02 5.541000e-01  5.037273e-01  1.000000e-01 6.963627e-05 8.000000e-04 2.123758e-12 3.155495e+01 1.587159e+01 7.020402e+01 2.897784e+00 4.990414e+01 8.940001e+00 2.943533e+01 2.706070e+02
3.000000e-02 5.541000e-01  5.037273e-01  1.000000e-01 7.149181e-05 8.000000e-04 2.123758e-12 3.154150e+01 1.579161e+01 7.061696e+01 3.068120e+00 5.285848e+01 9.422782e+00 3.102491e+01 2.852204e+02
3.000000e-02 5.541000e-01  5.037273e-01  1.000000e-01 7.339679e-05 8.000000e-04 2.123758e-12 3.153365e+01 1.568907e+01 7.084034e+01 3.182299e+00 5.516320e+01 9.931634e+00 3.270033e+01 3.006230e+02
3.000000e-02 5.541000e-01  5.037273e-01  1.000000e-01 7.535253e-05 8.000000e-04 2.123758e-12 3.151450e+01 1.560557e+01 7.133074e+01 3.391723e+00 5.833868e+01 1.046797e+01 3.446622e+01 3.168573e+02
3.000000e-02 5.541000e-01  5.037273e-01  1.000000e-01 7.736039e-05 8.000000e-04 2.123758e-12 3.149815e+01 1.550861e+01 7.165709e+01 3.569987e+00 6.171029e+01 1.103326e+01 3.632747e+01 3.339683e+02
3.000000e-02 5.541000e-01  5.037273e-01  1.000000e-01 7.942174e-05 8.000000e-04 2.123758e-12 3.148005e+01 1.550692e+01 7.219827e+01 3.786848e+00 6.484034e+01 1.162908e+01 3.828924e+01 3.520034e+02
3.000000e-02 5.541000e-01  5.037273e-01  1.000000e-01 8.153803e-05 8.000000e-04 2.123758e-12 3.146134e+01 1.544224e+01 7.260677e+01 3.979991e+00 6.845142e+01 1.225708e+01 4.035695e+01 3.710124e+02
3.000000e-02 5.541000e-01  5.037273e-01  1.000000e-01 8.371070e-05 8.000000e-04 2.123758e-12 3.144381e+01 1.551733e+01 7.329299e+01 4.202679e+00 7.159963e+01 1.291899e+01 4.253632e+01 3.910479e+02
3.000000e-02 5.541000e-01  5.037273e-01  1.000000e-01 8.594127e-05 8.000000e-04 2.123758e-12 3.143069e+01 1.557550e+01 7.399287e+01 4.389358e+00 7.594856e+01 1.361664e+01 4.483338e+01 4.121654e+02
3.000000e-02 5.541000e-01  5.037273e-01  1.000000e-01 8.823127e-05 8.000000e-04 2.123758e-12 3.140085e+01 1.566637e+01 7.482150e+01 4.690557e+00 8.006736e+01 1.435197e+01 4.725448e+01 4.344233e+02
3.000000e-02 5.541000e-01  5.037273e-01  1.000000e-01 9.058230e-05 8.000000e-04 2.123758e-12 3.138369e+01 1.571329e+01 7.538368e+01 4.881293e+00 8.476523e+01 1.512701e+01 4.980633e+01 4.578831e+02
3.000000e-02 5.541000e-01  5.037273e-01  1.000000e-01 9.299597e-05 8.000000e-04 2.123758e-12 3.136689e+01 1.596547e+01 7.645020e+01 5.153409e+00 8.850864e+01 1.594391e+01 5.249599e+01 4.826099e+02
3.000000e-02 5.541000e-01  5.037273e-01  1.000000e-01 9.547395e-05 8.000000e-04 2.123758e-12 3.134501e+01 1.618268e+01 7.749585e+01 5.371944e+00 9.391153e+01 1.680492e+01 5.533090e+01 5.086719e+02
3.000000e-02 5.541000e-01  5.037273e-01  1.000000e-01 9.801796e-05 8.000000e-04 2.123758e-12 3.131530e+01 1.637080e+01 7.832727e+01 5.716755e+00 9.879522e+01 1.771242e+01 5.831889e+01 5.361414e+02
3.000000e-02 5.541000e-01  5.037273e-01  1.000000e-01 1.006298e-04 8.000000e-04 2.123758e-12 3.129184e+01 1.664126e+01 7.930149e+01 6.046675e+00 1.041096e+02 1.866893e+01 6.146825e+01 5.650943e+02
3.000000e-02 5.541000e-01  5.037273e-01  1.000000e-01 1.033112e-04 8.000000e-04 2.123758e-12 3.126804e+01 1.695474e+01 8.039351e+01 6.368476e+00 1.092101e+02 1.967710e+01 6.478767e+01 5.956107e+02
3.000000e-02 5.541000e-01  5.037273e-01  1.000000e-01 1.060640e-04 8.000000e-04 2.123758e-12 3.122646e+01 1.726312e+01 8.135707e+01 6.763316e+00 1.152590e+02 2.073971e+01 6.828636e+01 6.277750e+02
3.000000e-02 5.541000e-01  5.037273e-01  1.000000e-01 1.088902e-04 8.000000e-04 2.123758e-12 3.119585e+01 1.769154e+01 8.264431e+01 7.121843e+00 1.221449e+02 2.185970e+01 7.197398e+01 6.616763e+02
3.000000e-02 5.541000e-01  5.037273e-01  1.000000e-01 1.117917e-04 8.000000e-04 2.123758e-12 3.117373e+01 1.813386e+01 8.389628e+01 7.457979e+00 1.286229e+02 2.304017e+01 7.586074e+01 6.974084e+02
3.000000e-02 5.541000e-01  5.037273e-01  1.000000e-01 1.147705e-04 8.000000e-04 2.123758e-12 3.113029e+01 1.851197e+01 8.490720e+01 7.899877e+00 1.358190e+02 2.428439e+01 7.995740e+01 7.350700e+02
3.000000e-02 5.541000e-01  5.037273e-01  1.000000e-01 1.178287e-04 8.000000e-04 2.123758e-12 3.110140e+01 1.914426e+01 8.646972e+01 8.291271e+00 1.429789e+02 2.559581e+01 8.427528e+01 7.747655e+02
3.000000e-02 5.541000e-01  5.037273e-01  1.000000e-01 1.209684e-04 8.000000e-04 2.123758e-12 3.106607e+01 1.988725e+01 8.837046e+01 8.739364e+00 1.513144e+02 2.697804e+01 8.882634e+01 8.166046e+02
3.000000e-02 5.541000e-01  5.037273e-01  1.000000e-01 1.241917e-04 8.000000e-04 2.123758e-12 3.103270e+01 2.049896e+01 8.980898e+01 9.194989e+00 1.588695e+02 2.843492e+01 9.362317e+01 8.607032e+02
3.000000e-02 5.541000e-01  5.037273e-01  1.000000e-01 1.275010e-04 8.000000e-04 2.123758e-12 3.098025e+01 2.099156e+01 9.095485e+01 9.742076e+00 1.662510e+02 2.997047e+01 9.867904e+01 9.071831e+02
3.000000e-02 5.541000e-01  5.037273e-01  1.000000e-01 1.308984e-04 8.000000e-04 2.123758e-12 3.092652e+01 2.178264e+01 9.262508e+01 1.036684e+01 1.766857e+02 3.158894e+01 1.040079e+02 9.561731e+02
3.000000e-02 5.541000e-01  5.037273e-01  1.000000e-01 1.343863e-04 8.000000e-04 2.123758e-12 3.088063e+01 2.233142e+01 9.391772e+01 1.084750e+01 1.850801e+02 3.329482e+01 1.096246e+02 1.007809e+03
3.000000e-02 5.541000e-01  5.037273e-01  1.000000e-01 1.379672e-04 8.000000e-04 2.123758e-12 3.086485e+01 2.287202e+01 9.512270e+01 1.123763e+01 1.950439e+02 3.509282e+01 1.155446e+02 1.062233e+03
3.000000e-02 5.541000e-01  5.037273e-01  1.000000e-01 1.416435e-04 8.000000e-04 2.123758e-12 3.080819e+01 2.373715e+01 9.684522e+01 1.186815e+01 2.061351e+02 3.698791e+01 1.217843e+02 1.119596e+03
3.000000e-02 5.541000e-01  5.037273e-01  1.000000e-01 1.454177e-04 8.000000e-04 2.123758e-12 3.072704e+01 2.480111e+01 9.904796e+01 1.269358e+01 2.179243e+02 3.898534e+01 1.283609e+02 1.180056e+03
3.000000e-02 5.541000e-01  5.037273e-01  1.000000e-01 1.492926e-04 8.000000e-04 2.123758e-12 3.067909e+01 2.540734e+01 1.002985e+02 1.325591e+01 2.300996e+02 4.109064e+01 1.352927e+02 1.243782e+03
3.000000e-02 5.541000e-01  5.037273e-01  1.000000e-01 1.532706e-04 8.000000e-04 2.123758e-12 3.062436e+01 2.640276e+01 1.023445e+02 1.401454e+01 2.409233e+02 4.330963e+01 1.425988e+02 1.310949e+03
3.000000e-02 5.541000e-01  5.037273e-01  1.000000e-01 1.573547e-04 8.000000e-04 2.123758e-12 3.055550e+01 2.707608e+01 1.033871e+02 1.486634e+01 2.548290e+02 4.564845e+01 1.502995e+02 1.381744e+03
3.000000e-02 5.541000e-01  5.037273e-01  1.000000e-01 1.615476e-04 8.000000e-04 2.123758e-12 3.049062e+01 2.789016e+01 1.050137e+02 1.558242e+01 2.675832e+02 4.811357e+01 1.584160e+02 1.456361e+03
3.000000e-02 5.541000e-01  5.037273e-01  1.000000e-01 1.658522e-04 8.000000e-04 2.123758e-12 3.043984e+01 2.885398e+01 1.068690e+02 1.648649e+01 2.819774e+02 5.071182e+01 1.669708e+02 1.535008e+03
3.000000e-02 5.541000e-01  5.037273e-01  1.000000e-01 1.702715e-04 8.000000e-04 2.123758e-12 3.034835e+01 2.978163e+01 1.087096e+02 1.745338e+01 2.982111e+02 5.345037e+01 1.759876e+02 1.617902e+03
3.000000e-02 5.541000e-01  5.037273e-01  1.000000e-01 1.748086e-04 8.000000e-04 2.123758e-12 3.025858e+01 3.048288e+01 1.099421e+02 1.833907e+01 3.129271e+02 5.633682e+01 1.854913e+02 1.705272e+03
3.000000e-02 5.541000e-01  5.037273e-01  1.000000e-01 1.794666e-04 8.000000e-04 2.123758e-12 3.020342e+01 3.126348e+01 1.112644e+02 1.922837e+01 3.309004e+02 5.937913e+01 1.955083e+02 1.797361e+03
3.000000e-02 5.541000e-01  5.037273e-01  1.000000e-01 1.842487e-04 8.000000e-04 2.123758e-12 3.012641e+01 3.193780e+01 1.125477e+02 2.024580e+01 3.461471e+02 6.258574e+01 2.060662e+02 1.894423e+03
3.000000e-02 5.541000e-01  5.037273e-01  1.000000e-01 1.891582e-04 8.000000e-04 2.123758e-12 3.001214e+01 3.286185e+01 1.143747e+02 2.137811e+01 3.662835e+02 6.596552e+01 2.171943e+02 1.996726e+03
3.000000e-02 5.541000e-01  5.037273e-01  1.000000e-01 1.941986e-04 8.000000e-04 2.123758e-12 2.993238e+01 3.374681e+01 1.157742e+02 2.237270e+01 3.867296e+02 6.952781e+01 2.289233e+02 2.104554e+03
3.000000e-02 5.541000e-01  5.037273e-01  1.000000e-01 1.993732e-04 8.000000e-04 2.123758e-12 2.982634e+01 3.470793e+01 1.175187e+02 2.376863e+01 4.081287e+02 7.328247e+01 2.412856e+02 2.218204e+03
3.000000e-02 5.541000e-01  5.037273e-01  1.000000e-01 2.046857e-04 8.000000e-04 2.123758e-12 2.970941e+01 3.553047e+01 1.188568e+02 2.511457e+01 4.307706e+02 7.723990e+01 2.543156e+02 2.337993e+03
3.000000e-02 5.541000e-01  5.037273e-01  1.000000e-01 2.101398e-04 8.000000e-04 2.123758e-12 2.961244e+01 3.613878e+01 1.199204e+02 2.640834e+01 4.537608e+02 8.141103e+01 2.680493e+02 2.464250e+03
3.000000e-02 5.541000e-01  5.037273e-01  1.000000e-01 2.157392e-04 8.000000e-04 2.123758e-12 2.948861e+01 3.684139e+01 1.210517e+02 2.784736e+01 4.766433e+02 8.580741e+01 2.825245e+02 2.597325e+03
3.000000e-02 5.541000e-01  5.037273e-01  1.000000e-01 2.214878e-04 8.000000e-04 2.123758e-12 2.941309e+01 3.771923e+01 1.226426e+02 2.901425e+01 5.063578e+02 9.044121e+01 2.977815e+02 2.737586e+03
3.000000e-02 5.541000e-01  5.037273e-01  1.000000e-01 2.273896e-04 8.000000e-04 2.123758e-12 2.925211e+01 3.849708e+01 1.236644e+02 3.098126e+01 5.315969e+02 9.532524e+01 3.138624e+02 2.885422e+03
3.000000e-02 5.541000e-01  5.037273e-01  1.000000e-01 2.334487e-04 8.000000e-04 2.123758e-12 2.910104e+01 3.926247e+01 1.249292e+02 3.277200e+01 5.603920e+02 1.004730e+02 3.308117e+02 3.041242e+03
3.000000e-02 5.541000e-01  5.037273e-01  1.000000e-01 2.396692e-04 8.000000e-04 2.123758e-12 2.905423e+01 4.001379e+01 1.264785e+02 3.423389e+01 5.904744e+02 1.058988e+02 3.486763e+02 3.205476e+03
3.000000e-02 5.541000e-01  5.037273e-01  1.000000e-01 2.460555e-04 8.000000e-04 2.123758e-12 2.885371e+01 4.057315e+01 1.272029e+02 3.639994e+01 6.213837e+02 1.116176e+02 3.675056e+02 3.378579e+03
3.000000e-02 5.541000e-01  5.037273e-01  1.000000e-01 2.526119e-04 8.000000e-04 2.123758e-12 2.872394e+01 4.151545e+01 1.286167e+02 3.785014e+01 6.543308e+02 1.176452e+02 3.873518e+02 3.561030e+03
3.000000e-02 5.541000e-01  5.037273e-01  1.000000e-01 2.593430e-04 8.000000e-04 2.123758e-12 2.853498e+01 4.215077e+01 1.295120e+02 4.020922e+01 6.918727e+02 1.239983e+02 4.082697e+02 3.753334e+03
3.000000e-02 5.541000e-01  5.037273e-01  1.000000e-01 2.662535e-04 8.000000e-04 2.123758e-12 2.834756e+01 4.278948e+01 1.305935e+02 4.243565e+01 7.263064e+02 1.306945e+02 4.303172e+02 3.956022e+03
3.000000e-02 5.541000e-01  5.037273e-01  1.000000e-01 2.733482e-04 8.000000e-04 2.123758e-12 2.819405e+01 4.363894e+01 1.316283e+02 4.460323e+01 7.693967e+02 1.377523e+02 4.535553e+02 4.169657e+03
3.000000e-02 5.541000e-01  5.037273e-01  1.000000e-01 2.806318e-04 8.000000e-04 2.123758e-12 2.799999e+01 4.441601e+01 1.325408e+02 4.735593e+01 8.071449e+02 1.451912e+02 4.780483e+02 4.394828e+03
3.000000e-02 5.541000e-01  5.037273e-01  1.000000e-01 2.881096e-04 8.000000e-04 2.123758e-12 2.774123e+01 4.486242e+01 1.335618e+02 5.018379e+01 8.544230e+02 1.530319e+02 5.038640e+02 4.632159e+03
3.000000e-02 5.541000e-01  5.037273e-01  1.000000e-01 2.957866e-04 8.000000e-04 2.123758e-12 2.761121e+01 4.558591e+01 1.346573e+02 5.225533e+01 9.010646e+02 1.612960e+02 5.310739e+02 4.882306e+03
3.000000e-02 5.541000e-01  5.037273e-01  1.000000e-01 3.036682e-04 8.000000e-04 2.123758e-12 2.738285e+01 4.631998e+01 1.355520e+02 5.516285e+01 9.477940e+02 1.700063e+02 5.597531e+02 5.145962e+03
3.000000e-02 5.541000e-01  5.037273e-01  1.000000e-01 3.117598e-04 8.000000e-04 2.123758e-12 2.714094e+01 4.709846e+01 1.365201e+02 5.814552e+01 9.998001e+02 1.791871e+02 5.899811e+02 5.423856e+03
3.000000e-02 5.541000e-01  5.037273e-01  1.000000e-01 3.200670e-04 8.000000e-04 2.123758e-12 2.687442e+01 4.778353e+01 1.371193e+02 6.154417e+01 1.048848e+03 1.888636e+02 6.218414e+02 5.716757e+03
3.000000e-02 5.541000e-01  5.037273e-01  1.000000e-01 3.285955e-04 8.000000e-04 2.123758e-12 2.677359e+01 4.828010e+01 1.382255e+02 6.414113e+01 1.106850e+03 1.990627e+02 6.554223e+02 6.025475e+03
3.000000e-02 5.541000e-01  5.037273e-01  1.000000e-01 3.373513e-04 8.000000e-04 2.123758e-12 2.648916e+01 4.933068e+01 1.393477e+02 6.755749e+01 1.176926e+03 2.098125e+02 6.908166e+02 6.350864e+03
3.000000e-02 5.541000e-01  5.037273e-01  1.000000e-01 3.463404e-04 8.000000e-04 2.123758e-12 2.620960e+01 5.011838e+01 1.401575e+02 7.150124e+01 1.229630e+03 2.211429e+02 7.281223e+02 6.693826e+03
3.000000e-02 5.541000e-01  5.037273e-01  1.000000e-01 3.555691e-04 8.000000e-04 2.123758e-12 2.589671e+01 5.078792e+01 1.411935e+02 7.581305e+01 1.293323e+03 2.330851e+02 7.674426e+02 7.055308e+03
3.000000e-02 5.541000e-01  5.037273e-01  1.000000e-01 3.650436e-04 8.000000e-04 2.123758e-12 2.557428e+01 5.157818e+01 1.420136e+02 8.010718e+01 1.370932e+03 2.456722e+02 8.088862e+02 7.436311e+03
3.000000e-02 5.541000e-01  5.037273e-01  1.000000e-01 3.747706e-04 8.000000e-04 2.123758e-12 2.535522e+01 5.251215e+01 1.433308e+02 8.391769e+01 1.440624e+03 2.589391e+02 8.525680e+02 7.837889e+03
3.000000e-02 5.541000e-01  5.037273e-01  1.000000e-01 3.847568e-04 8.000000e-04 2.123758e-12 2.502973e+01 5.320977e+01 1.436967e+02 8.861991e+01 1.527813e+03 2.729224e+02 8.986086e+02 8.261153e+03
3.000000e-02 5.541000e-01  5.037273e-01  1.000000e-01 3.950091e-04 8.000000e-04 2.123758e-12 2.472901e+01 5.425384e+01 1.451647e+02 9.283459e+01 1.601230e+03 2.876609e+02 9.471356e+02 8.707274e+03
3.000000e-02 5.541000e-01  5.037273e-01  1.000000e-01 4.055346e-04 8.000000e-04 2.123758e-12 2.444638e+01 5.496596e+01 1.462485e+02 9.768387e+01 1.698673e+03 3.031952e+02 9.982831e+02 9.177487e+03
3.000000e-02 5.541000e-01  5.037273e-01  1.000000e-01 4.163405e-04 8.000000e-04 2.123758e-12 2.401601e+01 5.562810e+01 1.468467e+02 1.038076e+02 1.773569e+03 3.195685e+02 1.052193e+03 9.673093e+03
3.000000e-02 5.541000e-01  5.037273e-01  1.000000e-01 4.274344e-04 8.000000e-04 2.123758e-12 2.364399e+01 5.707844e+01 1.484902e+02 1.089834e+02 1.879811e+03 3.368259e+02 1.109014e+03 1.019546e+04
3.000000e-02 5.541000e-01  5.037273e-01  1.000000e-01 4.388239e-04 8.000000e-04 2.123758e-12 2.330488e+01 5.791550e+01 1.494438e+02 1.150835e+02 1.992407e+03 3.550153e+02 1.168903e+03 1.074604e+04
3.000000e-02 5.541000e-01  5.037273e-01  1.000000e-01 4.505168e-04 8.000000e-04 2.123758e-12 2.301071e+01 5.842532e+01 1.498239e+02 1.214332e+02 2.086100e+03 3.741869e+02 1.232026e+03 1.132635e+04
3.000000e-02 5.541000e-01  5.037273e-01  1.000000e-01 4.625214e-04 8.000000e-04 2.123758e-12 2.257160e+01 5.927467e+01 1.509742e+02 1.286638e+02 2.192207e+03 3.943939e+02 1.298559e+03 1.193800e+04
3.000000e-02 5.541000e-01  5.037273e-01  1.000000e-01 4.748458e-04 8.000000e-04 2.123758e-12 2.229775e+01 6.062251e+01 1.521620e+02 1.332367e+02 2.321465e+03 4.156921e+02 1.368684e+03 1.258268e+04
3.000000e-02 5.541000e-01  5.037273e-01  1.000000e-01 4.874986e-04 8.000000e-04 2.123758e-12 2.179027e+01 6.184628e+01 1.539429e+02 1.415767e+02 2.435699e+03 4.381404e+02 1.442596e+03 1.326217e+04
3.000000e-02 5.541000e-01  5.037273e-01  1.000000e-01 5.004886e-04 8.000000e-04 2.123758e-12 2.135870e+01 6.276531e+01 1.550190e+02 1.497253e+02 2.583997e+03 4.618010e+02 1.520499e+03 1.397836e+04
3.000000e-02 5.541000e-01  5.037273e-01  1.000000e-01 5.138247e-04 8.000000e-04 2.123758e-12 2.093407e+01 6.288898e+01 1.542856e+02 1.565393e+02 2.700917e+03 4.867393e+02 1.602610e+03 1.473323e+04
3.000000e-02 5.541000e-01  5.037273e-01  1.000000e-01 5.275161e-04 8.000000e-04 2.123758e-12 2.069226e+01 6.461386e+01 1.568005e+02 1.654646e+02 2.852317e+03 5.130244e+02 1.689154e+03 1.552886e+04
3.000000e-02 5.541000e-01  5.037273e-01  1.000000e-01 5.415724e-04 8.000000e-04 2.123758e-12 2.005519e+01 6.629141e+01 1.588453e+02 1.743583e+02 3.016378e+03 5.407289e+02 1.780373e+03 1.636745e+04
3.000000e-02 5.541000e-01  5.037273e-01  1.000000e-01 5.560032e-04 8.000000e-04 2.123758e-12 1.946164e+01 6.675744e+01 1.588262e+02 1.843487e+02 3.167478e+03 5.699295e+02 1.876517e+03 1.725133e+04
3.000000e-02 5.541000e-01  5.037273e-01  1.000000e-01 5.708185e-04 8.000000e-04 2.123758e-12 1.898420e+01 6.779424e+01 1.595717e+02 1.958245e+02 3.364789e+03 6.007070e+02 1.977853e+03 1.818294e+04
3.000000e-02 5.541000e-01  5.037273e-01  1.000000e-01 5.860287e-04 8.000000e-04 2.123758e-12 1.881663e+01 6.867489e+01 1.608214e+02 2.037948e+02 3.535915e+03 6.331466e+02 2.084662e+03 1.916486e+04
3.000000e-02 5.541000e-01  5.037273e-01  1.000000e-01 6.016441e-04 8.000000e-04 2.123758e-12 1.841649e+01 6.956986e+01 1.617557e+02 2.153920e+02 3.712204e+03 6.673380e+02 2.197238e+03 2.019981e+04
3.000000e-02 5.541000e-01  5.037273e-01  1.000000e-01 6.176756e-04 8.000000e-04 2.123758e-12 1.779275e+01 7.153409e+01 1.636671e+02 2.291031e+02 3.932803e+03 7.033758e+02 2.315894e+03 2.129065e+04
3.000000e-02 5.541000e-01  5.037273e-01  1.000000e-01 6.341342e-04 8.000000e-04 2.123758e-12 1.770976e+01 7.267490e+01 1.652437e+02 2.392478e+02 4.123951e+03 7.413597e+02 2.440958e+03 2.244039e+04
3.000000e-02 5.541000e-01  5.037273e-01  1.000000e-01 6.510315e-04 8.000000e-04 2.123758e-12 1.689271e+01 7.317930e+01 1.650724e+02 2.536396e+02 4.324975e+03 7.813948e+02 2.572776e+03 2.365222e+04
3.000000e-02 5.541000e-01  5.037273e-01  1.000000e-01 6.683790e-04 8.000000e-04 2.123758e-12 1.667808e+01 7.514443e+01 1.678384e+02 2.658405e+02 4.612091e+03 8.235920e+02 2.711711e+03 2.492950e+04
3.000000e-02 5.541000e-01  5.037273e-01  1.000000e-01 6.861887e-04 8.000000e-04 2.123758e-12 1.614424e+01 7.557621e+01 1.679165e+02 2.823805e+02 4.838937e+03 8.680679e+02 2.858150e+03 2.627575e+04
3.000000e-02 5.541000e-01  5.037273e-01  1.000000e-01 7.044730e-04 8.000000e-04 2.123758e-12 1.566884e+01 7.823612e+01 1.714345e+02 2.960804e+02 5.077664e+03 9.149455e+02 3.012497e+03 2.769470e+04
3.000000e-02 5.541000e-01  5.037273e-01  1.000000e-01 7.232445e-04 8.000000e-04 2.123758e-12 1.520654e+01 7.863468e+01 1.711775e+02 3.141836e+02 5.382517e+03 9.643547e+02 3.175179e+03 2.919028e+04
3.000000e-02 5.541000e-01  5.037273e-01  1.000000e-01 7.425162e-04 8.000000e-04 2.123758e-12 1.528213e+01 8.140125e+01 1.761201e+02 3.259391e+02 5.644999e+03 1.016432e+03 3.346646e+03 3.076662e+04
3.000000e-02 5.541000e-01  5.037273e-01  1.000000e-01 7.623014e-04 8.000000e-04 2.123758e-12 1.493722e+01 8.096314e+01 1.742893e+02 3.478973e+02 5.947973e+03 1.071322e+03 3.527372e+03 3.242809e+04
3.000000e-02 5.541000e-01  5.037273e-01  1.000000e-01 7.826138e-04 8.000000e-04 2.123758e-12 1.446873e+01 8.241917e+01 1.751357e+02 3.679447e+02 6.286190e+03 1.129176e+03 3.717859e+03 3.417928e+04
3.000000e-02 5.541000e-01  5.037273e-01  1.000000e-01 8.034674e-04 8.000000e-04 2.123758e-12 1.409996e+01 8.459691e+01 1.791410e+02 3.868724e+02 6.634232e+03 1.190154e+03 3.918632e+03 3.602504e+04
3.000000e-02 5.541000e-01  5.037273e-01  1.000000e-01 8.248767e-04 8.000000e-04 2.123758e-12 1.418837e+01 8.601110e+01 1.804475e+02 4.111817e+02 6.956468e+03 1.254425e+03 4.130247e+03 3.797048e+04
3.000000e-02 5.541000e-01  5.037273e-01  1.000000e-01 8.468565e-04 8.000000e-04 2.123758e-12 1.420537e+01 8.722792e+01 1.823908e+02 4.274076e+02 7.377960e+03 1.322167e+03 4.353290e+03 4.002098e+04
3.000000e-02 5.541000e-01  5.037273e-01  1.000000e-01 8.694220e-04 8.000000e-04 2.123758e-12 1.447608e+01 8.717341e+01 1.819986e+02 4.527768e+02 7.752749e+03 1.393567e+03 4.588378e+03 4.218220e+04
3.000000e-02 5.541000e-01  5.037273e-01  1.000000e-01 8.925887e-04 8.000000e-04 2.123758e-12 1.375340e+01 9.052691e+01 1.869019e+02 4.774596e+02 8.180013e+03 1.468823e+03 4.836161e+03 4.446014e+04
3.000000e-02 5.541000e-01  5.037273e-01  1.000000e-01 9.163728e-04 8.000000e-04 2.123758e-12 1.433234e+01 9.197466e+01 1.901892e+02 4.969951e+02 8.573228e+03 1.548143e+03 5.097325e+03 4.686109e+04
3.000000e-02 5.541000e-01  5.037273e-01  1.000000e-01 9.407906e-04 8.000000e-04 2.123758e-12 1.416520e+01 9.253279e+01 1.907723e+02 5.300166e+02 9.072616e+03 1.631746e+03 5.372592e+03 4.939170e+04
3.000000e-02 5.541000e-01  5.037273e-01  1.000000e-01 9.658591e-04 8.000000e-04 2.123758e-12 1.421931e+01 9.458558e+01 1.935554e+02 5.540390e+02 9.588173e+03 1.719864e+03 5.662725e+03 5.205897e+04
3.000000e-02 5.541000e-01  5.037273e-01  1.000000e-01 9.915955e-04 8.000000e-04 2.123758e-12 1.456368e+01 9.787765e+01 1.998979e+02 5.883115e+02 1.011231e+04 1.812741e+03 5.968525e+03 5.487027e+04
3.000000e-02 5.541000e-01  5.037273e-01  1.000000e-01 1.018018e-03 8.000000e-04 2.123758e-12 1.466925e+01 9.842571e+01 1.994983e+02 6.221921e+02 1.072255e+04 1.910633e+03 6.290840e+03 5.783339e+04
3.000000e-02 5.541000e-01  5.037273e-01  1.000000e-01 1.045144e-03 8.000000e-04 2.123758e-12 1.537593e+01 1.004416e+02 2.048993e+02 6.491004e+02 1.126708e+04 2.013812e+03 6.630560e+03 6.095653e+04
3.000000e-02 5.541000e-01  5.037273e-01  1.000000e-01 1.072993e-03 8.000000e-04 2.123758e-12 1.546032e+01 1.001570e+02 2.024164e+02 6.839921e+02 1.182704e+04 2.122562e+03 6.988625e+03 6.424833e+04
3.000000e-02 5.541000e-01  5.037273e-01  1.000000e-01 1.101584e-03 8.000000e-04 2.123758e-12 1.532777e+01 1.028569e+02 2.088594e+02 7.207231e+02 1.249998e+04 2.237185e+03 7.366028e+03 6.771789e+04
3.000000e-02 5.541000e-01  5.037273e-01  1.000000e-01 1.130937e-03 8.000000e-04 2.123758e-12 1.558110e+01 1.043213e+02 2.083089e+02 7.674694e+02 1.315101e+04 2.357999e+03 7.763810e+03 7.137481e+04
3.000000e-02 5.541000e-01  5.037273e-01  1.000000e-01 1.161072e-03 8.000000e-04 2.123758e-12 1.668308e+01 1.061702e+02 2.142022e+02 8.006397e+02 1.382457e+04 2.485336e+03 8.183074e+03 7.522922e+04
3.000000e-02 5.541000e-01  5.037273e-01  1.000000e-01 1.192010e-03 8.000000e-04 2.123758e-12 1.723514e+01 1.071704e+02 2.146512e+02 8.488919e+02 1.459809e+04 2.619550e+03 8.624980e+03 7.929178e+04
3.000000e-02 5.541000e-01  5.037273e-01  1.000000e-01 1.223773e-03 8.000000e-04 2.123758e-12 1.679998e+01 1.097838e+02 2.174652e+02 8.920387e+02 1.540946e+04 2.761012e+03 9.090749e+03 8.357372e+04
3.000000e-02 5.541000e-01  5.037273e-01  1.000000e-01 1.256382e-03 8.000000e-04 2.123758e-12 1.725410e+01 1.109292e+02 2.188564e+02 9.465392e+02 1.622678e+04 2.910113e+03 9.581671e+03 8.808690e+04
3.000000e-02 5.541000e-01  5.037273e-01  1.000000e-01 1.289860e-03 8.000000e-04 2.123758e-12 1.744787e+01 1.121247e+02 2.205104e+02 9.909592e+02 1.705805e+04 3.067266e+03 1.009910e+04 9.284380e+04
3.000000e-02 5.541000e-01  5.037273e-01  1.000000e-01 1.324229e-03 8.000000e-04 2.123758e-12 1.767571e+01 1.128566e+02 2.190187e+02 1.049747e+03 1.801713e+04 3.232906e+03 1.064448e+04 9.785758e+04
3.000000e-02 5.541000e-01  5.037273e-01  1.000000e-01 1.359515e-03 8.000000e-04 2.123758e-12 1.801629e+01 1.155564e+02 2.246073e+02 1.100271e+03 1.902800e+04 3.407490e+03 1.121931e+04 1.031421e+05
3.000000e-02 5.541000e-01  5.037273e-01  1.000000e-01 1.395741e-03 8.000000e-04 2.123758e-12 1.874039e+01 1.178371e+02 2.263943e+02 1.164915e+03 2.003778e+04 3.591503e+03 1.182517e+04 1.087120e+05
3.000000e-02 5.541000e-01  5.037273e-01  1.000000e-01 1.432932e-03 8.000000e-04 2.123758e-12 1.832341e+01 1.184694e+02 2.266651e+02 1.231192e+03 2.115873e+04 3.785452e+03 1.246376e+04 1.145827e+05
3.000000e-02 5.541000e-01  5.037273e-01  1.000000e-01 1.471114e-03 8.000000e-04 2.123758e-12 1.873638e+01 1.205752e+02 2.300918e+02 1.297057e+03 2.223406e+04 3.989876e+03 1.313683e+04 1.207705e+05
3.000000e-02 5.541000e-01  5.037273e-01  1.000000e-01 1.510314e-03 8.000000e-04 2.123758e-12 1.937367e+01 1.222226e+02 2.309305e+02 1.355733e+03 2.338530e+04 4.205339e+03 1.384626e+04 1.272924e+05
3.000000e-02 5.541000e-01  5.037273e-01  1.000000e-01 1.550558e-03 8.000000e-04 2.123758e-12 1.993367e+01 1.232788e+02 2.325595e+02 1.440266e+03 2.470480e+04 4.432437e+03 1.459399e+04 1.341665e+05
3.000000e-02 5.541000e-01  5.037273e-01  1.000000e-01 1.591874e-03 8.000000e-04 2.123758e-12 1.996123e+01 1.242588e+02 2.340896e+02 1.499797e+03 2.601034e+04 4.671799e+03 1.538210e+04 1.414118e+05
3.000000e-02 5.541000e-01  5.037273e-01  1.000000e-01 1.634292e-03 8.000000e-04 2.123758e-12 2.071187e+01 1.255848e+02 2.355113e+02 1.594369e+03 2.742368e+04 4.924087e+03 1.621277e+04 1.490484e+05
3.000000e-02 5.541000e-01  5.037273e-01  1.000000e-01 1.677839e-03 8.000000e-04 2.123758e-12 2.081119e+01 1.282863e+02 2.384048e+02 1.680006e+03 2.885130e+04 5.190000e+03 1.708829e+04 1.570973e+05
3.000000e-02 5.541000e-01  5.037273e-01  1.000000e-01 1.722547e-03 8.000000e-04 2.123758e-12 2.153340e+01 1.286776e+02 2.404973e+02 1.759214e+03 3.045283e+04 5.470272e+03 1.801110e+04 1.655809e+05
3.000000e-02 5.541000e-01  5.037273e-01  1.000000e-01 1.768447e-03 8.000000e-04 2.123758e-12 2.058599e+01 1.313600e+02 2.429795e+02 1.859673e+03 3.211790e+04 5.765680e+03 1.898374e+04 1.745227e+05
3.000000e-02 5.541000e-01  5.037273e-01  1.000000e-01 1.815569e-03 8.000000e-04 2.123758e-12 2.155767e+01 1.348323e+02 2.464469e+02 1.974515e+03 3.409872e+04 6.077040e+03 2.000891e+04 1.839474e+05
3.000000e-02 5.541000e-01  5.037273e-01  1.000000e-01 1.863947e-03 8.000000e-04 2.123758e-12 2.243933e+01 1.349177e+02 2.476036e+02 2.066642e+03 3.559604e+04 6.405215e+03 2.108944e+04 1.938810e+05
3.000000e-02 5.541000e-01  5.037273e-01  1.000000e-01 1.913614e-03 8.000000e-04 2.123758e-12 2.305396e+01 1.376958e+02 2.511210e+02 2.174768e+03 3.773058e+04 6.751112e+03 2.222832e+04 2.043510e+05
3.000000e-02 5.541000e-01  5.037273e-01  1.000000e-01 1.964605e-03 8.000000e-04 2.123758e-12 2.335742e+01 1.380106e+02 2.518213e+02 2.308573e+03 3.968895e+04 7.115689e+03 2.342871e+04 2.153864e+05
3.000000e-02 5.541000e-01  5.037273e-01  1.000000e-01 2.016954e-03 8.000000e-04 2.123758e-12 2.370985e+01 1.393386e+02 2.548289e+02 2.439439e+03 4.156542e+04 7.499953e+03 2.469391e+04 2.270178e+05
3.000000e-02 5.541000e-01  5.037273e-01  1.000000e-01 2.070698e-03 8.000000e-04 2.123758e-12 2.456098e+01 1.410372e+02 2.569193e+02 2.572991e+03 4.404085e+04 7.904969e+03 2.602744e+04 2.392774e+05
3.000000e-02 5.541000e-01  5.037273e-01  1.000000e-01 2.125874e-03 8.000000e-04 2.123758e-12 2.463670e+01 1.414983e+02 2.567698e+02 2.695315e+03 4.658052e+04 8.331856e+03 2.743299e+04 2.521989e+05
3.000000e-02 5.541000e-01  5.037273e-01  1.000000e-01 2.182521e-03 8.000000e-04 2.123758e-12 2.583567e+01 1.427643e+02 2.584213e+02 2.864954e+03 4.915130e+04 8.781797e+03 2.891444e+04 2.658183e+05
3.000000e-02 5.541000e-01  5.037273e-01  1.000000e-01 2.240677e-03 8.000000e-04 2.123758e-12 2.585044e+01 1.454598e+02 2.633240e+02 2.982865e+03 5.171847e+04 9.256035e+03 3.047589e+04 2.801731e+05
3.000000e-02 5.541000e-01  5.037273e-01  1.000000e-01 2.300382e-03 8.000000e-04 2.123758e-12 2.751557e+01 1.464082e+02 2.651310e+02 3.142965e+03 5.430208e+04 9.755884e+03 3.212166e+04 2.953031e+05
3.000000e-02 5.541000e-01  5.037273e-01  1.000000e-01 2.361679e-03 8.000000e-04 2.123758e-12 2.836170e+01 1.486963e+02 2.694707e+02 3.334938e+03 5.731906e+04 1.028273e+04 3.385631e+04 3.112502e+05
3.000000e-02 5.541000e-01  5.037273e-01  1.000000e-01 2.424609e-03 8.000000e-04 2.123758e-12 2.912644e+01 1.488236e+02 2.706333e+02 3.492566e+03 6.017052e+04 1.083802e+04 3.568463e+04 3.280585e+05
3.000000e-02 5.541000e-01  5.037273e-01  1.000000e-01 2.489215e-03 8.000000e-04 2.123758e-12 3.128334e+01 1.530974e+02 2.771690e+02 3.723058e+03 6.364134e+04 1.142330e+04 3.761169e+04 3.457745e+05
3.000000e-02 5.541000e-01  5.037273e-01  1.000000e-01 2.555544e-03 8.000000e-04 2.123758e-12 3.175528e+01 1.539935e+02 2.783240e+02 3.898016e+03 6.719514e+04 1.204018e+04 3.964282e+04 3.644472e+05
3.000000e-02 5.541000e-01  5.037273e-01  1.000000e-01 2.623639e-03 8.000000e-04 2.123758e-12 3.469847e+01 1.557406e+02 2.844224e+02 4.108746e+03 7.091181e+04 1.269038e+04 4.178363e+04 3.841282e+05
3.000000e-02 5.541000e-01  5.037273e-01  1.000000e-01 2.693549e-03 8.000000e-04 2.123758e-12 3.641404e+01 1.575222e+02 2.872566e+02 4.348957e+03 7.456246e+04 1.337570e+04 4.404005e+04 4.048721e+05
3.000000e-02 5.541000e-01  5.037273e-01  1.000000e-01 2.765322e-03 8.000000e-04 2.123758e-12 3.719499e+01 1.560364e+02 2.875311e+02 4.558549e+03 7.864475e+04 1.409802e+04 4.641832e+04 4.267362e+05
3.000000e-02 5.541000e-01  5.037273e-01  1.000000e-01 2.839008e-03 8.000000e-04 2.123758e-12 4.030757e+01 1.611645e+02 2.969426e+02 4.822604e+03 8.326573e+04 1.485935e+04 4.892503e+04 4.497811e+05
3.000000e-02 5.541000e-01  5.037273e-01  1.000000e-01 2.914657e-03 8.000000e-04 2.123758e-12 4.271195e+01 1.615117e+02 2.988552e+02 5.082526e+03 8.716742e+04 1.566179e+04 5.156711e+04 4.740704e+05
3.000000e-02 5.541000e-01  5.037273e-01  1.000000e-01 2.992321e-03 8.000000e-04 2.123758e-12 4.504156e+01 1.640575e+02 3.054491e+02 5.343431e+03 9.214455e+04 1.650757e+04 5.435186e+04 4.996714e+05
3.000000e-02 5.541000e-01  5.037273e-01  1.000000e-01 3.072056e-03 8.000000e-04 2.123758e-12 4.767808e+01 1.648347e+02 3.106194e+02 5.624081e+03 9.636104e+04 1.739902e+04 5.728700e+04 5.266549e+05
3.000000e-02 5.541000e-01  5.037273e-01  1.000000e-01 3.153914e-03 8.000000e-04 2.123758e-12 5.016014e+01 1.677685e+02 3.139806e+02 5.944366e+03 1.026415e+05 1.833861e+04 6.038065e+04 5.550957e+05
3.000000e-02 5.541000e-01  5.037273e-01  1.000000e-01 3.237955e-03 8.000000e-04 2.123758e-12 5.310367e+01 1.676705e+02 3.185167e+02 6.314174e+03 1.074135e+05 1.932894e+04 6.364136e+04 5.850723e+05
3.000000e-02 5.541000e-01  5.037273e-01  1.000000e-01 3.324234e-03 8.000000e-04 2.123758e-12 5.751056e+01 1.702236e+02 3.269878e+02 6.609464e+03 1.138298e+05 2.037275e+04 6.707816e+04 6.166677e+05
3.000000e-02 5.541000e-01  5.037273e-01  1.000000e-01 3.412813e-03 8.000000e-04 2.123758e-12 6.201104e+01 1.726074e+02 3.324568e+02 6.920158e+03 1.202044e+05 2.147294e+04 7.070055e+04 6.499694e+05
3.000000e-02 5.541000e-01  5.037273e-01  1.000000e-01 3.503751e-03 8.000000e-04 2.123758e-12 6.396507e+01 1.730586e+02 3.362770e+02 7.397682e+03 1.257663e+05 2.263253e+04 7.451857e+04 6.850694e+05
3.000000e-02 5.541000e-01  5.037273e-01  1.000000e-01 3.597114e-03 8.000000e-04 2.123758e-12 7.177557e+01 1.749120e+02 3.461748e+02 7.799518e+03 1.337430e+05 2.385475e+04 7.854277e+04 7.220650e+05
3.000000e-02 5.541000e-01  5.037273e-01  1.000000e-01 3.692963e-03 8.000000e-04 2.123758e-12 7.365481e+01 1.761759e+02 3.506251e+02 8.172290e+03 1.405815e+05 2.514297e+04 8.278429e+04 7.610585e+05
3.000000e-02 5.541000e-01  5.037273e-01  1.000000e-01 3.791367e-03 8.000000e-04 2.123758e-12 7.785720e+01 1.770159e+02 3.563301e+02 8.627448e+03 1.472565e+05 2.650076e+04 8.725487e+04 8.021577e+05
3.000000e-02 5.541000e-01  5.037273e-01  1.000000e-01 3.892393e-03 8.000000e-04 2.123758e-12 8.299232e+01 1.816485e+02 3.669714e+02 9.098138e+03 1.560885e+05 2.793187e+04 9.196687e+04 8.454764e+05
3.000000e-02 5.541000e-01  5.037273e-01  1.000000e-01 3.996112e-03 8.000000e-04 2.123758e-12 8.516722e+01 1.805011e+02 3.695302e+02 9.550937e+03 1.640918e+05 2.944027e+04 9.693333e+04 8.911344e+05
3.000000e-02 5.541000e-01  5.037273e-01  1.000000e-01 4.102593e-03 8.000000e-04 2.123758e-12 9.151064e+01 1.842692e+02 3.823661e+02 1.000438e+04 1.728163e+05 3.103012e+04 1.021680e+05 9.392581e+05
3.000000e-02 5.541000e-01  5.037273e-01  1.000000e-01 4.211913e-03 8.000000e-04 2.123758e-12 9.841561e+01 1.853102e+02 3.849934e+02 1.062969e+04 1.818313e+05 3.270584e+04 1.076854e+05 9.899807e+05
3.000000e-02 5.541000e-01  5.037273e-01  1.000000e-01 4.324145e-03 8.000000e-04 2.123758e-12 1.030843e+02 1.860666e+02 3.970268e+02 1.111338e+04 1.914947e+05 3.447205e+04 1.135007e+05 1.043442e+06
3.000000e-02 5.541000e-01  5.037273e-01  1.000000e-01 4.439368e-03 8.000000e-04 2.123758e-12 1.080705e+02 1.889314e+02 4.034899e+02 1.173901e+04 2.022937e+05 3.633363e+04 1.196300e+05 1.099791e+06
3.000000e-02 5.541000e-01  5.037273e-01  1.000000e-01 4.557661e-03 8.000000e-04 2.123758e-12 1.157643e+02 1.892682e+02 4.160049e+02 1.237558e+04 2.135895e+05 3.829575e+04 1.260904e+05 1.159183e+06
3.000000e-02 5.541000e-01  5.037273e-01  1.000000e-01 4.679107e-03 8.000000e-04 2.123758e-12 1.219587e+02 1.907954e+02 4.193459e+02 1.301206e+04 2.256560e+05 4.036384e+04 1.328996e+05 1.221782e+06
3.000000e-02 5.541000e-01  5.037273e-01  1.000000e-01 4.803788e-03 8.000000e-04 2.123758e-12 1.249714e+02 1.946151e+02 4.297390e+02 1.392353e+04 2.368260e+05 4.254360e+04 1.400766e+05 1.287762e+06
3.000000e-02 5.541000e-01  5.037273e-01  1.000000e-01 4.931792e-03 8.000000e-04 2.123758e-12 1.307463e+02 1.954187e+02 4.404451e+02 1.449335e+04 2.489364e+05 4.484108e+04 1.476412e+05 1.357305e+06
3.000000e-02 5.541000e-01  5.037273e-01  1.000000e-01 5.063207e-03 8.000000e-04 2.123758e-12 1.389235e+02 1.965194e+02 4.533318e+02 1.543982e+04 2.644350e+05 4.726264e+04 1.556142e+05 1.430604e+06
3.000000e-02 5.541000e-01  5.037273e-01  1.000000e-01 5.198124e-03 8.000000e-04 2.123758e-12 1.461798e+02 1.987258e+02 4.615535e+02 1.602210e+04 2.773748e+05 4.981496e+04 1.640179e+05 1.507861e+06
3.000000e-02 5.541000e-01  5.037273e-01  1.000000e-01 5.336636e-03 8.000000e-04 2.123758e-12 1.501640e+02 2.008479e+02 4.673968e+02 1.708349e+04 2.922681e+05 5.250512e+04 1.728753e+05 1.589290e+06
3.000000e-02 5.541000e-01  5.037273e-01  1.000000e-01 5.478839e-03 8.000000e-04 2.123758e-12 1.567962e+02 2.006458e+02 4.751789e+02 1.797736e+04 3.080127e+05 5.534056e+04 1.822111e+05 1.675117e+06
3.000000e-02 5.541000e-01  5.037273e-01  1.000000e-01 5.624831e-03 8.000000e-04 2.123758e-12 1.613083e+02 2.020549e+02 4.848172e+02 1.880183e+04 3.228372e+05 5.832913e+04 1.920511e+05 1.765578e+06
3.000000e-02 5.541000e-01  5.037273e-01  1.000000e-01 5.774713e-03 8.000000e-04 2.123758e-12 1.672380e+02 2.026097e+02 4.887617e+02 1.997928e+04 3.441288e+05 6.147909e+04 2.024225e+05 1.860925e+06
3.000000e-02 5.541000e-01  5.037273e-01  1.000000e-01 5.928590e-03 8.000000e-04 2.123758e-12 1.721225e+02 2.050139e+02 5.000309e+02 2.101424e+04 3.614183e+05 6.479916e+04 2.133540e+05 1.961421e+06
3.000000e-02 5.541000e-01  5.037273e-01  1.000000e-01 6.086567e-03 8.000000e-04 2.123758e-12 1.803556e+02 2.093542e+02 5.150220e+02 2.214345e+04 3.801986e+05 6.829853e+04 2.248758e+05 2.067344e+06
3.000000e-02 5.541000e-01  5.037273e-01  1.000000e-01 6.248754e-03 8.000000e-04 2.123758e-12 1.845858e+02 2.116498e+02 5.313907e+02 2.333993e+04 4.001070e+05 7.198688e+04 2.370199e+05 2.178988e+06
3.000000e-02 5.541000e-01  5.037273e-01  1.000000e-01 6.415262e-03 8.000000e-04 2.123758e-12 1.846896e+02 2.104904e+02 5.221609e+02 2.446792e+04 4.225491e+05 7.587442e+04 2.498197e+05 2.296661e+06
3.000000e-02 5.541000e-01  5.037273e-01  1.000000e-01 6.586208e-03 8.000000e-04 2.123758e-12 1.919105e+02 2.153023e+02 5.346800e+02 2.587991e+04 4.462161e+05 7.997190e+04 2.633109e+05 2.420688e+06
3.000000e-02 5.541000e-01  5.037273e-01  1.000000e-01 6.761709e-03 8.000000e-04 2.123758e-12 1.958699e+02 2.173843e+02 5.408955e+02 2.748645e+04 4.703502e+05 8.429067e+04 2.775306e+05 2.551414e+06
3.000000e-02 5.541000e-01  5.037273e-01  1.000000e-01 6.941887e-03 8.000000e-04 2.123758e-12 2.065999e+02 2.189492e+02 5.616976e+02 2.861904e+04 4.944055e+05 8.884267e+04 2.925182e+05 2.689200e+06
3.000000e-02 5.541000e-01  5.037273e-01  1.000000e-01 7.126866e-03 8.000000e-04 2.123758e-12 2.042428e+02 2.192729e+02 5.572830e+02 3.030499e+04 5.227173e+05 9.364050e+04 3.083153e+05 2.834426e+06
3.000000e-02 5.541000e-01  5.037273e-01  1.000000e-01 7.316774e-03 8.000000e-04 2.123758e-12 2.061749e+02 2.198457e+02 5.602379e+02 3.200188e+04 5.500257e+05 9.869744e+04 3.249655e+05 2.987496e+06
3.000000e-02 5.541000e-01  5.037273e-01  1.000000e-01 7.511744e-03 8.000000e-04 2.123758e-12 2.111567e+02 2.197407e+02 5.646355e+02 3.368827e+04 5.791729e+05 1.040275e+05 3.425149e+05 3.148832e+06
3.000000e-02 5.541000e-01  5.037273e-01  1.000000e-01 7.711908e-03 8.000000e-04 2.123758e-12 2.131386e+02 2.227984e+02 5.667979e+02 3.553539e+04 6.095701e+05 1.096454e+05 3.610120e+05 3.318881e+06
3.000000e-02 5.541000e-01  5.037273e-01  1.000000e-01 7.917407e-03 8.000000e-04 2.123758e-12 2.111746e+02 2.266580e+02 5.648273e+02 3.743831e+04 6.440988e+05 1.155667e+05 3.805081e+05 3.498114e+06
3.000000e-02 5.541000e-01  5.037273e-01  1.000000e-01 8.128383e-03 8.000000e-04 2.123758e-12 2.184955e+02 2.274806e+02 5.757769e+02 3.947919e+04 6.807777e+05 1.218077e+05 4.010571e+05 3.687027e+06
3.000000e-02 5.541000e-01  5.037273e-01  1.000000e-01 8.344980e-03 8.000000e-04 2.123758e-12 2.273460e+02 2.314325e+02 5.991576e+02 4.141969e+04 7.202280e+05 1.283859e+05 4.227159e+05 3.886142e+06
3.000000e-02 5.541000e-01  5.037273e-01  1.000000e-01 8.567350e-03 8.000000e-04 2.123758e-12 2.237444e+02 2.294607e+02 5.904145e+02 4.401801e+04 7.545833e+05 1.353192e+05 4.455443e+05 4.096010e+06
3.000000e-02 5.541000e-01  5.037273e-01  1.000000e-01 8.795645e-03 8.000000e-04 2.123758e-12 2.297684e+02 2.359663e+02 6.035681e+02 4.589314e+04 7.959405e+05 1.426271e+05 4.696057e+05 4.317213e+06
3.000000e-02 5.541000e-01  5.037273e-01  1.000000e-01 9.030025e-03 8.000000e-04 2.123758e-12 2.338157e+02 2.331428e+02 6.033343e+02 4.882044e+04 8.330316e+05 1.503296e+05 4.949665e+05 4.550362e+06
3.000000e-02 5.541000e-01  5.037273e-01  1.000000e-01 9.270651e-03 8.000000e-04 2.123758e-12 2.377224e+02 2.305379e+02 6.067520e+02 5.105705e+04 8.810764e+05 1.584481e+05 5.216970e+05 4.796102e+06
3.000000e-02 5.541000e-01  5.037273e-01  1.000000e-01 9.517689e-03 8.000000e-04 2.123758e-12 2.328678e+02 2.455581e+02 6.094569e+02 5.366370e+04 9.318798e+05 1.670050e+05 5.498711e+05 5.055114e+06
3.000000e-02 5.541000e-01  5.037273e-01  1.000000e-01 9.771310e-03 8.000000e-04 2.123758e-12 2.444755e+02 2.409628e+02 6.252267e+02 5.745446e+04 9.797961e+05 1.760241e+05 5.795669e+05 5.328115e+06
3.000000e-02 5.541000e-01  5.037273e-01  1.000000e-01 1.003169e-02 8.000000e-04 2.123758e-12 2.400054e+02 2.443810e+02 6.191572e+02 5.985567e+04 1.032197e+06 1.855303e+05 6.108664e+05 5.615860e+06
3.000000e-02 5.541000e-01  5.037273e-01  1.000000e-01 1.029901e-02 8.000000e-04 2.123758e-12 2.384369e+02 2.391858e+02 6.069030e+02 6.358433e+04 1.091532e+06 1.955499e+05 6.438563e+05 5.919146e+06
3.000000e-02 5.541000e-01  5.037273e-01  1.000000e-01 1.057346e-02 8.000000e-04 2.123758e-12 2.431115e+02 2.478647e+02 6.230144e+02 6.704938e+04 1.148495e+06 2.061106e+05 6.786280e+05 6.238811e+06
3.000000e-02 5.541000e-01  5.037273e-01  1.000000e-01 1.085521e-02 8.000000e-04 2.123758e-12 2.443019e+02 2.515800e+02 6.275351e+02 7.039583e+04 1.214039e+06 2.172417e+05 7.152776e+05 6.575741e+06
3.000000e-02 5.541000e-01  5.037273e-01  1.000000e-01 1.114448e-02 8.000000e-04 2.123758e-12 2.401853e+02 2.554798e+02 6.090507e+02 7.439659e+04 1.278409e+06 2.289740e+05 7.539067e+05 6.930869e+06
3.000000e-02 5.541000e-01  5.037273e-01  1.000000e-01 1.144146e-02 8.000000e-04 2.123758e-12 2.441508e+02 2.509779e+02 6.107444e+02 7.829531e+04 1.344118e+06 2.413400e+05 7.946221e+05 7.305176e+06
3.000000e-02 5.541000e-01  5.037273e-01  1.000000e-01 1.174635e-02 8.000000e-04 2.123758e-12 2.453897e+02 2.578649e+02 6.271218e+02 8.284952e+04 1.413047e+06 2.543738e+05 8.375365e+05 7.699700e+06
3.000000e-02 5.541000e-01  5.037273e-01  1.000000e-01 1.205937e-02 8.000000e-04 2.123758e-12 2.474775e+02 2.459553e+02 6.121144e+02 8.725894e+04 1.492796e+06 2.681116e+05 8.827686e+05 8.115532e+06
3.000000e-02 5.541000e-01  5.037273e-01  1.000000e-01 1.238073e-02 8.000000e-04 2.123758e-12 2.461440e+02 2.496067e+02 6.049890e+02 9.100687e+04 1.579806e+06 2.825913e+05 9.304438e+05 8.553823e+06
3.000000e-02 5.541000e-01  5.037273e-01  1.000000e-01 1.271065e-02 8.000000e-04 2.123758e-12 2.564783e+02 2.797960e+02 6.632207e+02 9.631918e+04 1.661732e+06 2.978531e+05 9.806940e+05 9.015786e+06
3.000000e-02 5.541000e-01  5.037273e-01  1.000000e-01 1.304937e-02 8.000000e-04 2.123758e-12 2.512936e+02 2.545921e+02 6.204175e+02 1.015628e+05 1.752502e+06 3.139393e+05 1.033658e+06 9.502701e+06
3.000000e-02 5.541000e-01  5.037273e-01  1.000000e-01 1.339712e-02 8.000000e-04 2.123758e-12 2.540964e+02 2.614231e+02 6.267399e+02 1.065348e+05 1.845003e+06 3.308942e+05 1.089483e+06 1.001591e+07
3.000000e-02 5.541000e-01  5.037273e-01  1.000000e-01 1.375413e-02 8.000000e-04 2.123758e-12 2.483816e+02 2.750289e+02 6.185184e+02 1.134798e+05 1.950648e+06 3.487650e+05 1.148323e+06 1.055685e+07
3.000000e-02 5.541000e-01  5.037273e-01  1.000000e-01 1.412066e-02 8.000000e-04 2.123758e-12 2.512077e+02 2.918350e+02 6.469985e+02 1.192761e+05 2.050748e+06 3.676010e+05 1.210342e+06 1.112700e+07
3.000000e-02 5.541000e-01  5.037273e-01  1.000000e-01 1.449696e-02 8.000000e-04 2.123758e-12 2.511027e+02 2.757235e+02 6.159611e+02 1.257783e+05 2.155312e+06 3.874543e+05 1.275710e+06 1.172795e+07
3.000000e-02 5.541000e-01  5.037273e-01  1.000000e-01 1.488329e-02 8.000000e-04 2.123758e-12 2.567119e+02 3.000161e+02 6.706657e+02 1.326727e+05 2.270570e+06 4.083801e+05 1.344609e+06 1.236135e+07
3.000000e-02 5.541000e-01  5.037273e-01  1.000000e-01 1.527992e-02 8.000000e-04 2.123758e-12 2.554841e+02 2.605105e+02 6.010673e+02 1.389915e+05 2.406945e+06 4.304361e+05 1.417229e+06 1.302897e+07
3.000000e-02 5.541000e-01  5.037273e-01  1.000000e-01 1.568712e-02 8.000000e-04 2.123758e-12 2.565652e+02 2.873544e+02 6.292036e+02 1.466269e+05 2.530484e+06 4.536835e+05 1.493772e+06 1.373265e+07
3.000000e-02 5.541000e-01  5.037273e-01  1.000000e-01 1.610518e-02 8.000000e-04 2.123758e-12 2.590380e+02 3.023017e+02 6.493714e+02 1.543594e+05 2.677421e+06 4.781867e+05 1.574450e+06 1.447434e+07
3.000000e-02 5.541000e-01  5.037273e-01  1.000000e-01 1.653437e-02 8.000000e-04 2.123758e-12 2.546423e+02 2.954654e+02 6.301855e+02 1.633506e+05 2.821954e+06 5.040134e+05 1.659485e+06 1.525610e+07
3.000000e-02 5.541000e-01  5.037273e-01  1.000000e-01 1.697501e-02 8.000000e-04 2.123758e-12 2.646048e+02 2.833191e+02 6.281925e+02 1.723543e+05 2.965662e+06 5.312352e+05 1.749114e+06 1.608008e+07
3.000000e-02 5.541000e-01  5.037273e-01  1.000000e-01 1.742740e-02 8.000000e-04 2.123758e-12 2.649556e+02 2.921891e+02 6.361117e+02 1.821369e+05 3.111545e+06 5.599275e+05 1.843585e+06 1.694858e+07
3.000000e-02 5.541000e-01  5.037273e-01  1.000000e-01 1.789185e-02 8.000000e-04 2.123758e-12 2.646924e+02 2.932249e+02 6.391384e+02 1.912204e+05 3.283839e+06 5.901697e+05 1.943159e+06 1.786399e+07
3.000000e-02 5.541000e-01  5.037273e-01  1.000000e-01 1.836868e-02 8.000000e-04 2.123758e-12 2.662221e+02 2.947639e+02 6.342115e+02 2.016677e+05 3.479685e+06 6.220456e+05 2.048111e+06 1.882884e+07
3.000000e-02 5.541000e-01  5.037273e-01  1.000000e-01 1.885822e-02 8.000000e-04 2.123758e-12 2.674605e+02 3.123639e+02 6.545351e+02 2.114159e+05 3.663980e+06 6.556435e+05 2.158734e+06 1.984583e+07
3.000000e-02 5.541000e-01  5.037273e-01  1.000000e-01 1.936081e-02 8.000000e-04 2.123758e-12 2.685126e+02 3.368267e+02 6.883065e+02 2.243417e+05 3.845261e+06 6.910564e+05 2.275332e+06 2.091775e+07
3.000000e-02 5.541000e-01  5.037273e-01  1.000000e-01 1.987680e-02 8.000000e-04 2.123758e-12 2.703322e+02 3.270529e+02 6.573694e+02 2.379473e+05 4.064620e+06 7.283824e+05 2.398230e+06 2.204758e+07
3.000000e-02 5.541000e-01  5.037273e-01  1.000000e-01 2.040655e-02 8.000000e-04 2.123758e-12 2.704806e+02 3.452994e+02 6.918285e+02 2.486620e+05 4.285407e+06 7.677249e+05 2.527767e+06 2.323845e+07
3.000000e-02 5.541000e-01  5.037273e-01  1.000000e-01 2.095042e-02 8.000000e-04 2.123758e-12 2.698563e+02 3.510631e+02 6.915831e+02 2.630781e+05 4.545098e+06 8.091929e+05 2.664302e+06 2.449365e+07
3.000000e-02 5.541000e-01  5.037273e-01  1.000000e-01 2.150880e-02 8.000000e-04 2.123758e-12 2.763235e+02 3.261552e+02 6.642046e+02 2.751631e+05 4.764160e+06 8.529013e+05 2.808214e+06 2.581667e+07
3.000000e-02 5.541000e-01  5.037273e-01  1.000000e-01 2.208206e-02 8.000000e-04 2.123758e-12 2.783219e+02 3.104636e+02 6.379559e+02 2.924607e+05 5.013519e+06 8.989712e+05 2.959901e+06 2.721117e+07
3.000000e-02 5.541000e-01  5.037273e-01  1.000000e-01 2.267061e-02 8.000000e-04 2.123758e-12 2.775130e+02 3.606215e+02 7.073890e+02 3.060093e+05 5.268373e+06 9.475302e+05 3.119783e+06 2.868101e+07
3.000000e-02 5.541000e-01  5.037273e-01  1.000000e-01 2.327486e-02 8.000000e-04 2.123758e-12 2.773895e+02 2.927345e+02 6.165687e+02 3.240942e+05 5.552580e+06 9.987129e+05 3.288304e+06 3.023027e+07
3.000000e-02 5.541000e-01  5.037273e-01  1.000000e-01 2.389522e-02 8.000000e-04 2.123758e-12 2.805759e+02 3.516734e+02 6.948124e+02 3.408882e+05 5.884630e+06 1.052661e+06 3.465931e+06 3.186325e+07
3.000000e-02 5.541000e-01  5.037273e-01  1.000000e-01 2.453212e-02 8.000000e-04 2.123758e-12 2.820703e+02 3.356955e+02 6.648172e+02 3.604442e+05 6.202778e+06 1.109524e+06 3.653156e+06 3.358445e+07
3.000000e-02 5.541000e-01  5.037273e-01  1.000000e-01 2.518601e-02 8.000000e-04 2.123758e-12 2.851081e+02 3.888870e+02 7.494778e+02 3.795674e+05 6.500682e+06 1.169460e+06 3.850497e+06 3.539866e+07
3.000000e-02 5.541000e-01  5.037273e-01  1.000000e-01 2.585735e-02 8.000000e-04 2.123758e-12 2.856595e+02 3.397890e+02 6.733690e+02 3.968570e+05 6.878238e+06 1.232635e+06 4.058502e+06 3.731091e+07
3.000000e-02 5.541000e-01  5.037273e-01  1.000000e-01 2.654658e-02 8.000000e-04 2.123758e-12 2.834444e+02 3.276682e+02 6.499829e+02 4.194528e+05 7.265969e+06 1.299223e+06 4.277748e+06 3.932650e+07
3.000000e-02 5.541000e-01  5.037273e-01  1.000000e-01 2.725421e-02 8.000000e-04 2.123758e-12 2.880908e+02 3.858022e+02 7.310618e+02 4.422227e+05 7.619536e+06 1.369411e+06 4.508842e+06 4.145101e+07
3.000000e-02 5.541000e-01  5.037273e-01  1.000000e-01 2.798071e-02 8.000000e-04 2.123758e-12 2.921254e+02 3.174062e+02 6.451814e+02 4.670426e+05 8.020188e+06 1.443391e+06 4.752425e+06 4.369034e+07
3.000000e-02 5.541000e-01  5.037273e-01  1.000000e-01 2.872659e-02 8.000000e-04 2.123758e-12 2.906232e+02 3.190200e+02 6.420623e+02 4.946863e+05 8.451175e+06 1.521369e+06 5.009173e+06 4.605069e+07
3.000000e-02 5.541000e-01  5.037273e-01  1.000000e-01 2.949237e-02 8.000000e-04 2.123758e-12 2.943392e+02 3.531464e+02 6.885858e+02 5.258344e+05 8.944625e+06 1.603563e+06 5.279798e+06 4.853861e+07
3.000000e-02 5.541000e-01  5.037273e-01  1.000000e-01 3.027858e-02 8.000000e-04 2.123758e-12 2.957292e+02 3.390476e+02 6.704249e+02 5.450696e+05 9.396565e+06 1.690198e+06 5.565050e+06 5.116101e+07
3.000000e-02 5.541000e-01  5.037273e-01  1.000000e-01 3.108578e-02 8.000000e-04 2.123758e-12 2.998047e+02 3.917483e+02 7.505073e+02 5.759391e+05 9.920895e+06 1.781517e+06 5.865721e+06 5.392516e+07
3.000000e-02 5.541000e-01  5.037273e-01  1.000000e-01 3.191451e-02 8.000000e-04 2.123758e-12 3.015000e+02 3.607225e+02 6.963899e+02 6.056577e+05 1.045046e+07 1.877772e+06 6.182644e+06 5.683873e+07
3.000000e-02 5.541000e-01  5.037273e-01  1.000000e-01 3.276536e-02 8.000000e-04 2.123758e-12 2.988165e+02 3.804065e+02 7.296152e+02 6.425122e+05 1.101648e+07 1.979231e+06 6.516701e+06 5.990980e+07
3.000000e-02 5.541000e-01  5.037273e-01  1.000000e-01 3.363892e-02 8.000000e-04 2.123758e-12 3.043954e+02 4.345760e+02 8.270913e+02 6.760873e+05 1.162556e+07 2.086174e+06 6.868817e+06 6.314690e+07
3.000000e-02 5.541000e-01  5.037273e-01  1.000000e-01 3.453579e-02 8.000000e-04 2.123758e-12 2.991255e+02 4.275677e+02 7.972927e+02 7.086889e+05 1.226719e+07 2.198900e+06 7.239970e+06 6.655901e+07
3.000000e-02 5.541000e-01  5.037273e-01  1.000000e-01 3.545661e-02 8.000000e-04 2.123758e-12 3.089326e+02 3.590119e+02 7.035288e+02 7.488048e+05 1.295468e+07 2.317720e+06 7.631191e+06 7.015561e+07
3.000000e-02 5.541000e-01  5.037273e-01  1.000000e-01 3.640201e-02 8.000000e-04 2.123758e-12 3.038524e+02 3.870607e+02 7.395375e+02 7.877318e+05 1.356196e+07 2.442965e+06 8.043566e+06 7.394668e+07
3.000000e-02 5.541000e-01  5.037273e-01  1.000000e-01 3.737265e-02 8.000000e-04 2.123758e-12 3.119913e+02 4.373432e+02 8.182421e+02 8.366290e+05 1.436772e+07 2.574983e+06 8.478240e+06 7.794276e+07
3.000000e-02 5.541000e-01  5.037273e-01  1.000000e-01 3.836921e-02 8.000000e-04 2.123758e-12 3.107167e+02 4.318995e+02 8.161200e+02 8.816299e+05 1.515975e+07 2.714140e+06 8.936422e+06 8.215495e+07
3.000000e-02 5.541000e-01  5.037273e-01  1.000000e-01 3.939239e-02 8.000000e-04 2.123758e-12 3.095974e+02 3.980745e+02 7.622200e+02 9.308853e+05 1.592792e+07 2.860824e+06 9.419384e+06 8.659495e+07
3.000000e-02 5.541000e-01  5.037273e-01  1.000000e-01 4.044289e-02 8.000000e-04 2.123758e-12 3.076753e+02 3.789101e+02 7.273124e+02 9.745089e+05 1.677885e+07 3.015441e+06 9.928468e+06 9.127510e+07
3.000000e-02 5.541000e-01  5.037273e-01  1.000000e-01 4.152145e-02 8.000000e-04 2.123758e-12 3.149726e+02 4.126492e+02 7.808136e+02 1.024510e+06 1.760134e+07 3.178423e+06 1.046509e+07 9.620842e+07
3.000000e-02 5.541000e-01  5.037273e-01  1.000000e-01 4.262883e-02 8.000000e-04 2.123758e-12 3.031242e+02 3.875466e+02 7.398613e+02 1.087236e+06 1.869589e+07 3.350221e+06 1.103074e+07 1.014086e+08
3.000000e-02 5.541000e-01  5.037273e-01  1.000000e-01 4.376580e-02 8.000000e-04 2.123758e-12 3.172719e+02 4.444075e+02 8.379999e+02 1.149212e+06 1.975091e+07 3.531314e+06 1.162700e+07 1.068902e+08
3.000000e-02 5.541000e-01  5.037273e-01  1.000000e-01 4.493315e-02 8.000000e-04 2.123758e-12 3.148686e+02 4.371393e+02 8.293864e+02 1.204525e+06 2.075727e+07 3.722205e+06 1.225552e+07 1.126683e+08
3.000000e-02 5.541000e-01  5.037273e-01  1.000000e-01 4.613170e-02 8.000000e-04 2.123758e-12 3.110019e+02 4.575607e+02 8.548259e+02 1.274942e+06 2.177685e+07 3.923427e+06 1.291805e+07 1.187591e+08
3.000000e-02 5.541000e-01  5.037273e-01  1.000000e-01 4.736230e-02 8.000000e-04 2.123758e-12 3.210350e+02 4.731828e+02 8.909762e+02 1.330845e+06 2.304581e+07 4.135538e+06 1.361644e+07 1.251796e+08
