3.000000e-02 2.894000e-02  2.630909e-02  1.000000e-01 2.000000e-06 8.000000e-04 6.021652e+03 3.180150e+01 2.288743e+01 6.923220e+01 1.400901e-02 6.034881e-03 1.052007e-01 1.445825e+00 4.324175e+00
3.000000e-02 2.894000e-02  2.630909e-02  1.000000e-01 2.053292e-06 8.000000e-04 6.021652e+03 3.180147e+01 2.288739e+01 6.923213e+01 1.390805e-02 6.277305e-03 1.108818e-01 1.523903e+00 4.557690e+00
3.000000e-02 2.894000e-02  2.630909e-02  1.000000e-01 2.108005e-06 8.000000e-04 6.021652e+03 3.180137e+01 2.288739e+01 6.923198e+01 1.605214e-02 6.614970e-03 1.168697e-01 1.606197e+00 4.803816e+00
3.000000e-02 2.894000e-02  2.630909e-02  1.000000e-01 2.164175e-06 8.000000e-04 6.021652e+03 3.180140e+01 2.288733e+01 6.923199e+01 1.656577e-02 7.065668e-03 1.231809e-01 1.692936e+00 5.063233e+00
3.000000e-02 2.894000e-02  2.630909e-02  1.000000e-01 2.221842e-06 8.000000e-04 6.021652e+03 3.180134e+01 2.288730e+01 6.923185e+01 1.749663e-02 7.409396e-03 1.298330e-01 1.784358e+00 5.336659e+00
3.000000e-02 2.894000e-02  2.630909e-02  1.000000e-01 2.281045e-06 8.000000e-04 6.021652e+03 3.180136e+01 2.288724e+01 6.923189e+01 1.846584e-02 7.833857e-03 1.368443e-01 1.880718e+00 5.624851e+00
3.000000e-02 2.894000e-02  2.630909e-02  1.000000e-01 2.341826e-06 8.000000e-04 6.021652e+03 3.180127e+01 2.288721e+01 6.923168e+01 1.916001e-02 8.259123e-03 1.442342e-01 1.982281e+00 5.928606e+00
3.000000e-02 2.894000e-02  2.630909e-02  1.000000e-01 2.404227e-06 8.000000e-04 6.021652e+03 3.180122e+01 2.288716e+01 6.923156e+01 1.908755e-02 8.669404e-03 1.520231e-01 2.089329e+00 6.248765e+00
3.000000e-02 2.894000e-02  2.630909e-02  1.000000e-01 2.468290e-06 8.000000e-04 6.021652e+03 3.180121e+01 2.288712e+01 6.923151e+01 2.075330e-02 9.226093e-03 1.602327e-01 2.202157e+00 6.586213e+00
3.000000e-02 2.894000e-02  2.630909e-02  1.000000e-01 2.534061e-06 8.000000e-04 6.021652e+03 3.180115e+01 2.288707e+01 6.923139e+01 2.257469e-02 9.611619e-03 1.688857e-01 2.321079e+00 6.941883e+00
3.000000e-02 2.894000e-02  2.630909e-02  1.000000e-01 2.601584e-06 8.000000e-04 6.021652e+03 3.180114e+01 2.288704e+01 6.923138e+01 2.359404e-02 1.007074e-02 1.780059e-01 2.446422e+00 7.316761e+00
3.000000e-02 2.894000e-02  2.630909e-02  1.000000e-01 2.670906e-06 8.000000e-04 6.021652e+03 3.180116e+01 2.288694e+01 6.923139e+01 2.453464e-02 1.067803e-02 1.876186e-01 2.578535e+00 7.711883e+00
3.000000e-02 2.894000e-02  2.630909e-02  1.000000e-01 2.742075e-06 8.000000e-04 6.021652e+03 3.180113e+01 2.288694e+01 6.923131e+01 2.499268e-02 1.126093e-02 1.977505e-01 2.717782e+00 8.128343e+00
3.000000e-02 2.894000e-02  2.630909e-02  1.000000e-01 2.815141e-06 8.000000e-04 6.021652e+03 3.180099e+01 2.288688e+01 6.923106e+01 2.818507e-02 1.191758e-02 2.084294e-01 2.864548e+00 8.567292e+00
3.000000e-02 2.894000e-02  2.630909e-02  1.000000e-01 2.890154e-06 8.000000e-04 6.021652e+03 3.180092e+01 2.288676e+01 6.923088e+01 2.972700e-02 1.266387e-02 2.196851e-01 3.019240e+00 9.029945e+00
3.000000e-02 2.894000e-02  2.630909e-02  1.000000e-01 2.967165e-06 8.000000e-04 6.021652e+03 3.180092e+01 2.288675e+01 6.923087e+01 2.886314e-02 1.340762e-02 2.315486e-01 3.182286e+00 9.517583e+00
3.000000e-02 2.894000e-02  2.630909e-02  1.000000e-01 3.046229e-06 8.000000e-04 6.021652e+03 3.180096e+01 2.288668e+01 6.923087e+01 3.238512e-02 1.400529e-02 2.440528e-01 3.354137e+00 1.003155e+01
3.000000e-02 2.894000e-02  2.630909e-02  1.000000e-01 3.127399e-06 8.000000e-04 6.021652e+03 3.180072e+01 2.288664e+01 6.923040e+01 3.368941e-02 1.477982e-02 2.572322e-01 3.535268e+00 1.057328e+01
3.000000e-02 2.894000e-02  2.630909e-02  1.000000e-01 3.210732e-06 8.000000e-04 6.021652e+03 3.180062e+01 2.288653e+01 6.923015e+01 3.580723e-02 1.552707e-02 2.711233e-01 3.726181e+00 1.114426e+01
3.000000e-02 2.894000e-02  2.630909e-02  1.000000e-01 3.296286e-06 8.000000e-04 6.021652e+03 3.180041e+01 2.288635e+01 6.922977e+01 3.870182e-02 1.657736e-02 2.857646e-01 3.927403e+00 1.174608e+01
3.000000e-02 2.894000e-02  2.630909e-02  1.000000e-01 3.384119e-06 8.000000e-04 6.021652e+03 3.180062e+01 2.288631e+01 6.923010e+01 3.905902e-02 1.733720e-02 3.011966e-01 4.139492e+00 1.238040e+01
3.000000e-02 2.894000e-02  2.630909e-02  1.000000e-01 3.474293e-06 8.000000e-04 6.021652e+03 3.180038e+01 2.288630e+01 6.922962e+01 4.099579e-02 1.813599e-02 3.174619e-01 4.363034e+00 1.304896e+01
3.000000e-02 2.894000e-02  2.630909e-02  1.000000e-01 3.566869e-06 8.000000e-04 6.021652e+03 3.180046e+01 2.288611e+01 6.922976e+01 4.249585e-02 1.947952e-02 3.346056e-01 4.598648e+00 1.375364e+01
3.000000e-02 2.894000e-02  2.630909e-02  1.000000e-01 3.661913e-06 8.000000e-04 6.021652e+03 3.180035e+01 2.288604e+01 6.922951e+01 4.606667e-02 2.027482e-02 3.526750e-01 4.846986e+00 1.449637e+01
3.000000e-02 2.894000e-02  2.630909e-02  1.000000e-01 3.759488e-06 8.000000e-04 6.021652e+03 3.180025e+01 2.288589e+01 6.922933e+01 4.687190e-02 2.144523e-02 3.717203e-01 5.108734e+00 1.527920e+01
3.000000e-02 2.894000e-02  2.630909e-02  1.000000e-01 3.859664e-06 8.000000e-04 6.021652e+03 3.180003e+01 2.288585e+01 6.922885e+01 5.179411e-02 2.270471e-02 3.917940e-01 5.384618e+00 1.610432e+01
3.000000e-02 2.894000e-02  2.630909e-02  1.000000e-01 3.962510e-06 8.000000e-04 6.021652e+03 3.180033e+01 2.288572e+01 6.922936e+01 5.180992e-02 2.372332e-02 4.129518e-01 5.675400e+00 1.697399e+01
3.000000e-02 2.894000e-02  2.630909e-02  1.000000e-01 4.068095e-06 8.000000e-04 6.021652e+03 3.179962e+01 2.288568e+01 6.922803e+01 5.906167e-02 2.478719e-02 4.352522e-01 5.981884e+00 1.789062e+01
3.000000e-02 2.894000e-02  2.630909e-02  1.000000e-01 4.176494e-06 8.000000e-04 6.021652e+03 3.179993e+01 2.288557e+01 6.922855e+01 5.950235e-02 2.637353e-02 4.587568e-01 6.304920e+00 1.885676e+01
3.000000e-02 2.894000e-02  2.630909e-02  1.000000e-01 4.287782e-06 8.000000e-04 6.021652e+03 3.179972e+01 2.288532e+01 6.922806e+01 6.138192e-02 2.744587e-02 4.835307e-01 6.645400e+00 1.987507e+01
3.000000e-02 2.894000e-02  2.630909e-02  1.000000e-01 4.402035e-06 8.000000e-04 6.021652e+03 3.179941e+01 2.288519e+01 6.922746e+01 6.527282e-02 2.900459e-02 5.096425e-01 7.004267e+00 2.094837e+01
3.000000e-02 2.894000e-02  2.630909e-02  1.000000e-01 4.519332e-06 8.000000e-04 6.021652e+03 3.179919e+01 2.288513e+01 6.922698e+01 7.156515e-02 3.095940e-02 5.371644e-01 7.382514e+00 2.207963e+01
3.000000e-02 2.894000e-02  2.630909e-02  1.000000e-01 4.639755e-06 8.000000e-04 6.021652e+03 3.179898e+01 2.288489e+01 6.922650e+01 7.604411e-02 3.225605e-02 5.661725e-01 7.781186e+00 2.327198e+01
3.000000e-02 2.894000e-02  2.630909e-02  1.000000e-01 4.763386e-06 8.000000e-04 6.021652e+03 3.179925e+01 2.288464e+01 6.922702e+01 7.550759e-02 3.453378e-02 5.967471e-01 8.201389e+00 2.452872e+01
3.000000e-02 2.894000e-02  2.630909e-02  1.000000e-01 4.890312e-06 8.000000e-04 6.021652e+03 3.179857e+01 2.288450e+01 6.922549e+01 8.545406e-02 3.603162e-02 6.289729e-01 8.644282e+00 2.585332e+01
3.000000e-02 2.894000e-02  2.630909e-02  1.000000e-01 5.020620e-06 8.000000e-04 6.021652e+03 3.179893e+01 2.288443e+01 6.922624e+01 8.718498e-02 3.826270e-02 6.629388e-01 9.111094e+00 2.724946e+01
3.000000e-02 2.894000e-02  2.630909e-02  1.000000e-01 5.154400e-06 8.000000e-04 6.021652e+03 3.179825e+01 2.288404e+01 6.922483e+01 9.127814e-02 3.973255e-02 6.987391e-01 9.603114e+00 2.872100e+01
3.000000e-02 2.894000e-02  2.630909e-02  1.000000e-01 5.291745e-06 8.000000e-04 6.021652e+03 3.179846e+01 2.288406e+01 6.922520e+01 9.495419e-02 4.150849e-02 7.364726e-01 1.012170e+01 3.027200e+01
3.000000e-02 2.894000e-02  2.630909e-02  1.000000e-01 5.432750e-06 8.000000e-04 6.021652e+03 3.179841e+01 2.288374e+01 6.922504e+01 1.032302e-01 4.489099e-02 7.762438e-01 1.066830e+01 3.190676e+01
3.000000e-02 2.894000e-02  2.630909e-02  1.000000e-01 5.577512e-06 8.000000e-04 6.021652e+03 3.179791e+01 2.288347e+01 6.922406e+01 1.081590e-01 4.685373e-02 8.181628e-01 1.124441e+01 3.362979e+01
3.000000e-02 2.894000e-02  2.630909e-02  1.000000e-01 5.726131e-06 8.000000e-04 6.021652e+03 3.179749e+01 2.288334e+01 6.922330e+01 1.142064e-01 4.891020e-02 8.623455e-01 1.185164e+01 3.544588e+01
3.000000e-02 2.894000e-02  2.630909e-02  1.000000e-01 5.878710e-06 8.000000e-04 6.021652e+03 3.179724e+01 2.288289e+01 6.922245e+01 1.208398e-01 5.254461e-02 9.089141e-01 1.249165e+01 3.736004e+01
3.000000e-02 2.894000e-02  2.630909e-02  1.000000e-01 6.035355e-06 8.000000e-04 6.021652e+03 3.179673e+01 2.288265e+01 6.922129e+01 1.245112e-01 5.512101e-02 9.579976e-01 1.316623e+01 3.937757e+01
3.000000e-02 2.894000e-02  2.630909e-02  1.000000e-01 6.196174e-06 8.000000e-04 6.021652e+03 3.179673e+01 2.288245e+01 6.922130e+01 1.346428e-01 5.792382e-02 1.009732e+00 1.387724e+01 4.150405e+01
3.000000e-02 2.894000e-02  2.630909e-02  1.000000e-01 6.361278e-06 8.000000e-04 6.021652e+03 3.179635e+01 2.288228e+01 6.922045e+01 1.436165e-01 5.953721e-02 1.064259e+00 1.462664e+01 4.374536e+01
3.000000e-02 2.894000e-02  2.630909e-02  1.000000e-01 6.530782e-06 8.000000e-04 6.021652e+03 3.179671e+01 2.288178e+01 6.922116e+01 1.400167e-01 6.345076e-02 1.121732e+00 1.541651e+01 4.610771e+01
3.000000e-02 2.894000e-02  2.630909e-02  1.000000e-01 6.704802e-06 8.000000e-04 6.021652e+03 3.179589e+01 2.288134e+01 6.921939e+01 1.528403e-01 6.834599e-02 1.182308e+00 1.624904e+01 4.859764e+01
3.000000e-02 2.894000e-02  2.630909e-02  1.000000e-01 6.883459e-06 8.000000e-04 6.021652e+03 3.179573e+01 2.288115e+01 6.921911e+01 1.656841e-01 7.135639e-02 1.246155e+00 1.712653e+01 5.122202e+01
3.000000e-02 2.894000e-02  2.630909e-02  1.000000e-01 7.066877e-06 8.000000e-04 6.021652e+03 3.179570e+01 2.288082e+01 6.921881e+01 1.723473e-01 7.429239e-02 1.313451e+00 1.805140e+01 5.398813e+01
3.000000e-02 2.894000e-02  2.630909e-02  1.000000e-01 7.255182e-06 8.000000e-04 6.021652e+03 3.179556e+01 2.288042e+01 6.921828e+01 1.780432e-01 7.892094e-02 1.384380e+00 1.902621e+01 5.690361e+01
3.000000e-02 2.894000e-02  2.630909e-02  1.000000e-01 7.448504e-06 8.000000e-04 6.021652e+03 3.179506e+01 2.288005e+01 6.921753e+01 1.872177e-01 8.367284e-02 1.459140e+00 2.005367e+01 5.997654e+01
3.000000e-02 2.894000e-02  2.630909e-02  1.000000e-01 7.646978e-06 8.000000e-04 6.021652e+03 3.179479e+01 2.287902e+01 6.921656e+01 1.985257e-01 8.837584e-02 1.537937e+00 2.113662e+01 6.321541e+01
3.000000e-02 2.894000e-02  2.630909e-02  1.000000e-01 7.850741e-06 8.000000e-04 6.021652e+03 3.179318e+01 2.287928e+01 6.921370e+01 2.189922e-01 9.225857e-02 1.620989e+00 2.227805e+01 6.662919e+01
3.000000e-02 2.894000e-02  2.630909e-02  1.000000e-01 8.059933e-06 8.000000e-04 6.021652e+03 3.179404e+01 2.287857e+01 6.921495e+01 2.176745e-01 9.481054e-02 1.708526e+00 2.348111e+01 7.022732e+01
3.000000e-02 2.894000e-02  2.630909e-02  1.000000e-01 8.274699e-06 8.000000e-04 6.021652e+03 3.179278e+01 2.287772e+01 6.921209e+01 2.349383e-01 1.028002e-01 1.800790e+00 2.474915e+01 7.401976e+01
3.000000e-02 2.894000e-02  2.630909e-02  1.000000e-01 8.495188e-06 8.000000e-04 6.021652e+03 3.179324e+01 2.287719e+01 6.921291e+01 2.405133e-01 1.082277e-01 1.898037e+00 2.608566e+01 7.801699e+01
3.000000e-02 2.894000e-02  2.630909e-02  1.000000e-01 8.721552e-06 8.000000e-04 6.021652e+03 3.179093e+01 2.287673e+01 6.920808e+01 2.703221e-01 1.139260e-01 2.000536e+00 2.749434e+01 8.223009e+01
3.000000e-02 2.894000e-02  2.630909e-02  1.000000e-01 8.953948e-06 8.000000e-04 6.021652e+03 3.179102e+01 2.287672e+01 6.920827e+01 2.767864e-01 1.201179e-01 2.108569e+00 2.897910e+01 8.667071e+01
3.000000e-02 2.894000e-02  2.630909e-02  1.000000e-01 9.192536e-06 8.000000e-04 6.021652e+03 3.179042e+01 2.287488e+01 6.920684e+01 3.009787e-01 1.284470e-01 2.222437e+00 3.054404e+01 9.135113e+01
3.000000e-02 2.894000e-02  2.630909e-02  1.000000e-01 9.437481e-06 8.000000e-04 6.021652e+03 3.178948e+01 2.287499e+01 6.920492e+01 3.097746e-01 1.331400e-01 2.342454e+00 3.219349e+01 9.628430e+01
3.000000e-02 2.894000e-02  2.630909e-02  1.000000e-01 9.688954e-06 8.000000e-04 6.021652e+03 3.178967e+01 2.287424e+01 6.920490e+01 3.237304e-01 1.402010e-01 2.468951e+00 3.393201e+01 1.014839e+02
3.000000e-02 2.894000e-02  2.630909e-02  1.000000e-01 9.947127e-06 8.000000e-04 6.021652e+03 3.178891e+01 2.287345e+01 6.920331e+01 3.448048e-01 1.493625e-01 2.602281e+00 3.576442e+01 1.069642e+02
3.000000e-02 2.894000e-02  2.630909e-02  1.000000e-01 1.021218e-05 8.000000e-04 6.021652e+03 3.178885e+01 2.287278e+01 6.920317e+01 3.784141e-01 1.551550e-01 2.742810e+00 3.769578e+01 1.127406e+02
3.000000e-02 2.894000e-02  2.630909e-02  1.000000e-01 1.048430e-05 8.000000e-04 6.021652e+03 3.178742e+01 2.287202e+01 6.920015e+01 3.848793e-01 1.628231e-01 2.890928e+00 3.973144e+01 1.188288e+02
3.000000e-02 2.894000e-02  2.630909e-02  1.000000e-01 1.076366e-05 8.000000e-04 6.021652e+03 3.178728e+01 2.287080e+01 6.920007e+01 3.844918e-01 1.748928e-01 3.047045e+00 4.187703e+01 1.252458e+02
3.000000e-02 2.894000e-02  2.630909e-02  1.000000e-01 1.105047e-05 8.000000e-04 6.021652e+03 3.178600e+01 2.287072e+01 6.919637e+01 4.264821e-01 1.858149e-01 3.211592e+00 4.413848e+01 1.320094e+02
3.000000e-02 2.894000e-02  2.630909e-02  1.000000e-01 1.134492e-05 8.000000e-04 6.021652e+03 3.178609e+01 2.286849e+01 6.919650e+01 4.457089e-01 1.932146e-01 3.385025e+00 4.652206e+01 1.391382e+02
3.000000e-02 2.894000e-02  2.630909e-02  1.000000e-01 1.164722e-05 8.000000e-04 6.021652e+03 3.178241e+01 2.286878e+01 6.918886e+01 4.699704e-01 2.018452e-01 3.567825e+00 4.903436e+01 1.466520e+02
3.000000e-02 2.894000e-02  2.630909e-02  1.000000e-01 1.195758e-05 8.000000e-04 6.021652e+03 3.178488e+01 2.286707e+01 6.919330e+01 4.791503e-01 2.135149e-01 3.760495e+00 5.168233e+01 1.545715e+02
3.000000e-02 2.894000e-02  2.630909e-02  1.000000e-01 1.227620e-05 8.000000e-04 6.021652e+03 3.178104e+01 2.286613e+01 6.918599e+01 5.207478e-01 2.254594e-01 3.963571e+00 5.447330e+01 1.629188e+02
3.000000e-02 2.894000e-02  2.630909e-02  1.000000e-01 1.260331e-05 8.000000e-04 6.021652e+03 3.178091e+01 2.286372e+01 6.918439e+01 5.434613e-01 2.378164e-01 4.177613e+00 5.741498e+01 1.717167e+02
3.000000e-02 2.894000e-02  2.630909e-02  1.000000e-01 1.293914e-05 8.000000e-04 6.021652e+03 3.178056e+01 2.286350e+01 6.918466e+01 5.608978e-01 2.542136e-01 4.403213e+00 6.051552e+01 1.809899e+02
3.000000e-02 2.894000e-02  2.630909e-02  1.000000e-01 1.328392e-05 8.000000e-04 6.021652e+03 3.178000e+01 2.286239e+01 6.918186e+01 5.984941e-01 2.638847e-01 4.640997e+00 6.378350e+01 1.907637e+02
3.000000e-02 2.894000e-02  2.630909e-02  1.000000e-01 1.363789e-05 8.000000e-04 6.021652e+03 3.177554e+01 2.286085e+01 6.917272e+01 6.456040e-01 2.831511e-01 4.891622e+00 6.722796e+01 2.010654e+02
3.000000e-02 2.894000e-02  2.630909e-02  1.000000e-01 1.400128e-05 8.000000e-04 6.021652e+03 3.177567e+01 2.285907e+01 6.917217e+01 6.681296e-01 2.963478e-01 5.155781e+00 7.085842e+01 2.119234e+02
3.000000e-02 2.894000e-02  2.630909e-02  1.000000e-01 1.437436e-05 8.000000e-04 6.021652e+03 3.177298e+01 2.285876e+01 6.916785e+01 7.402819e-01 3.130799e-01 5.434205e+00 7.468494e+01 2.233678e+02
3.000000e-02 2.894000e-02  2.630909e-02  1.000000e-01 1.475738e-05 8.000000e-04 6.021652e+03 3.177122e+01 2.285518e+01 6.916618e+01 7.427484e-01 3.288697e-01 5.727664e+00 7.871810e+01 2.354301e+02
3.000000e-02 2.894000e-02  2.630909e-02  1.000000e-01 1.515061e-05 8.000000e-04 6.021652e+03 3.176862e+01 2.285499e+01 6.915640e+01 7.867607e-01 3.462227e-01 6.036971e+00 8.296906e+01 2.481439e+02
3.000000e-02 2.894000e-02  2.630909e-02  1.000000e-01 1.555432e-05 8.000000e-04 6.021652e+03 3.176775e+01 2.285414e+01 6.915580e+01 8.519775e-01 3.630328e-01 6.362982e+00 8.744958e+01 2.615442e+02
3.000000e-02 2.894000e-02  2.630909e-02  1.000000e-01 1.596878e-05 8.000000e-04 6.021652e+03 3.176937e+01 2.285053e+01 6.915763e+01 8.421956e-01 3.902641e-01 6.706598e+00 9.217206e+01 2.756682e+02
3.000000e-02 2.894000e-02  2.630909e-02  1.000000e-01 1.639429e-05 8.000000e-04 6.021652e+03 3.176566e+01 2.285001e+01 6.915121e+01 9.360026e-01 4.065563e-01 7.068769e+00 9.714956e+01 2.905550e+02
3.000000e-02 2.894000e-02  2.630909e-02  1.000000e-01 1.683113e-05 8.000000e-04 6.021652e+03 3.176956e+01 2.284591e+01 6.915721e+01 9.267921e-01 4.248820e-01 7.450499e+00 1.023959e+02 3.062456e+02
3.000000e-02 2.894000e-02  2.630909e-02  1.000000e-01 1.727962e-05 8.000000e-04 6.021652e+03 3.176409e+01 2.284441e+01 6.914480e+01 9.897256e-01 4.478523e-01 7.852843e+00 1.079255e+02 3.227836e+02
3.000000e-02 2.894000e-02  2.630909e-02  1.000000e-01 1.774005e-05 8.000000e-04 6.021652e+03 3.175913e+01 2.284331e+01 6.913603e+01 1.063323e+00 4.710649e-01 8.276915e+00 1.137537e+02 3.402146e+02
3.000000e-02 2.894000e-02  2.630909e-02  1.000000e-01 1.821276e-05 8.000000e-04 6.021652e+03 3.175241e+01 2.283999e+01 6.912185e+01 1.188983e+00 4.964210e-01 8.723888e+00 1.198967e+02 3.585870e+02
3.000000e-02 2.894000e-02  2.630909e-02  1.000000e-01 1.869805e-05 8.000000e-04 6.021652e+03 3.175187e+01 2.283589e+01 6.911780e+01 1.298033e+00 5.308698e-01 9.194998e+00 1.263714e+02 3.779515e+02
3.000000e-02 2.894000e-02  2.630909e-02  1.000000e-01 1.919629e-05 8.000000e-04 6.021652e+03 3.174835e+01 2.283487e+01 6.911155e+01 1.338118e+00 5.493542e-01 9.691549e+00 1.331957e+02 3.983618e+02
3.000000e-02 2.894000e-02  2.630909e-02  1.000000e-01 1.970779e-05 8.000000e-04 6.021652e+03 3.174725e+01 2.283184e+01 6.910901e+01 1.353378e+00 5.796635e-01 1.021491e+01 1.403886e+02 4.198742e+02
3.000000e-02 2.894000e-02  2.630909e-02  1.000000e-01 2.023293e-05 8.000000e-04 6.021652e+03 3.174241e+01 2.282444e+01 6.909637e+01 1.375937e+00 6.181179e-01 1.076654e+01 1.479699e+02 4.425484e+02
3.000000e-02 2.894000e-02  2.630909e-02  1.000000e-01 2.077206e-05 8.000000e-04 6.021652e+03 3.174912e+01 2.282669e+01 6.911106e+01 1.426301e+00 6.430367e-01 1.134796e+01 1.559606e+02 4.664471e+02
3.000000e-02 2.894000e-02  2.630909e-02  1.000000e-01 2.132555e-05 8.000000e-04 6.021652e+03 3.173727e+01 2.282205e+01 6.908462e+01 1.597037e+00 6.887282e-01 1.196078e+01 1.643828e+02 4.916363e+02
3.000000e-02 2.894000e-02  2.630909e-02  1.000000e-01 2.189380e-05 8.000000e-04 6.021652e+03 3.173612e+01 2.281555e+01 6.908127e+01 1.705079e+00 7.263960e-01 1.260669e+01 1.732599e+02 5.181858e+02
3.000000e-02 2.894000e-02  2.630909e-02  1.000000e-01 2.247718e-05 8.000000e-04 6.021652e+03 3.174072e+01 2.281583e+01 6.909212e+01 1.690948e+00 7.623830e-01 1.328748e+01 1.826163e+02 5.461690e+02
3.000000e-02 2.894000e-02  2.630909e-02  1.000000e-01 2.307611e-05 8.000000e-04 6.021652e+03 3.173678e+01 2.281106e+01 6.908122e+01 1.747690e+00 8.030222e-01 1.400503e+01 1.924780e+02 5.756634e+02
3.000000e-02 2.894000e-02  2.630909e-02  1.000000e-01 2.369100e-05 8.000000e-04 6.021652e+03 3.173124e+01 2.280448e+01 6.906944e+01 1.885835e+00 8.525648e-01 1.476134e+01 2.028723e+02 6.067505e+02
3.000000e-02 2.894000e-02  2.630909e-02  1.000000e-01 2.432228e-05 8.000000e-04 6.021652e+03 3.172920e+01 2.280111e+01 6.906471e+01 1.956211e+00 8.948874e-01 1.555848e+01 2.138279e+02 6.395165e+02
3.000000e-02 2.894000e-02  2.630909e-02  1.000000e-01 2.497037e-05 8.000000e-04 6.021652e+03 3.171410e+01 2.279837e+01 6.903355e+01 2.130401e+00 9.413392e-01 1.639868e+01 2.253751e+02 6.740518e+02
3.000000e-02 2.894000e-02  2.630909e-02  1.000000e-01 2.563574e-05 8.000000e-04 6.021652e+03 3.172478e+01 2.278960e+01 6.905107e+01 2.105726e+00 1.008662e+00 1.728424e+01 2.375458e+02 7.104522e+02
3.000000e-02 2.894000e-02  2.630909e-02  1.000000e-01 2.631883e-05 8.000000e-04 6.021652e+03 3.170481e+01 2.278797e+01 6.901181e+01 2.376552e+00 1.034335e+00 1.821763e+01 2.503739e+02 7.488183e+02
3.000000e-02 2.894000e-02  2.630909e-02  1.000000e-01 2.702013e-05 8.000000e-04 6.021652e+03 3.170715e+01 2.278258e+01 6.901636e+01 2.558087e+00 1.103973e+00 1.920143e+01 2.638946e+02 7.892562e+02
3.000000e-02 2.894000e-02  2.630909e-02  1.000000e-01 2.774011e-05 8.000000e-04 6.021652e+03 3.169399e+01 2.277377e+01 6.898842e+01 2.738654e+00 1.158173e+00 2.023835e+01 2.781455e+02 8.318778e+02
3.000000e-02 2.894000e-02  2.630909e-02  1.000000e-01 2.847928e-05 8.000000e-04 6.021652e+03 3.170101e+01 2.276944e+01 6.899783e+01 2.783780e+00 1.215412e+00 2.133127e+01 2.931661e+02 8.768012e+02
3.000000e-02 2.894000e-02  2.630909e-02  1.000000e-01 2.923814e-05 8.000000e-04 6.021652e+03 3.169508e+01 2.275873e+01 6.898346e+01 2.891979e+00 1.295456e+00 2.248320e+01 3.089977e+02 9.241505e+02
3.000000e-02 2.894000e-02  2.630909e-02  1.000000e-01 3.001722e-05 8.000000e-04 6.021652e+03 3.168950e+01 2.275841e+01 6.897334e+01 3.152028e+00 1.346786e+00 2.369735e+01 3.256843e+02 9.740567e+02
3.000000e-02 2.894000e-02  2.630909e-02  1.000000e-01 3.081707e-05 8.000000e-04 6.021652e+03 3.166629e+01 2.275203e+01 6.892764e+01 3.444579e+00 1.433943e+00 2.497706e+01 3.432720e+02 1.026658e+03
3.000000e-02 2.894000e-02  2.630909e-02  1.000000e-01 3.163822e-05 8.000000e-04 6.021652e+03 3.166155e+01 2.273658e+01 6.890940e+01 3.478039e+00 1.495755e+00 2.632588e+01 3.618095e+02 1.082100e+03
3.000000e-02 2.894000e-02  2.630909e-02  1.000000e-01 3.248126e-05 8.000000e-04 6.021652e+03 3.164252e+01 2.273668e+01 6.887605e+01 3.949170e+00 1.581708e+00 2.774754e+01 3.813480e+02 1.140536e+03
3.000000e-02 2.894000e-02  2.630909e-02  1.000000e-01 3.334676e-05 8.000000e-04 6.021652e+03 3.165919e+01 2.272949e+01 6.890638e+01 3.877350e+00 1.667650e+00 2.924597e+01 4.019417e+02 1.202127e+03
3.000000e-02 2.894000e-02  2.630909e-02  1.000000e-01 3.423532e-05 8.000000e-04 6.021652e+03 3.164809e+01 2.272067e+01 6.888664e+01 4.037477e+00 1.773343e+00 3.082532e+01 4.236475e+02 1.267045e+03
3.000000e-02 2.894000e-02  2.630909e-02  1.000000e-01 3.514756e-05 8.000000e-04 6.021652e+03 3.163989e+01 2.270454e+01 6.885593e+01 4.189710e+00 1.849999e+00 3.248996e+01 4.465254e+02 1.335468e+03
3.000000e-02 2.894000e-02  2.630909e-02  1.000000e-01 3.608411e-05 8.000000e-04 6.021652e+03 3.164021e+01 2.269115e+01 6.885342e+01 4.442272e+00 1.984280e+00 3.424449e+01 4.706388e+02 1.407587e+03
3.000000e-02 2.894000e-02  2.630909e-02  1.000000e-01 3.704561e-05 8.000000e-04 6.021652e+03 3.161195e+01 2.269369e+01 6.879366e+01 4.779686e+00 2.051963e+00 3.609377e+01 4.960544e+02 1.483600e+03
3.000000e-02 2.894000e-02  2.630909e-02  1.000000e-01 3.803273e-05 8.000000e-04 6.021652e+03 3.161932e+01 2.267391e+01 6.881394e+01 5.085549e+00 2.204909e+00 3.804292e+01 5.228425e+02 1.563718e+03
3.000000e-02 2.894000e-02  2.630909e-02  1.000000e-01 3.904616e-05 8.000000e-04 6.021652e+03 3.161339e+01 2.266591e+01 6.879957e+01 5.428586e+00 2.298947e+00 4.009732e+01 5.510772e+02 1.648162e+03
3.000000e-02 2.894000e-02  2.630909e-02  1.000000e-01 4.008659e-05 8.000000e-04 6.021652e+03 3.159106e+01 2.265863e+01 6.875882e+01 5.616892e+00 2.409145e+00 4.226267e+01 5.808366e+02 1.737166e+03
3.000000e-02 2.894000e-02  2.630909e-02  1.000000e-01 4.115474e-05 8.000000e-04 6.021652e+03 3.157434e+01 2.264724e+01 6.872417e+01 5.828213e+00 2.531615e+00 4.454495e+01 6.122032e+02 1.830977e+03
3.000000e-02 2.894000e-02  2.630909e-02  1.000000e-01 4.225136e-05 8.000000e-04 6.021652e+03 3.154660e+01 2.263187e+01 6.865762e+01 6.499773e+00 2.685334e+00 4.695048e+01 6.452635e+02 1.929854e+03
3.000000e-02 2.894000e-02  2.630909e-02  1.000000e-01 4.337719e-05 8.000000e-04 6.021652e+03 3.155303e+01 2.261153e+01 6.866268e+01 6.307534e+00 2.865103e+00 4.948592e+01 6.801093e+02 2.034071e+03
3.000000e-02 2.894000e-02  2.630909e-02  1.000000e-01 4.453303e-05 8.000000e-04 6.021652e+03 3.156981e+01 2.259621e+01 6.868963e+01 6.481516e+00 2.987644e+00 5.215827e+01 7.168367e+02 2.143916e+03
3.000000e-02 2.894000e-02  2.630909e-02  1.000000e-01 4.571966e-05 8.000000e-04 6.021652e+03 3.155079e+01 2.259141e+01 6.864942e+01 7.250758e+00 3.140248e+00 5.497494e+01 7.555476e+02 2.259692e+03
3.000000e-02 2.894000e-02  2.630909e-02  1.000000e-01 4.693791e-05 8.000000e-04 6.021652e+03 3.153090e+01 2.257023e+01 6.861452e+01 7.549217e+00 3.296772e+00 5.794371e+01 7.963489e+02 2.381721e+03
3.000000e-02 2.894000e-02  2.630909e-02  1.000000e-01 4.818863e-05 8.000000e-04 6.021652e+03 3.151059e+01 2.256878e+01 6.857259e+01 7.525672e+00 3.501926e+00 6.107281e+01 8.393536e+02 2.510339e+03
3.000000e-02 2.894000e-02  2.630909e-02  1.000000e-01 4.947267e-05 8.000000e-04 6.021652e+03 3.149973e+01 2.252647e+01 6.853533e+01 8.305077e+00 3.631592e+00 6.437088e+01 8.846806e+02 2.645903e+03
3.000000e-02 2.894000e-02  2.630909e-02  1.000000e-01 5.079093e-05 8.000000e-04 6.021652e+03 3.146215e+01 2.252037e+01 6.845348e+01 9.188504e+00 3.894388e+00 6.784706e+01 9.324554e+02 2.788788e+03
3.000000e-02 2.894000e-02  2.630909e-02  1.000000e-01 5.214431e-05 8.000000e-04 6.021652e+03 3.147855e+01 2.249547e+01 6.848612e+01 8.831480e+00 4.094395e+00 7.151096e+01 9.828101e+02 2.939389e+03
3.000000e-02 2.894000e-02  2.630909e-02  1.000000e-01 5.353375e-05 8.000000e-04 6.021652e+03 3.143891e+01 2.247726e+01 6.839902e+01 9.794835e+00 4.248996e+00 7.537271e+01 1.035884e+03 3.098123e+03
3.000000e-02 2.894000e-02  2.630909e-02  1.000000e-01 5.496022e-05 8.000000e-04 6.021652e+03 3.141341e+01 2.244355e+01 6.833956e+01 1.034665e+01 4.514415e+00 7.944301e+01 1.091824e+03 3.265429e+03
3.000000e-02 2.894000e-02  2.630909e-02  1.000000e-01 5.642470e-05 8.000000e-04 6.021652e+03 3.136625e+01 2.243793e+01 6.823485e+01 1.094772e+01 4.749499e+00 8.373312e+01 1.150785e+03 3.441769e+03
3.000000e-02 2.894000e-02  2.630909e-02  1.000000e-01 5.792820e-05 8.000000e-04 6.021652e+03 3.137410e+01 2.241654e+01 6.824696e+01 1.176709e+01 4.988979e+00 8.825490e+01 1.212930e+03 3.627633e+03
3.000000e-02 2.894000e-02  2.630909e-02  1.000000e-01 5.947176e-05 8.000000e-04 6.021652e+03 3.136009e+01 2.240084e+01 6.823686e+01 1.211066e+01 5.265646e+00 9.302087e+01 1.278431e+03 3.823533e+03
3.000000e-02 2.894000e-02  2.630909e-02  1.000000e-01 6.105646e-05 8.000000e-04 6.021652e+03 3.131980e+01 2.236974e+01 6.812480e+01 1.258504e+01 5.618214e+00 9.804421e+01 1.347470e+03 4.030013e+03
3.000000e-02 2.894000e-02  2.630909e-02  1.000000e-01 6.268338e-05 8.000000e-04 6.021652e+03 3.131420e+01 2.233579e+01 6.810618e+01 1.289247e+01 5.934812e+00 1.033388e+02 1.420236e+03 4.247643e+03
3.000000e-02 2.894000e-02  2.630909e-02  1.000000e-01 6.435365e-05 8.000000e-04 6.021652e+03 3.131316e+01 2.230319e+01 6.809176e+01 1.437673e+01 6.250779e+00 1.089194e+02 1.496932e+03 4.477026e+03
3.000000e-02 2.894000e-02  2.630909e-02  1.000000e-01 6.606842e-05 8.000000e-04 6.021652e+03 3.121728e+01 2.226160e+01 6.789811e+01 1.471381e+01 6.609100e+00 1.148013e+02 1.577770e+03 4.718795e+03
3.000000e-02 2.894000e-02  2.630909e-02  1.000000e-01 6.782889e-05 8.000000e-04 6.021652e+03 3.113094e+01 2.223969e+01 6.769604e+01 1.629495e+01 6.945455e+00 1.210008e+02 1.662973e+03 4.973621e+03
3.000000e-02 2.894000e-02  2.630909e-02  1.000000e-01 6.963627e-05 8.000000e-04 6.021652e+03 3.122109e+01 2.217606e+01 6.786816e+01 1.638137e+01 7.378597e+00 1.275351e+02 1.752778e+03 5.242208e+03
3.000000e-02 2.894000e-02  2.630909e-02  1.000000e-01 7.149181e-05 8.000000e-04 6.021652e+03 3.110729e+01 2.216485e+01 6.762189e+01 1.818388e+01 7.643738e+00 1.344223e+02 1.847432e+03 5.525300e+03
3.000000e-02 2.894000e-02  2.630909e-02  1.000000e-01 7.339679e-05 8.000000e-04 6.021652e+03 3.108806e+01 2.214940e+01 6.760708e+01 1.800612e+01 7.960566e+00 1.416814e+02 1.947197e+03 5.823678e+03
3.000000e-02 2.894000e-02  2.630909e-02  1.000000e-01 7.535253e-05 8.000000e-04 6.021652e+03 3.110217e+01 2.212566e+01 6.761985e+01 1.967189e+01 8.469531e+00 1.493325e+02 2.052350e+03 6.138171e+03
3.000000e-02 2.894000e-02  2.630909e-02  1.000000e-01 7.736039e-05 8.000000e-04 6.021652e+03 3.107046e+01 2.206669e+01 6.754797e+01 2.072743e+01 9.033279e+00 1.573968e+02 2.163182e+03 6.469646e+03
3.000000e-02 2.894000e-02  2.630909e-02  1.000000e-01 7.942174e-05 8.000000e-04 6.021652e+03 3.103283e+01 2.199542e+01 6.744272e+01 2.133174e+01 9.473505e+00 1.658966e+02 2.279999e+03 6.819022e+03
3.000000e-02 2.894000e-02  2.630909e-02  1.000000e-01 8.153803e-05 8.000000e-04 6.021652e+03 3.094868e+01 2.197292e+01 6.726874e+01 2.306263e+01 1.003523e+01 1.748554e+02 2.403124e+03 7.187265e+03
3.000000e-02 2.894000e-02  2.630909e-02  1.000000e-01 8.371070e-05 8.000000e-04 6.021652e+03 3.086405e+01 2.193191e+01 6.707186e+01 2.392062e+01 1.054542e+01 1.842980e+02 2.532898e+03 7.575394e+03
3.000000e-02 2.894000e-02  2.630909e-02  1.000000e-01 8.594127e-05 8.000000e-04 6.021652e+03 3.079675e+01 2.188107e+01 6.695924e+01 2.493288e+01 1.115653e+01 1.942506e+02 2.669681e+03 7.984482e+03
3.000000e-02 2.894000e-02  2.630909e-02  1.000000e-01 8.823127e-05 8.000000e-04 6.021652e+03 3.079377e+01 2.183240e+01 6.692758e+01 2.600429e+01 1.181660e+01 2.047405e+02 2.813850e+03 8.415663e+03
3.000000e-02 2.894000e-02  2.630909e-02  1.000000e-01 9.058230e-05 8.000000e-04 6.021652e+03 3.076652e+01 2.177795e+01 6.687185e+01 2.785191e+01 1.214546e+01 2.157970e+02 2.965804e+03 8.870128e+03
3.000000e-02 2.894000e-02  2.630909e-02  1.000000e-01 9.299597e-05 8.000000e-04 6.021652e+03 3.060808e+01 2.171339e+01 6.647339e+01 2.953842e+01 1.283362e+01 2.274505e+02 3.125964e+03 9.349136e+03
3.000000e-02 2.894000e-02  2.630909e-02  1.000000e-01 9.547395e-05 8.000000e-04 6.021652e+03 3.073754e+01 2.165404e+01 6.676262e+01 3.091500e+01 1.374873e+01 2.397334e+02 3.294774e+03 9.854011e+03
3.000000e-02 2.894000e-02  2.630909e-02  1.000000e-01 9.801796e-05 8.000000e-04 6.021652e+03 3.070403e+01 2.160887e+01 6.667993e+01 3.168756e+01 1.431953e+01 2.526796e+02 3.472699e+03 1.038615e+04
3.000000e-02 2.894000e-02  2.630909e-02  1.000000e-01 1.006298e-04 8.000000e-04 6.021652e+03 3.068694e+01 2.156229e+01 6.663747e+01 3.547055e+01 1.516641e+01 2.663248e+02 3.660233e+03 1.094703e+04
3.000000e-02 2.894000e-02  2.630909e-02  1.000000e-01 1.033112e-04 8.000000e-04 6.021652e+03 3.053045e+01 2.145107e+01 6.636640e+01 3.652611e+01 1.583134e+01 2.807070e+02 3.857894e+03 1.153819e+04
3.000000e-02 2.894000e-02  2.630909e-02  1.000000e-01 1.060640e-04 8.000000e-04 6.021652e+03 3.036132e+01 2.137509e+01 6.598797e+01 3.959035e+01 1.686056e+01 2.958658e+02 4.066229e+03 1.216128e+04
3.000000e-02 2.894000e-02  2.630909e-02  1.000000e-01 1.088902e-04 8.000000e-04 6.021652e+03 3.034700e+01 2.132542e+01 6.591330e+01 4.059267e+01 1.794118e+01 3.118433e+02 4.285815e+03 1.281802e+04
3.000000e-02 2.894000e-02  2.630909e-02  1.000000e-01 1.117917e-04 8.000000e-04 6.021652e+03 3.026350e+01 2.119768e+01 6.567437e+01 4.202319e+01 1.913701e+01 3.286835e+02 4.517259e+03 1.351022e+04
3.000000e-02 2.894000e-02  2.630909e-02  1.000000e-01 1.147705e-04 8.000000e-04 6.021652e+03 3.016951e+01 2.118060e+01 6.544326e+01 4.629604e+01 1.962954e+01 3.464332e+02 4.761201e+03 1.423980e+04
3.000000e-02 2.894000e-02  2.630909e-02  1.000000e-01 1.178287e-04 8.000000e-04 6.021652e+03 3.021348e+01 2.106779e+01 6.556283e+01 4.589334e+01 2.093820e+01 3.651414e+02 5.018317e+03 1.500878e+04
3.000000e-02 2.894000e-02  2.630909e-02  1.000000e-01 1.209684e-04 8.000000e-04 6.021652e+03 3.000199e+01 2.096366e+01 6.506436e+01 5.019839e+01 2.187445e+01 3.848599e+02 5.289318e+03 1.581929e+04
3.000000e-02 2.894000e-02  2.630909e-02  1.000000e-01 1.241917e-04 8.000000e-04 6.021652e+03 2.996593e+01 2.078953e+01 6.503028e+01 5.002461e+01 2.345803e+01 4.056432e+02 5.574953e+03 1.667357e+04
3.000000e-02 2.894000e-02  2.630909e-02  1.000000e-01 1.275010e-04 8.000000e-04 6.021652e+03 2.967655e+01 2.082120e+01 6.428038e+01 5.467299e+01 2.437807e+01 4.275488e+02 5.876013e+03 1.757398e+04
3.000000e-02 2.894000e-02  2.630909e-02  1.000000e-01 1.308984e-04 8.000000e-04 6.021652e+03 2.975660e+01 2.065097e+01 6.451514e+01 5.780074e+01 2.590113e+01 4.506375e+02 6.193332e+03 1.852302e+04
3.000000e-02 2.894000e-02  2.630909e-02  1.000000e-01 1.343863e-04 8.000000e-04 6.021652e+03 2.937968e+01 2.059694e+01 6.347572e+01 6.311093e+01 2.691082e+01 4.749729e+02 6.527786e+03 1.952331e+04
3.000000e-02 2.894000e-02  2.630909e-02  1.000000e-01 1.379672e-04 8.000000e-04 6.021652e+03 2.946855e+01 2.049512e+01 6.401356e+01 6.388479e+01 2.850245e+01 5.006226e+02 6.880302e+03 2.057761e+04
3.000000e-02 2.894000e-02  2.630909e-02  1.000000e-01 1.416435e-04 8.000000e-04 6.021652e+03 2.956573e+01 2.045174e+01 6.410703e+01 6.789917e+01 2.968091e+01 5.276573e+02 7.251854e+03 2.168885e+04
3.000000e-02 2.894000e-02  2.630909e-02  1.000000e-01 1.454177e-04 8.000000e-04 6.021652e+03 2.958408e+01 2.033608e+01 6.418642e+01 7.064686e+01 3.180840e+01 5.561521e+02 7.643471e+03 2.286010e+04
3.000000e-02 2.894000e-02  2.630909e-02  1.000000e-01 1.492926e-04 8.000000e-04 6.021652e+03 2.908923e+01 2.021895e+01 6.292035e+01 7.721214e+01 3.293238e+01 5.861856e+02 8.056236e+03 2.409459e+04
3.000000e-02 2.894000e-02  2.630909e-02  1.000000e-01 1.532706e-04 8.000000e-04 6.021652e+03 2.915764e+01 1.998056e+01 6.304555e+01 7.733224e+01 3.520341e+01 6.178409e+02 8.491291e+03 2.539576e+04
3.000000e-02 2.894000e-02  2.630909e-02  1.000000e-01 1.573547e-04 8.000000e-04 6.021652e+03 2.895399e+01 1.990477e+01 6.267911e+01 8.623893e+01 3.705937e+01 6.512058e+02 8.949840e+03 2.676719e+04
3.000000e-02 2.894000e-02  2.630909e-02  1.000000e-01 1.615476e-04 8.000000e-04 6.021652e+03 2.863516e+01 1.985984e+01 6.191477e+01 9.050005e+01 3.923549e+01 6.863724e+02 9.433152e+03 2.821268e+04
3.000000e-02 2.894000e-02  2.630909e-02  1.000000e-01 1.658522e-04 8.000000e-04 6.021652e+03 2.888388e+01 1.962080e+01 6.238546e+01 9.289749e+01 4.099858e+01 7.234381e+02 9.942564e+03 2.973623e+04
3.000000e-02 2.894000e-02  2.630909e-02  1.000000e-01 1.702715e-04 8.000000e-04 6.021652e+03 2.813761e+01 1.960055e+01 6.071059e+01 1.041576e+02 4.308582e+01 7.625054e+02 1.047949e+04 3.134205e+04
3.000000e-02 2.894000e-02  2.630909e-02  1.000000e-01 1.748086e-04 8.000000e-04 6.021652e+03 2.844563e+01 1.943479e+01 6.175225e+01 1.047609e+02 4.606941e+01 8.036825e+02 1.104540e+04 3.303459e+04
3.000000e-02 2.894000e-02  2.630909e-02  1.000000e-01 1.794666e-04 8.000000e-04 6.021652e+03 2.804924e+01 1.928115e+01 6.060782e+01 1.084850e+02 4.827670e+01 8.470832e+02 1.164188e+04 3.481854e+04
3.000000e-02 2.894000e-02  2.630909e-02  1.000000e-01 1.842487e-04 8.000000e-04 6.021652e+03 2.792431e+01 1.912450e+01 6.047968e+01 1.159414e+02 5.115270e+01 8.928276e+02 1.227057e+04 3.669882e+04
3.000000e-02 2.894000e-02  2.630909e-02  1.000000e-01 1.891582e-04 8.000000e-04 6.021652e+03 2.791804e+01 1.887036e+01 6.028070e+01 1.239180e+02 5.413920e+01 9.410424e+02 1.293321e+04 3.868064e+04
3.000000e-02 2.894000e-02  2.630909e-02  1.000000e-01 1.941986e-04 8.000000e-04 6.021652e+03 2.774588e+01 1.888887e+01 5.977827e+01 1.292413e+02 5.640495e+01 9.918609e+02 1.363163e+04 4.076949e+04
3.000000e-02 2.894000e-02  2.630909e-02  1.000000e-01 1.993732e-04 8.000000e-04 6.021652e+03 2.760058e+01 1.869759e+01 5.923043e+01 1.361628e+02 5.955992e+01 1.045424e+03 1.436777e+04 4.297113e+04
3.000000e-02 2.894000e-02  2.630909e-02  1.000000e-01 2.046857e-04 8.000000e-04 6.021652e+03 2.743457e+01 1.862368e+01 5.908560e+01 1.453423e+02 6.351488e+01 1.101879e+03 1.514366e+04 4.529167e+04
3.000000e-02 2.894000e-02  2.630909e-02  1.000000e-01 2.101398e-04 8.000000e-04 6.021652e+03 2.687911e+01 1.848884e+01 5.756915e+01 1.512285e+02 6.534569e+01 1.161383e+03 1.596146e+04 4.773753e+04
3.000000e-02 2.894000e-02  2.630909e-02  1.000000e-01 2.157392e-04 8.000000e-04 6.021652e+03 2.702037e+01 1.836371e+01 5.807617e+01 1.685259e+02 6.910958e+01 1.224100e+03 1.682341e+04 5.031546e+04
3.000000e-02 2.894000e-02  2.630909e-02  1.000000e-01 2.214878e-04 8.000000e-04 6.021652e+03 2.703305e+01 1.820361e+01 5.755353e+01 1.702691e+02 7.412996e+01 1.290205e+03 1.773191e+04 5.303262e+04
3.000000e-02 2.894000e-02  2.630909e-02  1.000000e-01 2.273896e-04 8.000000e-04 6.021652e+03 2.615494e+01 1.809258e+01 5.594354e+01 1.804963e+02 7.837108e+01 1.359879e+03 1.868948e+04 5.589650e+04
3.000000e-02 2.894000e-02  2.630909e-02  1.000000e-01 2.334487e-04 8.000000e-04 6.021652e+03 2.604342e+01 1.797803e+01 5.538758e+01 1.935745e+02 8.135684e+01 1.433315e+03 1.969875e+04 5.891504e+04
3.000000e-02 2.894000e-02  2.630909e-02  1.000000e-01 2.396692e-04 8.000000e-04 6.021652e+03 2.689453e+01 1.791861e+01 5.773265e+01 2.030930e+02 8.705384e+01 1.510718e+03 2.076253e+04 6.209659e+04
3.000000e-02 2.894000e-02  2.630909e-02  1.000000e-01 2.460555e-04 8.000000e-04 6.021652e+03 2.641709e+01 1.783962e+01 5.684514e+01 1.982389e+02 9.059987e+01 1.592300e+03 2.188376e+04 6.544995e+04
3.000000e-02 2.894000e-02  2.630909e-02  1.000000e-01 2.526119e-04 8.000000e-04 6.021652e+03 2.594506e+01 1.767761e+01 5.444961e+01 2.223630e+02 9.654388e+01 1.678288e+03 2.306553e+04 6.898440e+04
3.000000e-02 2.894000e-02  2.630909e-02  1.000000e-01 2.593430e-04 8.000000e-04 6.021652e+03 2.618457e+01 1.764540e+01 5.564973e+01 2.182498e+02 1.026001e+02 1.768919e+03 2.431112e+04 7.270971e+04
3.000000e-02 2.894000e-02  2.630909e-02  1.000000e-01 2.662535e-04 8.000000e-04 6.021652e+03 2.561561e+01 1.758956e+01 5.271649e+01 2.536652e+02 1.044565e+02 1.864445e+03 2.562398e+04 7.663621e+04
3.000000e-02 2.894000e-02  2.630909e-02  1.000000e-01 2.733482e-04 8.000000e-04 6.021652e+03 2.492814e+01 1.748108e+01 5.264065e+01 2.674318e+02 1.123221e+02 1.965129e+03 2.700773e+04 8.077474e+04
3.000000e-02 2.894000e-02  2.630909e-02  1.000000e-01 2.806318e-04 8.000000e-04 6.021652e+03 2.517250e+01 1.745703e+01 5.412742e+01 2.734164e+02 1.183067e+02 2.071251e+03 2.846621e+04 8.513676e+04
3.000000e-02 2.894000e-02  2.630909e-02  1.000000e-01 2.881096e-04 8.000000e-04 6.021652e+03 2.586203e+01 1.733876e+01 5.319022e+01 2.966916e+02 1.245459e+02 2.183103e+03 3.000345e+04 8.973434e+04
3.000000e-02 2.894000e-02  2.630909e-02  1.000000e-01 2.957866e-04 8.000000e-04 6.021652e+03 2.601938e+01 1.743163e+01 5.457210e+01 2.795970e+02 1.332693e+02 2.300996e+03 3.162371e+04 9.458021e+04
3.000000e-02 2.894000e-02  2.630909e-02  1.000000e-01 3.036682e-04 8.000000e-04 6.021652e+03 2.557795e+01 1.737447e+01 5.180965e+01 3.053853e+02 1.390379e+02 2.425255e+03 3.333146e+04 9.968776e+04
3.000000e-02 2.894000e-02  2.630909e-02  1.000000e-01 3.117598e-04 8.000000e-04 6.021652e+03 2.561584e+01 1.747206e+01 5.333812e+01 3.294499e+02 1.453505e+02 2.556224e+03 3.513144e+04 1.050711e+05
3.000000e-02 2.894000e-02  2.630909e-02  1.000000e-01 3.200670e-04 8.000000e-04 6.021652e+03 2.586917e+01 1.772025e+01 5.298769e+01 3.458875e+02 1.562943e+02 2.694266e+03 3.702862e+04 1.107452e+05
3.000000e-02 2.894000e-02  2.630909e-02  1.000000e-01 3.285955e-04 8.000000e-04 6.021652e+03 2.599498e+01 1.773114e+01 5.173801e+01 3.769966e+02 1.614157e+02 2.839763e+03 3.902825e+04 1.167257e+05
3.000000e-02 2.894000e-02  2.630909e-02  1.000000e-01 3.373513e-04 8.000000e-04 6.021652e+03 2.656158e+01 1.780598e+01 5.165726e+01 3.914134e+02 1.706480e+02 2.993116e+03 4.113587e+04 1.230292e+05
3.000000e-02 2.894000e-02  2.630909e-02  1.000000e-01 3.463404e-04 8.000000e-04 6.021652e+03 2.599117e+01 1.798859e+01 5.232663e+01 3.953691e+02 1.812246e+02 3.154752e+03 4.335730e+04 1.296730e+05
3.000000e-02 2.894000e-02  2.630909e-02  1.000000e-01 3.555691e-04 8.000000e-04 6.021652e+03 2.605510e+01 1.861471e+01 5.445827e+01 4.321377e+02 1.925012e+02 3.325115e+03 4.569869e+04 1.366757e+05
3.000000e-02 2.894000e-02  2.630909e-02  1.000000e-01 3.650436e-04 8.000000e-04 6.021652e+03 2.531157e+01 1.884356e+01 5.063693e+01 4.669212e+02 2.015338e+02 3.504679e+03 4.816653e+04 1.440565e+05
3.000000e-02 2.894000e-02  2.630909e-02  1.000000e-01 3.747706e-04 8.000000e-04 6.021652e+03 2.618804e+01 1.896004e+01 5.289822e+01 4.680442e+02 2.093306e+02 3.693940e+03 5.076763e+04 1.518359e+05
3.000000e-02 2.894000e-02  2.630909e-02  1.000000e-01 3.847568e-04 8.000000e-04 6.021652e+03 2.666930e+01 1.923974e+01 5.307414e+01 5.175005e+02 2.213413e+02 3.893421e+03 5.350920e+04 1.600353e+05
3.000000e-02 2.894000e-02  2.630909e-02  1.000000e-01 3.950091e-04 8.000000e-04 6.021652e+03 2.804348e+01 1.939459e+01 5.535769e+01 5.491597e+02 2.322996e+02 4.103675e+03 5.639882e+04 1.686776e+05
3.000000e-02 2.894000e-02  2.630909e-02  1.000000e-01 4.055346e-04 8.000000e-04 6.021652e+03 2.963621e+01 2.019771e+01 5.752128e+01 5.636286e+02 2.444041e+02 4.325283e+03 5.944449e+04 1.777866e+05
3.000000e-02 2.894000e-02  2.630909e-02  1.000000e-01 4.163405e-04 8.000000e-04 6.021652e+03 3.031269e+01 2.037282e+01 6.063694e+01 6.056695e+02 2.590026e+02 4.558859e+03 6.265463e+04 1.873875e+05
3.000000e-02 2.894000e-02  2.630909e-02  1.000000e-01 4.274344e-04 8.000000e-04 6.021652e+03 3.173387e+01 2.137116e+01 6.701756e+01 6.076877e+02 2.785120e+02 4.805047e+03 6.603812e+04 1.975068e+05
3.000000e-02 2.894000e-02  2.630909e-02  1.000000e-01 4.388239e-04 8.000000e-04 6.021652e+03 3.397372e+01 2.215872e+01 8.095743e+01 6.535201e+02 2.886503e+02 5.064531e+03 6.960433e+04 2.081727e+05
3.000000e-02 2.894000e-02  2.630909e-02  1.000000e-01 4.505168e-04 8.000000e-04 6.021652e+03 3.446472e+01 2.286593e+01 9.309045e+01 7.087856e+02 3.069732e+02 5.338028e+03 7.336313e+04 2.194145e+05
3.000000e-02 2.894000e-02  2.630909e-02  1.000000e-01 4.625214e-04 8.000000e-04 6.021652e+03 3.347341e+01 2.293757e+01 7.494777e+01 7.178570e+02 3.156656e+02 5.626293e+03 7.732491e+04 2.312634e+05
3.000000e-02 2.894000e-02  2.630909e-02  1.000000e-01 4.748458e-04 8.000000e-04 6.021652e+03 3.515536e+01 2.382478e+01 1.022089e+02 8.002105e+02 3.380825e+02 5.930126e+03 8.150063e+04 2.437521e+05
3.000000e-02 2.894000e-02  2.630909e-02  1.000000e-01 4.874986e-04 8.000000e-04 6.021652e+03 3.828014e+01 2.456219e+01 1.267485e+03 8.296539e+02 3.563664e+02 6.250367e+03 8.590186e+04 2.569153e+05
3.000000e-02 2.894000e-02  2.630909e-02  1.000000e-01 5.004886e-04 8.000000e-04 6.021652e+03 3.814122e+01 2.539440e+01 4.846091e+02 8.704948e+02 3.739250e+02 6.587901e+03 9.054076e+04 2.707893e+05
3.000000e-02 2.894000e-02  2.630909e-02  1.000000e-01 5.138247e-04 8.000000e-04 6.021652e+03 3.920928e+01 2.597313e+01 1.000000e+10 9.117373e+02 3.984735e+02 6.943663e+03 9.543017e+04 2.854126e+05
3.000000e-02 2.894000e-02  2.630909e-02  1.000000e-01 5.275161e-04 8.000000e-04 6.021652e+03 4.342151e+01 2.770227e+01 1.539980e+00 9.407495e+02 4.215242e+02 7.318637e+03 1.005836e+05 3.008255e+05
3.000000e-02 2.894000e-02  2.630909e-02  1.000000e-01 5.415724e-04 8.000000e-04 6.021652e+03 4.565727e+01 2.870546e+01 7.387725e+00 1.031266e+03 4.402653e+02 7.713860e+03 1.060154e+05 3.170708e+05
3.000000e-02 2.894000e-02  2.630909e-02  1.000000e-01 5.560032e-04 8.000000e-04 6.021652e+03 4.517972e+01 2.884690e+01 1.759826e+01 1.030980e+03 4.594131e+02 8.130427e+03 1.117404e+05 3.341934e+05
3.000000e-02 2.894000e-02  2.630909e-02  1.000000e-01 5.708185e-04 8.000000e-04 6.021652e+03 4.507167e+01 3.021503e+01 2.268968e+01 1.110816e+03 4.928753e+02 8.569489e+03 1.177747e+05 3.522406e+05
3.000000e-02 2.894000e-02  2.630909e-02  1.000000e-01 5.860287e-04 8.000000e-04 6.021652e+03 4.793648e+01 3.080272e+01 1.136456e+01 1.214500e+03 5.145739e+02 9.032261e+03 1.241348e+05 3.712624e+05
3.000000e-02 2.894000e-02  2.630909e-02  1.000000e-01 6.016441e-04 8.000000e-04 6.021652e+03 5.194267e+01 3.278441e+01 2.628554e+01 1.264086e+03 5.571289e+02 9.520024e+03 1.308384e+05 3.913114e+05
3.000000e-02 2.894000e-02  2.630909e-02  1.000000e-01 6.176756e-04 8.000000e-04 6.021652e+03 5.208520e+01 3.274507e+01 2.672403e+01 1.328609e+03 5.766695e+02 1.003413e+04 1.379039e+05 4.124431e+05
3.000000e-02 2.894000e-02  2.630909e-02  1.000000e-01 6.341342e-04 8.000000e-04 6.021652e+03 5.329547e+01 3.375980e+01 3.205556e+01 1.386027e+03 5.978159e+02 1.057599e+04 1.453511e+05 4.347160e+05
3.000000e-02 2.894000e-02  2.630909e-02  1.000000e-01 6.510315e-04 8.000000e-04 6.021652e+03 5.325934e+01 3.527890e+01 4.209684e+01 1.530710e+03 6.373192e+02 1.114712e+04 1.532004e+05 4.581917e+05
3.000000e-02 2.894000e-02  2.630909e-02  1.000000e-01 6.683790e-04 8.000000e-04 6.021652e+03 5.300014e+01 3.660684e+01 4.373116e+01 1.554107e+03 6.694179e+02 1.174909e+04 1.614735e+05 4.829351e+05
3.000000e-02 2.894000e-02  2.630909e-02  1.000000e-01 6.861887e-04 8.000000e-04 6.021652e+03 6.044015e+01 3.796376e+01 4.352988e+01 1.621759e+03 6.928336e+02 1.238357e+04 1.701935e+05 5.090147e+05
3.000000e-02 2.894000e-02  2.630909e-02  1.000000e-01 7.044730e-04 8.000000e-04 6.021652e+03 6.260354e+01 3.895274e+01 4.892571e+01 1.726983e+03 7.508585e+02 1.305231e+04 1.793843e+05 5.365027e+05
3.000000e-02 2.894000e-02  2.630909e-02  1.000000e-01 7.232445e-04 8.000000e-04 6.021652e+03 5.621117e+01 4.001231e+01 4.991273e+01 1.714092e+03 7.870130e+02 1.375717e+04 1.890715e+05 5.654751e+05
3.000000e-02 2.894000e-02  2.630909e-02  1.000000e-01 7.425162e-04 8.000000e-04 6.021652e+03 6.258796e+01 3.998168e+01 3.800152e+01 1.860898e+03 8.387199e+02 1.450009e+04 1.992818e+05 5.960121e+05
3.000000e-02 2.894000e-02  2.630909e-02  1.000000e-01 7.623014e-04 8.000000e-04 6.021652e+03 6.363003e+01 4.130212e+01 4.812147e+01 1.958171e+03 8.647806e+02 1.528312e+04 2.100435e+05 6.281981e+05
3.000000e-02 2.894000e-02  2.630909e-02  1.000000e-01 7.826138e-04 8.000000e-04 6.021652e+03 6.802496e+01 4.193542e+01 4.998614e+01 2.158734e+03 9.397459e+02 1.610845e+04 2.213863e+05 6.621223e+05
3.000000e-02 2.894000e-02  2.630909e-02  1.000000e-01 8.034674e-04 8.000000e-04 6.021652e+03 6.302860e+01 4.358714e+01 6.449471e+01 2.240285e+03 9.767110e+02 1.697834e+04 2.333417e+05 6.978784e+05
3.000000e-02 2.894000e-02  2.630909e-02  1.000000e-01 8.248767e-04 8.000000e-04 6.021652e+03 6.530198e+01 4.445862e+01 4.749385e+01 2.386229e+03 1.021923e+03 1.789521e+04 2.459427e+05 7.355655e+05
3.000000e-02 2.894000e-02  2.630909e-02  1.000000e-01 8.468565e-04 8.000000e-04 6.021652e+03 6.687897e+01 4.545473e+01 6.987859e+01 2.386564e+03 1.088273e+03 1.886160e+04 2.592242e+05 7.752877e+05
3.000000e-02 2.894000e-02  2.630909e-02  1.000000e-01 8.694220e-04 8.000000e-04 6.021652e+03 6.435346e+01 4.633660e+01 5.454256e+01 2.547542e+03 1.150273e+03 1.988017e+04 2.732229e+05 8.171551e+05
3.000000e-02 2.894000e-02  2.630909e-02  1.000000e-01 8.925887e-04 8.000000e-04 6.021652e+03 6.671289e+01 4.619937e+01 5.798583e+01 2.743585e+03 1.195679e+03 2.095374e+04 2.879775e+05 8.612834e+05
3.000000e-02 2.894000e-02  2.630909e-02  1.000000e-01 9.163728e-04 8.000000e-04 6.021652e+03 6.916203e+01 4.732794e+01 7.201709e+01 2.783657e+03 1.254652e+03 2.208529e+04 3.035290e+05 9.077947e+05
3.000000e-02 2.894000e-02  2.630909e-02  1.000000e-01 9.407906e-04 8.000000e-04 6.021652e+03 7.400890e+01 4.863375e+01 7.164101e+01 2.928068e+03 1.349150e+03 2.327795e+04 3.199203e+05 9.568177e+05
3.000000e-02 2.894000e-02  2.630909e-02  1.000000e-01 9.658591e-04 8.000000e-04 6.021652e+03 7.323443e+01 4.894621e+01 5.753923e+01 3.159435e+03 1.377030e+03 2.453501e+04 3.371967e+05 1.008488e+06
3.000000e-02 2.894000e-02  2.630909e-02  1.000000e-01 9.915955e-04 8.000000e-04 6.021652e+03 7.560083e+01 4.924765e+01 4.771277e+01 3.379253e+03 1.470884e+03 2.585996e+04 3.554061e+05 1.062949e+06
3.000000e-02 2.894000e-02  2.630909e-02  1.000000e-01 1.018018e-03 8.000000e-04 6.021652e+03 7.740309e+01 4.942894e+01 6.053480e+01 3.558191e+03 1.563951e+03 2.725646e+04 3.745989e+05 1.120351e+06
3.000000e-02 2.894000e-02  2.630909e-02  1.000000e-01 1.045144e-03 8.000000e-04 6.021652e+03 7.131808e+01 5.087726e+01 5.378715e+01 3.671981e+03 1.636291e+03 2.872837e+04 3.948281e+05 1.180852e+06
3.000000e-02 2.894000e-02  2.630909e-02  1.000000e-01 1.072993e-03 8.000000e-04 6.021652e+03 6.820799e+01 5.202472e+01 5.618058e+01 3.663945e+03 1.736765e+03 3.027977e+04 4.161498e+05 1.244621e+06
3.000000e-02 2.894000e-02  2.630909e-02  1.000000e-01 1.101584e-03 8.000000e-04 6.021652e+03 6.769549e+01 5.176962e+01 6.740394e+01 3.875160e+03 1.831811e+03 3.191495e+04 4.386228e+05 1.311833e+06
3.000000e-02 2.894000e-02  2.630909e-02  1.000000e-01 1.130937e-03 8.000000e-04 6.021652e+03 6.996673e+01 5.173241e+01 3.981619e+01 4.302578e+03 1.927325e+03 3.363843e+04 4.623095e+05 1.382675e+06
3.000000e-02 2.894000e-02  2.630909e-02  1.000000e-01 1.161072e-03 8.000000e-04 6.021652e+03 7.530531e+01 5.131981e+01 3.881673e+01 4.662352e+03 2.032779e+03 3.545499e+04 4.872753e+05 1.457343e+06
3.000000e-02 2.894000e-02  2.630909e-02  1.000000e-01 1.192010e-03 8.000000e-04 6.021652e+03 7.307510e+01 5.331688e+01 5.423316e+01 4.957307e+03 2.150440e+03 3.736964e+04 5.135893e+05 1.536043e+06
3.000000e-02 2.894000e-02  2.630909e-02  1.000000e-01 1.223773e-03 8.000000e-04 6.021652e+03 7.430384e+01 5.346074e+01 3.743711e+01 5.091082e+03 2.255149e+03 3.938769e+04 5.413243e+05 1.618993e+06
3.000000e-02 2.894000e-02  2.630909e-02  1.000000e-01 1.256382e-03 8.000000e-04 6.021652e+03 7.329580e+01 5.363651e+01 5.107014e+01 5.340743e+03 2.367069e+03 4.151472e+04 5.705571e+05 1.706422e+06
3.000000e-02 2.894000e-02  2.630909e-02  1.000000e-01 1.289860e-03 8.000000e-04 6.021652e+03 7.470889e+01 5.393543e+01 3.610509e+01 5.804408e+03 2.515592e+03 4.375661e+04 6.013685e+05 1.798573e+06
3.000000e-02 2.894000e-02  2.630909e-02  1.000000e-01 1.324229e-03 8.000000e-04 6.021652e+03 6.454208e+01 5.383967e+01 1.000000e+10 5.827485e+03 2.603461e+03 4.611957e+04 6.338438e+05 1.895700e+06
3.000000e-02 2.894000e-02  2.630909e-02  1.000000e-01 1.359515e-03 8.000000e-04 6.021652e+03 7.581479e+01 5.419641e+01 4.412459e+01 6.263440e+03 2.776314e+03 4.861013e+04 6.680729e+05 1.998073e+06
3.000000e-02 2.894000e-02  2.630909e-02  1.000000e-01 1.395741e-03 8.000000e-04 6.021652e+03 7.798543e+01 5.476047e+01 2.690700e+00 6.495436e+03 2.916440e+03 5.123520e+04 7.041504e+05 2.105973e+06
3.000000e-02 2.894000e-02  2.630909e-02  1.000000e-01 1.432932e-03 8.000000e-04 6.021652e+03 8.008728e+01 5.482234e+01 1.000000e+10 7.041024e+03 3.111846e+03 5.400202e+04 7.421762e+05 2.219701e+06
3.000000e-02 2.894000e-02  2.630909e-02  1.000000e-01 1.471114e-03 8.000000e-04 6.021652e+03 6.966065e+01 5.544438e+01 2.890609e+01 6.989803e+03 3.275577e+03 5.691825e+04 7.822555e+05 2.339570e+06
3.000000e-02 2.894000e-02  2.630909e-02  1.000000e-01 1.510314e-03 8.000000e-04 6.021652e+03 8.054678e+01 5.471065e+01 3.393405e+01 8.327487e+03 3.396270e+03 5.999198e+04 8.244991e+05 2.465912e+06
3.000000e-02 2.894000e-02  2.630909e-02  1.000000e-01 1.550558e-03 8.000000e-04 6.021652e+03 7.442182e+01 5.505287e+01 4.866509e+02 8.543981e+03 3.707895e+03 6.323168e+04 8.690241e+05 2.599078e+06
3.000000e-02 2.894000e-02  2.630909e-02  1.000000e-01 1.591874e-03 8.000000e-04 6.021652e+03 7.357303e+01 5.492155e+01 1.000000e+10 8.395773e+03 3.794007e+03 6.664635e+04 9.159534e+05 2.739434e+06
3.000000e-02 2.894000e-02  2.630909e-02  1.000000e-01 1.634292e-03 8.000000e-04 6.021652e+03 7.504318e+01 5.564482e+01 1.000000e+10 9.137079e+03 4.037288e+03 7.024541e+04 9.654171e+05 2.887370e+06
3.000000e-02 2.894000e-02  2.630909e-02  1.000000e-01 1.677839e-03 8.000000e-04 6.021652e+03 7.537768e+01 5.594537e+01 1.000000e+10 9.528312e+03 4.217942e+03 7.403883e+04 1.017552e+06 3.043295e+06
3.000000e-02 2.894000e-02  2.630909e-02  1.000000e-01 1.722547e-03 8.000000e-04 6.021652e+03 7.585076e+01 5.531266e+01 1.000000e+10 1.057114e+04 4.419654e+03 7.803710e+04 1.072502e+06 3.207640e+06
3.000000e-02 2.894000e-02  2.630909e-02  1.000000e-01 1.768447e-03 8.000000e-04 6.021652e+03 5.679636e+01 5.548404e+01 1.171140e+02 1.036897e+04 4.709710e+03 8.225129e+04 1.130420e+06 3.380860e+06
3.000000e-02 2.894000e-02  2.630909e-02  1.000000e-01 1.815569e-03 8.000000e-04 6.021652e+03 7.971134e+01 5.595086e+01 1.000000e+10 1.147192e+04 4.936768e+03 8.669306e+04 1.191465e+06 3.563435e+06
3.000000e-02 2.894000e-02  2.630909e-02  1.000000e-01 1.863947e-03 8.000000e-04 6.021652e+03 6.152282e+01 5.644117e+01 1.277493e+02 1.209642e+04 5.266844e+03 9.137469e+04 1.255807e+06 3.755869e+06
3.000000e-02 2.894000e-02  2.630909e-02  1.000000e-01 1.913614e-03 8.000000e-04 6.021652e+03 7.620284e+01 5.594628e+01 1.000000e+10 1.323366e+04 5.432945e+03 9.630915e+04 1.323624e+06 3.958695e+06
3.000000e-02 2.894000e-02  2.630909e-02  1.000000e-01 1.964605e-03 8.000000e-04 6.021652e+03 8.045653e+01 5.623484e+01 2.668828e+02 1.344670e+04 5.751999e+03 1.015101e+05 1.395103e+06 4.172474e+06
3.000000e-02 2.894000e-02  2.630909e-02  1.000000e-01 2.016954e-03 8.000000e-04 6.021652e+03 8.072501e+01 5.667950e+01 8.628929e+02 1.423151e+04 6.185191e+03 1.069919e+05 1.470442e+06 4.397798e+06
3.000000e-02 2.894000e-02  2.630909e-02  1.000000e-01 2.070698e-03 8.000000e-04 6.021652e+03 7.277546e+01 5.677539e+01 1.710876e+02 1.420224e+04 6.528187e+03 1.127697e+05 1.549849e+06 4.635289e+06
3.000000e-02 2.894000e-02  2.630909e-02  1.000000e-01 2.125874e-03 8.000000e-04 6.021652e+03 7.951419e+01 5.611466e+01 1.854465e+02 1.576965e+04 6.804561e+03 1.188595e+05 1.633545e+06 4.885606e+06
3.000000e-02 2.894000e-02  2.630909e-02  1.000000e-01 2.182521e-03 8.000000e-04 6.021652e+03 6.014832e+01 5.559992e+01 1.313871e+02 1.608167e+04 7.052846e+03 1.252782e+05 1.721760e+06 5.149441e+06
3.000000e-02 2.894000e-02  2.630909e-02  1.000000e-01 2.240677e-03 8.000000e-04 6.021652e+03 7.638012e+01 5.671398e+01 3.358078e+02 1.693267e+04 7.532954e+03 1.320436e+05 1.814739e+06 5.427523e+06
3.000000e-02 2.894000e-02  2.630909e-02  1.000000e-01 2.300382e-03 8.000000e-04 6.021652e+03 6.659687e+01 5.614547e+01 1.198071e+02 1.823638e+04 8.005590e+03 1.391742e+05 1.912740e+06 5.720623e+06
3.000000e-02 2.894000e-02  2.630909e-02  1.000000e-01 2.361679e-03 8.000000e-04 6.021652e+03 6.826602e+01 5.723144e+01 1.293101e+02 1.965450e+04 8.353902e+03 1.466900e+05 2.016032e+06 6.029550e+06
3.000000e-02 2.894000e-02  2.630909e-02  1.000000e-01 2.424609e-03 8.000000e-04 6.021652e+03 8.011880e+01 5.649441e+01 2.375557e+02 1.993162e+04 8.932082e+03 1.546116e+05 2.124903e+06 6.355161e+06
3.000000e-02 2.894000e-02  2.630909e-02  1.000000e-01 2.489215e-03 8.000000e-04 6.021652e+03 7.696758e+01 5.706295e+01 2.116733e+02 2.181173e+04 9.278583e+03 1.629610e+05 2.239653e+06 6.698356e+06
3.000000e-02 2.894000e-02  2.630909e-02  1.000000e-01 2.555544e-03 8.000000e-04 6.021652e+03 7.865537e+01 5.797110e+01 3.136772e+02 2.199290e+04 1.001532e+04 1.717613e+05 2.360600e+06 7.060083e+06
3.000000e-02 2.894000e-02  2.630909e-02  1.000000e-01 2.623639e-03 8.000000e-04 6.021652e+03 7.033888e+01 5.735209e+01 1.397142e+02 2.366686e+04 1.042761e+04 1.810369e+05 2.488078e+06 7.441346e+06
3.000000e-02 2.894000e-02  2.630909e-02  1.000000e-01 2.693549e-03 8.000000e-04 6.021652e+03 7.076387e+01 5.767602e+01 1.269088e+02 2.481721e+04 1.100617e+04 1.908133e+05 2.622441e+06 7.843197e+06
3.000000e-02 2.894000e-02  2.630909e-02  1.000000e-01 2.765322e-03 8.000000e-04 6.021652e+03 7.876504e+01 5.910311e+01 1.674837e+02 2.669836e+04 1.162249e+04 2.011177e+05 2.764059e+06 8.266749e+06
3.000000e-02 2.894000e-02  2.630909e-02  1.000000e-01 2.839008e-03 8.000000e-04 6.021652e+03 7.676438e+01 5.853881e+01 1.579943e+02 2.763589e+04 1.226438e+04 2.119786e+05 2.913325e+06 8.713175e+06
3.000000e-02 2.894000e-02  2.630909e-02  1.000000e-01 2.914657e-03 8.000000e-04 6.021652e+03 6.819395e+01 5.943193e+01 1.257603e+02 2.913160e+04 1.258372e+04 2.234259e+05 3.070652e+06 9.183708e+06
3.000000e-02 2.894000e-02  2.630909e-02  1.000000e-01 2.992321e-03 8.000000e-04 6.021652e+03 6.729770e+01 6.020984e+01 1.237250e+02 3.145946e+04 1.342242e+04 2.354915e+05 3.236475e+06 9.679652e+06
3.000000e-02 2.894000e-02  2.630909e-02  1.000000e-01 3.072056e-03 8.000000e-04 6.021652e+03 6.624345e+01 5.833769e+01 1.243159e+02 3.159917e+04 1.426767e+04 2.482087e+05 3.411253e+06 1.020238e+07
3.000000e-02 2.894000e-02  2.630909e-02  1.000000e-01 3.153914e-03 8.000000e-04 6.021652e+03 7.710363e+01 6.018500e+01 1.482219e+02 3.581941e+04 1.506200e+04 2.616126e+05 3.595470e+06 1.075333e+07
3.000000e-02 2.894000e-02  2.630909e-02  1.000000e-01 3.237955e-03 8.000000e-04 6.021652e+03 5.955859e+01 5.823616e+01 1.141011e+02 3.479000e+04 1.561331e+04 2.757403e+05 3.789634e+06 1.133404e+07
3.000000e-02 2.894000e-02  2.630909e-02  1.000000e-01 3.324234e-03 8.000000e-04 6.021652e+03 6.533726e+01 6.161907e+01 1.435071e+02 3.812864e+04 1.631506e+04 2.906310e+05 3.994285e+06 1.194611e+07
3.000000e-02 2.894000e-02  2.630909e-02  1.000000e-01 3.412813e-03 8.000000e-04 6.021652e+03 7.195711e+01 6.095017e+01 1.547529e+02 3.966302e+04 1.750932e+04 3.063259e+05 4.209986e+06 1.259123e+07
3.000000e-02 2.894000e-02  2.630909e-02  1.000000e-01 3.503751e-03 8.000000e-04 6.021652e+03 6.945225e+01 6.133819e+01 1.347173e+02 4.134930e+04 1.882042e+04 3.228683e+05 4.437337e+06 1.327119e+07
3.000000e-02 2.894000e-02  2.630909e-02  1.000000e-01 3.597114e-03 8.000000e-04 6.021652e+03 6.530437e+01 6.272915e+01 1.231062e+02 4.647510e+04 1.932927e+04 3.403040e+05 4.676965e+06 1.398787e+07
3.000000e-02 2.894000e-02  2.630909e-02  1.000000e-01 3.692963e-03 8.000000e-04 6.021652e+03 5.850909e+01 6.075941e+01 1.160126e+02 4.734964e+04 2.065541e+04 3.586813e+05 4.929533e+06 1.474325e+07
3.000000e-02 2.894000e-02  2.630909e-02  1.000000e-01 3.791367e-03 8.000000e-04 6.021652e+03 6.842073e+01 6.462239e+01 1.337170e+02 5.004268e+04 2.202493e+04 3.780511e+05 5.195742e+06 1.553943e+07
3.000000e-02 2.894000e-02  2.630909e-02  1.000000e-01 3.892393e-03 8.000000e-04 6.021652e+03 6.151565e+01 6.191282e+01 1.183660e+02 5.157031e+04 2.266021e+04 3.984669e+05 5.476326e+06 1.637860e+07
3.000000e-02 2.894000e-02  2.630909e-02  1.000000e-01 3.996112e-03 8.000000e-04 6.021652e+03 6.288411e+01 6.484941e+01 1.211710e+02 5.503582e+04 2.403777e+04 4.199852e+05 5.772062e+06 1.726309e+07
3.000000e-02 2.894000e-02  2.630909e-02  1.000000e-01 4.102593e-03 8.000000e-04 6.021652e+03 5.942719e+01 6.468365e+01 1.188773e+02 5.767949e+04 2.544418e+04 4.426655e+05 6.083770e+06 1.819534e+07
3.000000e-02 2.894000e-02  2.630909e-02  1.000000e-01 4.211913e-03 8.000000e-04 6.021652e+03 6.304887e+01 6.218308e+01 1.185419e+02 6.302335e+04 2.651112e+04 4.665707e+05 6.412310e+06 1.917794e+07
3.000000e-02 2.894000e-02  2.630909e-02  1.000000e-01 4.324145e-03 8.000000e-04 6.021652e+03 6.553350e+01 6.687076e+01 1.255800e+02 6.122663e+04 2.813576e+04 4.917669e+05 6.758593e+06 2.021360e+07
3.000000e-02 2.894000e-02  2.630909e-02  1.000000e-01 4.439368e-03 8.000000e-04 6.021652e+03 5.780063e+01 6.321650e+01 1.157804e+02 6.837564e+04 2.939552e+04 5.183237e+05 7.123576e+06 2.130520e+07
3.000000e-02 2.894000e-02  2.630909e-02  1.000000e-01 4.557661e-03 8.000000e-04 6.021652e+03 6.334597e+01 6.554918e+01 1.246439e+02 7.443546e+04 3.153478e+04 5.463146e+05 7.508270e+06 2.245574e+07
3.000000e-02 2.894000e-02  2.630909e-02  1.000000e-01 4.679107e-03 8.000000e-04 6.021652e+03 6.586322e+01 6.936454e+01 1.311297e+02 7.423717e+04 3.284816e+04 5.758172e+05 7.913738e+06 2.366841e+07
3.000000e-02 2.894000e-02  2.630909e-02  1.000000e-01 4.803788e-03 8.000000e-04 6.021652e+03 6.340536e+01 6.622127e+01 1.257690e+02 7.820516e+04 3.473229e+04 6.069130e+05 8.341103e+06 2.494658e+07
3.000000e-02 2.894000e-02  2.630909e-02  1.000000e-01 4.931792e-03 8.000000e-04 6.021652e+03 7.500328e+01 6.918592e+01 1.605341e+02 8.338350e+04 3.684482e+04 6.396881e+05 8.791548e+06 2.629376e+07
3.000000e-02 2.894000e-02  2.630909e-02  1.000000e-01 5.063207e-03 8.000000e-04 6.021652e+03 6.191493e+01 6.758648e+01 1.255117e+02 8.916019e+04 3.826778e+04 6.742332e+05 9.266318e+06 2.771371e+07
3.000000e-02 2.894000e-02  2.630909e-02  1.000000e-01 5.198124e-03 8.000000e-04 6.021652e+03 5.898999e+01 6.858776e+01 1.218895e+02 8.795330e+04 4.030296e+04 7.106439e+05 9.766727e+06 2.921033e+07
3.000000e-02 2.894000e-02  2.630909e-02  1.000000e-01 5.336636e-03 8.000000e-04 6.021652e+03 6.217586e+01 6.833797e+01 1.239909e+02 9.914070e+04 4.299939e+04 7.490208e+05 1.029416e+07 3.078778e+07
3.000000e-02 2.894000e-02  2.630909e-02  1.000000e-01 5.478839e-03 8.000000e-04 6.021652e+03 5.788531e+01 6.955035e+01 1.288210e+02 1.059966e+05 4.535082e+04 7.894703e+05 1.085008e+07 3.245042e+07
3.000000e-02 2.894000e-02  2.630909e-02  1.000000e-01 5.624831e-03 8.000000e-04 6.021652e+03 6.640189e+01 7.055824e+01 1.316638e+02 1.114301e+05 4.737370e+04 8.321042e+05 1.143602e+07 3.420284e+07
3.000000e-02 2.894000e-02  2.630909e-02  1.000000e-01 5.774713e-03 8.000000e-04 6.021652e+03 6.417556e+01 6.923878e+01 1.255009e+02 1.157019e+05 5.045402e+04 8.770405e+05 1.205360e+07 3.604990e+07
3.000000e-02 2.894000e-02  2.630909e-02  1.000000e-01 5.928590e-03 8.000000e-04 6.021652e+03 6.848493e+01 6.932679e+01 1.295100e+02 1.269459e+05 5.329749e+04 9.244035e+05 1.270453e+07 3.799672e+07
3.000000e-02 2.894000e-02  2.630909e-02  1.000000e-01 6.086567e-03 8.000000e-04 6.021652e+03 6.311001e+01 7.308880e+01 1.386808e+02 1.282489e+05 5.532086e+04 9.743244e+05 1.339062e+07 4.004866e+07
3.000000e-02 2.894000e-02  2.630909e-02  1.000000e-01 6.248754e-03 8.000000e-04 6.021652e+03 6.481261e+01 7.211632e+01 1.326687e+02 1.383140e+05 5.829568e+04 1.026941e+06 1.411376e+07 4.221143e+07
3.000000e-02 2.894000e-02  2.630909e-02  1.000000e-01 6.415262e-03 8.000000e-04 6.021652e+03 5.989004e+01 6.909546e+01 1.270623e+02 1.386624e+05 6.238789e+04 1.082399e+06 1.487595e+07 4.449099e+07
3.000000e-02 2.894000e-02  2.630909e-02  1.000000e-01 6.586208e-03 8.000000e-04 6.021652e+03 6.037414e+01 7.408920e+01 1.242729e+02 1.487094e+05 6.528740e+04 1.140853e+06 1.567930e+07 4.689366e+07
3.000000e-02 2.894000e-02  2.630909e-02  1.000000e-01 6.761709e-03 8.000000e-04 6.021652e+03 6.295968e+01 7.039972e+01 1.265728e+02 1.562000e+05 6.807792e+04 1.202463e+06 1.652604e+07 4.942608e+07
3.000000e-02 2.894000e-02  2.630909e-02  1.000000e-01 6.941887e-03 8.000000e-04 6.021652e+03 7.191027e+01 7.566371e+01 1.441328e+02 1.590273e+05 7.447952e+04 1.267400e+06 1.741850e+07 5.209527e+07
3.000000e-02 2.894000e-02  2.630909e-02  1.000000e-01 7.126866e-03 8.000000e-04 6.021652e+03 7.075856e+01 7.334968e+01 1.469451e+02 1.741847e+05 7.678504e+04 1.335845e+06 1.835917e+07 5.490860e+07
3.000000e-02 2.894000e-02  2.630909e-02  1.000000e-01 7.316774e-03 8.000000e-04 6.021652e+03 5.250697e+01 7.705360e+01 1.242466e+02 1.822707e+05 8.068417e+04 1.407985e+06 1.935063e+07 5.787388e+07
3.000000e-02 2.894000e-02  2.630909e-02  1.000000e-01 7.511744e-03 8.000000e-04 6.021652e+03 6.723942e+01 7.507851e+01 1.406513e+02 1.943514e+05 8.444612e+04 1.484022e+06 2.039564e+07 6.099929e+07
3.000000e-02 2.894000e-02  2.630909e-02  1.000000e-01 7.711908e-03 8.000000e-04 6.021652e+03 7.210065e+01 7.654704e+01 1.456841e+02 2.172178e+05 8.932274e+04 1.564165e+06 2.149708e+07 6.429349e+07
3.000000e-02 2.894000e-02  2.630909e-02  1.000000e-01 7.917407e-03 8.000000e-04 6.021652e+03 8.024715e+01 7.542487e+01 1.453001e+02 2.132341e+05 9.429070e+04 1.648636e+06 2.265801e+07 6.776559e+07
3.000000e-02 2.894000e-02  2.630909e-02  1.000000e-01 8.128383e-03 8.000000e-04 6.021652e+03 6.274498e+01 8.209663e+01 1.375267e+02 2.301200e+05 9.932926e+04 1.737669e+06 2.388164e+07 7.142521e+07
3.000000e-02 2.894000e-02  2.630909e-02  1.000000e-01 8.344980e-03 8.000000e-04 6.021652e+03 6.621095e+01 7.571207e+01 1.373228e+02 2.421901e+05 1.053293e+05 1.831510e+06 2.517135e+07 7.528247e+07
3.000000e-02 2.894000e-02  2.630909e-02  1.000000e-01 8.567350e-03 8.000000e-04 6.021652e+03 5.606830e+01 8.025580e+01 1.332006e+02 2.458488e+05 1.112847e+05 1.930420e+06 2.653071e+07 7.934805e+07
3.000000e-02 2.894000e-02  2.630909e-02  1.000000e-01 8.795645e-03 8.000000e-04 6.021652e+03 6.450145e+01 7.335656e+01 1.273686e+02 2.675773e+05 1.169007e+05 2.034671e+06 2.796348e+07 8.363319e+07
3.000000e-02 2.894000e-02  2.630909e-02  1.000000e-01 9.030025e-03 8.000000e-04 6.021652e+03 8.425587e+01 8.387675e+01 1.640786e+02 2.810890e+05 1.212299e+05 2.144552e+06 2.947364e+07 8.814976e+07
3.000000e-02 2.894000e-02  2.630909e-02  1.000000e-01 9.270651e-03 8.000000e-04 6.021652e+03 9.099411e+01 8.597367e+01 1.668272e+02 2.965832e+05 1.301555e+05 2.260368e+06 3.106535e+07 9.291026e+07
3.000000e-02 2.894000e-02  2.630909e-02  1.000000e-01 9.517689e-03 8.000000e-04 6.021652e+03 9.842647e+01 7.844262e+01 1.719697e+02 3.182264e+05 1.366104e+05 2.382439e+06 3.274303e+07 9.792785e+07
3.000000e-02 2.894000e-02  2.630909e-02  1.000000e-01 9.771310e-03 8.000000e-04 6.021652e+03 8.052917e+01 8.163216e+01 1.478554e+02 3.395531e+05 1.421974e+05 2.511102e+06 3.451131e+07 1.032164e+08
3.000000e-02 2.894000e-02  2.630909e-02  1.000000e-01 1.003169e-02 8.000000e-04 6.021652e+03 7.245929e+01 8.181308e+01 1.457923e+02 3.465901e+05 1.509912e+05 2.646714e+06 3.637509e+07 1.087906e+08
3.000000e-02 2.894000e-02  2.630909e-02  1.000000e-01 1.029901e-02 8.000000e-04 6.021652e+03 6.614571e+01 7.652646e+01 1.387195e+02 3.802536e+05 1.597750e+05 2.789651e+06 3.833954e+07 1.146659e+08
3.000000e-02 2.894000e-02  2.630909e-02  1.000000e-01 1.057346e-02 8.000000e-04 6.021652e+03 7.752969e+01 8.627778e+01 1.558297e+02 3.956484e+05 1.690925e+05 2.940307e+06 4.041008e+07 1.208585e+08
3.000000e-02 2.894000e-02  2.630909e-02  1.000000e-01 1.085521e-02 8.000000e-04 6.021652e+03 8.455112e+01 8.598722e+01 1.622501e+02 4.071802e+05 1.788749e+05 3.099099e+06 4.259244e+07 1.273855e+08
3.000000e-02 2.894000e-02  2.630909e-02  1.000000e-01 1.114448e-02 8.000000e-04 6.021652e+03 8.625423e+01 8.883128e+01 1.683253e+02 4.226488e+05 1.883586e+05 3.266468e+06 4.489267e+07 1.342650e+08
3.000000e-02 2.894000e-02  2.630909e-02  1.000000e-01 1.144146e-02 8.000000e-04 6.021652e+03 7.313115e+01 9.031372e+01 1.592327e+02 4.400757e+05 1.956384e+05 3.442877e+06 4.731714e+07 1.415161e+08
3.000000e-02 2.894000e-02  2.630909e-02  1.000000e-01 1.174635e-02 8.000000e-04 6.021652e+03 9.347464e+01 8.373180e+01 1.792197e+02 4.897146e+05 2.086512e+05 3.628813e+06 4.987255e+07 1.491589e+08
3.000000e-02 2.894000e-02  2.630909e-02  1.000000e-01 1.205937e-02 8.000000e-04 6.021652e+03 9.083470e+01 9.666969e+01 1.822999e+02 5.024654e+05 2.175369e+05 3.824791e+06 5.256598e+07 1.572144e+08
3.000000e-02 2.894000e-02  2.630909e-02  1.000000e-01 1.238073e-02 8.000000e-04 6.021652e+03 6.925709e+01 9.829225e+01 1.627792e+02 5.339430e+05 2.324550e+05 4.031355e+06 5.540488e+07 1.657050e+08
3.000000e-02 2.894000e-02  2.630909e-02  1.000000e-01 1.271065e-02 8.000000e-04 6.021652e+03 1.062897e+02 8.062109e+01 1.747603e+02 5.545865e+05 2.437847e+05 4.249075e+06 5.839712e+07 1.746541e+08
3.000000e-02 2.894000e-02  2.630909e-02  1.000000e-01 1.304937e-02 8.000000e-04 6.021652e+03 8.376568e+01 9.294770e+01 1.837331e+02 6.087544e+05 2.561687e+05 4.478554e+06 6.155097e+07 1.840867e+08
3.000000e-02 2.894000e-02  2.630909e-02  1.000000e-01 1.339712e-02 8.000000e-04 6.021652e+03 8.896908e+01 9.655921e+01 1.780629e+02 5.958711e+05 2.707268e+05 4.720428e+06 6.487516e+07 1.940287e+08
3.000000e-02 2.894000e-02  2.630909e-02  1.000000e-01 1.375413e-02 8.000000e-04 6.021652e+03 7.781819e+01 9.343981e+01 1.608876e+02 6.425125e+05 2.852294e+05 4.975366e+06 6.837890e+07 2.045076e+08
3.000000e-02 2.894000e-02  2.630909e-02  1.000000e-01 1.412066e-02 8.000000e-04 6.021652e+03 5.571534e+01 1.015229e+02 1.754792e+02 6.819232e+05 3.014379e+05 5.244074e+06 7.207188e+07 2.155526e+08
3.000000e-02 2.894000e-02  2.630909e-02  1.000000e-01 1.449696e-02 8.000000e-04 6.021652e+03 1.142740e+02 1.098257e+02 2.237870e+02 6.909375e+05 3.128424e+05 5.527296e+06 7.596434e+07 2.271942e+08
3.000000e-02 2.894000e-02  2.630909e-02  1.000000e-01 1.488329e-02 8.000000e-04 6.021652e+03 8.009173e+01 1.110572e+02 1.939211e+02 7.391918e+05 3.346158e+05 5.825816e+06 8.006705e+07 2.394646e+08
3.000000e-02 2.894000e-02  2.630909e-02  1.000000e-01 1.527992e-02 8.000000e-04 6.021652e+03 1.016436e+02 1.081950e+02 2.127112e+02 8.028826e+05 3.503897e+05 6.140460e+06 8.439136e+07 2.523977e+08
3.000000e-02 2.894000e-02  2.630909e-02  1.000000e-01 1.568712e-02 8.000000e-04 6.021652e+03 9.987575e+01 1.017972e+02 2.009885e+02 8.321593e+05 3.719733e+05 6.472100e+06 8.894925e+07 2.660294e+08
3.000000e-02 2.894000e-02  2.630909e-02  1.000000e-01 1.610518e-02 8.000000e-04 6.021652e+03 9.859925e+01 1.071548e+02 2.188295e+02 8.359764e+05 3.860757e+05 6.821654e+06 9.375333e+07 2.803975e+08
3.000000e-02 2.894000e-02  2.630909e-02  1.000000e-01 1.653437e-02 8.000000e-04 6.021652e+03 9.256759e+01 9.850757e+01 1.867148e+02 9.359201e+05 4.156522e+05 7.190089e+06 9.881692e+07 2.955417e+08
3.000000e-02 2.894000e-02  2.630909e-02  1.000000e-01 1.697501e-02 8.000000e-04 6.021652e+03 8.874574e+01 9.384234e+01 1.742234e+02 1.034583e+06 4.341187e+05 7.578427e+06 1.041540e+08 3.115039e+08
3.000000e-02 2.894000e-02  2.630909e-02  1.000000e-01 1.742740e-02 8.000000e-04 6.021652e+03 9.389451e+01 1.019894e+02 2.020611e+02 1.039059e+06 4.564626e+05 7.987741e+06 1.097794e+08 3.283284e+08
3.000000e-02 2.894000e-02  2.630909e-02  1.000000e-01 1.789185e-02 8.000000e-04 6.021652e+03 1.195380e+02 1.187248e+02 2.742279e+02 1.171472e+06 4.850958e+05 8.419167e+06 1.157087e+08 3.460617e+08
3.000000e-02 2.894000e-02  2.630909e-02  1.000000e-01 1.836868e-02 8.000000e-04 6.021652e+03 1.438989e+02 1.103060e+02 2.467075e+02 1.157048e+06 5.121880e+05 8.873898e+06 1.219583e+08 3.647530e+08
3.000000e-02 2.894000e-02  2.630909e-02  1.000000e-01 1.885822e-02 8.000000e-04 6.021652e+03 8.653643e+01 9.828106e+01 1.961941e+02 1.238938e+06 5.351377e+05 9.353194e+06 1.285455e+08 3.844540e+08
3.000000e-02 2.894000e-02  2.630909e-02  1.000000e-01 1.936081e-02 8.000000e-04 6.021652e+03 1.965734e+02 1.086455e+02 3.548610e+02 1.277836e+06 5.518363e+05 9.858383e+06 1.354886e+08 4.052193e+08
3.000000e-02 2.894000e-02  2.630909e-02  1.000000e-01 1.987680e-02 8.000000e-04 6.021652e+03 1.602087e+02 1.147371e+02 2.957105e+02 1.307079e+06 6.050794e+05 1.039086e+07 1.428067e+08 4.271064e+08
3.000000e-02 2.894000e-02  2.630909e-02  1.000000e-01 2.040655e-02 8.000000e-04 6.021652e+03 1.696103e+02 1.245968e+02 3.188662e+02 1.461743e+06 6.346771e+05 1.095211e+07 1.505202e+08 4.501760e+08
3.000000e-02 2.894000e-02  2.630909e-02  1.000000e-01 2.095042e-02 8.000000e-04 6.021652e+03 1.372491e+02 1.344057e+02 3.233971e+02 1.474198e+06 6.525331e+05 1.154368e+07 1.586505e+08 4.744919e+08
3.000000e-02 2.894000e-02  2.630909e-02  1.000000e-01 2.150880e-02 8.000000e-04 6.021652e+03 1.441509e+02 1.236193e+02 2.761157e+02 1.654546e+06 7.022658e+05 1.216721e+07 1.672199e+08 5.001214e+08
3.000000e-02 2.894000e-02  2.630909e-02  1.000000e-01 2.208206e-02 8.000000e-04 6.021652e+03 1.359570e+02 1.074440e+02 2.543157e+02 1.695160e+06 7.301492e+05 1.282443e+07 1.762524e+08 5.271357e+08
3.000000e-02 2.894000e-02  2.630909e-02  1.000000e-01 2.267061e-02 8.000000e-04 6.021652e+03 1.539875e+02 1.255350e+02 3.049500e+02 1.789325e+06 7.804865e+05 1.351715e+07 1.857729e+08 5.556096e+08
3.000000e-02 2.894000e-02  2.630909e-02  1.000000e-01 2.327486e-02 8.000000e-04 6.021652e+03 1.940228e+02 1.285968e+02 3.105743e+02 1.788607e+06 8.119299e+05 1.424731e+07 1.958078e+08 5.856219e+08
3.000000e-02 2.894000e-02  2.630909e-02  1.000000e-01 2.389522e-02 8.000000e-04 6.021652e+03 1.968761e+02 1.255506e+02 3.901242e+02 1.966896e+06 8.450111e+05 1.501692e+07 2.063848e+08 6.172559e+08
3.000000e-02 2.894000e-02  2.630909e-02  1.000000e-01 2.453212e-02 8.000000e-04 6.021652e+03 2.226200e+02 1.125740e+02 3.996944e+02 2.075333e+06 9.054506e+05 1.582811e+07 2.175335e+08 6.505992e+08
3.000000e-02 2.894000e-02  2.630909e-02  1.000000e-01 2.518601e-02 8.000000e-04 6.021652e+03 1.466672e+02 1.290177e+02 3.275361e+02 2.151231e+06 9.481834e+05 1.668313e+07 2.292845e+08 6.857442e+08
3.000000e-02 2.894000e-02  2.630909e-02  1.000000e-01 2.585735e-02 8.000000e-04 6.021652e+03 1.953023e+02 1.441196e+02 4.216382e+02 2.422778e+06 1.014824e+06 1.758436e+07 2.416705e+08 7.227883e+08
3.000000e-02 2.894000e-02  2.630909e-02  1.000000e-01 2.654658e-02 8.000000e-04 6.021652e+03 1.524529e+02 1.376473e+02 3.113978e+02 2.367487e+06 1.040965e+06 1.853429e+07 2.547259e+08 7.618343e+08
3.000000e-02 2.894000e-02  2.630909e-02  1.000000e-01 2.725421e-02 8.000000e-04 6.021652e+03 1.859399e+02 1.348864e+02 4.219535e+02 2.551399e+06 1.124220e+06 1.953556e+07 2.684868e+08 8.029904e+08
3.000000e-02 2.894000e-02  2.630909e-02  1.000000e-01 2.798071e-02 8.000000e-04 6.021652e+03 2.331204e+02 1.330124e+02 4.726044e+02 2.816123e+06 1.190210e+06 2.059094e+07 2.829914e+08 8.463707e+08
3.000000e-02 2.894000e-02  2.630909e-02  1.000000e-01 2.872659e-02 8.000000e-04 6.021652e+03 2.015660e+02 1.315646e+02 3.327180e+02 2.792454e+06 1.264113e+06 2.170336e+07 2.982799e+08 8.920956e+08
3.000000e-02 2.894000e-02  2.630909e-02  1.000000e-01 2.949237e-02 8.000000e-04 6.021652e+03 1.909539e+02 1.356228e+02 3.922434e+02 2.920151e+06 1.315373e+06 2.287590e+07 3.143947e+08 9.402917e+08
3.000000e-02 2.894000e-02  2.630909e-02  1.000000e-01 3.027858e-02 8.000000e-04 6.021652e+03 1.336386e+02 1.339173e+02 2.968513e+02 3.188774e+06 1.369177e+06 2.411181e+07 3.313805e+08 9.910929e+08
3.000000e-02 2.894000e-02  2.630909e-02  1.000000e-01 3.108578e-02 8.000000e-04 6.021652e+03 2.100694e+02 1.404273e+02 4.521966e+02 3.421935e+06 1.459326e+06 2.541454e+07 3.492845e+08 1.044640e+09
3.000000e-02 2.894000e-02  2.630909e-02  1.000000e-01 3.191451e-02 8.000000e-04 6.021652e+03 2.355116e+02 1.337185e+02 4.839249e+02 3.408046e+06 1.520115e+06 2.678768e+07 3.681562e+08 1.101082e+09
3.000000e-02 2.894000e-02  2.630909e-02  1.000000e-01 3.276536e-02 8.000000e-04 6.021652e+03 2.335993e+02 1.375696e+02 4.859769e+02 3.589661e+06 1.623550e+06 2.823505e+07 3.880482e+08 1.160575e+09
3.000000e-02 2.894000e-02  2.630909e-02  1.000000e-01 3.363892e-02 8.000000e-04 6.021652e+03 1.776670e+02 1.330456e+02 4.295182e+02 3.806940e+06 1.730126e+06 2.976067e+07 4.090155e+08 1.223284e+09
3.000000e-02 2.894000e-02  2.630909e-02  1.000000e-01 3.453579e-02 8.000000e-04 6.021652e+03 2.442973e+02 1.261431e+02 4.766030e+02 4.062778e+06 1.836147e+06 3.136878e+07 4.311165e+08 1.289383e+09
3.000000e-02 2.894000e-02  2.630909e-02  1.000000e-01 3.545661e-02 8.000000e-04 6.021652e+03 2.002248e+02 1.545760e+02 3.707579e+02 4.246436e+06 1.880392e+06 3.306383e+07 4.544124e+08 1.359057e+09
3.000000e-02 2.894000e-02  2.630909e-02  1.000000e-01 3.640201e-02 8.000000e-04 6.021652e+03 1.817488e+02 1.475220e+02 4.595969e+02 4.385556e+06 2.010296e+06 3.485054e+07 4.789680e+08 1.432498e+09
3.000000e-02 2.894000e-02  2.630909e-02  1.000000e-01 3.737265e-02 8.000000e-04 6.021652e+03 2.758475e+02 1.363466e+02 4.415083e+02 4.897141e+06 2.121034e+06 3.673386e+07 5.048514e+08 1.509910e+09
3.000000e-02 2.894000e-02  2.630909e-02  1.000000e-01 3.836921e-02 8.000000e-04 6.021652e+03 1.865013e+02 1.528894e+02 5.041161e+02 5.142784e+06 2.179822e+06 3.871903e+07 5.321347e+08 1.591509e+09
3.000000e-02 2.894000e-02  2.630909e-02  1.000000e-01 3.939239e-02 8.000000e-04 6.021652e+03 2.724975e+02 1.586463e+02 4.564038e+02 5.187643e+06 2.326785e+06 4.081157e+07 5.608935e+08 1.677520e+09
3.000000e-02 2.894000e-02  2.630909e-02  1.000000e-01 4.044289e-02 8.000000e-04 6.021652e+03 2.282321e+02 1.415004e+02 4.134257e+02 5.926303e+06 2.457085e+06 4.301729e+07 5.912078e+08 1.768184e+09
3.000000e-02 2.894000e-02  2.630909e-02  1.000000e-01 4.152145e-02 8.000000e-04 6.021652e+03 2.389054e+02 1.433412e+02 5.192764e+02 5.892191e+06 2.546475e+06 4.534233e+07 6.231619e+08 1.863753e+09
3.000000e-02 2.894000e-02  2.630909e-02  1.000000e-01 4.262883e-02 8.000000e-04 6.021652e+03 2.481023e+02 1.396983e+02 5.175748e+02 6.233293e+06 2.713918e+06 4.779315e+07 6.568446e+08 1.964491e+09
3.000000e-02 2.894000e-02  2.630909e-02  1.000000e-01 4.376580e-02 8.000000e-04 6.021652e+03 2.574351e+02 1.495142e+02 5.703375e+02 6.774458e+06 2.880862e+06 5.037656e+07 6.923497e+08 2.070680e+09
3.000000e-02 2.894000e-02  2.630909e-02  1.000000e-01 4.493315e-02 8.000000e-04 6.021652e+03 2.973907e+02 1.614325e+02 6.094555e+02 6.712691e+06 3.032672e+06 5.309975e+07 7.297760e+08 2.182614e+09
