3.000000e-02 1.194000e-01  1.085455e-01  1.000000e-01 2.000000e-06 8.000000e-04 3.354900e+00 3.179946e+01 2.258168e+01 6.912999e+01 5.526283e-02 2.363073e+00 1.179891e+00 3.892268e+00 6.903067e+01
3.000000e-02 1.194000e-01  1.085455e-01  1.000000e-01 2.053292e-06 8.000000e-04 3.354900e+00 3.179938e+01 2.255990e+01 6.912895e+01 5.874187e-02 2.509747e+00 1.243607e+00 4.102459e+00 7.275848e+01
3.000000e-02 1.194000e-01  1.085455e-01  1.000000e-01 2.108005e-06 8.000000e-04 3.354900e+00 3.179914e+01 2.254218e+01 6.912465e+01 6.232044e-02 2.673870e+00 1.310765e+00 4.324001e+00 7.668761e+01
3.000000e-02 1.194000e-01  1.085455e-01  1.000000e-01 2.164175e-06 8.000000e-04 3.354900e+00 3.179905e+01 2.252525e+01 6.911902e+01 6.581612e-02 2.781345e+00 1.381549e+00 4.557507e+00 8.082891e+01
3.000000e-02 1.194000e-01  1.085455e-01  1.000000e-01 2.221842e-06 8.000000e-04 3.354900e+00 3.179877e+01 2.250921e+01 6.910711e+01 6.983851e-02 2.944432e+00 1.456156e+00 4.803623e+00 8.519386e+01
3.000000e-02 1.194000e-01  1.085455e-01  1.000000e-01 2.281045e-06 8.000000e-04 3.354900e+00 3.179855e+01 2.247891e+01 6.909865e+01 7.268765e-02 3.143904e+00 1.534792e+00 5.063030e+00 8.979453e+01
3.000000e-02 1.194000e-01  1.085455e-01  1.000000e-01 2.341826e-06 8.000000e-04 3.354900e+00 3.179849e+01 2.246104e+01 6.910158e+01 7.775253e-02 3.303125e+00 1.617674e+00 5.336445e+00 9.464364e+01
3.000000e-02 1.194000e-01  1.085455e-01  1.000000e-01 2.404227e-06 8.000000e-04 3.354900e+00 3.179826e+01 2.243532e+01 6.909103e+01 8.095598e-02 3.468773e+00 1.705032e+00 5.624626e+00 9.975462e+01
3.000000e-02 1.194000e-01  1.085455e-01  1.000000e-01 2.468290e-06 8.000000e-04 3.354900e+00 3.179801e+01 2.242590e+01 6.908255e+01 8.581440e-02 3.637745e+00 1.797108e+00 5.928369e+00 1.051416e+02
3.000000e-02 1.194000e-01  1.085455e-01  1.000000e-01 2.534061e-06 8.000000e-04 3.354900e+00 3.179792e+01 2.239096e+01 6.907879e+01 8.997729e-02 3.847443e+00 1.894156e+00 6.248514e+00 1.108195e+02
3.000000e-02 1.194000e-01  1.085455e-01  1.000000e-01 2.601584e-06 8.000000e-04 3.354900e+00 3.179763e+01 2.235447e+01 6.906738e+01 9.527736e-02 4.091634e+00 1.996445e+00 6.585948e+00 1.168040e+02
3.000000e-02 1.194000e-01  1.085455e-01  1.000000e-01 2.670906e-06 8.000000e-04 3.354900e+00 3.179742e+01 2.235532e+01 6.906554e+01 1.006158e-01 4.296334e+00 2.104258e+00 6.941605e+00 1.231117e+02
3.000000e-02 1.194000e-01  1.085455e-01  1.000000e-01 2.742075e-06 8.000000e-04 3.354900e+00 3.179717e+01 2.232399e+01 6.905306e+01 1.049277e-01 4.483919e+00 2.217892e+00 7.316468e+00 1.297600e+02
3.000000e-02 1.194000e-01  1.085455e-01  1.000000e-01 2.815141e-06 8.000000e-04 3.354900e+00 3.179689e+01 2.227729e+01 6.905006e+01 1.105115e-01 4.754921e+00 2.337664e+00 7.711574e+00 1.367673e+02
3.000000e-02 1.194000e-01  1.085455e-01  1.000000e-01 2.890154e-06 8.000000e-04 3.354900e+00 3.179644e+01 2.222965e+01 6.904255e+01 1.175894e-01 5.012520e+00 2.463903e+00 8.128016e+00 1.441531e+02
3.000000e-02 1.194000e-01  1.085455e-01  1.000000e-01 2.967165e-06 8.000000e-04 3.354900e+00 3.179633e+01 2.222703e+01 6.903487e+01 1.224749e-01 5.262233e+00 2.596959e+00 8.566948e+00 1.519377e+02
3.000000e-02 1.194000e-01  1.085455e-01  1.000000e-01 3.046229e-06 8.000000e-04 3.354900e+00 3.179622e+01 2.217633e+01 6.901779e+01 1.281200e-01 5.571488e+00 2.737201e+00 9.029583e+00 1.601427e+02
3.000000e-02 1.194000e-01  1.085455e-01  1.000000e-01 3.127399e-06 8.000000e-04 3.354900e+00 3.179564e+01 2.212880e+01 6.902244e+01 1.361734e-01 5.908753e+00 2.885016e+00 9.517201e+00 1.687907e+02
3.000000e-02 1.194000e-01  1.085455e-01  1.000000e-01 3.210732e-06 8.000000e-04 3.354900e+00 3.179525e+01 2.211332e+01 6.900840e+01 1.447459e-01 6.231146e+00 3.040814e+00 1.003115e+01 1.779058e+02
3.000000e-02 1.194000e-01  1.085455e-01  1.000000e-01 3.296286e-06 8.000000e-04 3.354900e+00 3.179497e+01 2.206023e+01 6.898811e+01 1.513921e-01 6.524116e+00 3.205025e+00 1.057286e+01 1.875132e+02
3.000000e-02 1.194000e-01  1.085455e-01  1.000000e-01 3.384119e-06 8.000000e-04 3.354900e+00 3.179455e+01 2.203211e+01 6.898522e+01 1.593819e-01 6.847668e+00 3.378104e+00 1.114382e+01 1.976393e+02
3.000000e-02 1.194000e-01  1.085455e-01  1.000000e-01 3.474293e-06 8.000000e-04 3.354900e+00 3.179390e+01 2.196987e+01 6.896347e+01 1.720856e-01 7.267513e+00 3.560529e+00 1.174561e+01 2.083123e+02
3.000000e-02 1.194000e-01  1.085455e-01  1.000000e-01 3.566869e-06 8.000000e-04 3.354900e+00 3.179358e+01 2.193535e+01 6.896478e+01 1.821278e-01 7.682016e+00 3.752806e+00 1.237990e+01 2.195616e+02
3.000000e-02 1.194000e-01  1.085455e-01  1.000000e-01 3.661913e-06 8.000000e-04 3.354900e+00 3.179344e+01 2.190014e+01 6.895462e+01 1.853572e-01 8.035995e+00 3.955466e+00 1.304844e+01 2.314185e+02
3.000000e-02 1.194000e-01  1.085455e-01  1.000000e-01 3.759488e-06 8.000000e-04 3.354900e+00 3.179285e+01 2.183185e+01 6.894655e+01 1.984910e-01 8.450187e+00 4.169070e+00 1.375309e+01 2.439156e+02
3.000000e-02 1.194000e-01  1.085455e-01  1.000000e-01 3.859664e-06 8.000000e-04 3.354900e+00 3.179253e+01 2.179355e+01 6.893846e+01 2.077115e-01 8.947383e+00 4.394210e+00 1.449579e+01 2.570876e+02
3.000000e-02 1.194000e-01  1.085455e-01  1.000000e-01 3.962510e-06 8.000000e-04 3.354900e+00 3.179200e+01 2.176879e+01 6.892597e+01 2.193751e-01 9.360418e+00 4.631507e+00 1.527859e+01 2.709709e+02
3.000000e-02 1.194000e-01  1.085455e-01  1.000000e-01 4.068095e-06 8.000000e-04 3.354900e+00 3.179152e+01 2.167086e+01 6.890370e+01 2.315760e-01 9.880511e+00 4.881619e+00 1.610367e+01 2.856040e+02
3.000000e-02 1.194000e-01  1.085455e-01  1.000000e-01 4.176494e-06 8.000000e-04 3.354900e+00 3.179055e+01 2.160165e+01 6.889106e+01 2.482659e-01 1.043386e+01 5.145238e+00 1.697331e+01 3.010273e+02
3.000000e-02 1.194000e-01  1.085455e-01  1.000000e-01 4.287782e-06 8.000000e-04 3.354900e+00 3.178972e+01 2.153736e+01 6.887560e+01 2.578959e-01 1.100881e+01 5.423093e+00 1.788990e+01 3.172834e+02
3.000000e-02 1.194000e-01  1.085455e-01  1.000000e-01 4.402035e-06 8.000000e-04 3.354900e+00 3.178936e+01 2.148796e+01 6.887264e+01 2.676189e-01 1.157140e+01 5.715952e+00 1.885600e+01 3.344175e+02
3.000000e-02 1.194000e-01  1.085455e-01  1.000000e-01 4.519332e-06 8.000000e-04 3.354900e+00 3.178862e+01 2.142252e+01 6.885638e+01 2.846461e-01 1.219275e+01 6.024627e+00 1.987427e+01 3.524768e+02
3.000000e-02 1.194000e-01  1.085455e-01  1.000000e-01 4.639755e-06 8.000000e-04 3.354900e+00 3.178839e+01 2.136658e+01 6.886947e+01 2.963826e-01 1.280015e+01 6.349971e+00 2.094752e+01 3.715113e+02
3.000000e-02 1.194000e-01  1.085455e-01  1.000000e-01 4.763386e-06 8.000000e-04 3.354900e+00 3.178735e+01 2.125188e+01 6.883467e+01 3.177891e-01 1.369955e+01 6.692884e+00 2.207874e+01 3.915738e+02
3.000000e-02 1.194000e-01  1.085455e-01  1.000000e-01 4.890312e-06 8.000000e-04 3.354900e+00 3.178625e+01 2.124074e+01 6.885026e+01 3.310816e-01 1.409637e+01 7.054315e+00 2.327104e+01 4.127197e+02
3.000000e-02 1.194000e-01  1.085455e-01  1.000000e-01 5.020620e-06 8.000000e-04 3.354900e+00 3.178620e+01 2.109827e+01 6.883713e+01 3.537722e-01 1.512883e+01 7.435264e+00 2.452773e+01 4.350075e+02
3.000000e-02 1.194000e-01  1.085455e-01  1.000000e-01 5.154400e-06 8.000000e-04 3.354900e+00 3.178493e+01 2.104695e+01 6.885274e+01 3.799487e-01 1.569782e+01 7.836786e+00 2.585229e+01 4.584989e+02
3.000000e-02 1.194000e-01  1.085455e-01  1.000000e-01 5.291745e-06 8.000000e-04 3.354900e+00 3.178452e+01 2.090326e+01 6.883483e+01 3.897335e-01 1.686843e+01 8.259990e+00 2.724837e+01 4.832589e+02
3.000000e-02 1.194000e-01  1.085455e-01  1.000000e-01 5.432750e-06 8.000000e-04 3.354900e+00 3.178383e+01 2.085883e+01 6.883330e+01 4.113857e-01 1.741293e+01 8.706049e+00 2.871984e+01 5.093560e+02
3.000000e-02 1.194000e-01  1.085455e-01  1.000000e-01 5.577512e-06 8.000000e-04 3.354900e+00 3.178173e+01 2.071073e+01 6.884453e+01 4.414340e-01 1.862082e+01 9.176196e+00 3.027078e+01 5.368624e+02
3.000000e-02 1.194000e-01  1.085455e-01  1.000000e-01 5.726131e-06 8.000000e-04 3.354900e+00 3.178102e+01 2.068231e+01 6.882962e+01 4.566600e-01 1.973831e+01 9.671732e+00 3.190548e+01 5.658543e+02
3.000000e-02 1.194000e-01  1.085455e-01  1.000000e-01 5.878710e-06 8.000000e-04 3.354900e+00 3.177933e+01 2.054637e+01 6.881375e+01 4.844715e-01 2.031602e+01 1.019403e+01 3.362844e+01 5.964117e+02
3.000000e-02 1.194000e-01  1.085455e-01  1.000000e-01 6.035355e-06 8.000000e-04 3.354900e+00 3.177828e+01 2.040877e+01 6.885643e+01 5.111237e-01 2.181963e+01 1.074453e+01 3.544446e+01 6.286193e+02
3.000000e-02 1.194000e-01  1.085455e-01  1.000000e-01 6.196174e-06 8.000000e-04 3.354900e+00 3.177765e+01 2.034892e+01 6.884188e+01 5.360967e-01 2.320080e+01 1.132476e+01 3.735854e+01 6.625662e+02
3.000000e-02 1.194000e-01  1.085455e-01  1.000000e-01 6.361278e-06 8.000000e-04 3.354900e+00 3.177576e+01 2.016940e+01 6.887877e+01 5.605437e-01 2.428674e+01 1.193632e+01 3.937599e+01 6.983463e+02
3.000000e-02 1.194000e-01  1.085455e-01  1.000000e-01 6.530782e-06 8.000000e-04 3.354900e+00 3.177426e+01 2.002398e+01 6.890125e+01 5.997672e-01 2.561547e+01 1.258091e+01 4.150238e+01 7.360586e+02
3.000000e-02 1.194000e-01  1.085455e-01  1.000000e-01 6.704802e-06 8.000000e-04 3.354900e+00 3.177307e+01 1.996856e+01 6.886641e+01 6.363431e-01 2.680834e+01 1.326031e+01 4.374361e+01 7.758075e+02
3.000000e-02 1.194000e-01  1.085455e-01  1.000000e-01 6.883459e-06 8.000000e-04 3.354900e+00 3.177147e+01 1.987078e+01 6.885007e+01 6.572041e-01 2.862874e+01 1.397640e+01 4.610586e+01 8.177029e+02
3.000000e-02 1.194000e-01  1.085455e-01  1.000000e-01 7.066877e-06 8.000000e-04 3.354900e+00 3.176856e+01 1.969097e+01 6.891991e+01 7.037527e-01 2.978334e+01 1.473115e+01 4.859569e+01 8.618607e+02
3.000000e-02 1.194000e-01  1.085455e-01  1.000000e-01 7.255182e-06 8.000000e-04 3.354900e+00 3.176816e+01 1.959840e+01 6.904089e+01 7.268034e-01 3.142880e+01 1.552667e+01 5.121997e+01 9.084032e+02
3.000000e-02 1.194000e-01  1.085455e-01  1.000000e-01 7.448504e-06 8.000000e-04 3.354900e+00 3.176606e+01 1.938259e+01 6.902877e+01 7.745851e-01 3.346654e+01 1.636515e+01 5.398596e+01 9.574591e+02
3.000000e-02 1.194000e-01  1.085455e-01  1.000000e-01 7.646978e-06 8.000000e-04 3.354900e+00 3.176399e+01 1.926387e+01 6.916963e+01 8.179903e-01 3.526294e+01 1.724890e+01 5.690133e+01 1.009164e+03
3.000000e-02 1.194000e-01  1.085455e-01  1.000000e-01 7.850741e-06 8.000000e-04 3.354900e+00 3.176193e+01 1.917764e+01 6.908188e+01 8.694799e-01 3.663600e+01 1.818038e+01 5.997413e+01 1.063661e+03
3.000000e-02 1.194000e-01  1.085455e-01  1.000000e-01 8.059933e-06 8.000000e-04 3.354900e+00 3.176071e+01 1.896600e+01 6.920335e+01 9.207465e-01 3.944017e+01 1.916216e+01 6.321287e+01 1.121101e+03
3.000000e-02 1.194000e-01  1.085455e-01  1.000000e-01 8.274699e-06 8.000000e-04 3.354900e+00 3.175717e+01 1.884639e+01 6.938909e+01 9.611282e-01 4.096503e+01 2.019697e+01 6.662652e+01 1.181643e+03
3.000000e-02 1.194000e-01  1.085455e-01  1.000000e-01 8.495188e-06 8.000000e-04 3.354900e+00 3.175483e+01 1.878077e+01 6.942482e+01 1.014258e+00 4.316697e+01 2.128765e+01 7.022450e+01 1.245455e+03
3.000000e-02 1.194000e-01  1.085455e-01  1.000000e-01 8.721552e-06 8.000000e-04 3.354900e+00 3.175314e+01 1.865912e+01 6.956815e+01 1.070250e+00 4.552134e+01 2.243723e+01 7.401679e+01 1.312712e+03
3.000000e-02 1.194000e-01  1.085455e-01  1.000000e-01 8.953948e-06 8.000000e-04 3.354900e+00 3.175032e+01 1.848805e+01 6.963747e+01 1.127148e+00 4.809589e+01 2.364889e+01 7.801386e+01 1.383602e+03
3.000000e-02 1.194000e-01  1.085455e-01  1.000000e-01 9.192536e-06 8.000000e-04 3.354900e+00 3.174753e+01 1.836011e+01 6.992264e+01 1.169422e+00 5.074453e+01 2.492599e+01 8.222679e+01 1.458320e+03
3.000000e-02 1.194000e-01  1.085455e-01  1.000000e-01 9.437481e-06 8.000000e-04 3.354900e+00 3.174607e+01 1.810601e+01 6.993886e+01 1.228488e+00 5.351661e+01 2.627205e+01 8.666723e+01 1.537072e+03
3.000000e-02 1.194000e-01  1.085455e-01  1.000000e-01 9.688954e-06 8.000000e-04 3.354900e+00 3.174018e+01 1.801799e+01 7.005526e+01 1.316253e+00 5.585294e+01 2.769080e+01 9.134746e+01 1.620078e+03
3.000000e-02 1.194000e-01  1.085455e-01  1.000000e-01 9.947127e-06 8.000000e-04 3.354900e+00 3.173823e+01 1.785752e+01 7.050806e+01 1.382153e+00 5.999497e+01 2.918617e+01 9.628043e+01 1.707566e+03
3.000000e-02 1.194000e-01  1.085455e-01  1.000000e-01 1.021218e-05 8.000000e-04 3.354900e+00 3.173520e+01 1.770614e+01 7.076591e+01 1.465370e+00 6.258409e+01 3.076229e+01 1.014798e+02 1.799778e+03
3.000000e-02 1.194000e-01  1.085455e-01  1.000000e-01 1.048430e-05 8.000000e-04 3.354900e+00 3.173130e+01 1.767673e+01 7.087283e+01 1.524672e+00 6.569095e+01 3.242352e+01 1.069599e+02 1.896970e+03
3.000000e-02 1.194000e-01  1.085455e-01  1.000000e-01 1.076366e-05 8.000000e-04 3.354900e+00 3.172824e+01 1.753202e+01 7.127599e+01 1.629171e+00 6.922492e+01 3.417447e+01 1.127360e+02 1.999411e+03
3.000000e-02 1.194000e-01  1.085455e-01  1.000000e-01 1.105047e-05 8.000000e-04 3.354900e+00 3.172185e+01 1.745002e+01 7.171775e+01 1.692757e+00 7.344323e+01 3.601997e+01 1.188240e+02 2.107384e+03
3.000000e-02 1.194000e-01  1.085455e-01  1.000000e-01 1.134492e-05 8.000000e-04 3.354900e+00 3.171779e+01 1.739002e+01 7.215627e+01 1.803641e+00 7.734183e+01 3.796513e+01 1.252408e+02 2.221188e+03
3.000000e-02 1.194000e-01  1.085455e-01  1.000000e-01 1.164722e-05 8.000000e-04 3.354900e+00 3.171445e+01 1.726360e+01 7.272519e+01 1.897519e+00 8.160985e+01 4.001533e+01 1.320041e+02 2.341137e+03
3.000000e-02 1.194000e-01  1.085455e-01  1.000000e-01 1.195758e-05 8.000000e-04 3.354900e+00 3.170808e+01 1.719243e+01 7.308229e+01 1.998325e+00 8.616224e+01 4.217625e+01 1.391326e+02 2.467564e+03
3.000000e-02 1.194000e-01  1.085455e-01  1.000000e-01 1.227620e-05 8.000000e-04 3.354900e+00 3.170464e+01 1.702809e+01 7.301681e+01 2.109101e+00 9.010503e+01 4.445387e+01 1.466461e+02 2.600818e+03
3.000000e-02 1.194000e-01  1.085455e-01  1.000000e-01 1.260331e-05 8.000000e-04 3.354900e+00 3.169734e+01 1.707130e+01 7.395538e+01 2.238793e+00 9.589228e+01 4.685448e+01 1.545653e+02 2.741268e+03
3.000000e-02 1.194000e-01  1.085455e-01  1.000000e-01 1.293914e-05 8.000000e-04 3.354900e+00 3.169290e+01 1.711762e+01 7.439260e+01 2.347488e+00 9.995656e+01 4.938473e+01 1.629122e+02 2.889303e+03
3.000000e-02 1.194000e-01  1.085455e-01  1.000000e-01 1.328392e-05 8.000000e-04 3.354900e+00 3.168669e+01 1.715463e+01 7.526054e+01 2.446169e+00 1.068579e+02 5.205162e+01 1.717099e+02 3.045332e+03
3.000000e-02 1.194000e-01  1.085455e-01  1.000000e-01 1.363789e-05 8.000000e-04 3.354900e+00 3.168168e+01 1.719842e+01 7.573719e+01 2.586038e+00 1.105279e+02 5.486253e+01 1.809826e+02 3.209787e+03
3.000000e-02 1.194000e-01  1.085455e-01  1.000000e-01 1.400128e-05 8.000000e-04 3.354900e+00 3.167716e+01 1.717589e+01 7.624912e+01 2.763632e+00 1.178097e+02 5.782523e+01 1.907561e+02 3.383123e+03
3.000000e-02 1.194000e-01  1.085455e-01  1.000000e-01 1.437436e-05 8.000000e-04 3.354900e+00 3.166345e+01 1.733415e+01 7.726066e+01 2.921032e+00 1.237437e+02 6.094793e+01 2.010573e+02 3.565819e+03
3.000000e-02 1.194000e-01  1.085455e-01  1.000000e-01 1.475738e-05 8.000000e-04 3.354900e+00 3.166326e+01 1.752347e+01 7.837126e+01 3.036827e+00 1.303714e+02 6.423926e+01 2.119149e+02 3.758381e+03
3.000000e-02 1.194000e-01  1.085455e-01  1.000000e-01 1.515061e-05 8.000000e-04 3.354900e+00 3.165374e+01 1.779796e+01 7.978743e+01 3.214459e+00 1.370325e+02 6.770832e+01 2.233588e+02 3.961343e+03
3.000000e-02 1.194000e-01  1.085455e-01  1.000000e-01 1.555432e-05 8.000000e-04 3.354900e+00 3.164255e+01 1.790162e+01 8.027543e+01 3.418256e+00 1.469660e+02 7.136473e+01 2.354207e+02 4.175264e+03
3.000000e-02 1.194000e-01  1.085455e-01  1.000000e-01 1.596878e-05 8.000000e-04 3.354900e+00 3.164121e+01 1.813926e+01 8.135173e+01 3.544411e+00 1.519173e+02 7.521859e+01 2.481339e+02 4.400738e+03
3.000000e-02 1.194000e-01  1.085455e-01  1.000000e-01 1.639429e-05 8.000000e-04 3.354900e+00 3.163262e+01 1.840044e+01 8.229043e+01 3.745819e+00 1.603264e+02 7.928057e+01 2.615338e+02 4.638388e+03
3.000000e-02 1.194000e-01  1.085455e-01  1.000000e-01 1.683113e-05 8.000000e-04 3.354900e+00 3.161580e+01 1.870935e+01 8.344710e+01 4.006337e+00 1.690488e+02 8.356190e+01 2.756572e+02 4.888872e+03
3.000000e-02 1.194000e-01  1.085455e-01  1.000000e-01 1.727962e-05 8.000000e-04 3.354900e+00 3.160812e+01 1.917383e+01 8.496963e+01 4.199350e+00 1.776609e+02 8.807444e+01 2.905433e+02 5.152882e+03
3.000000e-02 1.194000e-01  1.085455e-01  1.000000e-01 1.774005e-05 8.000000e-04 3.354900e+00 3.159432e+01 1.970179e+01 8.658878e+01 4.436207e+00 1.871211e+02 9.283066e+01 3.062333e+02 5.431150e+03
3.000000e-02 1.194000e-01  1.085455e-01  1.000000e-01 1.821276e-05 8.000000e-04 3.354900e+00 3.158784e+01 2.006816e+01 8.775758e+01 4.568876e+00 1.997630e+02 9.784373e+01 3.227706e+02 5.724445e+03
3.000000e-02 1.194000e-01  1.085455e-01  1.000000e-01 1.869805e-05 8.000000e-04 3.354900e+00 3.157550e+01 2.049167e+01 8.895631e+01 4.953177e+00 2.111103e+02 1.031275e+02 3.402010e+02 6.033578e+03
3.000000e-02 1.194000e-01  1.085455e-01  1.000000e-01 1.919629e-05 8.000000e-04 3.354900e+00 3.156694e+01 2.173134e+01 9.236544e+01 5.190935e+00 2.208508e+02 1.086966e+02 3.585726e+02 6.359405e+03
3.000000e-02 1.194000e-01  1.085455e-01  1.000000e-01 1.970779e-05 8.000000e-04 3.354900e+00 3.154597e+01 2.167552e+01 9.217760e+01 5.517988e+00 2.364272e+02 1.145665e+02 3.779364e+02 6.702828e+03
3.000000e-02 1.194000e-01  1.085455e-01  1.000000e-01 2.023293e-05 8.000000e-04 3.354900e+00 3.153004e+01 2.257510e+01 9.450231e+01 5.797460e+00 2.439590e+02 1.207534e+02 3.983458e+02 7.064796e+03
3.000000e-02 1.194000e-01  1.085455e-01  1.000000e-01 2.077206e-05 8.000000e-04 3.354900e+00 3.152859e+01 2.325609e+01 9.617659e+01 6.076500e+00 2.560901e+02 1.272743e+02 4.198574e+02 7.446311e+03
3.000000e-02 1.194000e-01  1.085455e-01  1.000000e-01 2.132555e-05 8.000000e-04 3.354900e+00 3.150277e+01 2.389421e+01 9.770638e+01 6.446266e+00 2.735802e+02 1.341474e+02 4.425307e+02 7.848429e+03
3.000000e-02 1.194000e-01  1.085455e-01  1.000000e-01 2.189380e-05 8.000000e-04 3.354900e+00 3.149243e+01 2.513213e+01 1.005398e+02 6.792728e+00 2.885559e+02 1.413917e+02 4.664283e+02 8.272262e+03
3.000000e-02 1.194000e-01  1.085455e-01  1.000000e-01 2.247718e-05 8.000000e-04 3.354900e+00 3.147301e+01 2.525545e+01 1.006762e+02 7.036505e+00 3.014226e+02 1.490272e+02 4.916166e+02 8.718984e+03
3.000000e-02 1.194000e-01  1.085455e-01  1.000000e-01 2.307611e-05 8.000000e-04 3.354900e+00 3.145745e+01 2.679468e+01 1.044694e+02 7.480835e+00 3.188854e+02 1.570750e+02 5.181650e+02 9.189829e+03
3.000000e-02 1.194000e-01  1.085455e-01  1.000000e-01 2.369100e-05 8.000000e-04 3.354900e+00 3.144652e+01 2.831951e+01 1.078192e+02 7.789681e+00 3.362847e+02 1.655574e+02 5.461471e+02 9.686101e+03
3.000000e-02 1.194000e-01  1.085455e-01  1.000000e-01 2.432228e-05 8.000000e-04 3.354900e+00 3.141822e+01 2.796487e+01 1.066519e+02 8.213774e+00 3.549635e+02 1.744979e+02 5.756403e+02 1.020917e+04
3.000000e-02 1.194000e-01  1.085455e-01  1.000000e-01 2.497037e-05 8.000000e-04 3.354900e+00 3.139193e+01 2.916133e+01 1.093147e+02 8.813810e+00 3.755679e+02 1.839212e+02 6.067262e+02 1.076049e+04
3.000000e-02 1.194000e-01  1.085455e-01  1.000000e-01 2.563574e-05 8.000000e-04 3.354900e+00 3.139016e+01 3.090773e+01 1.131201e+02 9.165863e+00 3.940012e+02 1.938534e+02 6.394908e+02 1.134158e+04
3.000000e-02 1.194000e-01  1.085455e-01  1.000000e-01 2.631883e-05 8.000000e-04 3.354900e+00 3.135300e+01 3.094689e+01 1.133562e+02 9.714526e+00 4.139481e+02 2.043219e+02 6.740248e+02 1.195405e+04
3.000000e-02 1.194000e-01  1.085455e-01  1.000000e-01 2.702013e-05 8.000000e-04 3.354900e+00 3.135016e+01 3.265132e+01 1.164169e+02 1.018471e+01 4.380836e+02 2.153557e+02 7.104237e+02 1.259960e+04
3.000000e-02 1.194000e-01  1.085455e-01  1.000000e-01 2.774011e-05 8.000000e-04 3.354900e+00 3.130758e+01 3.323268e+01 1.174971e+02 1.073330e+01 4.609521e+02 2.269855e+02 7.487882e+02 1.328001e+04
3.000000e-02 1.194000e-01  1.085455e-01  1.000000e-01 2.847928e-05 8.000000e-04 3.354900e+00 3.128028e+01 3.536886e+01 1.220905e+02 1.143349e+01 4.908518e+02 2.392432e+02 7.892245e+02 1.399716e+04
3.000000e-02 1.194000e-01  1.085455e-01  1.000000e-01 2.923814e-05 8.000000e-04 3.354900e+00 3.125242e+01 3.536138e+01 1.222469e+02 1.193429e+01 5.074010e+02 2.521629e+02 8.318445e+02 1.475304e+04
3.000000e-02 1.194000e-01  1.085455e-01  1.000000e-01 3.001722e-05 8.000000e-04 3.354900e+00 3.121502e+01 3.604618e+01 1.225697e+02 1.271121e+01 5.428142e+02 2.657803e+02 8.767660e+02 1.554974e+04
3.000000e-02 1.194000e-01  1.085455e-01  1.000000e-01 3.081707e-05 8.000000e-04 3.354900e+00 3.118562e+01 3.620485e+01 1.228382e+02 1.351263e+01 5.698917e+02 2.801330e+02 9.241134e+02 1.638946e+04
3.000000e-02 1.194000e-01  1.085455e-01  1.000000e-01 3.163822e-05 8.000000e-04 3.354900e+00 3.117000e+01 3.841748e+01 1.277640e+02 1.387812e+01 6.014655e+02 2.952608e+02 9.740176e+02 1.727453e+04
3.000000e-02 1.194000e-01  1.085455e-01  1.000000e-01 3.248126e-05 8.000000e-04 3.354900e+00 3.114420e+01 3.885463e+01 1.283219e+02 1.483718e+01 6.331546e+02 3.112056e+02 1.026617e+03 1.820739e+04
3.000000e-02 1.194000e-01  1.085455e-01  1.000000e-01 3.334676e-05 8.000000e-04 3.354900e+00 3.109691e+01 3.957832e+01 1.298509e+02 1.573651e+01 6.630830e+02 3.280114e+02 1.082057e+03 1.919063e+04
3.000000e-02 1.194000e-01  1.085455e-01  1.000000e-01 3.423532e-05 8.000000e-04 3.354900e+00 3.104820e+01 4.073626e+01 1.321211e+02 1.634550e+01 7.016046e+02 3.457248e+02 1.140490e+03 2.022697e+04
3.000000e-02 1.194000e-01  1.085455e-01  1.000000e-01 3.514756e-05 8.000000e-04 3.354900e+00 3.101364e+01 4.195284e+01 1.340329e+02 1.744176e+01 7.451627e+02 3.643947e+02 1.202079e+03 2.131928e+04
3.000000e-02 1.194000e-01  1.085455e-01  1.000000e-01 3.608411e-05 8.000000e-04 3.354900e+00 3.096534e+01 4.171661e+01 1.334864e+02 1.836715e+01 7.833741e+02 3.840729e+02 1.266994e+03 2.247057e+04
3.000000e-02 1.194000e-01  1.085455e-01  1.000000e-01 3.704561e-05 8.000000e-04 3.354900e+00 3.089341e+01 4.306048e+01 1.357504e+02 1.921024e+01 8.284494e+02 4.048137e+02 1.335415e+03 2.368403e+04
3.000000e-02 1.194000e-01  1.085455e-01  1.000000e-01 3.803273e-05 8.000000e-04 3.354900e+00 3.087677e+01 4.322589e+01 1.362598e+02 2.044498e+01 8.576841e+02 4.266746e+02 1.407530e+03 2.496302e+04
3.000000e-02 1.194000e-01  1.085455e-01  1.000000e-01 3.904616e-05 8.000000e-04 3.354900e+00 3.087585e+01 4.472058e+01 1.390016e+02 2.079321e+01 9.233334e+02 4.497160e+02 1.483540e+03 2.631108e+04
3.000000e-02 1.194000e-01  1.085455e-01  1.000000e-01 4.008659e-05 8.000000e-04 3.354900e+00 3.079420e+01 4.489972e+01 1.389099e+02 2.222961e+01 9.753782e+02 4.740017e+02 1.563655e+03 2.773194e+04
3.000000e-02 1.194000e-01  1.085455e-01  1.000000e-01 4.115474e-05 8.000000e-04 3.354900e+00 3.071282e+01 4.576888e+01 1.400363e+02 2.404617e+01 1.020530e+03 4.995989e+02 1.648096e+03 2.922953e+04
3.000000e-02 1.194000e-01  1.085455e-01  1.000000e-01 4.225136e-05 8.000000e-04 3.354900e+00 3.064274e+01 4.665296e+01 1.422663e+02 2.563443e+01 1.064591e+03 5.265784e+02 1.737097e+03 3.080799e+04
3.000000e-02 1.194000e-01  1.085455e-01  1.000000e-01 4.337719e-05 8.000000e-04 3.354900e+00 3.061590e+01 4.723899e+01 1.428691e+02 2.634193e+01 1.127565e+03 5.550148e+02 1.830904e+03 3.247169e+04
3.000000e-02 1.194000e-01  1.085455e-01  1.000000e-01 4.453303e-05 8.000000e-04 3.354900e+00 3.055827e+01 4.739603e+01 1.434961e+02 2.758165e+01 1.186060e+03 5.849869e+02 1.929777e+03 3.422524e+04
3.000000e-02 1.194000e-01  1.085455e-01  1.000000e-01 4.571966e-05 8.000000e-04 3.354900e+00 3.053449e+01 4.784070e+01 1.438395e+02 2.926353e+01 1.235817e+03 6.165776e+02 2.033989e+03 3.607348e+04
3.000000e-02 1.194000e-01  1.085455e-01  1.000000e-01 4.693791e-05 8.000000e-04 3.354900e+00 3.043545e+01 4.876283e+01 1.451623e+02 3.076812e+01 1.336540e+03 6.498742e+02 2.143830e+03 3.802153e+04
3.000000e-02 1.194000e-01  1.085455e-01  1.000000e-01 4.818863e-05 8.000000e-04 3.354900e+00 3.036309e+01 4.842535e+01 1.437291e+02 3.226780e+01 1.397168e+03 6.849689e+02 2.259601e+03 4.007478e+04
3.000000e-02 1.194000e-01  1.085455e-01  1.000000e-01 4.947267e-05 8.000000e-04 3.354900e+00 3.030972e+01 4.856232e+01 1.433171e+02 3.395153e+01 1.462510e+03 7.219588e+02 2.381625e+03 4.223892e+04
3.000000e-02 1.194000e-01  1.085455e-01  1.000000e-01 5.079093e-05 8.000000e-04 3.354900e+00 3.022365e+01 4.943365e+01 1.461495e+02 3.633892e+01 1.544715e+03 7.609462e+02 2.510238e+03 4.451991e+04
3.000000e-02 1.194000e-01  1.085455e-01  1.000000e-01 5.214431e-05 8.000000e-04 3.354900e+00 3.014265e+01 4.978670e+01 1.456566e+02 3.837968e+01 1.633793e+03 8.020391e+02 2.645797e+03 4.692409e+04
3.000000e-02 1.194000e-01  1.085455e-01  1.000000e-01 5.353375e-05 8.000000e-04 3.354900e+00 3.003458e+01 5.012977e+01 1.472611e+02 3.984789e+01 1.712307e+03 8.453511e+02 2.788676e+03 4.945810e+04
3.000000e-02 1.194000e-01  1.085455e-01  1.000000e-01 5.496022e-05 8.000000e-04 3.354900e+00 3.001049e+01 5.075108e+01 1.480433e+02 4.193078e+01 1.822507e+03 8.910020e+02 2.939271e+03 5.212895e+04
3.000000e-02 1.194000e-01  1.085455e-01  1.000000e-01 5.642470e-05 8.000000e-04 3.354900e+00 2.985366e+01 5.060360e+01 1.462404e+02 4.451692e+01 1.921072e+03 9.391181e+02 3.097999e+03 5.494404e+04
3.000000e-02 1.194000e-01  1.085455e-01  1.000000e-01 5.792820e-05 8.000000e-04 3.354900e+00 2.975044e+01 5.168668e+01 1.493281e+02 4.690947e+01 2.008940e+03 9.898327e+02 3.265298e+03 5.791114e+04
3.000000e-02 1.194000e-01  1.085455e-01  1.000000e-01 5.947176e-05 8.000000e-04 3.354900e+00 2.965579e+01 5.069756e+01 1.474644e+02 4.899105e+01 2.104640e+03 1.043286e+03 3.441631e+03 6.103848e+04
3.000000e-02 1.194000e-01  1.085455e-01  1.000000e-01 6.105646e-05 8.000000e-04 3.354900e+00 2.955981e+01 5.208030e+01 1.485170e+02 5.175039e+01 2.208285e+03 1.099626e+03 3.627487e+03 6.433470e+04
3.000000e-02 1.194000e-01  1.085455e-01  1.000000e-01 6.268338e-05 8.000000e-04 3.354900e+00 2.940017e+01 5.182725e+01 1.481219e+02 5.517363e+01 2.346335e+03 1.159008e+03 3.823380e+03 6.780892e+04
3.000000e-02 1.194000e-01  1.085455e-01  1.000000e-01 6.435365e-05 8.000000e-04 3.354900e+00 2.931554e+01 5.209244e+01 1.485953e+02 5.892362e+01 2.497747e+03 1.221597e+03 4.029851e+03 7.147076e+04
3.000000e-02 1.194000e-01  1.085455e-01  1.000000e-01 6.606842e-05 8.000000e-04 3.354900e+00 2.916534e+01 5.275726e+01 1.483567e+02 6.086917e+01 2.611640e+03 1.287566e+03 4.247473e+03 7.533035e+04
3.000000e-02 1.194000e-01  1.085455e-01  1.000000e-01 6.782889e-05 8.000000e-04 3.354900e+00 2.905309e+01 5.238056e+01 1.489329e+02 6.449682e+01 2.744487e+03 1.357098e+03 4.476846e+03 7.939836e+04
3.000000e-02 1.194000e-01  1.085455e-01  1.000000e-01 6.963627e-05 8.000000e-04 3.354900e+00 2.889049e+01 5.233912e+01 1.495273e+02 6.783684e+01 2.897369e+03 1.430384e+03 4.718606e+03 8.368605e+04
3.000000e-02 1.194000e-01  1.085455e-01  1.000000e-01 7.149181e-05 8.000000e-04 3.354900e+00 2.878939e+01 5.278687e+01 1.494674e+02 7.096867e+01 3.089045e+03 1.507628e+03 4.973422e+03 8.820529e+04
3.000000e-02 1.194000e-01  1.085455e-01  1.000000e-01 7.339679e-05 8.000000e-04 3.354900e+00 2.876675e+01 5.387285e+01 1.492924e+02 7.591780e+01 3.270026e+03 1.589044e+03 5.241998e+03 9.296858e+04
3.000000e-02 1.194000e-01  1.085455e-01  1.000000e-01 7.535253e-05 8.000000e-04 3.354900e+00 2.859557e+01 5.397247e+01 1.493946e+02 7.905101e+01 3.377015e+03 1.674856e+03 5.525078e+03 9.798910e+04
3.000000e-02 1.194000e-01  1.085455e-01  1.000000e-01 7.736039e-05 8.000000e-04 3.354900e+00 2.837292e+01 5.336100e+01 1.490198e+02 8.289366e+01 3.571196e+03 1.765302e+03 5.823445e+03 1.032807e+05
3.000000e-02 1.194000e-01  1.085455e-01  1.000000e-01 7.942174e-05 8.000000e-04 3.354900e+00 2.827535e+01 5.348209e+01 1.484003e+02 8.646188e+01 3.747375e+03 1.860632e+03 6.137924e+03 1.088581e+05
3.000000e-02 1.194000e-01  1.085455e-01  1.000000e-01 8.153803e-05 8.000000e-04 3.354900e+00 2.789732e+01 5.477763e+01 1.491395e+02 9.502823e+01 3.954936e+03 1.961111e+03 6.469386e+03 1.147367e+05
3.000000e-02 1.194000e-01  1.085455e-01  1.000000e-01 8.371070e-05 8.000000e-04 3.354900e+00 2.798816e+01 5.504322e+01 1.486149e+02 9.709569e+01 4.184499e+03 2.067015e+03 6.818748e+03 1.209328e+05
3.000000e-02 1.194000e-01  1.085455e-01  1.000000e-01 8.594127e-05 8.000000e-04 3.354900e+00 2.783545e+01 5.585709e+01 1.491728e+02 1.029721e+02 4.417704e+03 2.178639e+03 7.186976e+03 1.274634e+05
3.000000e-02 1.194000e-01  1.085455e-01  1.000000e-01 8.823127e-05 8.000000e-04 3.354900e+00 2.747980e+01 5.497933e+01 1.486595e+02 1.101287e+02 4.638245e+03 2.296290e+03 7.575090e+03 1.343467e+05
3.000000e-02 1.194000e-01  1.085455e-01  1.000000e-01 9.058230e-05 8.000000e-04 3.354900e+00 2.724361e+01 5.420258e+01 1.490346e+02 1.150667e+02 4.826822e+03 2.420295e+03 7.984162e+03 1.416018e+05
3.000000e-02 1.194000e-01  1.085455e-01  1.000000e-01 9.299597e-05 8.000000e-04 3.354900e+00 2.706378e+01 5.543141e+01 1.487130e+02 1.221983e+02 5.122244e+03 2.550997e+03 8.415325e+03 1.492486e+05
3.000000e-02 1.194000e-01  1.085455e-01  1.000000e-01 9.547395e-05 8.000000e-04 3.354900e+00 2.699215e+01 5.574845e+01 1.508378e+02 1.266381e+02 5.469195e+03 2.688757e+03 8.869772e+03 1.573084e+05
3.000000e-02 1.194000e-01  1.085455e-01  1.000000e-01 9.801796e-05 8.000000e-04 3.354900e+00 2.660633e+01 5.735989e+01 1.485985e+02 1.351793e+02 5.805821e+03 2.833956e+03 9.348761e+03 1.658034e+05
3.000000e-02 1.194000e-01  1.085455e-01  1.000000e-01 1.006298e-04 8.000000e-04 3.354900e+00 2.646952e+01 5.743564e+01 1.486769e+02 1.397807e+02 6.105906e+03 2.986996e+03 9.853615e+03 1.747572e+05
3.000000e-02 1.194000e-01  1.085455e-01  1.000000e-01 1.033112e-04 8.000000e-04 3.354900e+00 2.656994e+01 5.731975e+01 1.489285e+02 1.476257e+02 6.388411e+03 3.148301e+03 1.038573e+04 1.841944e+05
3.000000e-02 1.194000e-01  1.085455e-01  1.000000e-01 1.060640e-04 8.000000e-04 3.354900e+00 2.610951e+01 5.799553e+01 1.487344e+02 1.570296e+02 6.710207e+03 3.318316e+03 1.094659e+04 1.941414e+05
3.000000e-02 1.194000e-01  1.085455e-01  1.000000e-01 1.088902e-04 8.000000e-04 3.354900e+00 2.596935e+01 5.798728e+01 1.485839e+02 1.651725e+02 7.138149e+03 3.497513e+03 1.153773e+04 2.046255e+05
3.000000e-02 1.194000e-01  1.085455e-01  1.000000e-01 1.117917e-04 8.000000e-04 3.354900e+00 2.576798e+01 5.837823e+01 1.488962e+02 1.760159e+02 7.541553e+03 3.686387e+03 1.216079e+04 2.156757e+05
3.000000e-02 1.194000e-01  1.085455e-01  1.000000e-01 1.147705e-04 8.000000e-04 3.354900e+00 2.554627e+01 5.776780e+01 1.482763e+02 1.819982e+02 7.914435e+03 3.885460e+03 1.281750e+04 2.273227e+05
3.000000e-02 1.194000e-01  1.085455e-01  1.000000e-01 1.178287e-04 8.000000e-04 3.354900e+00 2.535658e+01 5.836230e+01 1.486862e+02 1.933798e+02 8.388398e+03 4.095284e+03 1.350968e+04 2.395986e+05
3.000000e-02 1.194000e-01  1.085455e-01  1.000000e-01 1.209684e-04 8.000000e-04 3.354900e+00 2.520694e+01 6.091023e+01 1.492220e+02 2.037376e+02 8.793720e+03 4.316439e+03 1.423923e+04 2.525375e+05
3.000000e-02 1.194000e-01  1.085455e-01  1.000000e-01 1.241917e-04 8.000000e-04 3.354900e+00 2.493148e+01 5.964484e+01 1.489731e+02 2.142065e+02 9.203067e+03 4.549536e+03 1.500818e+04 2.661751e+05
3.000000e-02 1.194000e-01  1.085455e-01  1.000000e-01 1.275010e-04 8.000000e-04 3.354900e+00 2.470116e+01 5.832755e+01 1.481071e+02 2.285016e+02 9.736138e+03 4.795222e+03 1.581866e+04 2.805492e+05
3.000000e-02 1.194000e-01  1.085455e-01  1.000000e-01 1.308984e-04 8.000000e-04 3.354900e+00 2.482485e+01 6.074295e+01 1.493178e+02 2.391167e+02 1.026911e+04 5.054175e+03 1.667290e+04 2.956995e+05
3.000000e-02 1.194000e-01  1.085455e-01  1.000000e-01 1.343863e-04 8.000000e-04 3.354900e+00 2.421283e+01 6.087870e+01 1.472719e+02 2.543694e+02 1.076883e+04 5.327112e+03 1.757328e+04 3.116680e+05
3.000000e-02 1.194000e-01  1.085455e-01  1.000000e-01 1.379672e-04 8.000000e-04 3.354900e+00 2.421054e+01 6.332110e+01 1.486060e+02 2.673580e+02 1.137481e+04 5.614788e+03 1.852228e+04 3.284988e+05
3.000000e-02 1.194000e-01  1.085455e-01  1.000000e-01 1.416435e-04 8.000000e-04 3.354900e+00 2.408074e+01 6.211406e+01 1.505300e+02 2.806825e+02 1.211346e+04 5.918000e+03 1.952252e+04 3.462384e+05
3.000000e-02 1.194000e-01  1.085455e-01  1.000000e-01 1.454177e-04 8.000000e-04 3.354900e+00 2.421128e+01 6.361520e+01 1.489473e+02 2.957045e+02 1.267204e+04 6.237585e+03 2.057678e+04 3.649361e+05
3.000000e-02 1.194000e-01  1.085455e-01  1.000000e-01 1.492926e-04 8.000000e-04 3.354900e+00 2.402786e+01 6.299468e+01 1.478158e+02 3.148518e+02 1.331600e+04 6.574429e+03 2.168798e+04 3.846435e+05
3.000000e-02 1.194000e-01  1.085455e-01  1.000000e-01 1.532706e-04 8.000000e-04 3.354900e+00 2.421938e+01 6.392864e+01 1.501908e+02 3.303806e+02 1.413758e+04 6.929464e+03 2.285918e+04 4.054152e+05
3.000000e-02 1.194000e-01  1.085455e-01  1.000000e-01 1.573547e-04 8.000000e-04 3.354900e+00 2.426953e+01 6.462724e+01 1.500064e+02 3.490859e+02 1.478863e+04 7.303671e+03 2.409363e+04 4.273085e+05
3.000000e-02 1.194000e-01  1.085455e-01  1.000000e-01 1.615476e-04 8.000000e-04 3.354900e+00 2.465119e+01 6.728626e+01 1.541209e+02 3.662336e+02 1.575343e+04 7.698086e+03 2.539474e+04 4.503842e+05
3.000000e-02 1.194000e-01  1.085455e-01  1.000000e-01 1.658522e-04 8.000000e-04 3.354900e+00 2.385954e+01 6.532123e+01 1.459569e+02 3.874951e+02 1.644828e+04 8.113800e+03 2.676611e+04 4.747059e+05
3.000000e-02 1.194000e-01  1.085455e-01  1.000000e-01 1.702715e-04 8.000000e-04 3.354900e+00 2.455089e+01 6.665477e+01 1.531185e+02 4.148490e+02 1.735228e+04 8.551964e+03 2.821154e+04 5.003412e+05
3.000000e-02 1.194000e-01  1.085455e-01  1.000000e-01 1.748086e-04 8.000000e-04 3.354900e+00 2.453223e+01 6.881748e+01 1.554667e+02 4.339830e+02 1.834639e+04 9.013790e+03 2.973503e+04 5.273607e+05
3.000000e-02 1.194000e-01  1.085455e-01  1.000000e-01 1.794666e-04 8.000000e-04 3.354900e+00 2.490611e+01 6.823385e+01 1.525263e+02 4.601261e+02 1.928575e+04 9.500556e+03 3.134079e+04 5.558394e+05
3.000000e-02 1.194000e-01  1.085455e-01  1.000000e-01 1.842487e-04 8.000000e-04 3.354900e+00 2.487803e+01 6.875267e+01 1.540119e+02 4.763061e+02 2.045164e+04 1.001361e+04 3.303327e+04 5.858561e+05
3.000000e-02 1.194000e-01  1.085455e-01  1.000000e-01 1.891582e-04 8.000000e-04 3.354900e+00 2.643730e+01 6.796978e+01 1.528627e+02 5.000294e+02 2.140766e+04 1.055437e+04 3.481714e+04 6.174936e+05
3.000000e-02 1.194000e-01  1.085455e-01  1.000000e-01 1.941986e-04 8.000000e-04 3.354900e+00 2.647955e+01 7.060391e+01 1.615289e+02 5.229891e+02 2.240934e+04 1.112433e+04 3.669735e+04 6.508397e+05
3.000000e-02 1.194000e-01  1.085455e-01  1.000000e-01 1.993732e-04 8.000000e-04 3.354900e+00 2.719829e+01 7.005435e+01 1.641886e+02 5.551350e+02 2.393037e+04 1.172507e+04 3.867909e+04 6.859866e+05
3.000000e-02 1.194000e-01  1.085455e-01  1.000000e-01 2.046857e-04 8.000000e-04 3.354900e+00 2.824877e+01 7.294129e+01 1.765916e+02 5.944421e+02 2.543264e+04 1.235825e+04 4.076785e+04 7.230314e+05
3.000000e-02 1.194000e-01  1.085455e-01  1.000000e-01 2.101398e-04 8.000000e-04 3.354900e+00 2.984662e+01 7.086541e+01 1.087523e+01 6.245242e+02 2.628159e+04 1.302562e+04 4.296941e+04 7.620768e+05
3.000000e-02 1.194000e-01  1.085455e-01  1.000000e-01 2.157392e-04 8.000000e-04 3.354900e+00 3.042964e+01 7.262802e+01 8.840412e+01 6.577289e+02 2.831162e+04 1.372903e+04 4.528986e+04 8.032307e+05
3.000000e-02 1.194000e-01  1.085455e-01  1.000000e-01 2.214878e-04 8.000000e-04 3.354900e+00 3.119400e+01 7.248448e+01 9.880508e+01 6.916769e+02 2.907012e+04 1.447043e+04 4.773561e+04 8.466070e+05
3.000000e-02 1.194000e-01  1.085455e-01  1.000000e-01 2.273896e-04 8.000000e-04 3.354900e+00 3.165536e+01 7.674013e+01 1.154652e+02 7.311263e+02 3.082933e+04 1.525187e+04 5.031345e+04 8.923258e+05
3.000000e-02 1.194000e-01  1.085455e-01  1.000000e-01 2.334487e-04 8.000000e-04 3.354900e+00 3.238148e+01 7.762966e+01 1.214191e+02 7.660937e+02 3.268774e+04 1.607551e+04 5.303049e+04 9.405134e+05
3.000000e-02 1.194000e-01  1.085455e-01  1.000000e-01 2.396692e-04 8.000000e-04 3.354900e+00 3.237681e+01 7.644395e+01 1.134607e+02 8.107083e+02 3.449264e+04 1.694362e+04 5.589426e+04 9.913033e+05
3.000000e-02 1.194000e-01  1.085455e-01  1.000000e-01 2.460555e-04 8.000000e-04 3.354900e+00 3.472309e+01 7.653088e+01 1.227232e+02 8.445963e+02 3.661660e+04 1.785862e+04 5.891268e+04 1.044836e+06
3.000000e-02 1.194000e-01  1.085455e-01  1.000000e-01 2.526119e-04 8.000000e-04 3.354900e+00 3.845224e+01 7.595296e+01 1.225576e+02 9.039030e+02 3.801391e+04 1.882302e+04 6.209410e+04 1.101260e+06
3.000000e-02 1.194000e-01  1.085455e-01  1.000000e-01 2.593430e-04 8.000000e-04 3.354900e+00 4.029866e+01 7.882350e+01 1.218255e+02 9.365577e+02 4.002763e+04 1.983951e+04 6.544732e+04 1.160730e+06
3.000000e-02 1.194000e-01  1.085455e-01  1.000000e-01 2.662535e-04 8.000000e-04 3.354900e+00 4.018864e+01 7.910262e+01 1.209669e+02 9.847672e+02 4.275283e+04 2.091089e+04 6.898163e+04 1.223412e+06
3.000000e-02 1.194000e-01  1.085455e-01  1.000000e-01 2.733482e-04 8.000000e-04 3.354900e+00 4.181894e+01 7.847141e+01 1.256000e+02 1.035301e+03 4.509060e+04 2.204012e+04 7.270680e+04 1.289479e+06
3.000000e-02 1.194000e-01  1.085455e-01  1.000000e-01 2.806318e-04 8.000000e-04 3.354900e+00 4.403083e+01 8.001584e+01 1.234657e+02 1.099559e+03 4.726073e+04 2.323034e+04 7.663313e+04 1.359114e+06
3.000000e-02 1.194000e-01  1.085455e-01  1.000000e-01 2.881096e-04 8.000000e-04 3.354900e+00 4.442282e+01 7.995631e+01 1.243359e+02 1.183702e+03 4.986611e+04 2.448483e+04 8.077150e+04 1.432510e+06
3.000000e-02 1.194000e-01  1.085455e-01  1.000000e-01 2.957866e-04 8.000000e-04 3.354900e+00 4.735779e+01 8.458397e+01 1.253550e+02 1.223165e+03 5.227254e+04 2.580707e+04 8.513335e+04 1.509868e+06
3.000000e-02 1.194000e-01  1.085455e-01  1.000000e-01 3.036682e-04 8.000000e-04 3.354900e+00 4.577158e+01 7.894106e+01 1.164552e+02 1.297641e+03 5.560032e+04 2.720071e+04 8.973074e+04 1.591405e+06
3.000000e-02 1.194000e-01  1.085455e-01  1.000000e-01 3.117598e-04 8.000000e-04 3.354900e+00 4.928710e+01 8.012490e+01 1.119571e+02 1.343648e+03 5.861072e+04 2.866961e+04 9.457641e+04 1.677344e+06
3.000000e-02 1.194000e-01  1.085455e-01  1.000000e-01 3.200670e-04 8.000000e-04 3.354900e+00 4.999356e+01 8.713521e+01 1.143667e+02 1.409490e+03 6.062518e+04 3.021784e+04 9.968376e+04 1.767925e+06
3.000000e-02 1.194000e-01  1.085455e-01  1.000000e-01 3.285955e-04 8.000000e-04 3.354900e+00 5.029807e+01 8.892108e+01 1.098555e+02 1.514186e+03 6.520965e+04 3.184967e+04 1.050669e+05 1.863397e+06
3.000000e-02 1.194000e-01  1.085455e-01  1.000000e-01 3.373513e-04 8.000000e-04 3.354900e+00 5.283746e+01 9.630768e+01 1.142409e+02 1.628112e+03 6.777705e+04 3.356963e+04 1.107408e+05 1.964024e+06
3.000000e-02 1.194000e-01  1.085455e-01  1.000000e-01 3.463404e-04 8.000000e-04 3.354900e+00 5.195321e+01 9.604764e+01 1.102509e+02 1.689718e+03 7.149687e+04 3.538247e+04 1.167210e+05 2.070086e+06
3.000000e-02 1.194000e-01  1.085455e-01  1.000000e-01 3.555691e-04 8.000000e-04 3.354900e+00 5.458154e+01 8.601820e+01 8.367231e+01 1.772196e+03 7.563298e+04 3.729320e+04 1.230242e+05 2.181876e+06
3.000000e-02 1.194000e-01  1.085455e-01  1.000000e-01 3.650436e-04 8.000000e-04 3.354900e+00 5.576084e+01 9.045321e+01 8.863962e+01 1.856746e+03 7.962331e+04 3.930712e+04 1.296678e+05 2.299702e+06
3.000000e-02 1.194000e-01  1.085455e-01  1.000000e-01 3.747706e-04 8.000000e-04 3.354900e+00 5.893799e+01 9.941943e+01 1.068197e+02 1.971736e+03 8.458895e+04 4.142980e+04 1.366702e+05 2.423891e+06
3.000000e-02 1.194000e-01  1.085455e-01  1.000000e-01 3.847568e-04 8.000000e-04 3.354900e+00 5.679599e+01 9.386308e+01 8.780492e+01 2.037392e+03 8.892175e+04 4.366710e+04 1.440507e+05 2.554787e+06
3.000000e-02 1.194000e-01  1.085455e-01  1.000000e-01 3.950091e-04 8.000000e-04 3.354900e+00 5.695528e+01 9.979500e+01 7.827436e+01 2.183257e+03 9.212676e+04 4.602523e+04 1.518298e+05 2.692752e+06
3.000000e-02 1.194000e-01  1.085455e-01  1.000000e-01 4.055346e-04 8.000000e-04 3.354900e+00 6.039327e+01 8.939992e+01 5.808110e+01 2.302286e+03 9.921414e+04 4.851070e+04 1.600289e+05 2.838166e+06
3.000000e-02 1.194000e-01  1.085455e-01  1.000000e-01 4.163405e-04 8.000000e-04 3.354900e+00 5.675903e+01 1.103585e+02 7.307662e+01 2.446849e+03 1.049535e+05 5.113039e+04 1.686709e+05 2.991434e+06
3.000000e-02 1.194000e-01  1.085455e-01  1.000000e-01 4.274344e-04 8.000000e-04 3.354900e+00 5.559762e+01 1.027889e+02 1.923086e+01 2.535795e+03 1.093630e+05 5.389154e+04 1.777795e+05 3.152978e+06
3.000000e-02 1.194000e-01  1.085455e-01  1.000000e-01 4.388239e-04 8.000000e-04 3.354900e+00 5.624672e+01 8.465097e+01 1.000000e+10 2.649569e+03 1.156000e+05 5.680181e+04 1.873800e+05 3.323246e+06
3.000000e-02 1.194000e-01  1.085455e-01  1.000000e-01 4.505168e-04 8.000000e-04 3.354900e+00 6.036354e+01 1.064193e+02 5.937444e+00 2.870711e+03 1.212888e+05 5.986924e+04 1.974989e+05 3.502709e+06
3.000000e-02 1.194000e-01  1.085455e-01  1.000000e-01 4.625214e-04 8.000000e-04 3.354900e+00 6.026996e+01 1.013356e+02 8.502589e+00 2.996380e+03 1.293621e+05 6.310232e+04 2.081643e+05 3.691864e+06
3.000000e-02 1.194000e-01  1.085455e-01  1.000000e-01 4.748458e-04 8.000000e-04 3.354900e+00 5.915716e+01 1.105188e+02 1.000000e+10 3.170226e+03 1.361704e+05 6.650999e+04 2.194057e+05 3.891233e+06
3.000000e-02 1.194000e-01  1.085455e-01  1.000000e-01 4.874986e-04 8.000000e-04 3.354900e+00 6.053224e+01 1.082775e+02 1.000000e+10 3.321455e+03 1.414338e+05 7.010168e+04 2.312541e+05 4.101369e+06
3.000000e-02 1.194000e-01  1.085455e-01  1.000000e-01 5.004886e-04 8.000000e-04 3.354900e+00 5.985352e+01 1.154126e+02 1.000000e+10 3.509203e+03 1.501331e+05 7.388734e+04 2.437424e+05 4.322852e+06
3.000000e-02 1.194000e-01  1.085455e-01  1.000000e-01 5.138247e-04 8.000000e-04 3.354900e+00 6.044533e+01 1.082620e+02 1.504641e+03 3.673269e+03 1.597004e+05 7.787743e+04 2.569050e+05 4.556296e+06
3.000000e-02 1.194000e-01  1.085455e-01  1.000000e-01 5.275161e-04 8.000000e-04 3.354900e+00 6.254600e+01 1.150974e+02 1.000000e+10 3.875702e+03 1.663365e+05 8.208299e+04 2.707785e+05 4.802347e+06
3.000000e-02 1.194000e-01  1.085455e-01  1.000000e-01 5.415724e-04 8.000000e-04 3.354900e+00 5.888202e+01 1.137315e+02 5.138126e+02 4.095111e+03 1.773562e+05 8.651566e+04 2.854011e+05 5.061685e+06
3.000000e-02 1.194000e-01  1.085455e-01  1.000000e-01 5.560032e-04 8.000000e-04 3.354900e+00 6.390435e+01 1.193850e+02 1.000000e+10 4.323819e+03 1.855427e+05 9.118771e+04 3.008135e+05 5.335027e+06
3.000000e-02 1.194000e-01  1.085455e-01  1.000000e-01 5.708185e-04 8.000000e-04 3.354900e+00 6.244568e+01 1.141187e+02 4.393104e+02 4.603933e+03 1.954093e+05 9.611205e+04 3.170581e+05 5.623131e+06
3.000000e-02 1.194000e-01  1.085455e-01  1.000000e-01 5.860287e-04 8.000000e-04 3.354900e+00 6.210810e+01 1.169060e+02 7.069952e+02 4.702046e+03 2.062811e+05 1.013023e+05 3.341800e+05 5.926793e+06
3.000000e-02 1.194000e-01  1.085455e-01  1.000000e-01 6.016441e-04 8.000000e-04 3.354900e+00 6.020652e+01 1.225069e+02 3.885768e+02 5.080401e+03 2.167293e+05 1.067729e+05 3.522265e+05 6.246854e+06
3.000000e-02 1.194000e-01  1.085455e-01  1.000000e-01 6.176756e-04 8.000000e-04 3.354900e+00 6.258707e+01 1.204173e+02 4.078318e+02 5.406154e+03 2.275485e+05 1.125389e+05 3.712475e+05 6.584198e+06
3.000000e-02 1.194000e-01  1.085455e-01  1.000000e-01 6.341342e-04 8.000000e-04 3.354900e+00 6.539412e+01 1.130379e+02 5.351145e+02 5.620307e+03 2.435101e+05 1.186162e+05 3.912957e+05 6.939760e+06
3.000000e-02 1.194000e-01  1.085455e-01  1.000000e-01 6.510315e-04 8.000000e-04 3.354900e+00 6.449179e+01 1.250691e+02 6.725243e+02 5.924691e+03 2.550182e+05 1.250218e+05 4.124266e+05 7.314524e+06
3.000000e-02 1.194000e-01  1.085455e-01  1.000000e-01 6.683790e-04 8.000000e-04 3.354900e+00 5.701103e+01 1.294021e+02 2.632323e+02 6.229637e+03 2.704058e+05 1.317733e+05 4.346986e+05 7.709525e+06
3.000000e-02 1.194000e-01  1.085455e-01  1.000000e-01 6.861887e-04 8.000000e-04 3.354900e+00 5.948565e+01 1.218083e+02 3.425461e+02 6.694621e+03 2.809255e+05 1.388893e+05 4.581733e+05 8.125857e+06
3.000000e-02 1.194000e-01  1.085455e-01  1.000000e-01 7.044730e-04 8.000000e-04 3.354900e+00 5.281201e+01 1.201296e+02 2.528535e+02 6.912177e+03 2.965857e+05 1.463897e+05 4.829158e+05 8.564672e+06
3.000000e-02 1.194000e-01  1.085455e-01  1.000000e-01 7.232445e-04 8.000000e-04 3.354900e+00 5.730629e+01 1.250972e+02 2.803217e+02 7.276304e+03 3.117931e+05 1.542950e+05 5.089943e+05 9.027184e+06
3.000000e-02 1.194000e-01  1.085455e-01  1.000000e-01 7.425162e-04 8.000000e-04 3.354900e+00 6.064517e+01 1.281700e+02 2.861338e+02 7.693643e+03 3.293014e+05 1.626273e+05 5.364812e+05 9.514673e+06
3.000000e-02 1.194000e-01  1.085455e-01  1.000000e-01 7.623014e-04 8.000000e-04 3.354900e+00 5.634781e+01 1.280938e+02 2.617504e+02 8.078380e+03 3.469276e+05 1.714096e+05 5.654524e+05 1.002849e+07
3.000000e-02 1.194000e-01  1.085455e-01  1.000000e-01 7.826138e-04 8.000000e-04 3.354900e+00 5.837289e+01 1.257030e+02 2.909318e+02 8.728459e+03 3.709299e+05 1.806661e+05 5.959882e+05 1.057005e+07
3.000000e-02 1.194000e-01  1.085455e-01  1.000000e-01 8.034674e-04 8.000000e-04 3.354900e+00 5.558475e+01 1.305877e+02 2.632456e+02 8.882264e+03 3.839285e+05 1.904225e+05 6.281729e+05 1.114086e+07
3.000000e-02 1.194000e-01  1.085455e-01  1.000000e-01 8.248767e-04 8.000000e-04 3.354900e+00 5.903736e+01 1.287161e+02 2.672115e+02 9.409375e+03 4.065830e+05 2.007058e+05 6.620957e+05 1.174249e+07
3.000000e-02 1.194000e-01  1.085455e-01  1.000000e-01 8.468565e-04 8.000000e-04 3.354900e+00 5.674093e+01 1.305603e+02 2.530789e+02 1.000572e+04 4.312113e+05 2.115443e+05 6.978505e+05 1.237661e+07
3.000000e-02 1.194000e-01  1.085455e-01  1.000000e-01 8.694220e-04 8.000000e-04 3.354900e+00 5.627597e+01 1.304524e+02 2.704215e+02 1.056664e+04 4.476233e+05 2.229682e+05 7.355360e+05 1.304498e+07
3.000000e-02 1.194000e-01  1.085455e-01  1.000000e-01 8.925887e-04 8.000000e-04 3.354900e+00 5.863072e+01 1.295934e+02 2.488840e+02 1.123174e+04 4.786710e+05 2.350090e+05 7.752567e+05 1.374944e+07
3.000000e-02 1.194000e-01  1.085455e-01  1.000000e-01 9.163728e-04 8.000000e-04 3.354900e+00 5.060721e+01 1.350732e+02 2.506850e+02 1.147144e+04 5.089356e+05 2.477001e+05 8.171223e+05 1.449194e+07
3.000000e-02 1.194000e-01  1.085455e-01  1.000000e-01 9.407906e-04 8.000000e-04 3.354900e+00 5.834966e+01 1.383362e+02 2.558861e+02 1.252662e+04 5.303955e+05 2.610764e+05 8.612489e+05 1.527454e+07
3.000000e-02 1.194000e-01  1.085455e-01  1.000000e-01 9.658591e-04 8.000000e-04 3.354900e+00 5.481916e+01 1.431088e+02 2.558562e+02 1.298380e+04 5.654722e+05 2.751752e+05 9.077583e+05 1.609940e+07
3.000000e-02 1.194000e-01  1.085455e-01  1.000000e-01 9.915955e-04 8.000000e-04 3.354900e+00 5.793653e+01 1.412631e+02 2.622222e+02 1.379398e+04 5.853767e+05 2.900353e+05 9.567794e+05 1.696880e+07
3.000000e-02 1.194000e-01  1.085455e-01  1.000000e-01 1.018018e-03 8.000000e-04 3.354900e+00 5.007647e+01 1.296579e+02 2.386226e+02 1.445883e+04 6.201183e+05 3.056979e+05 1.008448e+06 1.788516e+07
3.000000e-02 1.194000e-01  1.085455e-01  1.000000e-01 1.045144e-03 8.000000e-04 3.354900e+00 5.105317e+01 1.370610e+02 2.518829e+02 1.514378e+04 6.531269e+05 3.222063e+05 1.062906e+06 1.885100e+07
3.000000e-02 1.194000e-01  1.085455e-01  1.000000e-01 1.072993e-03 8.000000e-04 3.354900e+00 5.703930e+01 1.499918e+02 2.859504e+02 1.584466e+04 6.916918e+05 3.396062e+05 1.120306e+06 1.986899e+07
3.000000e-02 1.194000e-01  1.085455e-01  1.000000e-01 1.101584e-03 8.000000e-04 3.354900e+00 4.734523e+01 1.471115e+02 2.596405e+02 1.679529e+04 7.264239e+05 3.579457e+05 1.180805e+06 2.094197e+07
3.000000e-02 1.194000e-01  1.085455e-01  1.000000e-01 1.130937e-03 8.000000e-04 3.354900e+00 5.253336e+01 1.520859e+02 2.740192e+02 1.811610e+04 7.681807e+05 3.772756e+05 1.244571e+06 2.207288e+07
3.000000e-02 1.194000e-01  1.085455e-01  1.000000e-01 1.161072e-03 8.000000e-04 3.354900e+00 4.949625e+01 1.570136e+02 2.679065e+02 1.872424e+04 8.097626e+05 3.976494e+05 1.311781e+06 2.326487e+07
3.000000e-02 1.194000e-01  1.085455e-01  1.000000e-01 1.192010e-03 8.000000e-04 3.354900e+00 5.148309e+01 1.411369e+02 2.442265e+02 2.019386e+04 8.591253e+05 4.191234e+05 1.382620e+06 2.452123e+07
3.000000e-02 1.194000e-01  1.085455e-01  1.000000e-01 1.223773e-03 8.000000e-04 3.354900e+00 4.955718e+01 1.531105e+02 2.615739e+02 2.089519e+04 8.936180e+05 4.417570e+05 1.457285e+06 2.584543e+07
3.000000e-02 1.194000e-01  1.085455e-01  1.000000e-01 1.256382e-03 8.000000e-04 3.354900e+00 6.045424e+01 1.423984e+02 2.698219e+02 2.188570e+04 9.479578e+05 4.656129e+05 1.535982e+06 2.724115e+07
3.000000e-02 1.194000e-01  1.085455e-01  1.000000e-01 1.289860e-03 8.000000e-04 3.354900e+00 5.115317e+01 1.397898e+02 2.429259e+02 2.300971e+04 1.008958e+06 4.907571e+05 1.618928e+06 2.871223e+07
3.000000e-02 1.194000e-01  1.085455e-01  1.000000e-01 1.324229e-03 8.000000e-04 3.354900e+00 4.535778e+01 1.396520e+02 2.440444e+02 2.470532e+04 1.049202e+06 5.172592e+05 1.706354e+06 3.026276e+07
3.000000e-02 1.194000e-01  1.085455e-01  1.000000e-01 1.359515e-03 8.000000e-04 3.354900e+00 5.050365e+01 1.654172e+02 2.942046e+02 2.585360e+04 1.112617e+06 5.451924e+05 1.798501e+06 3.189702e+07
3.000000e-02 1.194000e-01  1.085455e-01  1.000000e-01 1.395741e-03 8.000000e-04 3.354900e+00 4.883932e+01 1.511688e+02 2.647520e+02 2.748552e+04 1.170617e+06 5.746340e+05 1.895625e+06 3.361954e+07
3.000000e-02 1.194000e-01  1.085455e-01  1.000000e-01 1.432932e-03 8.000000e-04 3.354900e+00 4.800576e+01 1.657544e+02 2.770750e+02 2.865697e+04 1.233909e+06 6.056656e+05 1.997993e+06 3.543507e+07
3.000000e-02 1.194000e-01  1.085455e-01  1.000000e-01 1.471114e-03 8.000000e-04 3.354900e+00 4.577440e+01 1.749937e+02 2.881947e+02 3.095301e+04 1.289944e+06 6.383730e+05 2.105889e+06 3.734865e+07
3.000000e-02 1.194000e-01  1.085455e-01  1.000000e-01 1.510314e-03 8.000000e-04 3.354900e+00 5.335187e+01 1.643828e+02 2.774512e+02 3.161780e+04 1.365690e+06 6.728467e+05 2.219612e+06 3.936556e+07
3.000000e-02 1.194000e-01  1.085455e-01  1.000000e-01 1.550558e-03 8.000000e-04 3.354900e+00 4.421139e+01 1.650429e+02 2.782171e+02 3.378336e+04 1.460512e+06 7.091820e+05 2.339477e+06 4.149140e+07
3.000000e-02 1.194000e-01  1.085455e-01  1.000000e-01 1.591874e-03 8.000000e-04 3.354900e+00 5.353907e+01 1.507569e+02 2.576210e+02 3.542580e+04 1.523291e+06 7.474795e+05 2.465814e+06 4.373203e+07
3.000000e-02 1.194000e-01  1.085455e-01  1.000000e-01 1.634292e-03 8.000000e-04 3.354900e+00 4.834591e+01 1.483694e+02 2.599439e+02 3.742360e+04 1.601180e+06 7.878452e+05 2.598974e+06 4.609366e+07
3.000000e-02 1.194000e-01  1.085455e-01  1.000000e-01 1.677839e-03 8.000000e-04 3.354900e+00 4.693677e+01 1.543528e+02 2.625659e+02 3.994627e+04 1.683242e+06 8.303907e+05 2.739324e+06 4.858283e+07
3.000000e-02 1.194000e-01  1.085455e-01  1.000000e-01 1.722547e-03 8.000000e-04 3.354900e+00 5.030239e+01 1.668993e+02 2.821739e+02 4.159032e+04 1.808356e+06 8.752338e+05 2.887254e+06 5.120642e+07
3.000000e-02 1.194000e-01  1.085455e-01  1.000000e-01 1.768447e-03 8.000000e-04 3.354900e+00 5.223805e+01 1.635061e+02 2.675519e+02 4.422799e+04 1.853004e+06 9.224985e+05 3.043173e+06 5.397169e+07
3.000000e-02 1.194000e-01  1.085455e-01  1.000000e-01 1.815569e-03 8.000000e-04 3.354900e+00 5.194220e+01 1.985977e+02 3.477177e+02 4.626158e+04 1.961135e+06 9.723157e+05 3.207512e+06 5.688629e+07
3.000000e-02 1.194000e-01  1.085455e-01  1.000000e-01 1.863947e-03 8.000000e-04 3.354900e+00 5.112192e+01 1.698222e+02 2.891830e+02 4.920623e+04 2.064915e+06 1.024823e+06 3.380725e+06 5.995829e+07
3.000000e-02 1.194000e-01  1.085455e-01  1.000000e-01 1.913614e-03 8.000000e-04 3.354900e+00 5.658773e+01 1.658667e+02 2.820308e+02 5.184547e+04 2.184490e+06 1.080166e+06 3.563292e+06 6.319618e+07
3.000000e-02 1.194000e-01  1.085455e-01  1.000000e-01 1.964605e-03 8.000000e-04 3.354900e+00 5.091181e+01 1.558662e+02 2.789104e+02 5.453061e+04 2.313211e+06 1.138498e+06 3.755719e+06 6.660893e+07
3.000000e-02 1.194000e-01  1.085455e-01  1.000000e-01 2.016954e-03 8.000000e-04 3.354900e+00 5.828190e+01 1.785843e+02 2.957003e+02 5.668507e+04 2.408969e+06 1.199979e+06 3.958537e+06 7.020597e+07
3.000000e-02 1.194000e-01  1.085455e-01  1.000000e-01 2.070698e-03 8.000000e-04 3.354900e+00 5.883904e+01 1.473134e+02 2.650040e+02 5.977200e+04 2.580903e+06 1.264781e+06 4.172307e+06 7.399726e+07
3.000000e-02 1.194000e-01  1.085455e-01  1.000000e-01 2.125874e-03 8.000000e-04 3.354900e+00 5.536196e+01 1.744137e+02 3.008083e+02 6.332342e+04 2.703387e+06 1.333082e+06 4.397622e+06 7.799330e+07
3.000000e-02 1.194000e-01  1.085455e-01  1.000000e-01 2.182521e-03 8.000000e-04 3.354900e+00 5.703620e+01 1.879309e+02 3.141951e+02 6.771688e+04 2.834297e+06 1.405072e+06 4.635104e+06 8.220512e+07
3.000000e-02 1.194000e-01  1.085455e-01  1.000000e-01 2.240677e-03 8.000000e-04 3.354900e+00 7.119959e+01 1.784530e+02 3.010664e+02 6.902255e+04 3.014050e+06 1.480949e+06 4.885411e+06 8.664440e+07
3.000000e-02 1.194000e-01  1.085455e-01  1.000000e-01 2.300382e-03 8.000000e-04 3.354900e+00 6.283672e+01 1.730352e+02 2.922877e+02 7.459725e+04 3.169347e+06 1.560924e+06 5.149236e+06 9.132341e+07
3.000000e-02 1.194000e-01  1.085455e-01  1.000000e-01 2.361679e-03 8.000000e-04 3.354900e+00 5.751103e+01 1.520718e+02 2.933298e+02 7.720185e+04 3.376580e+06 1.645218e+06 5.427307e+06 9.625510e+07
3.000000e-02 1.194000e-01  1.085455e-01  1.000000e-01 2.424609e-03 8.000000e-04 3.354900e+00 6.741188e+01 1.742061e+02 3.092875e+02 8.368307e+04 3.518786e+06 1.734064e+06 5.720395e+06 1.014531e+08
3.000000e-02 1.194000e-01  1.085455e-01  1.000000e-01 2.489215e-03 8.000000e-04 3.354900e+00 6.488453e+01 1.567776e+02 2.858232e+02 8.612957e+04 3.745816e+06 1.827707e+06 6.029310e+06 1.069318e+08
3.000000e-02 1.194000e-01  1.085455e-01  1.000000e-01 2.555544e-03 8.000000e-04 3.354900e+00 7.622208e+01 1.849265e+02 3.305891e+02 9.245763e+04 3.891805e+06 1.926408e+06 6.354908e+06 1.127064e+08
3.000000e-02 1.194000e-01  1.085455e-01  1.000000e-01 2.623639e-03 8.000000e-04 3.354900e+00 6.565844e+01 1.847446e+02 3.097869e+02 9.674048e+04 4.154136e+06 2.030439e+06 6.698089e+06 1.187928e+08
3.000000e-02 1.194000e-01  1.085455e-01  1.000000e-01 2.693549e-03 8.000000e-04 3.354900e+00 7.722843e+01 1.841529e+02 3.182335e+02 1.011377e+05 4.330051e+06 2.140088e+06 7.059803e+06 1.252080e+08
3.000000e-02 1.194000e-01  1.085455e-01  1.000000e-01 2.765322e-03 8.000000e-04 3.354900e+00 7.868883e+01 1.919018e+02 3.540700e+02 1.055003e+05 4.617718e+06 2.255658e+06 7.441050e+06 1.319695e+08
3.000000e-02 1.194000e-01  1.085455e-01  1.000000e-01 2.839008e-03 8.000000e-04 3.354900e+00 6.380000e+01 1.736246e+02 3.102981e+02 1.114301e+05 4.824420e+06 2.377469e+06 7.842885e+06 1.390962e+08
3.000000e-02 1.194000e-01  1.085455e-01  1.000000e-01 2.914657e-03 8.000000e-04 3.354900e+00 6.263970e+01 1.916813e+02 3.199323e+02 1.194731e+05 5.056382e+06 2.505858e+06 8.266421e+06 1.466077e+08
3.000000e-02 1.194000e-01  1.085455e-01  1.000000e-01 2.992321e-03 8.000000e-04 3.354900e+00 7.823382e+01 1.892644e+02 3.456164e+02 1.247359e+05 5.347444e+06 2.641181e+06 8.712829e+06 1.545249e+08
3.000000e-02 1.194000e-01  1.085455e-01  1.000000e-01 3.072056e-03 8.000000e-04 3.354900e+00 7.205975e+01 1.832063e+02 3.333287e+02 1.328593e+05 5.622394e+06 2.783812e+06 9.183344e+06 1.628697e+08
3.000000e-02 1.194000e-01  1.085455e-01  1.000000e-01 3.153914e-03 8.000000e-04 3.354900e+00 9.760129e+01 1.848475e+02 3.430468e+02 1.404512e+05 5.946689e+06 2.934145e+06 9.679268e+06 1.716651e+08
3.000000e-02 1.194000e-01  1.085455e-01  1.000000e-01 3.237955e-03 8.000000e-04 3.354900e+00 1.053973e+02 1.856811e+02 3.420876e+02 1.458554e+05 6.222016e+06 3.092596e+06 1.020197e+07 1.809354e+08
3.000000e-02 1.194000e-01  1.085455e-01  1.000000e-01 3.324234e-03 8.000000e-04 3.354900e+00 9.115072e+01 1.866342e+02 3.525261e+02 1.543426e+05 6.632320e+06 3.259605e+06 1.075291e+07 1.907064e+08
3.000000e-02 1.194000e-01  1.085455e-01  1.000000e-01 3.412813e-03 8.000000e-04 3.354900e+00 9.118688e+01 1.953951e+02 3.620973e+02 1.648464e+05 6.999455e+06 3.435632e+06 1.133359e+07 2.010050e+08
3.000000e-02 1.194000e-01  1.085455e-01  1.000000e-01 3.503751e-03 8.000000e-04 3.354900e+00 8.135837e+01 2.072064e+02 4.052355e+02 1.723782e+05 7.379393e+06 3.621165e+06 1.194564e+07 2.118598e+08
3.000000e-02 1.194000e-01  1.085455e-01  1.000000e-01 3.597114e-03 8.000000e-04 3.354900e+00 1.029116e+02 1.828929e+02 3.513630e+02 1.786478e+05 7.769082e+06 3.816717e+06 1.259073e+07 2.233008e+08
3.000000e-02 1.194000e-01  1.085455e-01  1.000000e-01 3.692963e-03 8.000000e-04 3.354900e+00 1.162616e+02 1.748434e+02 3.530730e+02 1.874529e+05 8.205600e+06 4.022830e+06 1.327067e+07 2.353597e+08
3.000000e-02 1.194000e-01  1.085455e-01  1.000000e-01 3.791367e-03 8.000000e-04 3.354900e+00 1.242733e+02 1.943979e+02 3.973596e+02 2.028257e+05 8.666803e+06 4.240074e+06 1.398732e+07 2.480697e+08
3.000000e-02 1.194000e-01  1.085455e-01  1.000000e-01 3.892393e-03 8.000000e-04 3.354900e+00 1.244780e+02 1.970048e+02 3.820834e+02 2.117405e+05 9.036836e+06 4.469050e+06 1.474267e+07 2.614662e+08
3.000000e-02 1.194000e-01  1.085455e-01  1.000000e-01 3.996112e-03 8.000000e-04 3.354900e+00 1.386762e+02 1.899616e+02 4.262536e+02 2.234020e+05 9.708671e+06 4.710391e+06 1.553882e+07 2.755861e+08
3.000000e-02 1.194000e-01  1.085455e-01  1.000000e-01 4.102593e-03 8.000000e-04 3.354900e+00 1.216932e+02 1.863060e+02 3.793552e+02 2.317102e+05 1.008879e+07 4.964765e+06 1.637795e+07 2.904685e+08
3.000000e-02 1.194000e-01  1.085455e-01  1.000000e-01 4.211913e-03 8.000000e-04 3.354900e+00 1.317804e+02 1.934277e+02 4.167416e+02 2.462519e+05 1.052906e+07 5.232876e+06 1.726241e+07 3.061546e+08
3.000000e-02 1.194000e-01  1.085455e-01  1.000000e-01 4.324145e-03 8.000000e-04 3.354900e+00 1.419781e+02 2.187673e+02 4.377525e+02 2.600482e+05 1.123064e+07 5.515466e+06 1.819463e+07 3.226878e+08
3.000000e-02 1.194000e-01  1.085455e-01  1.000000e-01 4.439368e-03 8.000000e-04 3.354900e+00 1.295884e+02 1.951670e+02 3.946457e+02 2.743164e+05 1.191416e+07 5.813317e+06 1.917719e+07 3.401139e+08
3.000000e-02 1.194000e-01  1.085455e-01  1.000000e-01 4.557661e-03 8.000000e-04 3.354900e+00 1.434478e+02 1.903028e+02 4.024161e+02 2.900868e+05 1.250901e+07 6.127253e+06 2.021281e+07 3.584810e+08
3.000000e-02 1.194000e-01  1.085455e-01  1.000000e-01 4.679107e-03 8.000000e-04 3.354900e+00 1.407770e+02 2.321387e+02 4.918476e+02 3.085638e+05 1.310538e+07 6.458142e+06 2.130436e+07 3.778400e+08
3.000000e-02 1.194000e-01  1.085455e-01  1.000000e-01 4.803788e-03 8.000000e-04 3.354900e+00 1.626062e+02 1.905071e+02 4.969754e+02 3.208345e+05 1.389700e+07 6.806901e+06 2.245486e+07 3.982445e+08
3.000000e-02 1.194000e-01  1.085455e-01  1.000000e-01 4.931792e-03 8.000000e-04 3.354900e+00 1.677652e+02 2.039533e+02 4.868891e+02 3.377642e+05 1.463388e+07 7.174493e+06 2.366749e+07 4.197509e+08
3.000000e-02 1.194000e-01  1.085455e-01  1.000000e-01 5.063207e-03 8.000000e-04 3.354900e+00 1.641819e+02 2.356986e+02 5.171481e+02 3.585990e+05 1.543719e+07 7.561938e+06 2.494561e+07 4.424187e+08
3.000000e-02 1.194000e-01  1.085455e-01  1.000000e-01 5.198124e-03 8.000000e-04 3.354900e+00 2.036126e+02 1.839841e+02 5.116606e+02 3.771364e+05 1.626869e+07 7.970305e+06 2.629275e+07 4.663106e+08
3.000000e-02 1.194000e-01  1.085455e-01  1.000000e-01 5.336636e-03 8.000000e-04 3.354900e+00 1.531479e+02 2.292748e+02 4.808986e+02 3.949910e+05 1.705772e+07 8.400726e+06 2.771263e+07 4.914928e+08
3.000000e-02 1.194000e-01  1.085455e-01  1.000000e-01 5.478839e-03 8.000000e-04 3.354900e+00 1.621379e+02 1.993166e+02 4.312623e+02 4.158610e+05 1.815709e+07 8.854392e+06 2.920920e+07 5.180350e+08
3.000000e-02 1.194000e-01  1.085455e-01  1.000000e-01 5.624831e-03 8.000000e-04 3.354900e+00 1.576271e+02 1.945598e+02 4.519684e+02 4.424099e+05 1.913129e+07 9.332557e+06 3.078659e+07 5.460105e+08
3.000000e-02 1.194000e-01  1.085455e-01  1.000000e-01 5.774713e-03 8.000000e-04 3.354900e+00 1.878965e+02 1.917746e+02 5.034193e+02 4.564477e+05 1.995696e+07 9.836545e+06 3.244917e+07 5.754968e+08
3.000000e-02 1.194000e-01  1.085455e-01  1.000000e-01 5.928590e-03 8.000000e-04 3.354900e+00 1.542545e+02 2.055921e+02 4.015520e+02 4.967196e+05 2.109261e+07 1.036775e+07 3.420153e+07 6.065755e+08
3.000000e-02 1.194000e-01  1.085455e-01  1.000000e-01 6.086567e-03 8.000000e-04 3.354900e+00 1.584859e+02 1.999163e+02 4.726921e+02 5.179396e+05 2.241034e+07 1.092764e+07 3.604852e+07 6.393326e+08
3.000000e-02 1.194000e-01  1.085455e-01  1.000000e-01 6.248754e-03 8.000000e-04 3.354900e+00 2.123970e+02 1.982299e+02 5.516209e+02 5.498697e+05 2.358019e+07 1.151777e+07 3.799527e+07 6.738587e+08
3.000000e-02 1.194000e-01  1.085455e-01  1.000000e-01 6.415262e-03 8.000000e-04 3.354900e+00 1.640056e+02 2.371289e+02 5.373679e+02 5.879978e+05 2.433879e+07 1.213977e+07 4.004714e+07 7.102494e+08
3.000000e-02 1.194000e-01  1.085455e-01  1.000000e-01 6.586208e-03 8.000000e-04 3.354900e+00 1.441111e+02 1.969655e+02 4.223017e+02 5.976745e+05 2.559813e+07 1.279536e+07 4.220983e+07 7.486054e+08
3.000000e-02 1.194000e-01  1.085455e-01  1.000000e-01 6.761709e-03 8.000000e-04 3.354900e+00 1.982090e+02 1.964970e+02 5.137210e+02 6.359027e+05 2.747331e+07 1.348636e+07 4.448931e+07 7.890327e+08
3.000000e-02 1.194000e-01  1.085455e-01  1.000000e-01 6.941887e-03 8.000000e-04 3.354900e+00 1.735334e+02 2.151334e+02 5.289715e+02 6.728053e+05 2.884474e+07 1.421467e+07 4.689189e+07 8.316433e+08
3.000000e-02 1.194000e-01  1.085455e-01  1.000000e-01 7.126866e-03 8.000000e-04 3.354900e+00 1.990202e+02 2.104381e+02 5.202176e+02 7.243434e+05 3.086289e+07 1.498231e+07 4.942422e+07 8.765551e+08
3.000000e-02 1.194000e-01  1.085455e-01  1.000000e-01 7.316774e-03 8.000000e-04 3.354900e+00 2.306920e+02 2.117319e+02 5.907324e+02 7.471188e+05 3.182621e+07 1.579141e+07 5.209332e+07 9.238924e+08
3.000000e-02 1.194000e-01  1.085455e-01  1.000000e-01 7.511744e-03 8.000000e-04 3.354900e+00 1.881423e+02 2.423603e+02 5.704586e+02 7.799145e+05 3.354723e+07 1.664421e+07 5.490656e+07 9.737861e+08
3.000000e-02 1.194000e-01  1.085455e-01  1.000000e-01 7.711908e-03 8.000000e-04 3.354900e+00 1.832125e+02 1.971840e+02 4.742766e+02 8.338452e+05 3.524977e+07 1.754306e+07 5.787173e+07 1.026374e+09
3.000000e-02 1.194000e-01  1.085455e-01  1.000000e-01 7.917407e-03 8.000000e-04 3.354900e+00 2.171512e+02 2.042386e+02 5.566216e+02 8.795512e+05 3.749753e+07 1.849046e+07 6.099703e+07 1.081803e+09
3.000000e-02 1.194000e-01  1.085455e-01  1.000000e-01 8.128383e-03 8.000000e-04 3.354900e+00 2.164199e+02 2.404535e+02 6.324862e+02 9.214508e+05 3.946245e+07 1.948902e+07 6.429112e+07 1.140224e+09
3.000000e-02 1.194000e-01  1.085455e-01  1.000000e-01 8.344980e-03 8.000000e-04 3.354900e+00 2.182349e+02 2.298769e+02 6.113082e+02 9.759157e+05 4.126856e+07 2.054151e+07 6.776311e+07 1.201801e+09
3.000000e-02 1.194000e-01  1.085455e-01  1.000000e-01 8.567350e-03 8.000000e-04 3.354900e+00 2.388524e+02 2.487729e+02 6.955822e+02 1.026504e+06 4.410996e+07 2.165084e+07 7.142261e+07 1.266704e+09
3.000000e-02 1.194000e-01  1.085455e-01  1.000000e-01 8.795645e-03 8.000000e-04 3.354900e+00 1.855320e+02 2.694611e+02 5.012302e+02 1.087656e+06 4.636979e+07 2.282008e+07 7.527974e+07 1.335111e+09
3.000000e-02 1.194000e-01  1.085455e-01  1.000000e-01 9.030025e-03 8.000000e-04 3.354900e+00 2.083187e+02 2.094752e+02 5.305573e+02 1.128808e+06 4.812452e+07 2.405247e+07 7.934519e+07 1.407213e+09
3.000000e-02 1.194000e-01  1.085455e-01  1.000000e-01 9.270651e-03 8.000000e-04 3.354900e+00 2.577238e+02 2.152622e+02 6.572994e+02 1.193001e+06 5.174027e+07 2.535141e+07 8.363020e+07 1.483209e+09
3.000000e-02 1.194000e-01  1.085455e-01  1.000000e-01 9.517689e-03 8.000000e-04 3.354900e+00 2.370464e+02 2.156188e+02 6.028504e+02 1.245843e+06 5.379787e+07 2.672051e+07 8.814663e+07 1.563310e+09
3.000000e-02 1.194000e-01  1.085455e-01  1.000000e-01 9.771310e-03 8.000000e-04 3.354900e+00 2.342613e+02 2.233358e+02 6.222918e+02 1.321272e+06 5.764057e+07 2.816355e+07 9.290697e+07 1.647736e+09
3.000000e-02 1.194000e-01  1.085455e-01  1.000000e-01 1.003169e-02 8.000000e-04 3.354900e+00 2.600173e+02 2.046079e+02 6.217367e+02 1.406779e+06 6.072557e+07 2.968452e+07 9.792442e+07 1.736722e+09
3.000000e-02 1.194000e-01  1.085455e-01  1.000000e-01 1.029901e-02 8.000000e-04 3.354900e+00 2.438919e+02 2.030754e+02 5.873309e+02 1.473715e+06 6.317615e+07 3.128764e+07 1.032128e+08 1.830514e+09
3.000000e-02 1.194000e-01  1.085455e-01  1.000000e-01 1.057346e-02 8.000000e-04 3.354900e+00 2.617445e+02 1.966954e+02 6.022180e+02 1.575892e+06 6.664534e+07 3.297734e+07 1.087869e+08 1.929372e+09
3.000000e-02 1.194000e-01  1.085455e-01  1.000000e-01 1.085521e-02 8.000000e-04 3.354900e+00 2.553283e+02 2.045472e+02 5.903949e+02 1.638571e+06 7.095836e+07 3.475829e+07 1.146620e+08 2.033568e+09
3.000000e-02 1.194000e-01  1.085455e-01  1.000000e-01 1.114448e-02 8.000000e-04 3.354900e+00 2.890002e+02 2.194413e+02 6.860089e+02 1.746373e+06 7.439136e+07 3.663544e+07 1.208544e+08 2.143393e+09
3.000000e-02 1.194000e-01  1.085455e-01  1.000000e-01 1.144146e-02 8.000000e-04 3.354900e+00 2.564099e+02 2.470795e+02 7.497094e+02 1.836385e+06 7.949402e+07 3.861397e+07 1.273812e+08 2.259148e+09
3.000000e-02 1.194000e-01  1.085455e-01  1.000000e-01 1.174635e-02 8.000000e-04 3.354900e+00 2.620821e+02 2.188624e+02 6.929652e+02 1.926177e+06 8.260899e+07 4.069935e+07 1.342606e+08 2.381156e+09
3.000000e-02 1.194000e-01  1.085455e-01  1.000000e-01 1.205937e-02 8.000000e-04 3.354900e+00 2.383105e+02 2.063242e+02 5.736070e+02 2.061185e+06 8.714014e+07 4.289737e+07 1.415115e+08 2.509753e+09
3.000000e-02 1.194000e-01  1.085455e-01  1.000000e-01 1.238073e-02 8.000000e-04 3.354900e+00 2.671930e+02 2.177879e+02 6.757950e+02 2.135268e+06 9.225977e+07 4.521411e+07 1.491540e+08 2.645296e+09
3.000000e-02 1.194000e-01  1.085455e-01  1.000000e-01 1.271065e-02 8.000000e-04 3.354900e+00 3.172998e+02 2.033702e+02 6.832116e+02 2.280943e+06 9.752363e+07 4.765597e+07 1.572093e+08 2.788160e+09
3.000000e-02 1.194000e-01  1.085455e-01  1.000000e-01 1.304937e-02 8.000000e-04 3.354900e+00 2.398384e+02 2.323357e+02 6.148792e+02 2.379090e+06 1.014404e+08 5.022972e+07 1.656997e+08 2.938740e+09
3.000000e-02 1.194000e-01  1.085455e-01  1.000000e-01 1.339712e-02 8.000000e-04 3.354900e+00 2.867478e+02 2.342837e+02 8.391516e+02 2.557418e+06 1.084993e+08 5.294249e+07 1.746487e+08 3.097453e+09
3.000000e-02 1.194000e-01  1.085455e-01  1.000000e-01 1.375413e-02 8.000000e-04 3.354900e+00 2.757330e+02 2.354446e+02 7.463540e+02 2.635467e+06 1.122814e+08 5.580177e+07 1.840810e+08 3.264738e+09
3.000000e-02 1.194000e-01  1.085455e-01  1.000000e-01 1.412066e-02 8.000000e-04 3.354900e+00 3.059350e+02 2.071893e+02 7.044130e+02 2.797122e+06 1.203787e+08 5.881550e+07 1.940228e+08 3.441059e+09
3.000000e-02 1.194000e-01  1.085455e-01  1.000000e-01 1.449696e-02 8.000000e-04 3.354900e+00 2.799818e+02 1.982279e+02 6.257391e+02 2.945471e+06 1.261883e+08 6.199201e+07 2.045016e+08 3.626904e+09
3.000000e-02 1.194000e-01  1.085455e-01  1.000000e-01 1.488329e-02 8.000000e-04 3.354900e+00 2.607357e+02 2.020222e+02 5.877453e+02 3.092686e+06 1.336249e+08 6.534009e+07 2.155464e+08 3.822787e+09
3.000000e-02 1.194000e-01  1.085455e-01  1.000000e-01 1.527992e-02 8.000000e-04 3.354900e+00 2.741328e+02 2.346113e+02 7.402620e+02 3.290837e+06 1.404499e+08 6.886902e+07 2.271877e+08 4.029250e+09
3.000000e-02 1.194000e-01  1.085455e-01  1.000000e-01 1.568712e-02 8.000000e-04 3.354900e+00 2.832393e+02 2.100158e+02 6.782055e+02 3.446703e+06 1.489659e+08 7.258856e+07 2.394579e+08 4.246866e+09
3.000000e-02 1.194000e-01  1.085455e-01  1.000000e-01 1.610518e-02 8.000000e-04 3.354900e+00 2.664105e+02 2.760790e+02 7.512812e+02 3.669195e+06 1.555396e+08 7.650902e+07 2.523908e+08 4.476236e+09
3.000000e-02 1.194000e-01  1.085455e-01  1.000000e-01 1.653437e-02 8.000000e-04 3.354900e+00 2.917295e+02 2.853739e+02 8.906175e+02 3.848250e+06 1.631833e+08 8.064125e+07 2.660224e+08 4.717996e+09
3.000000e-02 1.194000e-01  1.085455e-01  1.000000e-01 1.697501e-02 8.000000e-04 3.354900e+00 3.218254e+02 2.094162e+02 7.041983e+02 4.048686e+06 1.727730e+08 8.499669e+07 2.803903e+08 4.972816e+09
3.000000e-02 1.194000e-01  1.085455e-01  1.000000e-01 1.742740e-02 8.000000e-04 3.354900e+00 3.124952e+02 2.412527e+02 8.233359e+02 4.287637e+06 1.843036e+08 8.958740e+07 2.955343e+08 5.241400e+09
3.000000e-02 1.194000e-01  1.085455e-01  1.000000e-01 1.789185e-02 8.000000e-04 3.354900e+00 3.263487e+02 2.421992e+02 8.244578e+02 4.456592e+06 1.923748e+08 9.442610e+07 3.114964e+08 5.524493e+09
3.000000e-02 1.194000e-01  1.085455e-01  1.000000e-01 1.836868e-02 8.000000e-04 3.354900e+00 3.232758e+02 2.625419e+02 7.307472e+02 4.727232e+06 1.988828e+08 9.952619e+07 3.283208e+08 5.822879e+09
3.000000e-02 1.194000e-01  1.085455e-01  1.000000e-01 1.885822e-02 8.000000e-04 3.354900e+00 2.546714e+02 2.367134e+02 6.896023e+02 4.961801e+06 2.138175e+08 1.049018e+08 3.460540e+08 6.137383e+09
3.000000e-02 1.194000e-01  1.085455e-01  1.000000e-01 1.936081e-02 8.000000e-04 3.354900e+00 2.973157e+02 2.325395e+02 7.502895e+02 5.321044e+06 2.244451e+08 1.105678e+08 3.647452e+08 6.468878e+09
3.000000e-02 1.194000e-01  1.085455e-01  1.000000e-01 1.987680e-02 8.000000e-04 3.354900e+00 3.308401e+02 2.025677e+02 6.797053e+02 5.513753e+06 2.372936e+08 1.165399e+08 3.844462e+08 6.818282e+09
3.000000e-02 1.194000e-01  1.085455e-01  1.000000e-01 2.040655e-02 8.000000e-04 3.354900e+00 3.223321e+02 2.393864e+02 7.960854e+02 5.845273e+06 2.480006e+08 1.228346e+08 4.052115e+08 7.186561e+09
3.000000e-02 1.194000e-01  1.085455e-01  1.000000e-01 2.095042e-02 8.000000e-04 3.354900e+00 2.905540e+02 2.831555e+02 7.555367e+02 6.215096e+06 2.633723e+08 1.294694e+08 4.270987e+08 7.574737e+09
3.000000e-02 1.194000e-01  1.085455e-01  1.000000e-01 2.150880e-02 8.000000e-04 3.354900e+00 2.906106e+02 2.025092e+02 6.771996e+02 6.552486e+06 2.786915e+08 1.364627e+08 4.501683e+08 7.983885e+09
3.000000e-02 1.194000e-01  1.085455e-01  1.000000e-01 2.208206e-02 8.000000e-04 3.354900e+00 2.526281e+02 2.455907e+02 7.132416e+02 6.846770e+06 2.948162e+08 1.438338e+08 4.744844e+08 8.415139e+09
3.000000e-02 1.194000e-01  1.085455e-01  1.000000e-01 2.267061e-02 8.000000e-04 3.354900e+00 3.134474e+02 2.349543e+02 8.076171e+02 7.239567e+06 3.095093e+08 1.516031e+08 5.001142e+08 8.869693e+09
3.000000e-02 1.194000e-01  1.085455e-01  1.000000e-01 2.327486e-02 8.000000e-04 3.354900e+00 2.911313e+02 2.466043e+02 8.172117e+02 7.549504e+06 3.243866e+08 1.597923e+08 5.271289e+08 9.348806e+09
3.000000e-02 1.194000e-01  1.085455e-01  1.000000e-01 2.389522e-02 8.000000e-04 3.354900e+00 2.898535e+02 2.230258e+02 5.622291e+02 7.921897e+06 3.393125e+08 1.684239e+08 5.556032e+08 9.853807e+09
3.000000e-02 1.194000e-01  1.085455e-01  1.000000e-01 2.453212e-02 8.000000e-04 3.354900e+00 2.686819e+02 2.466292e+02 6.362882e+02 8.424267e+06 3.621191e+08 1.775219e+08 5.856160e+08 1.038610e+10
3.000000e-02 1.194000e-01  1.085455e-01  1.000000e-01 2.518601e-02 8.000000e-04 3.354900e+00 3.292999e+02 2.298627e+02 7.475669e+02 8.844825e+06 3.825060e+08 1.871116e+08 6.172507e+08 1.094715e+10
3.000000e-02 1.194000e-01  1.085455e-01  1.000000e-01 2.585735e-02 8.000000e-04 3.354900e+00 2.792288e+02 1.945148e+02 5.929534e+02 9.385550e+06 4.022765e+08 1.972194e+08 6.505948e+08 1.153852e+10
3.000000e-02 1.194000e-01  1.085455e-01  1.000000e-01 2.654658e-02 8.000000e-04 3.354900e+00 3.058260e+02 2.476265e+02 7.266615e+02 9.905058e+06 4.234038e+08 2.078734e+08 6.857408e+08 1.216184e+10
3.000000e-02 1.194000e-01  1.085455e-01  1.000000e-01 2.725421e-02 8.000000e-04 3.354900e+00 3.286517e+02 3.483118e+02 9.837464e+02 1.027972e+07 4.478962e+08 2.191033e+08 7.227861e+08 1.281885e+10
3.000000e-02 1.194000e-01  1.085455e-01  1.000000e-01 2.798071e-02 8.000000e-04 3.354900e+00 3.388947e+02 2.233324e+02 6.679357e+02 1.100951e+07 4.628306e+08 2.309400e+08 7.618335e+08 1.351137e+10
3.000000e-02 1.194000e-01  1.085455e-01  1.000000e-01 2.872659e-02 8.000000e-04 3.354900e+00 3.130748e+02 2.462424e+02 7.870850e+02 1.156890e+07 4.892136e+08 2.434164e+08 8.029913e+08 1.424132e+10
3.000000e-02 1.194000e-01  1.085455e-01  1.000000e-01 2.949237e-02 8.000000e-04 3.354900e+00 3.319259e+02 2.477361e+02 8.410856e+02 1.243730e+07 5.218334e+08 2.565672e+08 8.463735e+08 1.501072e+10
3.000000e-02 1.194000e-01  1.085455e-01  1.000000e-01 3.027858e-02 8.000000e-04 3.354900e+00 3.322095e+02 2.599320e+02 8.818648e+02 1.302514e+07 5.481430e+08 2.704287e+08 8.921006e+08 1.582170e+10
3.000000e-02 1.194000e-01  1.085455e-01  1.000000e-01 3.108578e-02 8.000000e-04 3.354900e+00 3.229141e+02 2.432568e+02 8.857505e+02 1.361093e+07 5.833397e+08 2.850396e+08 9.402994e+08 1.667652e+10
3.000000e-02 1.194000e-01  1.085455e-01  1.000000e-01 3.191451e-02 8.000000e-04 3.354900e+00 3.272445e+02 2.510608e+02 9.056261e+02 1.421864e+07 6.131088e+08 3.004402e+08 9.911036e+08 1.757755e+10
3.000000e-02 1.194000e-01  1.085455e-01  1.000000e-01 3.276536e-02 8.000000e-04 3.354900e+00 2.772680e+02 3.794869e+02 9.671499e+02 1.513899e+07 6.426298e+08 3.166734e+08 1.044654e+09 1.852729e+10
3.000000e-02 1.194000e-01  1.085455e-01  1.000000e-01 3.363892e-02 8.000000e-04 3.354900e+00 3.291271e+02 3.940465e+02 1.016531e+03 1.580488e+07 6.751006e+08 3.337842e+08 1.101100e+09 1.952837e+10
3.000000e-02 1.194000e-01  1.085455e-01  1.000000e-01 3.453579e-02 8.000000e-04 3.354900e+00 3.278688e+02 2.449317e+02 8.980368e+02 1.677568e+07 7.155161e+08 3.518200e+08 1.160597e+09 2.058358e+10
3.000000e-02 1.194000e-01  1.085455e-01  1.000000e-01 3.545661e-02 8.000000e-04 3.354900e+00 3.343157e+02 3.472793e+02 9.066368e+02 1.768457e+07 7.559255e+08 3.708311e+08 1.223312e+09 2.169584e+10
3.000000e-02 1.194000e-01  1.085455e-01  1.000000e-01 3.640201e-02 8.000000e-04 3.354900e+00 3.508615e+02 2.055941e+02 6.836229e+02 1.856296e+07 8.038672e+08 3.908701e+08 1.289417e+09 2.286824e+10
3.000000e-02 1.194000e-01  1.085455e-01  1.000000e-01 3.737265e-02 8.000000e-04 3.354900e+00 3.410219e+02 2.451516e+02 8.322800e+02 1.952344e+07 8.376587e+08 4.119927e+08 1.359097e+09 2.410404e+10
3.000000e-02 1.194000e-01  1.085455e-01  1.000000e-01 3.836921e-02 8.000000e-04 3.354900e+00 3.348967e+02 2.429728e+02 8.830135e+02 2.031616e+07 8.743906e+08 4.342576e+08 1.432546e+09 2.540667e+10
3.000000e-02 1.194000e-01  1.085455e-01  1.000000e-01 3.939239e-02 8.000000e-04 3.354900e+00 3.291186e+02 4.232734e+02 9.255116e+02 2.197517e+07 9.244935e+08 4.577267e+08 1.509966e+09 2.677976e+10
3.000000e-02 1.194000e-01  1.085455e-01  1.000000e-01 4.044289e-02 8.000000e-04 3.354900e+00 3.167746e+02 2.333722e+02 8.327358e+02 2.275028e+07 9.795243e+08 4.824653e+08 1.591575e+09 2.822711e+10
3.000000e-02 1.194000e-01  1.085455e-01  1.000000e-01 4.152145e-02 8.000000e-04 3.354900e+00 3.475852e+02 2.669577e+02 8.512144e+02 2.396130e+07 1.043008e+09 5.085419e+08 1.677597e+09 2.975275e+10
3.000000e-02 1.194000e-01  1.085455e-01  1.000000e-01 4.262883e-02 8.000000e-04 3.354900e+00 3.300040e+02 2.904101e+02 8.363986e+02 2.547401e+07 1.083929e+09 5.360293e+08 1.768274e+09 3.136093e+10
3.000000e-02 1.194000e-01  1.085455e-01  1.000000e-01 4.376580e-02 8.000000e-04 3.354900e+00 3.623686e+02 4.213828e+02 1.007053e+03 2.659599e+07 1.156959e+09 5.650039e+08 1.863856e+09 3.305611e+10
3.000000e-02 1.194000e-01  1.085455e-01  1.000000e-01 4.493315e-02 8.000000e-04 3.354900e+00 3.321169e+02 2.375644e+02 8.786913e+02 2.829497e+07 1.202855e+09 5.955462e+08 1.964610e+09 3.484302e+10
3.000000e-02 1.194000e-01  1.085455e-01  1.000000e-01 4.613170e-02 8.000000e-04 3.354900e+00 3.219086e+02 2.877310e+02 8.824145e+02 2.963275e+07 1.271040e+09 6.277413e+08 2.070817e+09 3.672663e+10
