1.000000e-01 2.894000e-02  2.630909e-02  1.000000e-01 2.000000e-06 8.000000e-04 7.489552e+05 3.180203e+01 2.288802e+01 6.923341e+01 3.879207e-06 2.485744e-06 2.046607e-05 3.652023e-04 1.234660e-03
1.000000e-01 2.894000e-02  2.630909e-02  1.000000e-01 2.053292e-06 8.000000e-04 7.489552e+05 3.180203e+01 2.288802e+01 6.923341e+01 3.908312e-06 2.648895e-06 2.157128e-05 3.849241e-04 1.301334e-03
1.000000e-01 2.894000e-02  2.630909e-02  1.000000e-01 2.108005e-06 8.000000e-04 7.489552e+05 3.180203e+01 2.288802e+01 6.923341e+01 4.024981e-06 2.787152e-06 2.273618e-05 4.057109e-04 1.371609e-03
1.000000e-01 2.894000e-02  2.630909e-02  1.000000e-01 2.164175e-06 8.000000e-04 7.489552e+05 3.180203e+01 2.288802e+01 6.923341e+01 4.463372e-06 2.932237e-06 2.396399e-05 4.276202e-04 1.445679e-03
1.000000e-01 2.894000e-02  2.630909e-02  1.000000e-01 2.221842e-06 8.000000e-04 7.489552e+05 3.180203e+01 2.288802e+01 6.923341e+01 4.666060e-06 3.059371e-06 2.525810e-05 4.507127e-04 1.523749e-03
1.000000e-01 2.894000e-02  2.630909e-02  1.000000e-01 2.281045e-06 8.000000e-04 7.489552e+05 3.180203e+01 2.288802e+01 6.923341e+01 4.807633e-06 3.269666e-06 2.662209e-05 4.750522e-04 1.606035e-03
1.000000e-01 2.894000e-02  2.630909e-02  1.000000e-01 2.341826e-06 8.000000e-04 7.489552e+05 3.180203e+01 2.288802e+01 6.923341e+01 5.470353e-06 3.393147e-06 2.805975e-05 5.007061e-04 1.692765e-03
1.000000e-01 2.894000e-02  2.630909e-02  1.000000e-01 2.404227e-06 8.000000e-04 7.489552e+05 3.180203e+01 2.288802e+01 6.923341e+01 5.680357e-06 3.575406e-06 2.957504e-05 5.277454e-04 1.784178e-03
1.000000e-01 2.894000e-02  2.630909e-02  1.000000e-01 2.468290e-06 8.000000e-04 7.489552e+05 3.180203e+01 2.288802e+01 6.923341e+01 5.766056e-06 3.806327e-06 3.117216e-05 5.562449e-04 1.880528e-03
1.000000e-01 2.894000e-02  2.630909e-02  1.000000e-01 2.534061e-06 8.000000e-04 7.489552e+05 3.180203e+01 2.288802e+01 6.923341e+01 6.016382e-06 3.974529e-06 3.285553e-05 5.862834e-04 1.982081e-03
1.000000e-01 2.894000e-02  2.630909e-02  1.000000e-01 2.601584e-06 8.000000e-04 7.489552e+05 3.180203e+01 2.288802e+01 6.923341e+01 6.534745e-06 4.194241e-06 3.462980e-05 6.179441e-04 2.089118e-03
1.000000e-01 2.894000e-02  2.630909e-02  1.000000e-01 2.670906e-06 8.000000e-04 7.489552e+05 3.180203e+01 2.288802e+01 6.923341e+01 6.618384e-06 4.450210e-06 3.649989e-05 6.513145e-04 2.201935e-03
1.000000e-01 2.894000e-02  2.630909e-02  1.000000e-01 2.742075e-06 8.000000e-04 7.489552e+05 3.180203e+01 2.288802e+01 6.923341e+01 7.508138e-06 4.610577e-06 3.847097e-05 6.864870e-04 2.320845e-03
1.000000e-01 2.894000e-02  2.630909e-02  1.000000e-01 2.815141e-06 8.000000e-04 7.489552e+05 3.180203e+01 2.288802e+01 6.923341e+01 7.394655e-06 4.956639e-06 4.054849e-05 7.235589e-04 2.446176e-03
1.000000e-01 2.894000e-02  2.630909e-02  1.000000e-01 2.890154e-06 8.000000e-04 7.489552e+05 3.180203e+01 2.288802e+01 6.923341e+01 7.461661e-06 5.201858e-06 4.273820e-05 7.626327e-04 2.578275e-03
1.000000e-01 2.894000e-02  2.630909e-02  1.000000e-01 2.967165e-06 8.000000e-04 7.489552e+05 3.180203e+01 2.288802e+01 6.923341e+01 8.253890e-06 5.479824e-06 4.504616e-05 8.038166e-04 2.717507e-03
1.000000e-01 2.894000e-02  2.630909e-02  1.000000e-01 3.046229e-06 8.000000e-04 7.489552e+05 3.180203e+01 2.288802e+01 6.923341e+01 9.184006e-06 5.888321e-06 4.747876e-05 8.472246e-04 2.864259e-03
1.000000e-01 2.894000e-02  2.630909e-02  1.000000e-01 3.127399e-06 8.000000e-04 7.489552e+05 3.180203e+01 2.288802e+01 6.923341e+01 9.710608e-06 6.212923e-06 5.004272e-05 8.929767e-04 3.018936e-03
1.000000e-01 2.894000e-02  2.630909e-02  1.000000e-01 3.210732e-06 8.000000e-04 7.489552e+05 3.180203e+01 2.288802e+01 6.923341e+01 9.869307e-06 6.504099e-06 5.274515e-05 9.411995e-04 3.181965e-03
1.000000e-01 2.894000e-02  2.630909e-02  1.000000e-01 3.296286e-06 8.000000e-04 7.489552e+05 3.180203e+01 2.288802e+01 6.923341e+01 1.001971e-05 6.840180e-06 5.559351e-05 9.920264e-04 3.353799e-03
1.000000e-01 2.894000e-02  2.630909e-02  1.000000e-01 3.384119e-06 8.000000e-04 7.489552e+05 3.180203e+01 2.288802e+01 6.923341e+01 1.032867e-05 7.110428e-06 5.859568e-05 1.045598e-03 3.534912e-03
1.000000e-01 2.894000e-02  2.630909e-02  1.000000e-01 3.474293e-06 8.000000e-04 7.489552e+05 3.180203e+01 2.288802e+01 6.923341e+01 1.141179e-05 7.463785e-06 6.175999e-05 1.102063e-03 3.725805e-03
1.000000e-01 2.894000e-02  2.630909e-02  1.000000e-01 3.566869e-06 8.000000e-04 7.489552e+05 3.180203e+01 2.288802e+01 6.923341e+01 1.209593e-05 7.871260e-06 6.509517e-05 1.161577e-03 3.927007e-03
1.000000e-01 2.894000e-02  2.630909e-02  1.000000e-01 3.661913e-06 8.000000e-04 7.489552e+05 3.180203e+01 2.288802e+01 6.923341e+01 1.264799e-05 8.313248e-06 6.861046e-05 1.224305e-03 4.139075e-03
1.000000e-01 2.894000e-02  2.630909e-02  1.000000e-01 3.759488e-06 8.000000e-04 7.489552e+05 3.180203e+01 2.288802e+01 6.923341e+01 1.315001e-05 8.651736e-06 7.231558e-05 1.290420e-03 4.362594e-03
1.000000e-01 2.894000e-02  2.630909e-02  1.000000e-01 3.859664e-06 8.000000e-04 7.489552e+05 3.180203e+01 2.288802e+01 6.923341e+01 1.479216e-05 9.313997e-06 7.622079e-05 1.360106e-03 4.598184e-03
1.000000e-01 2.894000e-02  2.630909e-02  1.000000e-01 3.962510e-06 8.000000e-04 7.489552e+05 3.180203e+01 2.288802e+01 6.923341e+01 1.533352e-05 9.698157e-06 8.033689e-05 1.433554e-03 4.846497e-03
1.000000e-01 2.894000e-02  2.630909e-02  1.000000e-01 4.068095e-06 8.000000e-04 7.489552e+05 3.180203e+01 2.288802e+01 6.923341e+01 1.470225e-05 1.030668e-05 8.467527e-05 1.510970e-03 5.108219e-03
1.000000e-01 2.894000e-02  2.630909e-02  1.000000e-01 4.176494e-06 8.000000e-04 7.489552e+05 3.180203e+01 2.288802e+01 6.923341e+01 1.653369e-05 1.101639e-05 8.924793e-05 1.592566e-03 5.384075e-03
1.000000e-01 2.894000e-02  2.630909e-02  1.000000e-01 4.287782e-06 8.000000e-04 7.489552e+05 3.180203e+01 2.288802e+01 6.923341e+01 1.646858e-05 1.160967e-05 9.406752e-05 1.678568e-03 5.674827e-03
1.000000e-01 2.894000e-02  2.630909e-02  1.000000e-01 4.402035e-06 8.000000e-04 7.489552e+05 3.180203e+01 2.288802e+01 6.923341e+01 1.829218e-05 1.205551e-05 9.914738e-05 1.769214e-03 5.981281e-03
1.000000e-01 2.894000e-02  2.630909e-02  1.000000e-01 4.519332e-06 8.000000e-04 7.489552e+05 3.180203e+01 2.288802e+01 6.923341e+01 1.953736e-05 1.294047e-05 1.045016e-04 1.864756e-03 6.304284e-03
1.000000e-01 2.894000e-02  2.630909e-02  1.000000e-01 4.639755e-06 8.000000e-04 7.489552e+05 3.180203e+01 2.288802e+01 6.923341e+01 2.055926e-05 1.343841e-05 1.101449e-04 1.965457e-03 6.644730e-03
1.000000e-01 2.894000e-02  2.630909e-02  1.000000e-01 4.763386e-06 8.000000e-04 7.489552e+05 3.180203e+01 2.288802e+01 6.923341e+01 2.130966e-05 1.419317e-05 1.160930e-04 2.071596e-03 7.003561e-03
1.000000e-01 2.894000e-02  2.630909e-02  1.000000e-01 4.890312e-06 8.000000e-04 7.489552e+05 3.180203e+01 2.288802e+01 6.923341e+01 2.254300e-05 1.503945e-05 1.223623e-04 2.183467e-03 7.381769e-03
1.000000e-01 2.894000e-02  2.630909e-02  1.000000e-01 5.020620e-06 8.000000e-04 7.489552e+05 3.180203e+01 2.288802e+01 6.923341e+01 2.283587e-05 1.580715e-05 1.289701e-04 2.301380e-03 7.780402e-03
1.000000e-01 2.894000e-02  2.630909e-02  1.000000e-01 5.154400e-06 8.000000e-04 7.489552e+05 3.180203e+01 2.288802e+01 6.923341e+01 2.576945e-05 1.639640e-05 1.359348e-04 2.425659e-03 8.200561e-03
1.000000e-01 2.894000e-02  2.630909e-02  1.000000e-01 5.291745e-06 8.000000e-04 7.489552e+05 3.180203e+01 2.288802e+01 6.923341e+01 2.687838e-05 1.749550e-05 1.432756e-04 2.556651e-03 8.643411e-03
1.000000e-01 2.894000e-02  2.630909e-02  1.000000e-01 5.432750e-06 8.000000e-04 7.489552e+05 3.180203e+01 2.288802e+01 6.923341e+01 2.683472e-05 1.853814e-05 1.510128e-04 2.694716e-03 9.110175e-03
1.000000e-01 2.894000e-02  2.630909e-02  1.000000e-01 5.577512e-06 8.000000e-04 7.489552e+05 3.180203e+01 2.288802e+01 6.923341e+01 2.896047e-05 1.916593e-05 1.591678e-04 2.840237e-03 9.602145e-03
1.000000e-01 2.894000e-02  2.630909e-02  1.000000e-01 5.726131e-06 8.000000e-04 7.489552e+05 3.180203e+01 2.288802e+01 6.923341e+01 3.095845e-05 2.043398e-05 1.677633e-04 2.993616e-03 1.012068e-02
1.000000e-01 2.894000e-02  2.630909e-02  1.000000e-01 5.878710e-06 8.000000e-04 7.489552e+05 3.180203e+01 2.288802e+01 6.923341e+01 3.311481e-05 2.177711e-05 1.768229e-04 3.155278e-03 1.066722e-02
1.000000e-01 2.894000e-02  2.630909e-02  1.000000e-01 6.035355e-06 8.000000e-04 7.489552e+05 3.180203e+01 2.288802e+01 6.923341e+01 3.432378e-05 2.272021e-05 1.863717e-04 3.325670e-03 1.124328e-02
1.000000e-01 2.894000e-02  2.630909e-02  1.000000e-01 6.196174e-06 8.000000e-04 7.489552e+05 3.180203e+01 2.288802e+01 6.923341e+01 3.614874e-05 2.364455e-05 1.964362e-04 3.505264e-03 1.185044e-02
1.000000e-01 2.894000e-02  2.630909e-02  1.000000e-01 6.361278e-06 8.000000e-04 7.489552e+05 3.180203e+01 2.288802e+01 6.923341e+01 3.991423e-05 2.507043e-05 2.070442e-04 3.694557e-03 1.249039e-02
1.000000e-01 2.894000e-02  2.630909e-02  1.000000e-01 6.530782e-06 8.000000e-04 7.489552e+05 3.180203e+01 2.288802e+01 6.923341e+01 3.948405e-05 2.644830e-05 2.182251e-04 3.894071e-03 1.316490e-02
1.000000e-01 2.894000e-02  2.630909e-02  1.000000e-01 6.704802e-06 8.000000e-04 7.489552e+05 3.180203e+01 2.288802e+01 6.923341e+01 4.278356e-05 2.840890e-05 2.300098e-04 4.104360e-03 1.387584e-02
1.000000e-01 2.894000e-02  2.630909e-02  1.000000e-01 6.883459e-06 8.000000e-04 7.489552e+05 3.180203e+01 2.288802e+01 6.923341e+01 4.287818e-05 2.961184e-05 2.424308e-04 4.326005e-03 1.462516e-02
1.000000e-01 2.894000e-02  2.630909e-02  1.000000e-01 7.066877e-06 8.000000e-04 7.489552e+05 3.180203e+01 2.288802e+01 6.923341e+01 5.059872e-05 3.077067e-05 2.555226e-04 4.559619e-03 1.541496e-02
1.000000e-01 2.894000e-02  2.630909e-02  1.000000e-01 7.255182e-06 8.000000e-04 7.489552e+05 3.180203e+01 2.288802e+01 6.923341e+01 5.026465e-05 3.282817e-05 2.693215e-04 4.805849e-03 1.624740e-02
1.000000e-01 2.894000e-02  2.630909e-02  1.000000e-01 7.448504e-06 8.000000e-04 7.489552e+05 3.180203e+01 2.288802e+01 6.923341e+01 5.164017e-05 3.456880e-05 2.838654e-04 5.065376e-03 1.712480e-02
1.000000e-01 2.894000e-02  2.630909e-02  1.000000e-01 7.646978e-06 8.000000e-04 7.489552e+05 3.180203e+01 2.288802e+01 6.923341e+01 5.443855e-05 3.642910e-05 2.991948e-04 5.338918e-03 1.804958e-02
1.000000e-01 2.894000e-02  2.630909e-02  1.000000e-01 7.850741e-06 8.000000e-04 7.489552e+05 3.180203e+01 2.288802e+01 6.923341e+01 5.639924e-05 3.846901e-05 3.153520e-04 5.627232e-03 1.902430e-02
1.000000e-01 2.894000e-02  2.630909e-02  1.000000e-01 8.059933e-06 8.000000e-04 7.489552e+05 3.180203e+01 2.288802e+01 6.923341e+01 6.052319e-05 4.082043e-05 3.323818e-04 5.931116e-03 2.005165e-02
1.000000e-01 2.894000e-02  2.630909e-02  1.000000e-01 8.274699e-06 8.000000e-04 7.489552e+05 3.180203e+01 2.288802e+01 6.923341e+01 6.543970e-05 4.277122e-05 3.503312e-04 6.251410e-03 2.113449e-02
1.000000e-01 2.894000e-02  2.630909e-02  1.000000e-01 8.495188e-06 8.000000e-04 7.489552e+05 3.180203e+01 2.288802e+01 6.923341e+01 7.001788e-05 4.567872e-05 3.692499e-04 6.589000e-03 2.227580e-02
1.000000e-01 2.894000e-02  2.630909e-02  1.000000e-01 8.721552e-06 8.000000e-04 7.489552e+05 3.180203e+01 2.288802e+01 6.923341e+01 7.325349e-05 4.718395e-05 3.891902e-04 6.944821e-03 2.347874e-02
1.000000e-01 2.894000e-02  2.630909e-02  1.000000e-01 8.953948e-06 8.000000e-04 7.489552e+05 3.180203e+01 2.288802e+01 6.923340e+01 8.035911e-05 4.997357e-05 4.102074e-04 7.319858e-03 2.474665e-02
1.000000e-01 2.894000e-02  2.630909e-02  1.000000e-01 9.192536e-06 8.000000e-04 7.489552e+05 3.180203e+01 2.288801e+01 6.923340e+01 7.824994e-05 5.296143e-05 4.323595e-04 7.715147e-03 2.608303e-02
1.000000e-01 2.894000e-02  2.630909e-02  1.000000e-01 9.437481e-06 8.000000e-04 7.489552e+05 3.180203e+01 2.288801e+01 6.923340e+01 8.772132e-05 5.537440e-05 4.557079e-04 8.131783e-03 2.749157e-02
1.000000e-01 2.894000e-02  2.630909e-02  1.000000e-01 9.688954e-06 8.000000e-04 7.489552e+05 3.180203e+01 2.288801e+01 6.923340e+01 8.790305e-05 5.915751e-05 4.803172e-04 8.570918e-03 2.897618e-02
1.000000e-01 2.894000e-02  2.630909e-02  1.000000e-01 9.947127e-06 8.000000e-04 7.489552e+05 3.180203e+01 2.288801e+01 6.923340e+01 8.715711e-05 6.226441e-05 5.062555e-04 9.033767e-03 3.054096e-02
1.000000e-01 2.894000e-02  2.630909e-02  1.000000e-01 1.021218e-05 8.000000e-04 7.489552e+05 3.180203e+01 2.288801e+01 6.923340e+01 9.268926e-05 6.516519e-05 5.335944e-04 9.521612e-03 3.219024e-02
1.000000e-01 2.894000e-02  2.630909e-02  1.000000e-01 1.048430e-05 8.000000e-04 7.489552e+05 3.180203e+01 2.288801e+01 6.923340e+01 1.055668e-04 6.849559e-05 5.624098e-04 1.003580e-02 3.392859e-02
1.000000e-01 2.894000e-02  2.630909e-02  1.000000e-01 1.076366e-05 8.000000e-04 7.489552e+05 3.180203e+01 2.288801e+01 6.923340e+01 1.103385e-04 7.273585e-05 5.927812e-04 1.057776e-02 3.576081e-02
1.000000e-01 2.894000e-02  2.630909e-02  1.000000e-01 1.105047e-05 8.000000e-04 7.489552e+05 3.180203e+01 2.288801e+01 6.923340e+01 1.138825e-04 7.589493e-05 6.247927e-04 1.114898e-02 3.769198e-02
1.000000e-01 2.894000e-02  2.630909e-02  1.000000e-01 1.134492e-05 8.000000e-04 7.489552e+05 3.180203e+01 2.288801e+01 6.923340e+01 1.258800e-04 8.067529e-05 6.585330e-04 1.175105e-02 3.972743e-02
1.000000e-01 2.894000e-02  2.630909e-02  1.000000e-01 1.164722e-05 8.000000e-04 7.489552e+05 3.180203e+01 2.288801e+01 6.923340e+01 1.233252e-04 8.543736e-05 6.940953e-04 1.238563e-02 4.187280e-02
1.000000e-01 2.894000e-02  2.630909e-02  1.000000e-01 1.195758e-05 8.000000e-04 7.489552e+05 3.180203e+01 2.288801e+01 6.923340e+01 1.408803e-04 8.947427e-05 7.315780e-04 1.305449e-02 4.413403e-02
1.000000e-01 2.894000e-02  2.630909e-02  1.000000e-01 1.227620e-05 8.000000e-04 7.489552e+05 3.180203e+01 2.288801e+01 6.923340e+01 1.412269e-04 9.338392e-05 7.710849e-04 1.375946e-02 4.651737e-02
1.000000e-01 2.894000e-02  2.630909e-02  1.000000e-01 1.260331e-05 8.000000e-04 7.489552e+05 3.180202e+01 2.288801e+01 6.923340e+01 1.530790e-04 1.006733e-04 8.127253e-04 1.450250e-02 4.902942e-02
1.000000e-01 2.894000e-02  2.630909e-02  1.000000e-01 1.293914e-05 8.000000e-04 7.489552e+05 3.180202e+01 2.288801e+01 6.923340e+01 1.507003e-04 1.062975e-04 8.566144e-04 1.528567e-02 5.167712e-02
1.000000e-01 2.894000e-02  2.630909e-02  1.000000e-01 1.328392e-05 8.000000e-04 7.489552e+05 3.180203e+01 2.288801e+01 6.923340e+01 1.630494e-04 1.114575e-04 9.028735e-04 1.611113e-02 5.446780e-02
1.000000e-01 2.894000e-02  2.630909e-02  1.000000e-01 1.363789e-05 8.000000e-04 7.489552e+05 3.180202e+01 2.288801e+01 6.923339e+01 1.844657e-04 1.140246e-04 9.516308e-04 1.698117e-02 5.740919e-02
1.000000e-01 2.894000e-02  2.630909e-02  1.000000e-01 1.400128e-05 8.000000e-04 7.489552e+05 3.180202e+01 2.288801e+01 6.923339e+01 1.806118e-04 1.236845e-04 1.003021e-03 1.789819e-02 6.050942e-02
1.000000e-01 2.894000e-02  2.630909e-02  1.000000e-01 1.437436e-05 8.000000e-04 7.489552e+05 3.180202e+01 2.288801e+01 6.923339e+01 2.024688e-04 1.282092e-04 1.057186e-03 1.886474e-02 6.377707e-02
1.000000e-01 2.894000e-02  2.630909e-02  1.000000e-01 1.475738e-05 8.000000e-04 7.489552e+05 3.180202e+01 2.288801e+01 6.923339e+01 2.115777e-04 1.378725e-04 1.114277e-03 1.988348e-02 6.722118e-02
1.000000e-01 2.894000e-02  2.630909e-02  1.000000e-01 1.515061e-05 8.000000e-04 7.489552e+05 3.180202e+01 2.288801e+01 6.923339e+01 2.195257e-04 1.448986e-04 1.174451e-03 2.095723e-02 7.085127e-02
1.000000e-01 2.894000e-02  2.630909e-02  1.000000e-01 1.555432e-05 8.000000e-04 7.489552e+05 3.180202e+01 2.288801e+01 6.923339e+01 2.270216e-04 1.514722e-04 1.237874e-03 2.208897e-02 7.467741e-02
1.000000e-01 2.894000e-02  2.630909e-02  1.000000e-01 1.596878e-05 8.000000e-04 7.489552e+05 3.180202e+01 2.288800e+01 6.923339e+01 2.351250e-04 1.592497e-04 1.304722e-03 2.328183e-02 7.871016e-02
1.000000e-01 2.894000e-02  2.630909e-02  1.000000e-01 1.639429e-05 8.000000e-04 7.489552e+05 3.180202e+01 2.288800e+01 6.923339e+01 2.548332e-04 1.675396e-04 1.375180e-03 2.453910e-02 8.296069e-02
1.000000e-01 2.894000e-02  2.630909e-02  1.000000e-01 1.683113e-05 8.000000e-04 7.489552e+05 3.180202e+01 2.288800e+01 6.923339e+01 2.466702e-04 1.781715e-04 1.449442e-03 2.586427e-02 8.744076e-02
1.000000e-01 2.894000e-02  2.630909e-02  1.000000e-01 1.727962e-05 8.000000e-04 7.489552e+05 3.180202e+01 2.288800e+01 6.923338e+01 2.853156e-04 1.865701e-04 1.527716e-03 2.726100e-02 9.216276e-02
1.000000e-01 2.894000e-02  2.630909e-02  1.000000e-01 1.774005e-05 8.000000e-04 7.489552e+05 3.180202e+01 2.288800e+01 6.923338e+01 3.175586e-04 1.957078e-04 1.610216e-03 2.873315e-02 9.713976e-02
1.000000e-01 2.894000e-02  2.630909e-02  1.000000e-01 1.821276e-05 8.000000e-04 7.489552e+05 3.180202e+01 2.288800e+01 6.923338e+01 3.324384e-04 2.068449e-04 1.697171e-03 3.028481e-02 1.023855e-01
1.000000e-01 2.894000e-02  2.630909e-02  1.000000e-01 1.869805e-05 8.000000e-04 7.489552e+05 3.180202e+01 2.288800e+01 6.923338e+01 3.421286e-04 2.176699e-04 1.788822e-03 3.192026e-02 1.079146e-01
1.000000e-01 2.894000e-02  2.630909e-02  1.000000e-01 1.919629e-05 8.000000e-04 7.489552e+05 3.180202e+01 2.288800e+01 6.923338e+01 3.477891e-04 2.293559e-04 1.885423e-03 3.364403e-02 1.137422e-01
1.000000e-01 2.894000e-02  2.630909e-02  1.000000e-01 1.970779e-05 8.000000e-04 7.489552e+05 3.180202e+01 2.288800e+01 6.923337e+01 3.791232e-04 2.432535e-04 1.987240e-03 3.546088e-02 1.198846e-01
1.000000e-01 2.894000e-02  2.630909e-02  1.000000e-01 2.023293e-05 8.000000e-04 7.489552e+05 3.180202e+01 2.288800e+01 6.923338e+01 3.796378e-04 2.555460e-04 2.094556e-03 3.737585e-02 1.263586e-01
1.000000e-01 2.894000e-02  2.630909e-02  1.000000e-01 2.077206e-05 8.000000e-04 7.489552e+05 3.180201e+01 2.288799e+01 6.923337e+01 4.103536e-04 2.697933e-04 2.207667e-03 3.939423e-02 1.331823e-01
1.000000e-01 2.894000e-02  2.630909e-02  1.000000e-01 2.132555e-05 8.000000e-04 7.489552e+05 3.180201e+01 2.288799e+01 6.923337e+01 4.234641e-04 2.863137e-04 2.326886e-03 4.152161e-02 1.403744e-01
1.000000e-01 2.894000e-02  2.630909e-02  1.000000e-01 2.189380e-05 8.000000e-04 7.489552e+05 3.180201e+01 2.288799e+01 6.923337e+01 4.376014e-04 3.032593e-04 2.452543e-03 4.376388e-02 1.479550e-01
1.000000e-01 2.894000e-02  2.630909e-02  1.000000e-01 2.247718e-05 8.000000e-04 7.489552e+05 3.180201e+01 2.288799e+01 6.923336e+01 4.773607e-04 3.128645e-04 2.584986e-03 4.612723e-02 1.559449e-01
1.000000e-01 2.894000e-02  2.630909e-02  1.000000e-01 2.307611e-05 8.000000e-04 7.489552e+05 3.180201e+01 2.288799e+01 6.923336e+01 5.244499e-04 3.338431e-04 2.724581e-03 4.861820e-02 1.643663e-01
1.000000e-01 2.894000e-02  2.630909e-02  1.000000e-01 2.369100e-05 8.000000e-04 7.489552e+05 3.180201e+01 2.288799e+01 6.923336e+01 5.189517e-04 3.537508e-04 2.871715e-03 5.124370e-02 1.732424e-01
1.000000e-01 2.894000e-02  2.630909e-02  1.000000e-01 2.432228e-05 8.000000e-04 7.489552e+05 3.180201e+01 2.288799e+01 6.923336e+01 5.460005e-04 3.665967e-04 3.026794e-03 5.401098e-02 1.825979e-01
1.000000e-01 2.894000e-02  2.630909e-02  1.000000e-01 2.497037e-05 8.000000e-04 7.489552e+05 3.180201e+01 2.288798e+01 6.923335e+01 6.024345e-04 3.917637e-04 3.190248e-03 5.692770e-02 1.924586e-01
1.000000e-01 2.894000e-02  2.630909e-02  1.000000e-01 2.563574e-05 8.000000e-04 7.489552e+05 3.180201e+01 2.288798e+01 6.923335e+01 6.193436e-04 4.108537e-04 3.362529e-03 6.000192e-02 2.028518e-01
1.000000e-01 2.894000e-02  2.630909e-02  1.000000e-01 2.631883e-05 8.000000e-04 7.489552e+05 3.180200e+01 2.288798e+01 6.923335e+01 6.459070e-04 4.363305e-04 3.544113e-03 6.324217e-02 2.138063e-01
1.000000e-01 2.894000e-02  2.630909e-02  1.000000e-01 2.702013e-05 8.000000e-04 7.489552e+05 3.180200e+01 2.288798e+01 6.923334e+01 6.922690e-04 4.587611e-04 3.735503e-03 6.665739e-02 2.253523e-01
1.000000e-01 2.894000e-02  2.630909e-02  1.000000e-01 2.774011e-05 8.000000e-04 7.489552e+05 3.180200e+01 2.288797e+01 6.923335e+01 6.999474e-04 4.772717e-04 3.937229e-03 7.025704e-02 2.375219e-01
1.000000e-01 2.894000e-02  2.630909e-02  1.000000e-01 2.847928e-05 8.000000e-04 7.489552e+05 3.180200e+01 2.288797e+01 6.923334e+01 7.463635e-04 5.054211e-04 4.149849e-03 7.405108e-02 2.503486e-01
1.000000e-01 2.894000e-02  2.630909e-02  1.000000e-01 2.923814e-05 8.000000e-04 7.489552e+05 3.180200e+01 2.288797e+01 6.923334e+01 8.181933e-04 5.309022e-04 4.373950e-03 7.805001e-02 2.638680e-01
1.000000e-01 2.894000e-02  2.630909e-02  1.000000e-01 3.001722e-05 8.000000e-04 7.489552e+05 3.180200e+01 2.288796e+01 6.923333e+01 8.725997e-04 5.762113e-04 4.610153e-03 8.226490e-02 2.781175e-01
1.000000e-01 2.894000e-02  2.630909e-02  1.000000e-01 3.081707e-05 8.000000e-04 7.489552e+05 3.180200e+01 2.288796e+01 6.923333e+01 8.549339e-04 5.846511e-04 4.859112e-03 8.670739e-02 2.931365e-01
1.000000e-01 2.894000e-02  2.630909e-02  1.000000e-01 3.163822e-05 8.000000e-04 7.489552e+05 3.180199e+01 2.288796e+01 6.923332e+01 9.539765e-04 6.313573e-04 5.121516e-03 9.138979e-02 3.089665e-01
1.000000e-01 2.894000e-02  2.630909e-02  1.000000e-01 3.248126e-05 8.000000e-04 7.489552e+05 3.180200e+01 2.288796e+01 6.923332e+01 9.408096e-04 6.537238e-04 5.398089e-03 9.632505e-02 3.256514e-01
1.000000e-01 2.894000e-02  2.630909e-02  1.000000e-01 3.334676e-05 8.000000e-04 7.489552e+05 3.180199e+01 2.288795e+01 6.923331e+01 1.078274e-03 6.854252e-04 5.689599e-03 1.015268e-01 3.432374e-01
1.000000e-01 2.894000e-02  2.630909e-02  1.000000e-01 3.423532e-05 8.000000e-04 7.489552e+05 3.180199e+01 2.288795e+01 6.923330e+01 1.083229e-03 7.309431e-04 5.996850e-03 1.070095e-01 3.617730e-01
1.000000e-01 2.894000e-02  2.630909e-02  1.000000e-01 3.514756e-05 8.000000e-04 7.489552e+05 3.180199e+01 2.288795e+01 6.923331e+01 1.133461e-03 7.676128e-04 6.320694e-03 1.127883e-01 3.813096e-01
1.000000e-01 2.894000e-02  2.630909e-02  1.000000e-01 3.608411e-05 8.000000e-04 7.489552e+05 3.180199e+01 2.288794e+01 6.923330e+01 1.232095e-03 8.199367e-04 6.662026e-03 1.188791e-01 4.019012e-01
1.000000e-01 2.894000e-02  2.630909e-02  1.000000e-01 3.704561e-05 8.000000e-04 7.489552e+05 3.180199e+01 2.288794e+01 6.923330e+01 1.302493e-03 8.608225e-04 7.021791e-03 1.252988e-01 4.236047e-01
1.000000e-01 2.894000e-02  2.630909e-02  1.000000e-01 3.803273e-05 8.000000e-04 7.489552e+05 3.180198e+01 2.288793e+01 6.923328e+01 1.341169e-03 9.047761e-04 7.400984e-03 1.320653e-01 4.464804e-01
1.000000e-01 2.894000e-02  2.630909e-02  1.000000e-01 3.904616e-05 8.000000e-04 7.489552e+05 3.180198e+01 2.288793e+01 6.923328e+01 1.422174e-03 9.508145e-04 7.800654e-03 1.391971e-01 4.705913e-01
1.000000e-01 2.894000e-02  2.630909e-02  1.000000e-01 4.008659e-05 8.000000e-04 7.489552e+05 3.180197e+01 2.288792e+01 6.923327e+01 1.580682e-03 1.010143e-03 8.221907e-03 1.467141e-01 4.960044e-01
1.000000e-01 2.894000e-02  2.630909e-02  1.000000e-01 4.115474e-05 8.000000e-04 7.489552e+05 3.180197e+01 2.288792e+01 6.923325e+01 1.602734e-03 1.066634e-03 8.665909e-03 1.546370e-01 5.227898e-01
1.000000e-01 2.894000e-02  2.630909e-02  1.000000e-01 4.225136e-05 8.000000e-04 7.489552e+05 3.180197e+01 2.288791e+01 6.923325e+01 1.778123e-03 1.119178e-03 9.133888e-03 1.629877e-01 5.510216e-01
1.000000e-01 2.894000e-02  2.630909e-02  1.000000e-01 4.337719e-05 8.000000e-04 7.489552e+05 3.180196e+01 2.288791e+01 6.923324e+01 1.763839e-03 1.175247e-03 9.627139e-03 1.717894e-01 5.807780e-01
1.000000e-01 2.894000e-02  2.630909e-02  1.000000e-01 4.453303e-05 8.000000e-04 7.489552e+05 3.180196e+01 2.288790e+01 6.923324e+01 1.921778e-03 1.245653e-03 1.014703e-02 1.810665e-01 6.121414e-01
1.000000e-01 2.894000e-02  2.630909e-02  1.000000e-01 4.571966e-05 8.000000e-04 7.489552e+05 3.180195e+01 2.288789e+01 6.923322e+01 1.988614e-03 1.292917e-03 1.069499e-02 1.908445e-01 6.451985e-01
1.000000e-01 2.894000e-02  2.630909e-02  1.000000e-01 4.693791e-05 8.000000e-04 7.489552e+05 3.180195e+01 2.288789e+01 6.923322e+01 2.114750e-03 1.352729e-03 1.127254e-02 2.011505e-01 6.800407e-01
1.000000e-01 2.894000e-02  2.630909e-02  1.000000e-01 4.818863e-05 8.000000e-04 7.489552e+05 3.180195e+01 2.288788e+01 6.923321e+01 2.276831e-03 1.417553e-03 1.188129e-02 2.120131e-01 7.167644e-01
1.000000e-01 2.894000e-02  2.630909e-02  1.000000e-01 4.947267e-05 8.000000e-04 7.489552e+05 3.180195e+01 2.288787e+01 6.923320e+01 2.234772e-03 1.523137e-03 1.252290e-02 2.234623e-01 7.554714e-01
1.000000e-01 2.894000e-02  2.630909e-02  1.000000e-01 5.079093e-05 8.000000e-04 7.489552e+05 3.180194e+01 2.288787e+01 6.923319e+01 2.332605e-03 1.592860e-03 1.319917e-02 2.355298e-01 7.962686e-01
1.000000e-01 2.894000e-02  2.630909e-02  1.000000e-01 5.214431e-05 8.000000e-04 7.489552e+05 3.180192e+01 2.288786e+01 6.923315e+01 2.584461e-03 1.682381e-03 1.391196e-02 2.482489e-01 8.392689e-01
1.000000e-01 2.894000e-02  2.630909e-02  1.000000e-01 5.353375e-05 8.000000e-04 7.489552e+05 3.180192e+01 2.288784e+01 6.923313e+01 2.734647e-03 1.798104e-03 1.466323e-02 2.616549e-01 8.845914e-01
1.000000e-01 2.894000e-02  2.630909e-02  1.000000e-01 5.496022e-05 8.000000e-04 7.489552e+05 3.180192e+01 2.288784e+01 6.923315e+01 2.887450e-03 1.907269e-03 1.545508e-02 2.757849e-01 9.323613e-01
1.000000e-01 2.894000e-02  2.630909e-02  1.000000e-01 5.642470e-05 8.000000e-04 7.489552e+05 3.180193e+01 2.288782e+01 6.923315e+01 2.815091e-03 2.001200e-03 1.628969e-02 2.906779e-01 9.827110e-01
1.000000e-01 2.894000e-02  2.630909e-02  1.000000e-01 5.792820e-05 8.000000e-04 7.489552e+05 3.180192e+01 2.288782e+01 6.923313e+01 3.167447e-03 2.101484e-03 1.716937e-02 3.063752e-01 1.035780e+00
1.000000e-01 2.894000e-02  2.630909e-02  1.000000e-01 5.947176e-05 8.000000e-04 7.489552e+05 3.180190e+01 2.288780e+01 6.923309e+01 3.370930e-03 2.214768e-03 1.809656e-02 3.229202e-01 1.091714e+00
1.000000e-01 2.894000e-02  2.630909e-02  1.000000e-01 6.105646e-05 8.000000e-04 7.489552e+05 3.180191e+01 2.288778e+01 6.923310e+01 3.369278e-03 2.355440e-03 1.907382e-02 3.403586e-01 1.150669e+00
1.000000e-01 2.894000e-02  2.630909e-02  1.000000e-01 6.268338e-05 8.000000e-04 7.489552e+05 3.180188e+01 2.288777e+01 6.923305e+01 3.663889e-03 2.460670e-03 2.010385e-02 3.587388e-01 1.212808e+00
1.000000e-01 2.894000e-02  2.630909e-02  1.000000e-01 6.435365e-05 8.000000e-04 7.489552e+05 3.180189e+01 2.288777e+01 6.923305e+01 3.925769e-03 2.578048e-03 2.118950e-02 3.781115e-01 1.278303e+00
1.000000e-01 2.894000e-02  2.630909e-02  1.000000e-01 6.606842e-05 8.000000e-04 7.489552e+05 3.180187e+01 2.288775e+01 6.923303e+01 4.299113e-03 2.728454e-03 2.233378e-02 3.985304e-01 1.347334e+00
1.000000e-01 2.894000e-02  2.630909e-02  1.000000e-01 6.782889e-05 8.000000e-04 7.489552e+05 3.180186e+01 2.288774e+01 6.923300e+01 4.217511e-03 2.857646e-03 2.353986e-02 4.200520e-01 1.420093e+00
1.000000e-01 2.894000e-02  2.630909e-02  1.000000e-01 6.963627e-05 8.000000e-04 7.489552e+05 3.180186e+01 2.288772e+01 6.923299e+01 4.363131e-03 3.027794e-03 2.481106e-02 4.427357e-01 1.496781e+00
1.000000e-01 2.894000e-02  2.630909e-02  1.000000e-01 7.149181e-05 8.000000e-04 7.489552e+05 3.180183e+01 2.288771e+01 6.923294e+01 4.947300e-03 3.213581e-03 2.615092e-02 4.666445e-01 1.577611e+00
1.000000e-01 2.894000e-02  2.630909e-02  1.000000e-01 7.339679e-05 8.000000e-04 7.489552e+05 3.180184e+01 2.288770e+01 6.923294e+01 4.989223e-03 3.351082e-03 2.756313e-02 4.918444e-01 1.662806e+00
1.000000e-01 2.894000e-02  2.630909e-02  1.000000e-01 7.535253e-05 8.000000e-04 7.489552e+05 3.180185e+01 2.288766e+01 6.923295e+01 5.064379e-03 3.583198e-03 2.905160e-02 5.184051e-01 1.752601e+00
1.000000e-01 2.894000e-02  2.630909e-02  1.000000e-01 7.736039e-05 8.000000e-04 7.489552e+05 3.180181e+01 2.288765e+01 6.923288e+01 6.153028e-03 3.774199e-03 3.062046e-02 5.464002e-01 1.847245e+00
1.000000e-01 2.894000e-02  2.630909e-02  1.000000e-01 7.942174e-05 8.000000e-04 7.489552e+05 3.180181e+01 2.288763e+01 6.923288e+01 5.844233e-03 3.979467e-03 3.227403e-02 5.759070e-01 1.947001e+00
1.000000e-01 2.894000e-02  2.630909e-02  1.000000e-01 8.153803e-05 8.000000e-04 7.489552e+05 3.180179e+01 2.288763e+01 6.923284e+01 6.432203e-03 4.152139e-03 3.401690e-02 6.070073e-01 2.052143e+00
1.000000e-01 2.894000e-02  2.630909e-02  1.000000e-01 8.371070e-05 8.000000e-04 7.489552e+05 3.180177e+01 2.288759e+01 6.923278e+01 6.816971e-03 4.411423e-03 3.585389e-02 6.397871e-01 2.162964e+00
1.000000e-01 2.894000e-02  2.630909e-02  1.000000e-01 8.594127e-05 8.000000e-04 7.489552e+05 3.180175e+01 2.288757e+01 6.923273e+01 6.770240e-03 4.621657e-03 3.779009e-02 6.743371e-01 2.279769e+00
1.000000e-01 2.894000e-02  2.630909e-02  1.000000e-01 8.823127e-05 8.000000e-04 7.489552e+05 3.180176e+01 2.288754e+01 6.923274e+01 7.283829e-03 4.908291e-03 3.983084e-02 7.107529e-01 2.402882e+00
1.000000e-01 2.894000e-02  2.630909e-02  1.000000e-01 9.058230e-05 8.000000e-04 7.489552e+05 3.180170e+01 2.288751e+01 6.923259e+01 7.825795e-03 5.209528e-03 4.198180e-02 7.491352e-01 2.532643e+00
1.000000e-01 2.894000e-02  2.630909e-02  1.000000e-01 9.299597e-05 8.000000e-04 7.489552e+05 3.180170e+01 2.288751e+01 6.923261e+01 7.762921e-03 5.382355e-03 4.424891e-02 7.895902e-01 2.669411e+00
1.000000e-01 2.894000e-02  2.630909e-02  1.000000e-01 9.547395e-05 8.000000e-04 7.489552e+05 3.180168e+01 2.288744e+01 6.923258e+01 8.763692e-03 5.733654e-03 4.663845e-02 8.322299e-01 2.813566e+00
1.000000e-01 2.894000e-02  2.630909e-02  1.000000e-01 9.801796e-05 8.000000e-04 7.489552e+05 3.180168e+01 2.288745e+01 6.923256e+01 9.071909e-03 6.043844e-03 4.915704e-02 8.771723e-01 2.965505e+00
1.000000e-01 2.894000e-02  2.630909e-02  1.000000e-01 1.006298e-04 8.000000e-04 7.489552e+05 3.180167e+01 2.288741e+01 6.923252e+01 9.371051e-03 6.312019e-03 5.181163e-02 9.245416e-01 3.125649e+00
1.000000e-01 2.894000e-02  2.630909e-02  1.000000e-01 1.033112e-04 8.000000e-04 7.489552e+05 3.180166e+01 2.288736e+01 6.923249e+01 1.047623e-02 6.691070e-03 5.460958e-02 9.744690e-01 3.294441e+00
1.000000e-01 2.894000e-02  2.630909e-02  1.000000e-01 1.060640e-04 8.000000e-04 7.489552e+05 3.180163e+01 2.288731e+01 6.923243e+01 1.082313e-02 7.105310e-03 5.755862e-02 1.027093e+00 3.472349e+00
1.000000e-01 2.894000e-02  2.630909e-02  1.000000e-01 1.088902e-04 8.000000e-04 7.489552e+05 3.180159e+01 2.288730e+01 6.923233e+01 1.130289e-02 7.425630e-03 6.066692e-02 1.082558e+00 3.659864e+00
1.000000e-01 2.894000e-02  2.630909e-02  1.000000e-01 1.117917e-04 8.000000e-04 7.489552e+05 3.180156e+01 2.288727e+01 6.923226e+01 1.154849e-02 7.751289e-03 6.394308e-02 1.141019e+00 3.857505e+00
1.000000e-01 2.894000e-02  2.630909e-02  1.000000e-01 1.147705e-04 8.000000e-04 7.489552e+05 3.180151e+01 2.288722e+01 6.923213e+01 1.297292e-02 8.137066e-03 6.739615e-02 1.202636e+00 4.065819e+00
1.000000e-01 2.894000e-02  2.630909e-02  1.000000e-01 1.178287e-04 8.000000e-04 7.489552e+05 3.180151e+01 2.288718e+01 6.923218e+01 1.282147e-02 8.642053e-03 7.103570e-02 1.267581e+00 4.285383e+00
1.000000e-01 2.894000e-02  2.630909e-02  1.000000e-01 1.209684e-04 8.000000e-04 7.489552e+05 3.180144e+01 2.288714e+01 6.923199e+01 1.361559e-02 9.171752e-03 7.487179e-02 1.336034e+00 4.516803e+00
1.000000e-01 2.894000e-02  2.630909e-02  1.000000e-01 1.241917e-04 8.000000e-04 7.489552e+05 3.180152e+01 2.288705e+01 6.923213e+01 1.394608e-02 9.665339e-03 7.891504e-02 1.408183e+00 4.760721e+00
1.000000e-01 2.894000e-02  2.630909e-02  1.000000e-01 1.275010e-04 8.000000e-04 7.489552e+05 3.180144e+01 2.288697e+01 6.923198e+01 1.567230e-02 1.017279e-02 8.317664e-02 1.484228e+00 5.017811e+00
1.000000e-01 2.894000e-02  2.630909e-02  1.000000e-01 1.308984e-04 8.000000e-04 7.489552e+05 3.180147e+01 2.288701e+01 6.923203e+01 1.630696e-02 1.068004e-02 8.766837e-02 1.564379e+00 5.288784e+00
1.000000e-01 2.894000e-02  2.630909e-02  1.000000e-01 1.343863e-04 8.000000e-04 7.489552e+05 3.180144e+01 2.288695e+01 6.923195e+01 1.665572e-02 1.118134e-02 9.240266e-02 1.648860e+00 5.574391e+00
1.000000e-01 2.894000e-02  2.630909e-02  1.000000e-01 1.379672e-04 8.000000e-04 7.489552e+05 3.180135e+01 2.288683e+01 6.923173e+01 1.863798e-02 1.186751e-02 9.739262e-02 1.737902e+00 5.875421e+00
1.000000e-01 2.894000e-02  2.630909e-02  1.000000e-01 1.416435e-04 8.000000e-04 7.489552e+05 3.180135e+01 2.288676e+01 6.923175e+01 1.928276e-02 1.276323e-02 1.026520e-01 1.831752e+00 6.192707e+00
1.000000e-01 2.894000e-02  2.630909e-02  1.000000e-01 1.454177e-04 8.000000e-04 7.489552e+05 3.180120e+01 2.288673e+01 6.923143e+01 1.950450e-02 1.323333e-02 1.081955e-01 1.930671e+00 6.527128e+00
1.000000e-01 2.894000e-02  2.630909e-02  1.000000e-01 1.492926e-04 8.000000e-04 7.489552e+05 3.180123e+01 2.288671e+01 6.923147e+01 2.138458e-02 1.409388e-02 1.140383e-01 2.034932e+00 6.879608e+00
1.000000e-01 2.894000e-02  2.630909e-02  1.000000e-01 1.532706e-04 8.000000e-04 7.489552e+05 3.180115e+01 2.288659e+01 6.923125e+01 2.340261e-02 1.488495e-02 1.201966e-01 2.144823e+00 7.251122e+00
1.000000e-01 2.894000e-02  2.630909e-02  1.000000e-01 1.573547e-04 8.000000e-04 7.489552e+05 3.180107e+01 2.288648e+01 6.923120e+01 2.280094e-02 1.551891e-02 1.266875e-01 2.260648e+00 7.642700e+00
1.000000e-01 2.894000e-02  2.630909e-02  1.000000e-01 1.615476e-04 8.000000e-04 7.489552e+05 3.180112e+01 2.288646e+01 6.923117e+01 2.294354e-02 1.623926e-02 1.335289e-01 2.382729e+00 8.055423e+00
1.000000e-01 2.894000e-02  2.630909e-02  1.000000e-01 1.658522e-04 8.000000e-04 7.489552e+05 3.180111e+01 2.288636e+01 6.923113e+01 2.489367e-02 1.731378e-02 1.407398e-01 2.511402e+00 8.490435e+00
1.000000e-01 2.894000e-02  2.630909e-02  1.000000e-01 1.702715e-04 8.000000e-04 7.489552e+05 3.180097e+01 2.288626e+01 6.923081e+01 2.837483e-02 1.816156e-02 1.483401e-01 2.647023e+00 8.948938e+00
1.000000e-01 2.894000e-02  2.630909e-02  1.000000e-01 1.748086e-04 8.000000e-04 7.489552e+05 3.180090e+01 2.288620e+01 6.923065e+01 2.944423e-02 1.871635e-02 1.563508e-01 2.789968e+00 9.432201e+00
1.000000e-01 2.894000e-02  2.630909e-02  1.000000e-01 1.794666e-04 8.000000e-04 7.489552e+05 3.180099e+01 2.288603e+01 6.923085e+01 2.946858e-02 1.987461e-02 1.647941e-01 2.940633e+00 9.941562e+00
1.000000e-01 2.894000e-02  2.630909e-02  1.000000e-01 1.842487e-04 8.000000e-04 7.489552e+05 3.180075e+01 2.288588e+01 6.923031e+01 3.239728e-02 2.106775e-02 1.736934e-01 3.099434e+00 1.047843e+01
1.000000e-01 2.894000e-02  2.630909e-02  1.000000e-01 1.891582e-04 8.000000e-04 7.489552e+05 3.180064e+01 2.288591e+01 6.923008e+01 3.344717e-02 2.243750e-02 1.830732e-01 3.266811e+00 1.104429e+01
1.000000e-01 2.894000e-02  2.630909e-02  1.000000e-01 1.941986e-04 8.000000e-04 7.489552e+05 3.180069e+01 2.288575e+01 6.923016e+01 3.340574e-02 2.340771e-02 1.929596e-01 3.443226e+00 1.164071e+01
1.000000e-01 2.894000e-02  2.630909e-02  1.000000e-01 1.993732e-04 8.000000e-04 7.489552e+05 3.180054e+01 2.288570e+01 6.922982e+01 3.671119e-02 2.466674e-02 2.033799e-01 3.629168e+00 1.226933e+01
1.000000e-01 2.894000e-02  2.630909e-02  1.000000e-01 2.046857e-04 8.000000e-04 7.489552e+05 3.180055e+01 2.288549e+01 6.922975e+01 3.935352e-02 2.608776e-02 2.143628e-01 3.825152e+00 1.293190e+01
1.000000e-01 2.894000e-02  2.630909e-02  1.000000e-01 2.101398e-04 8.000000e-04 7.489552e+05 3.180032e+01 2.288526e+01 6.922925e+01 4.204755e-02 2.837406e-02 2.259389e-01 4.031719e+00 1.363026e+01
1.000000e-01 2.894000e-02  2.630909e-02  1.000000e-01 2.157392e-04 8.000000e-04 7.489552e+05 3.180004e+01 2.288514e+01 6.922868e+01 4.610953e-02 2.910616e-02 2.381401e-01 4.249441e+00 1.436632e+01
1.000000e-01 2.894000e-02  2.630909e-02  1.000000e-01 2.214878e-04 8.000000e-04 7.489552e+05 3.180030e+01 2.288503e+01 6.922920e+01 4.537276e-02 3.086537e-02 2.510003e-01 4.478921e+00 1.514214e+01
1.000000e-01 2.894000e-02  2.630909e-02  1.000000e-01 2.273896e-04 8.000000e-04 7.489552e+05 3.180012e+01 2.288490e+01 6.922881e+01 4.842403e-02 3.247398e-02 2.645549e-01 4.720793e+00 1.595985e+01
1.000000e-01 2.894000e-02  2.630909e-02  1.000000e-01 2.334487e-04 8.000000e-04 7.489552e+05 3.180010e+01 2.288478e+01 6.922863e+01 4.989111e-02 3.365950e-02 2.788414e-01 4.975726e+00 1.682171e+01
1.000000e-01 2.894000e-02  2.630909e-02  1.000000e-01 2.396692e-04 8.000000e-04 7.489552e+05 3.179979e+01 2.288451e+01 6.922802e+01 5.660529e-02 3.580732e-02 2.938995e-01 5.244427e+00 1.773013e+01
1.000000e-01 2.894000e-02  2.630909e-02  1.000000e-01 2.460555e-04 8.000000e-04 7.489552e+05 3.179948e+01 2.288435e+01 6.922735e+01 5.775716e-02 3.761109e-02 3.097708e-01 5.527638e+00 1.868759e+01
1.000000e-01 2.894000e-02  2.630909e-02  1.000000e-01 2.526119e-04 8.000000e-04 7.489552e+05 3.179945e+01 2.288405e+01 6.922725e+01 5.912768e-02 3.969523e-02 3.264991e-01 5.826143e+00 1.969677e+01
1.000000e-01 2.894000e-02  2.630909e-02  1.000000e-01 2.593430e-04 8.000000e-04 7.489552e+05 3.179974e+01 2.288384e+01 6.922771e+01 6.331940e-02 4.224607e-02 3.441308e-01 6.140769e+00 2.076044e+01
1.000000e-01 2.894000e-02  2.630909e-02  1.000000e-01 2.662535e-04 8.000000e-04 7.489552e+05 3.179955e+01 2.288368e+01 6.922737e+01 6.568137e-02 4.480544e-02 3.627147e-01 6.472384e+00 2.188155e+01
1.000000e-01 2.894000e-02  2.630909e-02  1.000000e-01 2.733482e-04 8.000000e-04 7.489552e+05 3.179952e+01 2.288365e+01 6.922729e+01 7.000730e-02 4.647710e-02 3.823021e-01 6.821908e+00 2.306320e+01
1.000000e-01 2.894000e-02  2.630909e-02  1.000000e-01 2.806318e-04 8.000000e-04 7.489552e+05 3.179895e+01 2.288328e+01 6.922598e+01 7.437091e-02 4.849672e-02 4.029473e-01 7.190307e+00 2.430867e+01
1.000000e-01 2.894000e-02  2.630909e-02  1.000000e-01 2.881096e-04 8.000000e-04 7.489552e+05 3.179876e+01 2.288314e+01 6.922565e+01 8.003729e-02 5.181978e-02 4.247074e-01 7.578600e+00 2.562139e+01
1.000000e-01 2.894000e-02  2.630909e-02  1.000000e-01 2.957866e-04 8.000000e-04 7.489552e+05 3.179882e+01 2.288270e+01 6.922559e+01 8.505504e-02 5.460667e-02 4.476426e-01 7.987862e+00 2.700501e+01
1.000000e-01 2.894000e-02  2.630909e-02  1.000000e-01 3.036682e-04 8.000000e-04 7.489552e+05 3.179881e+01 2.288255e+01 6.922559e+01 8.298848e-02 5.715137e-02 4.718163e-01 8.419225e+00 2.846334e+01
1.000000e-01 2.894000e-02  2.630909e-02  1.000000e-01 3.117598e-04 8.000000e-04 7.489552e+05 3.179867e+01 2.288205e+01 6.922493e+01 9.132446e-02 6.123296e-02 4.972955e-01 8.873883e+00 3.000043e+01
1.000000e-01 2.894000e-02  2.630909e-02  1.000000e-01 3.200670e-04 8.000000e-04 7.489552e+05 3.179822e+01 2.288166e+01 6.922394e+01 9.746403e-02 6.392498e-02 5.241506e-01 9.353093e+00 3.162052e+01
1.000000e-01 2.894000e-02  2.630909e-02  1.000000e-01 3.285955e-04 8.000000e-04 7.489552e+05 3.179823e+01 2.288137e+01 6.922415e+01 9.929832e-02 6.722513e-02 5.524559e-01 9.858182e+00 3.332810e+01
1.000000e-01 2.894000e-02  2.630909e-02  1.000000e-01 3.373513e-04 8.000000e-04 7.489552e+05 3.179760e+01 2.288113e+01 6.922253e+01 1.078373e-01 7.129781e-02 5.822898e-01 1.039055e+01 3.512790e+01
1.000000e-01 2.894000e-02  2.630909e-02  1.000000e-01 3.463404e-04 8.000000e-04 7.489552e+05 3.179718e+01 2.288048e+01 6.922171e+01 1.158623e-01 7.513804e-02 6.137348e-01 1.095166e+01 3.702488e+01
1.000000e-01 2.894000e-02  2.630909e-02  1.000000e-01 3.555691e-04 8.000000e-04 7.489552e+05 3.179803e+01 2.288012e+01 6.922324e+01 1.185786e-01 7.952989e-02 6.468779e-01 1.154307e+01 3.902431e+01
