1.250000e+00 9.427000e-02  8.570000e-02  1.000000e-01 2.000000e-06 8.000000e-04 3.761151e+07 3.180203e+01 2.288802e+01 6.923341e+01 2.043005e-11 3.200489e-11 9.301106e-11 1.941464e-09 7.346135e-09
1.250000e+00 9.427000e-02  8.570000e-02  1.000000e-01 2.053292e-06 8.000000e-04 3.761151e+07 3.180203e+01 2.288802e+01 6.923341e+01 2.205378e-11 3.339179e-11 9.803387e-11 2.046308e-09 7.742843e-09
1.250000e+00 9.427000e-02  8.570000e-02  1.000000e-01 2.108005e-06 8.000000e-04 3.761151e+07 3.180203e+01 2.288802e+01 6.923341e+01 2.324035e-11 3.536796e-11 1.033279e-10 2.156813e-09 8.160974e-09
1.250000e+00 9.427000e-02  8.570000e-02  1.000000e-01 2.164175e-06 8.000000e-04 3.761151e+07 3.180203e+01 2.288802e+01 6.923341e+01 2.368981e-11 3.735503e-11 1.089079e-10 2.273286e-09 8.601686e-09
1.250000e+00 9.427000e-02  8.570000e-02  1.000000e-01 2.221842e-06 8.000000e-04 3.761151e+07 3.180203e+01 2.288802e+01 6.923341e+01 2.634326e-11 3.925188e-11 1.147891e-10 2.396048e-09 9.066197e-09
1.250000e+00 9.427000e-02  8.570000e-02  1.000000e-01 2.281045e-06 8.000000e-04 3.761151e+07 3.180203e+01 2.288802e+01 6.923341e+01 2.682044e-11 4.146739e-11 1.209880e-10 2.525441e-09 9.555792e-09
1.250000e+00 9.427000e-02  8.570000e-02  1.000000e-01 2.341826e-06 8.000000e-04 3.761151e+07 3.180203e+01 2.288802e+01 6.923341e+01 2.914971e-11 4.356958e-11 1.275217e-10 2.661820e-09 1.007183e-08
1.250000e+00 9.427000e-02  8.570000e-02  1.000000e-01 2.404227e-06 8.000000e-04 3.761151e+07 3.180203e+01 2.288802e+01 6.923341e+01 3.025394e-11 4.566974e-11 1.344081e-10 2.805565e-09 1.061573e-08
1.250000e+00 9.427000e-02  8.570000e-02  1.000000e-01 2.468290e-06 8.000000e-04 3.761151e+07 3.180203e+01 2.288802e+01 6.923341e+01 3.227742e-11 4.855593e-11 1.416665e-10 2.957072e-09 1.118900e-08
1.250000e+00 9.427000e-02  8.570000e-02  1.000000e-01 2.534061e-06 8.000000e-04 3.761151e+07 3.180203e+01 2.288802e+01 6.923341e+01 3.186492e-11 5.059700e-11 1.493168e-10 3.116760e-09 1.179324e-08
1.250000e+00 9.427000e-02  8.570000e-02  1.000000e-01 2.601584e-06 8.000000e-04 3.761151e+07 3.180203e+01 2.288802e+01 6.923341e+01 3.482703e-11 5.465140e-11 1.573802e-10 3.285073e-09 1.243010e-08
1.250000e+00 9.427000e-02  8.570000e-02  1.000000e-01 2.670906e-06 8.000000e-04 3.761151e+07 3.180203e+01 2.288802e+01 6.923341e+01 3.777608e-11 5.647043e-11 1.658791e-10 3.462474e-09 1.310135e-08
1.250000e+00 9.427000e-02  8.570000e-02  1.000000e-01 2.742075e-06 8.000000e-04 3.761151e+07 3.180203e+01 2.288802e+01 6.923341e+01 3.890160e-11 5.978248e-11 1.748370e-10 3.649456e-09 1.380885e-08
1.250000e+00 9.427000e-02  8.570000e-02  1.000000e-01 2.815141e-06 8.000000e-04 3.761151e+07 3.180203e+01 2.288802e+01 6.923341e+01 3.969042e-11 6.302497e-11 1.842786e-10 3.846535e-09 1.455456e-08
1.250000e+00 9.427000e-02  8.570000e-02  1.000000e-01 2.890154e-06 8.000000e-04 3.761151e+07 3.180203e+01 2.288802e+01 6.923341e+01 4.189977e-11 6.673104e-11 1.942301e-10 4.054257e-09 1.534054e-08
1.250000e+00 9.427000e-02  8.570000e-02  1.000000e-01 2.967165e-06 8.000000e-04 3.761151e+07 3.180203e+01 2.288802e+01 6.923341e+01 4.455635e-11 7.058853e-11 2.047189e-10 4.273196e-09 1.616897e-08
1.250000e+00 9.427000e-02  8.570000e-02  1.000000e-01 3.046229e-06 8.000000e-04 3.761151e+07 3.180203e+01 2.288802e+01 6.923341e+01 4.702960e-11 7.365980e-11 2.157742e-10 4.503958e-09 1.704213e-08
1.250000e+00 9.427000e-02  8.570000e-02  1.000000e-01 3.127399e-06 8.000000e-04 3.761151e+07 3.180203e+01 2.288802e+01 6.923341e+01 5.266106e-11 7.820378e-11 2.274265e-10 4.747182e-09 1.796245e-08
1.250000e+00 9.427000e-02  8.570000e-02  1.000000e-01 3.210732e-06 8.000000e-04 3.761151e+07 3.180203e+01 2.288802e+01 6.923341e+01 5.463553e-11 8.242716e-11 2.397081e-10 5.003541e-09 1.893246e-08
1.250000e+00 9.427000e-02  8.570000e-02  1.000000e-01 3.296286e-06 8.000000e-04 3.761151e+07 3.180203e+01 2.288802e+01 6.923341e+01 5.537333e-11 8.698258e-11 2.526529e-10 5.273744e-09 1.995486e-08
1.250000e+00 9.427000e-02  8.570000e-02  1.000000e-01 3.384119e-06 8.000000e-04 3.761151e+07 3.180203e+01 2.288802e+01 6.923341e+01 5.968705e-11 9.166422e-11 2.662967e-10 5.558538e-09 2.103246e-08
1.250000e+00 9.427000e-02  8.570000e-02  1.000000e-01 3.474293e-06 8.000000e-04 3.761151e+07 3.180203e+01 2.288802e+01 6.923341e+01 6.311672e-11 9.634629e-11 2.806774e-10 5.858712e-09 2.216827e-08
1.250000e+00 9.427000e-02  8.570000e-02  1.000000e-01 3.566869e-06 8.000000e-04 3.761151e+07 3.180203e+01 2.288802e+01 6.923341e+01 6.758130e-11 1.009879e-10 2.958346e-10 6.175096e-09 2.336540e-08
1.250000e+00 9.427000e-02  8.570000e-02  1.000000e-01 3.661913e-06 8.000000e-04 3.761151e+07 3.180203e+01 2.288802e+01 6.923341e+01 7.075106e-11 1.058823e-10 3.118104e-10 6.508566e-09 2.462719e-08
1.250000e+00 9.427000e-02  8.570000e-02  1.000000e-01 3.759488e-06 8.000000e-04 3.761151e+07 3.180203e+01 2.288802e+01 6.923341e+01 7.358516e-11 1.125431e-10 3.286488e-10 6.860043e-09 2.595711e-08
1.250000e+00 9.427000e-02  8.570000e-02  1.000000e-01 3.859664e-06 8.000000e-04 3.761151e+07 3.180203e+01 2.288802e+01 6.923341e+01 7.494304e-11 1.186491e-10 3.463966e-10 7.230502e-09 2.735886e-08
1.250000e+00 9.427000e-02  8.570000e-02  1.000000e-01 3.962510e-06 8.000000e-04 3.761151e+07 3.180203e+01 2.288802e+01 6.923341e+01 8.246244e-11 1.257026e-10 3.651028e-10 7.620965e-09 2.883630e-08
1.250000e+00 9.427000e-02  8.570000e-02  1.000000e-01 4.068095e-06 8.000000e-04 3.761151e+07 3.180203e+01 2.288802e+01 6.923341e+01 8.764618e-11 1.334543e-10 3.848192e-10 8.032515e-09 3.039353e-08
1.250000e+00 9.427000e-02  8.570000e-02  1.000000e-01 4.176494e-06 8.000000e-04 3.761151e+07 3.180203e+01 2.288802e+01 6.923341e+01 9.213456e-11 1.397630e-10 4.056004e-10 8.466289e-09 3.203485e-08
1.250000e+00 9.427000e-02  8.570000e-02  1.000000e-01 4.287782e-06 8.000000e-04 3.761151e+07 3.180203e+01 2.288802e+01 6.923341e+01 9.553148e-11 1.475678e-10 4.275037e-10 8.923489e-09 3.376480e-08
1.250000e+00 9.427000e-02  8.570000e-02  1.000000e-01 4.402035e-06 8.000000e-04 3.761151e+07 3.180203e+01 2.288802e+01 6.923341e+01 1.044235e-10 1.550672e-10 4.505899e-10 9.405378e-09 3.558818e-08
1.250000e+00 9.427000e-02  8.570000e-02  1.000000e-01 4.519332e-06 8.000000e-04 3.761151e+07 3.180203e+01 2.288802e+01 6.923341e+01 1.057946e-10 1.633719e-10 4.749228e-10 9.913290e-09 3.751002e-08
1.250000e+00 9.427000e-02  8.570000e-02  1.000000e-01 4.639755e-06 8.000000e-04 3.761151e+07 3.180203e+01 2.288802e+01 6.923341e+01 1.116107e-10 1.713979e-10 5.005697e-10 1.044863e-08 3.953565e-08
1.250000e+00 9.427000e-02  8.570000e-02  1.000000e-01 4.763386e-06 8.000000e-04 3.761151e+07 3.180203e+01 2.288802e+01 6.923341e+01 1.178335e-10 1.790434e-10 5.276017e-10 1.101288e-08 4.167067e-08
1.250000e+00 9.427000e-02  8.570000e-02  1.000000e-01 4.890312e-06 8.000000e-04 3.761151e+07 3.180203e+01 2.288802e+01 6.923341e+01 1.221090e-10 1.927157e-10 5.560934e-10 1.160760e-08 4.392098e-08
1.250000e+00 9.427000e-02  8.570000e-02  1.000000e-01 5.020620e-06 8.000000e-04 3.761151e+07 3.180203e+01 2.288802e+01 6.923341e+01 1.341529e-10 2.008345e-10 5.861237e-10 1.223444e-08 4.629282e-08
1.250000e+00 9.427000e-02  8.570000e-02  1.000000e-01 5.154400e-06 8.000000e-04 3.761151e+07 3.180203e+01 2.288802e+01 6.923341e+01 1.411514e-10 2.093070e-10 6.177757e-10 1.289513e-08 4.879273e-08
1.250000e+00 9.427000e-02  8.570000e-02  1.000000e-01 5.291745e-06 8.000000e-04 3.761151e+07 3.180203e+01 2.288802e+01 6.923341e+01 1.495384e-10 2.258762e-10 6.511371e-10 1.359149e-08 5.142766e-08
1.250000e+00 9.427000e-02  8.570000e-02  1.000000e-01 5.432750e-06 8.000000e-04 3.761151e+07 3.180203e+01 2.288802e+01 6.923341e+01 1.513283e-10 2.329474e-10 6.863000e-10 1.432547e-08 5.420487e-08
1.250000e+00 9.427000e-02  8.570000e-02  1.000000e-01 5.577512e-06 8.000000e-04 3.761151e+07 3.180203e+01 2.288802e+01 6.923341e+01 1.634532e-10 2.457556e-10 7.233617e-10 1.509907e-08 5.713206e-08
1.250000e+00 9.427000e-02  8.570000e-02  1.000000e-01 5.726131e-06 8.000000e-04 3.761151e+07 3.180203e+01 2.288802e+01 6.923341e+01 1.692431e-10 2.595357e-10 7.624250e-10 1.591446e-08 6.021732e-08
1.250000e+00 9.427000e-02  8.570000e-02  1.000000e-01 5.878710e-06 8.000000e-04 3.761151e+07 3.180203e+01 2.288802e+01 6.923341e+01 1.774840e-10 2.745275e-10 8.035977e-10 1.677388e-08 6.346919e-08
1.250000e+00 9.427000e-02  8.570000e-02  1.000000e-01 6.035355e-06 8.000000e-04 3.761151e+07 3.180203e+01 2.288802e+01 6.923341e+01 1.870737e-10 2.901140e-10 8.469938e-10 1.767970e-08 6.689668e-08
1.250000e+00 9.427000e-02  8.570000e-02  1.000000e-01 6.196174e-06 8.000000e-04 3.761151e+07 3.180203e+01 2.288802e+01 6.923341e+01 1.969831e-10 3.051556e-10 8.927334e-10 1.863445e-08 7.050925e-08
1.250000e+00 9.427000e-02  8.570000e-02  1.000000e-01 6.361278e-06 8.000000e-04 3.761151e+07 3.180203e+01 2.288802e+01 6.923341e+01 2.175966e-10 3.214925e-10 9.409431e-10 1.964075e-08 7.431691e-08
1.250000e+00 9.427000e-02  8.570000e-02  1.000000e-01 6.530782e-06 8.000000e-04 3.761151e+07 3.180203e+01 2.288802e+01 6.923341e+01 2.251288e-10 3.358478e-10 9.917562e-10 2.070140e-08 7.833020e-08
1.250000e+00 9.427000e-02  8.570000e-02  1.000000e-01 6.704802e-06 8.000000e-04 3.761151e+07 3.180203e+01 2.288802e+01 6.923341e+01 2.233221e-10 3.578766e-10 1.045313e-09 2.181932e-08 8.256021e-08
1.250000e+00 9.427000e-02  8.570000e-02  1.000000e-01 6.883459e-06 8.000000e-04 3.761151e+07 3.180203e+01 2.288802e+01 6.923341e+01 2.394021e-10 3.772279e-10 1.101763e-09 2.299762e-08 8.701865e-08
1.250000e+00 9.427000e-02  8.570000e-02  1.000000e-01 7.066877e-06 8.000000e-04 3.761151e+07 3.180203e+01 2.288802e+01 6.923341e+01 2.593798e-10 3.957912e-10 1.161260e-09 2.423954e-08 9.171786e-08
1.250000e+00 9.427000e-02  8.570000e-02  1.000000e-01 7.255182e-06 8.000000e-04 3.761151e+07 3.180203e+01 2.288802e+01 6.923341e+01 2.594833e-10 4.175969e-10 1.223971e-09 2.554853e-08 9.667084e-08
1.250000e+00 9.427000e-02  8.570000e-02  1.000000e-01 7.448504e-06 8.000000e-04 3.761151e+07 3.180203e+01 2.288802e+01 6.923341e+01 2.742731e-10 4.362689e-10 1.290068e-09 2.692821e-08 1.018913e-07
1.250000e+00 9.427000e-02  8.570000e-02  1.000000e-01 7.646978e-06 8.000000e-04 3.761151e+07 3.180203e+01 2.288802e+01 6.923341e+01 3.078585e-10 4.662256e-10 1.359735e-09 2.838240e-08 1.073937e-07
1.250000e+00 9.427000e-02  8.570000e-02  1.000000e-01 7.850741e-06 8.000000e-04 3.761151e+07 3.180203e+01 2.288802e+01 6.923341e+01 3.092602e-10 4.908646e-10 1.433164e-09 2.991511e-08 1.131932e-07
1.250000e+00 9.427000e-02  8.570000e-02  1.000000e-01 8.059933e-06 8.000000e-04 3.761151e+07 3.180203e+01 2.288802e+01 6.923341e+01 3.421694e-10 5.153423e-10 1.510558e-09 3.153060e-08 1.193058e-07
1.250000e+00 9.427000e-02  8.570000e-02  1.000000e-01 8.274699e-06 8.000000e-04 3.761151e+07 3.180203e+01 2.288802e+01 6.923341e+01 3.691896e-10 5.463067e-10 1.592132e-09 3.323332e-08 1.257486e-07
1.250000e+00 9.427000e-02  8.570000e-02  1.000000e-01 8.495188e-06 8.000000e-04 3.761151e+07 3.180203e+01 2.288802e+01 6.923341e+01 3.707393e-10 5.724360e-10 1.678110e-09 3.502800e-08 1.325394e-07
1.250000e+00 9.427000e-02  8.570000e-02  1.000000e-01 8.721552e-06 8.000000e-04 3.761151e+07 3.180203e+01 2.288802e+01 6.923341e+01 3.852768e-10 6.024637e-10 1.768732e-09 3.691959e-08 1.396968e-07
1.250000e+00 9.427000e-02  8.570000e-02  1.000000e-01 8.953948e-06 8.000000e-04 3.761151e+07 3.180203e+01 2.288802e+01 6.923341e+01 4.155779e-10 6.381674e-10 1.864248e-09 3.891333e-08 1.472407e-07
1.250000e+00 9.427000e-02  8.570000e-02  1.000000e-01 9.192536e-06 8.000000e-04 3.761151e+07 3.180203e+01 2.288802e+01 6.923341e+01 4.477129e-10 6.762466e-10 1.964922e-09 4.101474e-08 1.551921e-07
1.250000e+00 9.427000e-02  8.570000e-02  1.000000e-01 9.437481e-06 8.000000e-04 3.761151e+07 3.180203e+01 2.288802e+01 6.923341e+01 4.493912e-10 7.094087e-10 2.071032e-09 4.322963e-08 1.635728e-07
1.250000e+00 9.427000e-02  8.570000e-02  1.000000e-01 9.688954e-06 8.000000e-04 3.761151e+07 3.180203e+01 2.288802e+01 6.923341e+01 4.697070e-10 7.424015e-10 2.182872e-09 4.556414e-08 1.724061e-07
1.250000e+00 9.427000e-02  8.570000e-02  1.000000e-01 9.947127e-06 8.000000e-04 3.761151e+07 3.180203e+01 2.288802e+01 6.923341e+01 5.254872e-10 7.875721e-10 2.300753e-09 4.802470e-08 1.817164e-07
1.250000e+00 9.427000e-02  8.570000e-02  1.000000e-01 1.021218e-05 8.000000e-04 3.761151e+07 3.180203e+01 2.288802e+01 6.923341e+01 5.397676e-10 8.293414e-10 2.424999e-09 5.061815e-08 1.915296e-07
1.250000e+00 9.427000e-02  8.570000e-02  1.000000e-01 1.048430e-05 8.000000e-04 3.761151e+07 3.180203e+01 2.288802e+01 6.923341e+01 5.928652e-10 8.705980e-10 2.555954e-09 5.335165e-08 2.018726e-07
1.250000e+00 9.427000e-02  8.570000e-02  1.000000e-01 1.076366e-05 8.000000e-04 3.761151e+07 3.180203e+01 2.288802e+01 6.923341e+01 5.953396e-10 9.251244e-10 2.693982e-09 5.623276e-08 2.127742e-07
1.250000e+00 9.427000e-02  8.570000e-02  1.000000e-01 1.105047e-05 8.000000e-04 3.761151e+07 3.180203e+01 2.288802e+01 6.923341e+01 6.165844e-10 9.741067e-10 2.839463e-09 5.926946e-08 2.242645e-07
1.250000e+00 9.427000e-02  8.570000e-02  1.000000e-01 1.134492e-05 8.000000e-04 3.761151e+07 3.180203e+01 2.288802e+01 6.923341e+01 6.583633e-10 1.018720e-09 2.992800e-09 6.247014e-08 2.363753e-07
1.250000e+00 9.427000e-02  8.570000e-02  1.000000e-01 1.164722e-05 8.000000e-04 3.761151e+07 3.180203e+01 2.288802e+01 6.923341e+01 7.078937e-10 1.080404e-09 3.154418e-09 6.584368e-08 2.491401e-07
1.250000e+00 9.427000e-02  8.570000e-02  1.000000e-01 1.195758e-05 8.000000e-04 3.761151e+07 3.180203e+01 2.288802e+01 6.923341e+01 7.424000e-10 1.137327e-09 3.324764e-09 6.939939e-08 2.625942e-07
1.250000e+00 9.427000e-02  8.570000e-02  1.000000e-01 1.227620e-05 8.000000e-04 3.761151e+07 3.180203e+01 2.288802e+01 6.923341e+01 7.908007e-10 1.216696e-09 3.504309e-09 7.314711e-08 2.767749e-07
1.250000e+00 9.427000e-02  8.570000e-02  1.000000e-01 1.260331e-05 8.000000e-04 3.761151e+07 3.180203e+01 2.288802e+01 6.923341e+01 8.198526e-10 1.249284e-09 3.693550e-09 7.709723e-08 2.917214e-07
1.250000e+00 9.427000e-02  8.570000e-02  1.000000e-01 1.293914e-05 8.000000e-04 3.761151e+07 3.180203e+01 2.288802e+01 6.923341e+01 8.876491e-10 1.330046e-09 3.893010e-09 8.126066e-08 3.074750e-07
1.250000e+00 9.427000e-02  8.570000e-02  1.000000e-01 1.328392e-05 8.000000e-04 3.761151e+07 3.180203e+01 2.288802e+01 6.923341e+01 9.056388e-10 1.406051e-09 4.103242e-09 8.564892e-08 3.240794e-07
1.250000e+00 9.427000e-02  8.570000e-02  1.000000e-01 1.363789e-05 8.000000e-04 3.761151e+07 3.180203e+01 2.288802e+01 6.923341e+01 9.597560e-10 1.474729e-09 4.324826e-09 9.027416e-08 3.415804e-07
1.250000e+00 9.427000e-02  8.570000e-02  1.000000e-01 1.400128e-05 8.000000e-04 3.761151e+07 3.180203e+01 2.288802e+01 6.923341e+01 9.824840e-10 1.560123e-09 4.558377e-09 9.514917e-08 3.600266e-07
1.250000e+00 9.427000e-02  8.570000e-02  1.000000e-01 1.437436e-05 8.000000e-04 3.761151e+07 3.180203e+01 2.288802e+01 6.923341e+01 1.084853e-09 1.636904e-09 4.804540e-09 1.002874e-07 3.794688e-07
1.250000e+00 9.427000e-02  8.570000e-02  1.000000e-01 1.475738e-05 8.000000e-04 3.761151e+07 3.180203e+01 2.288802e+01 6.923341e+01 1.140521e-09 1.742103e-09 5.063996e-09 1.057032e-07 3.999610e-07
1.250000e+00 9.427000e-02  8.570000e-02  1.000000e-01 1.515061e-05 8.000000e-04 3.761151e+07 3.180203e+01 2.288802e+01 6.923341e+01 1.217560e-09 1.844724e-09 5.337464e-09 1.114114e-07 4.215599e-07
1.250000e+00 9.427000e-02  8.570000e-02  1.000000e-01 1.555432e-05 8.000000e-04 3.761151e+07 3.180203e+01 2.288802e+01 6.923341e+01 1.251308e-09 1.936157e-09 5.625699e-09 1.174279e-07 4.443251e-07
1.250000e+00 9.427000e-02  8.570000e-02  1.000000e-01 1.596878e-05 8.000000e-04 3.761151e+07 3.180203e+01 2.288802e+01 6.923341e+01 1.301024e-09 2.021077e-09 5.929500e-09 1.237693e-07 4.683196e-07
1.250000e+00 9.427000e-02  8.570000e-02  1.000000e-01 1.639429e-05 8.000000e-04 3.761151e+07 3.180203e+01 2.288802e+01 6.923341e+01 1.440238e-09 2.120156e-09 6.249707e-09 1.304531e-07 4.936100e-07
1.250000e+00 9.427000e-02  8.570000e-02  1.000000e-01 1.683113e-05 8.000000e-04 3.761151e+07 3.180203e+01 2.288802e+01 6.923341e+01 1.500051e-09 2.265963e-09 6.587205e-09 1.374979e-07 5.202661e-07
1.250000e+00 9.427000e-02  8.570000e-02  1.000000e-01 1.727962e-05 8.000000e-04 3.761151e+07 3.180203e+01 2.288802e+01 6.923341e+01 1.551919e-09 2.386534e-09 6.942929e-09 1.449231e-07 5.483616e-07
1.250000e+00 9.427000e-02  8.570000e-02  1.000000e-01 1.774005e-05 8.000000e-04 3.761151e+07 3.180203e+01 2.288802e+01 6.923341e+01 1.593474e-09 2.478654e-09 7.317864e-09 1.527492e-07 5.779744e-07
1.250000e+00 9.427000e-02  8.570000e-02  1.000000e-01 1.821276e-05 8.000000e-04 3.761151e+07 3.180203e+01 2.288802e+01 6.923341e+01 1.779097e-09 2.642820e-09 7.713045e-09 1.609981e-07 6.091864e-07
1.250000e+00 9.427000e-02  8.570000e-02  1.000000e-01 1.869805e-05 8.000000e-04 3.761151e+07 3.180203e+01 2.288802e+01 6.923341e+01 1.793631e-09 2.764966e-09 8.129568e-09 1.696923e-07 6.420839e-07
1.250000e+00 9.427000e-02  8.570000e-02  1.000000e-01 1.919629e-05 8.000000e-04 3.761151e+07 3.180203e+01 2.288802e+01 6.923341e+01 1.903349e-09 2.939005e-09 8.568583e-09 1.788561e-07 6.767579e-07
1.250000e+00 9.427000e-02  8.570000e-02  1.000000e-01 1.970779e-05 8.000000e-04 3.761151e+07 3.180203e+01 2.288802e+01 6.923341e+01 2.037701e-09 3.084482e-09 9.031306e-09 1.885147e-07 7.133044e-07
1.250000e+00 9.427000e-02  8.570000e-02  1.000000e-01 2.023293e-05 8.000000e-04 3.761151e+07 3.180203e+01 2.288802e+01 6.923341e+01 2.147300e-09 3.301511e-09 9.519018e-09 1.986950e-07 7.518245e-07
1.250000e+00 9.427000e-02  8.570000e-02  1.000000e-01 2.077206e-05 8.000000e-04 3.761151e+07 3.180203e+01 2.288802e+01 6.923341e+01 2.204781e-09 3.388530e-09 1.003307e-08 2.094250e-07 7.924247e-07
1.250000e+00 9.427000e-02  8.570000e-02  1.000000e-01 2.132555e-05 8.000000e-04 3.761151e+07 3.180203e+01 2.288802e+01 6.923341e+01 2.421758e-09 3.638769e-09 1.057488e-08 2.207344e-07 8.352175e-07
1.250000e+00 9.427000e-02  8.570000e-02  1.000000e-01 2.189380e-05 8.000000e-04 3.761151e+07 3.180203e+01 2.288802e+01 6.923341e+01 2.492062e-09 3.767508e-09 1.114594e-08 2.326546e-07 8.803211e-07
1.250000e+00 9.427000e-02  8.570000e-02  1.000000e-01 2.247718e-05 8.000000e-04 3.761151e+07 3.180203e+01 2.288802e+01 6.923341e+01 2.602702e-09 4.070278e-09 1.174785e-08 2.452185e-07 9.278605e-07
1.250000e+00 9.427000e-02  8.570000e-02  1.000000e-01 2.307611e-05 8.000000e-04 3.761151e+07 3.180203e+01 2.288802e+01 6.923341e+01 2.804194e-09 4.190460e-09 1.238226e-08 2.584608e-07 9.779671e-07
1.250000e+00 9.427000e-02  8.570000e-02  1.000000e-01 2.369100e-05 8.000000e-04 3.761151e+07 3.180203e+01 2.288802e+01 6.923341e+01 2.954532e-09 4.489713e-09 1.305093e-08 2.724183e-07 1.030780e-06
1.250000e+00 9.427000e-02  8.570000e-02  1.000000e-01 2.432228e-05 8.000000e-04 3.761151e+07 3.180203e+01 2.288802e+01 6.923341e+01 3.009839e-09 4.703963e-09 1.375571e-08 2.871295e-07 1.086444e-06
1.250000e+00 9.427000e-02  8.570000e-02  1.000000e-01 2.497037e-05 8.000000e-04 3.761151e+07 3.180203e+01 2.288802e+01 6.923341e+01 3.238749e-09 5.001678e-09 1.449855e-08 3.026352e-07 1.145115e-06
1.250000e+00 9.427000e-02  8.570000e-02  1.000000e-01 2.563574e-05 8.000000e-04 3.761151e+07 3.180203e+01 2.288802e+01 6.923341e+01 3.343452e-09 5.191222e-09 1.528151e-08 3.189782e-07 1.206953e-06
1.250000e+00 9.427000e-02  8.570000e-02  1.000000e-01 2.631883e-05 8.000000e-04 3.761151e+07 3.180203e+01 2.288802e+01 6.923341e+01 3.713852e-09 5.495075e-09 1.610674e-08 3.362037e-07 1.272132e-06
1.250000e+00 9.427000e-02  8.570000e-02  1.000000e-01 2.702013e-05 8.000000e-04 3.761151e+07 3.180203e+01 2.288802e+01 6.923341e+01 3.762422e-09 5.751512e-09 1.697655e-08 3.543595e-07 1.340830e-06
1.250000e+00 9.427000e-02  8.570000e-02  1.000000e-01 2.774011e-05 8.000000e-04 3.761151e+07 3.180203e+01 2.288802e+01 6.923341e+01 4.131003e-09 6.040550e-09 1.789332e-08 3.734957e-07 1.413238e-06
1.250000e+00 9.427000e-02  8.570000e-02  1.000000e-01 2.847928e-05 8.000000e-04 3.761151e+07 3.180203e+01 2.288802e+01 6.923341e+01 3.936054e-09 6.419224e-09 1.885960e-08 3.936654e-07 1.489556e-06
1.250000e+00 9.427000e-02  8.570000e-02  1.000000e-01 2.923814e-05 8.000000e-04 3.761151e+07 3.180203e+01 2.288802e+01 6.923341e+01 4.445223e-09 6.769929e-09 1.987806e-08 4.149242e-07 1.569995e-06
1.250000e+00 9.427000e-02  8.570000e-02  1.000000e-01 3.001722e-05 8.000000e-04 3.761151e+07 3.180203e+01 2.288802e+01 6.923341e+01 4.688391e-09 7.130317e-09 2.095152e-08 4.373311e-07 1.654779e-06
1.250000e+00 9.427000e-02  8.570000e-02  1.000000e-01 3.081707e-05 8.000000e-04 3.761151e+07 3.180203e+01 2.288802e+01 6.923341e+01 4.863413e-09 7.612022e-09 2.208295e-08 4.609480e-07 1.744140e-06
1.250000e+00 9.427000e-02  8.570000e-02  1.000000e-01 3.163822e-05 8.000000e-04 3.761151e+07 3.180203e+01 2.288802e+01 6.923341e+01 5.270911e-09 7.950931e-09 2.327548e-08 4.858402e-07 1.838328e-06
1.250000e+00 9.427000e-02  8.570000e-02  1.000000e-01 3.248126e-05 8.000000e-04 3.761151e+07 3.180203e+01 2.288802e+01 6.923341e+01 5.445898e-09 8.359437e-09 2.453241e-08 5.120767e-07 1.937602e-06
1.250000e+00 9.427000e-02  8.570000e-02  1.000000e-01 3.334676e-05 8.000000e-04 3.761151e+07 3.180203e+01 2.288802e+01 6.923341e+01 5.509211e-09 8.795454e-09 2.585722e-08 5.397301e-07 2.042237e-06
1.250000e+00 9.427000e-02  8.570000e-02  1.000000e-01 3.423532e-05 8.000000e-04 3.761151e+07 3.180203e+01 2.288802e+01 6.923341e+01 6.059641e-09 9.404342e-09 2.725357e-08 5.688767e-07 2.152523e-06
1.250000e+00 9.427000e-02  8.570000e-02  1.000000e-01 3.514756e-05 8.000000e-04 3.761151e+07 3.180203e+01 2.288802e+01 6.923341e+01 6.388538e-09 9.907450e-09 2.872533e-08 5.995974e-07 2.268764e-06
1.250000e+00 9.427000e-02  8.570000e-02  1.000000e-01 3.608411e-05 8.000000e-04 3.761151e+07 3.180203e+01 2.288802e+01 6.923341e+01 6.754691e-09 1.035693e-08 3.027656e-08 6.319770e-07 2.391282e-06
1.250000e+00 9.427000e-02  8.570000e-02  1.000000e-01 3.704561e-05 8.000000e-04 3.761151e+07 3.180203e+01 2.288802e+01 6.923341e+01 6.990636e-09 1.077582e-08 3.191156e-08 6.661052e-07 2.520417e-06
1.250000e+00 9.427000e-02  8.570000e-02  1.000000e-01 3.803273e-05 8.000000e-04 3.761151e+07 3.180203e+01 2.288802e+01 6.923341e+01 7.507415e-09 1.147384e-08 3.363486e-08 7.020765e-07 2.656525e-06
1.250000e+00 9.427000e-02  8.570000e-02  1.000000e-01 3.904616e-05 8.000000e-04 3.761151e+07 3.180203e+01 2.288802e+01 6.923341e+01 7.823706e-09 1.213588e-08 3.545122e-08 7.399902e-07 2.799984e-06
1.250000e+00 9.427000e-02  8.570000e-02  1.000000e-01 4.008659e-05 8.000000e-04 3.761151e+07 3.180203e+01 2.288802e+01 6.923341e+01 8.569027e-09 1.286183e-08 3.736567e-08 7.799514e-07 2.951189e-06
1.250000e+00 9.427000e-02  8.570000e-02  1.000000e-01 4.115474e-05 8.000000e-04 3.761151e+07 3.180203e+01 2.288802e+01 6.923341e+01 8.641424e-09 1.340780e-08 3.938350e-08 8.220706e-07 3.110560e-06
1.250000e+00 9.427000e-02  8.570000e-02  1.000000e-01 4.225136e-05 8.000000e-04 3.761151e+07 3.180203e+01 2.288802e+01 6.923341e+01 9.324541e-09 1.413364e-08 4.151030e-08 8.664643e-07 3.278538e-06
1.250000e+00 9.427000e-02  8.570000e-02  1.000000e-01 4.337719e-05 8.000000e-04 3.761151e+07 3.180203e+01 2.288802e+01 6.923341e+01 1.011526e-08 1.499854e-08 4.375196e-08 9.132554e-07 3.455587e-06
1.250000e+00 9.427000e-02  8.570000e-02  1.000000e-01 4.453303e-05 8.000000e-04 3.761151e+07 3.180203e+01 2.288802e+01 6.923341e+01 1.025682e-08 1.573481e-08 4.611466e-08 9.625733e-07 3.642196e-06
1.250000e+00 9.427000e-02  8.570000e-02  1.000000e-01 4.571966e-05 8.000000e-04 3.761151e+07 3.180203e+01 2.288802e+01 6.923341e+01 1.102805e-08 1.644673e-08 4.860496e-08 1.014554e-06 3.838883e-06
1.250000e+00 9.427000e-02  8.570000e-02  1.000000e-01 4.693791e-05 8.000000e-04 3.761151e+07 3.180203e+01 2.288802e+01 6.923341e+01 1.155534e-08 1.740035e-08 5.122974e-08 1.069343e-06 4.046192e-06
1.250000e+00 9.427000e-02  8.570000e-02  1.000000e-01 4.818863e-05 8.000000e-04 3.761151e+07 3.180203e+01 2.288802e+01 6.923341e+01 1.254667e-08 1.857163e-08 5.399626e-08 1.127090e-06 4.264696e-06
1.250000e+00 9.427000e-02  8.570000e-02  1.000000e-01 4.947267e-05 8.000000e-04 3.761151e+07 3.180203e+01 2.288802e+01 6.923341e+01 1.293686e-08 1.940711e-08 5.691219e-08 1.187955e-06 4.494999e-06
1.250000e+00 9.427000e-02  8.570000e-02  1.000000e-01 5.079093e-05 8.000000e-04 3.761151e+07 3.180203e+01 2.288802e+01 6.923341e+01 1.347696e-08 2.063226e-08 5.998558e-08 1.252107e-06 4.737739e-06
1.250000e+00 9.427000e-02  8.570000e-02  1.000000e-01 5.214431e-05 8.000000e-04 3.761151e+07 3.180203e+01 2.288802e+01 6.923341e+01 1.414366e-08 2.180282e-08 6.322494e-08 1.319724e-06 4.993588e-06
1.250000e+00 9.427000e-02  8.570000e-02  1.000000e-01 5.353375e-05 8.000000e-04 3.761151e+07 3.180203e+01 2.288802e+01 6.923341e+01 1.469310e-08 2.277329e-08 6.663923e-08 1.390992e-06 5.263253e-06
1.250000e+00 9.427000e-02  8.570000e-02  1.000000e-01 5.496022e-05 8.000000e-04 3.761151e+07 3.180203e+01 2.288802e+01 6.923341e+01 1.576396e-08 2.401840e-08 7.023790e-08 1.466109e-06 5.547481e-06
1.250000e+00 9.427000e-02  8.570000e-02  1.000000e-01 5.642470e-05 8.000000e-04 3.761151e+07 3.180203e+01 2.288802e+01 6.923341e+01 1.678021e-08 2.546962e-08 7.403091e-08 1.545282e-06 5.847058e-06
1.250000e+00 9.427000e-02  8.570000e-02  1.000000e-01 5.792820e-05 8.000000e-04 3.761151e+07 3.180203e+01 2.288802e+01 6.923341e+01 1.651818e-08 2.678607e-08 7.802875e-08 1.628731e-06 6.162813e-06
