2.000000e-01 5.541000e-01  5.037273e-01  1.000000e-01 2.000000e-06 8.000000e-04 3.236147e+00 3.180202e+01 2.288752e+01 6.923321e+01 1.461258e-04 2.816336e-03 5.785819e-04 1.900493e-03 2.348221e-02
2.000000e-01 5.541000e-01  5.037273e-01  1.000000e-01 2.053292e-06 8.000000e-04 3.236147e+00 3.180202e+01 2.288750e+01 6.923320e+01 1.570712e-04 2.968364e-03 6.098267e-04 2.003124e-03 2.475030e-02
2.000000e-01 5.541000e-01  5.037273e-01  1.000000e-01 2.108005e-06 8.000000e-04 3.236147e+00 3.180202e+01 2.288747e+01 6.923319e+01 1.638737e-04 3.138686e-03 6.427587e-04 2.111297e-03 2.608687e-02
2.000000e-01 5.541000e-01  5.037273e-01  1.000000e-01 2.164175e-06 8.000000e-04 3.236147e+00 3.180202e+01 2.288744e+01 6.923318e+01 1.733820e-04 3.303683e-03 6.774692e-04 2.225312e-03 2.749563e-02
2.000000e-01 5.541000e-01  5.037273e-01  1.000000e-01 2.221842e-06 8.000000e-04 3.236147e+00 3.180202e+01 2.288741e+01 6.923317e+01 1.825115e-04 3.479258e-03 7.140541e-04 2.345484e-03 2.898045e-02
2.000000e-01 5.541000e-01  5.037273e-01  1.000000e-01 2.281045e-06 8.000000e-04 3.236147e+00 3.180202e+01 2.288738e+01 6.923315e+01 1.904404e-04 3.673469e-03 7.526147e-04 2.472145e-03 3.054547e-02
2.000000e-01 5.541000e-01  5.037273e-01  1.000000e-01 2.341826e-06 8.000000e-04 3.236147e+00 3.180202e+01 2.288734e+01 6.923314e+01 2.020747e-04 3.856626e-03 7.932576e-04 2.605647e-03 3.219499e-02
2.000000e-01 5.541000e-01  5.037273e-01  1.000000e-01 2.404227e-06 8.000000e-04 3.236147e+00 3.180202e+01 2.288730e+01 6.923312e+01 2.131180e-04 4.080117e-03 8.360953e-04 2.746358e-03 3.393360e-02
2.000000e-01 5.541000e-01  5.037273e-01  1.000000e-01 2.468290e-06 8.000000e-04 3.236147e+00 3.180202e+01 2.288726e+01 6.923311e+01 2.247122e-04 4.315674e-03 8.812464e-04 2.894668e-03 3.576609e-02
2.000000e-01 5.541000e-01  5.037273e-01  1.000000e-01 2.534061e-06 8.000000e-04 3.236147e+00 3.180202e+01 2.288722e+01 6.923309e+01 2.345510e-04 4.540815e-03 9.288358e-04 3.050986e-03 3.769754e-02
2.000000e-01 5.541000e-01  5.037273e-01  1.000000e-01 2.601584e-06 8.000000e-04 3.236147e+00 3.180202e+01 2.288718e+01 6.923308e+01 2.503822e-04 4.772257e-03 9.789950e-04 3.215747e-03 3.973329e-02
2.000000e-01 5.541000e-01  5.037273e-01  1.000000e-01 2.670906e-06 8.000000e-04 3.236147e+00 3.180201e+01 2.288714e+01 6.923306e+01 2.618329e-04 5.000126e-03 1.031863e-03 3.389404e-03 4.187898e-02
2.000000e-01 5.541000e-01  5.037273e-01  1.000000e-01 2.742075e-06 8.000000e-04 3.236147e+00 3.180201e+01 2.288707e+01 6.923304e+01 2.759865e-04 5.328436e-03 1.087586e-03 3.572440e-03 4.414054e-02
2.000000e-01 5.541000e-01  5.037273e-01  1.000000e-01 2.815141e-06 8.000000e-04 3.236147e+00 3.180201e+01 2.288704e+01 6.923302e+01 2.934744e-04 5.599750e-03 1.146318e-03 3.765360e-03 4.652424e-02
2.000000e-01 5.541000e-01  5.037273e-01  1.000000e-01 2.890154e-06 8.000000e-04 3.236147e+00 3.180201e+01 2.288699e+01 6.923300e+01 3.065603e-04 5.882717e-03 1.208222e-03 3.968698e-03 4.903665e-02
2.000000e-01 5.541000e-01  5.037273e-01  1.000000e-01 2.967165e-06 8.000000e-04 3.236147e+00 3.180201e+01 2.288693e+01 6.923297e+01 3.243133e-04 6.197889e-03 1.273469e-03 4.183017e-03 5.168475e-02
2.000000e-01 5.541000e-01  5.037273e-01  1.000000e-01 3.046229e-06 8.000000e-04 3.236147e+00 3.180201e+01 2.288688e+01 6.923296e+01 3.427239e-04 6.512719e-03 1.342239e-03 4.408910e-03 5.447584e-02
2.000000e-01 5.541000e-01  5.037273e-01  1.000000e-01 3.127399e-06 8.000000e-04 3.236147e+00 3.180201e+01 2.288681e+01 6.923293e+01 3.618646e-04 6.880206e-03 1.414723e-03 4.647001e-03 5.741766e-02
2.000000e-01 5.541000e-01  5.037273e-01  1.000000e-01 3.210732e-06 8.000000e-04 3.236147e+00 3.180201e+01 2.288674e+01 6.923290e+01 3.820473e-04 7.280723e-03 1.491121e-03 4.897950e-03 6.051835e-02
2.000000e-01 5.541000e-01  5.037273e-01  1.000000e-01 3.296286e-06 8.000000e-04 3.236147e+00 3.180201e+01 2.288667e+01 6.923288e+01 4.007348e-04 7.655736e-03 1.571645e-03 5.162451e-03 6.378648e-02
2.000000e-01 5.541000e-01  5.037273e-01  1.000000e-01 3.384119e-06 8.000000e-04 3.236147e+00 3.180201e+01 2.288661e+01 6.923285e+01 4.235878e-04 8.030559e-03 1.656518e-03 5.441235e-03 6.723110e-02
2.000000e-01 5.541000e-01  5.037273e-01  1.000000e-01 3.474293e-06 8.000000e-04 3.236147e+00 3.180200e+01 2.288651e+01 6.923282e+01 4.451625e-04 8.519083e-03 1.745974e-03 5.735074e-03 7.086173e-02
2.000000e-01 5.541000e-01  5.037273e-01  1.000000e-01 3.566869e-06 8.000000e-04 3.236147e+00 3.180200e+01 2.288644e+01 6.923278e+01 4.629555e-04 9.024889e-03 1.840260e-03 6.044781e-03 7.468843e-02
2.000000e-01 5.541000e-01  5.037273e-01  1.000000e-01 3.661913e-06 8.000000e-04 3.236147e+00 3.180200e+01 2.288637e+01 6.923275e+01 4.946399e-04 9.430349e-03 1.939639e-03 6.371213e-03 7.872178e-02
2.000000e-01 5.541000e-01  5.037273e-01  1.000000e-01 3.759488e-06 8.000000e-04 3.236147e+00 3.180200e+01 2.288628e+01 6.923271e+01 5.171142e-04 9.944255e-03 2.044384e-03 6.715274e-03 8.297293e-02
2.000000e-01 5.541000e-01  5.037273e-01  1.000000e-01 3.859664e-06 8.000000e-04 3.236147e+00 3.180200e+01 2.288618e+01 6.923269e+01 5.509460e-04 1.055526e-02 2.154785e-03 7.077914e-03 8.745366e-02
2.000000e-01 5.541000e-01  5.037273e-01  1.000000e-01 3.962510e-06 8.000000e-04 3.236147e+00 3.180200e+01 2.288606e+01 6.923263e+01 5.733519e-04 1.110113e-02 2.271148e-03 7.460138e-03 9.217636e-02
2.000000e-01 5.541000e-01  5.037273e-01  1.000000e-01 4.068095e-06 8.000000e-04 3.236147e+00 3.180199e+01 2.288596e+01 6.923262e+01 6.096213e-04 1.171604e-02 2.393796e-03 7.863002e-03 9.715410e-02
2.000000e-01 5.541000e-01  5.037273e-01  1.000000e-01 4.176494e-06 8.000000e-04 3.236147e+00 3.180199e+01 2.288588e+01 6.923256e+01 6.388644e-04 1.223526e-02 2.523066e-03 8.287623e-03 1.024006e-01
2.000000e-01 5.541000e-01  5.037273e-01  1.000000e-01 4.287782e-06 8.000000e-04 3.236147e+00 3.180199e+01 2.288574e+01 6.923251e+01 6.700044e-04 1.301453e-02 2.659317e-03 8.735173e-03 1.079305e-01
2.000000e-01 5.541000e-01  5.037273e-01  1.000000e-01 4.402035e-06 8.000000e-04 3.236147e+00 3.180199e+01 2.288561e+01 6.923246e+01 7.139028e-04 1.365425e-02 2.802927e-03 9.206893e-03 1.137590e-01
2.000000e-01 5.541000e-01  5.037273e-01  1.000000e-01 4.519332e-06 8.000000e-04 3.236147e+00 3.180198e+01 2.288550e+01 6.923241e+01 7.491919e-04 1.438581e-02 2.954291e-03 9.704087e-03 1.199023e-01
2.000000e-01 5.541000e-01  5.037273e-01  1.000000e-01 4.639755e-06 8.000000e-04 3.236147e+00 3.180198e+01 2.288533e+01 6.923233e+01 7.917238e-04 1.526234e-02 3.113830e-03 1.022813e-02 1.263773e-01
2.000000e-01 5.541000e-01  5.037273e-01  1.000000e-01 4.763386e-06 8.000000e-04 3.236147e+00 3.180198e+01 2.288524e+01 6.923229e+01 8.371912e-04 1.599350e-02 3.281984e-03 1.078047e-02 1.332019e-01
2.000000e-01 5.541000e-01  5.037273e-01  1.000000e-01 4.890312e-06 8.000000e-04 3.236147e+00 3.180198e+01 2.288508e+01 6.923224e+01 8.801086e-04 1.685190e-02 3.459219e-03 1.136264e-02 1.403951e-01
2.000000e-01 5.541000e-01  5.037273e-01  1.000000e-01 5.020620e-06 8.000000e-04 3.236147e+00 3.180197e+01 2.288493e+01 6.923218e+01 9.310710e-04 1.767008e-02 3.646024e-03 1.197625e-02 1.479768e-01
2.000000e-01 5.541000e-01  5.037273e-01  1.000000e-01 5.154400e-06 8.000000e-04 3.236147e+00 3.180197e+01 2.288471e+01 6.923208e+01 9.796766e-04 1.868036e-02 3.842918e-03 1.262300e-02 1.559679e-01
2.000000e-01 5.541000e-01  5.037273e-01  1.000000e-01 5.291745e-06 8.000000e-04 3.236147e+00 3.180197e+01 2.288459e+01 6.923207e+01 1.031876e-03 1.959246e-02 4.050445e-03 1.330467e-02 1.643905e-01
2.000000e-01 5.541000e-01  5.037273e-01  1.000000e-01 5.432750e-06 8.000000e-04 3.236147e+00 3.180196e+01 2.288439e+01 6.923195e+01 1.087398e-03 2.093274e-02 4.269178e-03 1.402315e-02 1.732680e-01
2.000000e-01 5.541000e-01  5.037273e-01  1.000000e-01 5.577512e-06 8.000000e-04 3.236147e+00 3.180196e+01 2.288419e+01 6.923187e+01 1.136118e-03 2.188759e-02 4.499723e-03 1.478043e-02 1.826249e-01
2.000000e-01 5.541000e-01  5.037273e-01  1.000000e-01 5.726131e-06 8.000000e-04 3.236147e+00 3.180196e+01 2.288392e+01 6.923180e+01 1.195337e-03 2.315655e-02 4.742719e-03 1.557861e-02 1.924870e-01
2.000000e-01 5.541000e-01  5.037273e-01  1.000000e-01 5.878710e-06 8.000000e-04 3.236147e+00 3.180195e+01 2.288373e+01 6.923170e+01 1.280156e-03 2.445038e-02 4.998837e-03 1.641989e-02 2.028818e-01
2.000000e-01 5.541000e-01  5.037273e-01  1.000000e-01 6.035355e-06 8.000000e-04 3.236147e+00 3.180195e+01 2.288351e+01 6.923162e+01 1.345726e-03 2.549802e-02 5.268785e-03 1.730660e-02 2.138379e-01
2.000000e-01 5.541000e-01  5.037273e-01  1.000000e-01 6.196174e-06 8.000000e-04 3.236147e+00 3.180195e+01 2.288322e+01 6.923152e+01 1.398635e-03 2.709590e-02 5.553312e-03 1.824120e-02 2.253856e-01
2.000000e-01 5.541000e-01  5.037273e-01  1.000000e-01 6.361278e-06 8.000000e-04 3.236147e+00 3.180194e+01 2.288299e+01 6.923139e+01 1.489653e-03 2.857601e-02 5.853204e-03 1.922627e-02 2.375569e-01
2.000000e-01 5.541000e-01  5.037273e-01  1.000000e-01 6.530782e-06 8.000000e-04 3.236147e+00 3.180194e+01 2.288263e+01 6.923126e+01 1.554762e-03 3.023348e-02 6.169290e-03 2.026453e-02 2.503856e-01
2.000000e-01 5.541000e-01  5.037273e-01  1.000000e-01 6.704802e-06 8.000000e-04 3.236147e+00 3.180193e+01 2.288249e+01 6.923115e+01 1.641233e-03 3.162546e-02 6.502446e-03 2.135886e-02 2.639070e-01
2.000000e-01 5.541000e-01  5.037273e-01  1.000000e-01 6.883459e-06 8.000000e-04 3.236147e+00 3.180192e+01 2.288213e+01 6.923106e+01 1.744533e-03 3.353306e-02 6.853593e-03 2.251229e-02 2.781585e-01
2.000000e-01 5.541000e-01  5.037273e-01  1.000000e-01 7.066877e-06 8.000000e-04 3.236147e+00 3.180192e+01 2.288178e+01 6.923095e+01 1.833687e-03 3.520847e-02 7.223703e-03 2.372801e-02 2.931797e-01
2.000000e-01 5.541000e-01  5.037273e-01  1.000000e-01 7.255182e-06 8.000000e-04 3.236147e+00 3.180191e+01 2.288148e+01 6.923078e+01 1.953036e-03 3.704519e-02 7.613800e-03 2.500937e-02 3.090121e-01
2.000000e-01 5.541000e-01  5.037273e-01  1.000000e-01 7.448504e-06 8.000000e-04 3.236147e+00 3.180191e+01 2.288119e+01 6.923068e+01 2.037002e-03 3.905277e-02 8.024963e-03 2.635994e-02 3.256995e-01
2.000000e-01 5.541000e-01  5.037273e-01  1.000000e-01 7.646978e-06 8.000000e-04 3.236147e+00 3.180190e+01 2.288081e+01 6.923055e+01 2.153514e-03 4.109007e-02 8.458329e-03 2.778343e-02 3.432880e-01
2.000000e-01 5.541000e-01  5.037273e-01  1.000000e-01 7.850741e-06 8.000000e-04 3.236147e+00 3.180189e+01 2.288031e+01 6.923033e+01 2.284063e-03 4.362369e-02 8.915098e-03 2.928380e-02 3.618264e-01
2.000000e-01 5.541000e-01  5.037273e-01  1.000000e-01 8.059933e-06 8.000000e-04 3.236147e+00 3.180189e+01 2.287999e+01 6.923024e+01 2.388725e-03 4.586892e-02 9.396534e-03 3.086520e-02 3.813658e-01
2.000000e-01 5.541000e-01  5.037273e-01  1.000000e-01 8.274699e-06 8.000000e-04 3.236147e+00 3.180188e+01 2.287946e+01 6.922995e+01 2.520979e-03 4.850146e-02 9.903969e-03 3.253199e-02 4.019605e-01
2.000000e-01 5.541000e-01  5.037273e-01  1.000000e-01 8.495188e-06 8.000000e-04 3.236147e+00 3.180187e+01 2.287906e+01 6.922982e+01 2.670698e-03 5.089395e-02 1.043881e-02 3.428879e-02 4.236673e-01
2.000000e-01 5.541000e-01  5.037273e-01  1.000000e-01 8.721552e-06 8.000000e-04 3.236147e+00 3.180186e+01 2.287865e+01 6.922969e+01 2.807023e-03 5.332244e-02 1.100253e-02 3.614047e-02 4.465463e-01
2.000000e-01 5.541000e-01  5.037273e-01  1.000000e-01 8.953948e-06 8.000000e-04 3.236147e+00 3.180185e+01 2.287816e+01 6.922950e+01 2.967834e-03 5.630982e-02 1.159669e-02 3.809213e-02 4.706608e-01
2.000000e-01 5.541000e-01  5.037273e-01  1.000000e-01 9.192536e-06 8.000000e-04 3.236147e+00 3.180184e+01 2.287754e+01 6.922922e+01 3.129318e-03 5.965845e-02 1.222294e-02 4.014920e-02 4.960776e-01
2.000000e-01 5.541000e-01  5.037273e-01  1.000000e-01 9.437481e-06 8.000000e-04 3.236147e+00 3.180183e+01 2.287691e+01 6.922900e+01 3.286137e-03 6.271348e-02 1.288300e-02 4.231735e-02 5.228669e-01
2.000000e-01 5.541000e-01  5.037273e-01  1.000000e-01 9.688954e-06 8.000000e-04 3.236147e+00 3.180182e+01 2.287637e+01 6.922878e+01 3.436556e-03 6.611596e-02 1.357871e-02 4.460258e-02 5.511029e-01
2.000000e-01 5.541000e-01  5.037273e-01  1.000000e-01 9.947127e-06 8.000000e-04 3.236147e+00 3.180181e+01 2.287576e+01 6.922858e+01 3.623214e-03 6.986972e-02 1.431200e-02 4.701122e-02 5.808638e-01
2.000000e-01 5.541000e-01  5.037273e-01  1.000000e-01 1.021218e-05 8.000000e-04 3.236147e+00 3.180180e+01 2.287532e+01 6.922839e+01 3.835593e-03 7.317852e-02 1.508488e-02 4.954994e-02 6.122317e-01
2.000000e-01 5.541000e-01  5.037273e-01  1.000000e-01 1.048430e-05 8.000000e-04 3.236147e+00 3.180178e+01 2.287446e+01 6.922800e+01 4.073216e-03 7.707550e-02 1.589950e-02 5.222575e-02 6.452937e-01
2.000000e-01 5.541000e-01  5.037273e-01  1.000000e-01 1.076366e-05 8.000000e-04 3.236147e+00 3.180177e+01 2.287396e+01 6.922776e+01 4.277590e-03 8.145275e-02 1.675810e-02 5.504606e-02 6.801410e-01
2.000000e-01 5.541000e-01  5.037273e-01  1.000000e-01 1.105047e-05 8.000000e-04 3.236147e+00 3.180176e+01 2.287271e+01 6.922728e+01 4.470055e-03 8.626996e-02 1.766308e-02 5.801868e-02 7.168702e-01
2.000000e-01 5.541000e-01  5.037273e-01  1.000000e-01 1.134492e-05 8.000000e-04 3.236147e+00 3.180174e+01 2.287195e+01 6.922705e+01 4.757728e-03 9.080581e-02 1.861693e-02 6.115182e-02 7.555829e-01
2.000000e-01 5.541000e-01  5.037273e-01  1.000000e-01 1.164722e-05 8.000000e-04 3.236147e+00 3.180173e+01 2.287113e+01 6.922675e+01 4.980551e-03 9.564941e-02 1.962229e-02 6.445416e-02 7.963861e-01
2.000000e-01 5.541000e-01  5.037273e-01  1.000000e-01 1.195758e-05 8.000000e-04 3.236147e+00 3.180170e+01 2.287033e+01 6.922640e+01 5.298232e-03 1.005341e-01 2.068193e-02 6.793483e-02 8.393928e-01
2.000000e-01 5.541000e-01  5.037273e-01  1.000000e-01 1.227620e-05 8.000000e-04 3.236147e+00 3.180169e+01 2.286947e+01 6.922599e+01 5.561197e-03 1.063993e-01 2.179881e-02 7.160347e-02 8.847219e-01
2.000000e-01 5.541000e-01  5.037273e-01  1.000000e-01 1.260331e-05 8.000000e-04 3.236147e+00 3.180167e+01 2.286826e+01 6.922548e+01 5.846646e-03 1.121747e-01 2.297599e-02 7.547022e-02 9.324989e-01
2.000000e-01 5.541000e-01  5.037273e-01  1.000000e-01 1.293914e-05 8.000000e-04 3.236147e+00 3.180166e+01 2.286701e+01 6.922504e+01 6.111039e-03 1.182625e-01 2.421675e-02 7.954579e-02 9.828560e-01
2.000000e-01 5.541000e-01  5.037273e-01  1.000000e-01 1.328392e-05 8.000000e-04 3.236147e+00 3.180163e+01 2.286592e+01 6.922470e+01 6.502536e-03 1.246042e-01 2.552451e-02 8.384144e-02 1.035933e+00
2.000000e-01 5.541000e-01  5.037273e-01  1.000000e-01 1.363789e-05 8.000000e-04 3.236147e+00 3.180161e+01 2.286492e+01 6.922412e+01 6.835316e-03 1.316562e-01 2.690289e-02 8.836908e-02 1.091875e+00
2.000000e-01 5.541000e-01  5.037273e-01  1.000000e-01 1.400128e-05 8.000000e-04 3.236147e+00 3.180159e+01 2.286384e+01 6.922387e+01 7.198827e-03 1.376890e-01 2.835571e-02 9.314121e-02 1.150839e+00
2.000000e-01 5.541000e-01  5.037273e-01  1.000000e-01 1.437436e-05 8.000000e-04 3.236147e+00 3.180156e+01 2.286226e+01 6.922313e+01 7.661009e-03 1.462997e-01 2.988698e-02 9.817105e-02 1.212987e+00
2.000000e-01 5.541000e-01  5.037273e-01  1.000000e-01 1.475738e-05 8.000000e-04 3.236147e+00 3.180154e+01 2.286100e+01 6.922273e+01 8.044279e-03 1.538970e-01 3.150095e-02 1.034725e-01 1.278491e+00
2.000000e-01 5.541000e-01  5.037273e-01  1.000000e-01 1.515061e-05 8.000000e-04 3.236147e+00 3.180150e+01 2.285981e+01 6.922209e+01 8.515011e-03 1.611822e-01 3.320207e-02 1.090603e-01 1.347533e+00
2.000000e-01 5.541000e-01  5.037273e-01  1.000000e-01 1.555432e-05 8.000000e-04 3.236147e+00 3.180148e+01 2.285799e+01 6.922152e+01 8.968869e-03 1.706592e-01 3.499506e-02 1.149498e-01 1.420303e+00
2.000000e-01 5.541000e-01  5.037273e-01  1.000000e-01 1.596878e-05 8.000000e-04 3.236147e+00 3.180145e+01 2.285648e+01 6.922109e+01 9.423154e-03 1.794339e-01 3.688488e-02 1.211573e-01 1.497002e+00
2.000000e-01 5.541000e-01  5.037273e-01  1.000000e-01 1.639429e-05 8.000000e-04 3.236147e+00 3.180142e+01 2.285460e+01 6.922012e+01 9.885670e-03 1.889839e-01 3.887675e-02 1.277001e-01 1.577844e+00
2.000000e-01 5.541000e-01  5.037273e-01  1.000000e-01 1.683113e-05 8.000000e-04 3.236147e+00 3.180140e+01 2.285309e+01 6.921961e+01 1.037995e-02 1.988666e-01 4.097618e-02 1.345962e-01 1.663051e+00
2.000000e-01 5.541000e-01  5.037273e-01  1.000000e-01 1.727962e-05 8.000000e-04 3.236147e+00 3.180136e+01 2.285140e+01 6.921890e+01 1.092200e-02 2.104137e-01 4.318899e-02 1.418647e-01 1.752860e+00
2.000000e-01 5.541000e-01  5.037273e-01  1.000000e-01 1.774005e-05 8.000000e-04 3.236147e+00 3.180132e+01 2.284878e+01 6.921801e+01 1.158840e-02 2.221778e-01 4.552129e-02 1.495257e-01 1.847518e+00
2.000000e-01 5.541000e-01  5.037273e-01  1.000000e-01 1.821276e-05 8.000000e-04 3.236147e+00 3.180127e+01 2.284642e+01 6.921704e+01 1.227496e-02 2.355486e-01 4.797955e-02 1.576005e-01 1.947288e+00
2.000000e-01 5.541000e-01  5.037273e-01  1.000000e-01 1.869805e-05 8.000000e-04 3.236147e+00 3.180124e+01 2.284467e+01 6.921613e+01 1.283371e-02 2.465860e-01 5.057056e-02 1.661113e-01 2.052446e+00
2.000000e-01 5.541000e-01  5.037273e-01  1.000000e-01 1.919629e-05 8.000000e-04 3.236147e+00 3.180120e+01 2.284209e+01 6.921532e+01 1.351294e-02 2.603472e-01 5.330148e-02 1.750817e-01 2.163283e+00
2.000000e-01 5.541000e-01  5.037273e-01  1.000000e-01 1.970779e-05 8.000000e-04 3.236147e+00 3.180114e+01 2.283957e+01 6.921400e+01 1.438618e-02 2.740484e-01 5.617989e-02 1.845365e-01 2.280105e+00
2.000000e-01 5.541000e-01  5.037273e-01  1.000000e-01 2.023293e-05 8.000000e-04 3.236147e+00 3.180111e+01 2.283759e+01 6.921345e+01 1.504932e-02 2.883526e-01 5.921373e-02 1.945019e-01 2.403236e+00
2.000000e-01 5.541000e-01  5.037273e-01  1.000000e-01 2.077206e-05 8.000000e-04 3.236147e+00 3.180106e+01 2.283456e+01 6.921196e+01 1.581713e-02 3.044529e-01 6.241141e-02 2.050054e-01 2.533017e+00
2.000000e-01 5.541000e-01  5.037273e-01  1.000000e-01 2.132555e-05 8.000000e-04 3.236147e+00 3.180100e+01 2.283173e+01 6.921135e+01 1.680134e-02 3.204888e-01 6.578177e-02 2.160762e-01 2.669805e+00
2.000000e-01 5.541000e-01  5.037273e-01  1.000000e-01 2.189380e-05 8.000000e-04 3.236147e+00 3.180094e+01 2.282882e+01 6.920991e+01 1.765951e-02 3.370276e-01 6.933414e-02 2.277448e-01 2.813981e+00
2.000000e-01 5.541000e-01  5.037273e-01  1.000000e-01 2.247718e-05 8.000000e-04 3.236147e+00 3.180088e+01 2.282544e+01 6.920859e+01 1.861697e-02 3.559340e-01 7.307834e-02 2.400435e-01 2.965943e+00
2.000000e-01 5.541000e-01  5.037273e-01  1.000000e-01 2.307611e-05 8.000000e-04 3.236147e+00 3.180083e+01 2.282213e+01 6.920752e+01 1.968591e-02 3.754035e-01 7.702474e-02 2.530064e-01 3.126110e+00
2.000000e-01 5.541000e-01  5.037273e-01  1.000000e-01 2.369100e-05 8.000000e-04 3.236147e+00 3.180077e+01 2.281840e+01 6.920596e+01 2.055774e-02 3.957286e-01 8.118425e-02 2.666694e-01 3.294928e+00
2.000000e-01 5.541000e-01  5.037273e-01  1.000000e-01 2.432228e-05 8.000000e-04 3.236147e+00 3.180070e+01 2.281411e+01 6.920449e+01 2.175841e-02 4.188666e-01 8.556839e-02 2.810701e-01 3.472861e+00
2.000000e-01 5.541000e-01  5.037273e-01  1.000000e-01 2.497037e-05 8.000000e-04 3.236147e+00 3.180062e+01 2.280997e+01 6.920293e+01 2.307545e-02 4.398578e-01 9.018928e-02 2.962486e-01 3.660404e+00
2.000000e-01 5.541000e-01  5.037273e-01  1.000000e-01 2.563574e-05 8.000000e-04 3.236147e+00 3.180054e+01 2.280685e+01 6.920133e+01 2.402509e-02 4.605474e-01 9.505971e-02 3.122467e-01 3.858074e+00
2.000000e-01 5.541000e-01  5.037273e-01  1.000000e-01 2.631883e-05 8.000000e-04 3.236147e+00 3.180049e+01 2.280177e+01 6.919932e+01 2.519362e-02 4.894268e-01 1.001932e-01 3.291087e-01 4.066419e+00
2.000000e-01 5.541000e-01  5.037273e-01  1.000000e-01 2.702013e-05 8.000000e-04 3.236147e+00 3.180036e+01 2.279808e+01 6.919757e+01 2.713969e-02 5.142337e-01 1.056038e-01 3.468814e-01 4.286015e+00
2.000000e-01 5.541000e-01  5.037273e-01  1.000000e-01 2.774011e-05 8.000000e-04 3.236147e+00 3.180029e+01 2.279379e+01 6.919578e+01 2.839063e-02 5.396145e-01 1.113067e-01 3.656137e-01 4.517470e+00
2.000000e-01 5.541000e-01  5.037273e-01  1.000000e-01 2.847928e-05 8.000000e-04 3.236147e+00 3.180018e+01 2.278832e+01 6.919426e+01 2.987410e-02 5.701892e-01 1.173175e-01 3.853577e-01 4.761423e+00
2.000000e-01 5.541000e-01  5.037273e-01  1.000000e-01 2.923814e-05 8.000000e-04 3.236147e+00 3.180010e+01 2.278204e+01 6.919172e+01 3.153727e-02 6.049369e-01 1.236529e-01 4.061679e-01 5.018551e+00
2.000000e-01 5.541000e-01  5.037273e-01  1.000000e-01 3.001722e-05 8.000000e-04 3.236147e+00 3.180001e+01 2.277459e+01 6.918968e+01 3.312865e-02 6.356362e-01 1.303304e-01 4.281020e-01 5.289565e+00
2.000000e-01 5.541000e-01  5.037273e-01  1.000000e-01 3.081707e-05 8.000000e-04 3.236147e+00 3.179985e+01 2.277188e+01 6.918774e+01 3.504828e-02 6.716697e-01 1.373686e-01 4.512204e-01 5.575213e+00
2.000000e-01 5.541000e-01  5.037273e-01  1.000000e-01 3.163822e-05 8.000000e-04 3.236147e+00 3.179977e+01 2.276427e+01 6.918458e+01 3.699231e-02 7.068551e-01 1.447868e-01 4.755874e-01 5.876288e+00
2.000000e-01 5.541000e-01  5.037273e-01  1.000000e-01 3.248126e-05 8.000000e-04 3.236147e+00 3.179959e+01 2.275707e+01 6.918302e+01 3.929461e-02 7.454041e-01 1.526056e-01 5.012702e-01 6.193621e+00
2.000000e-01 5.541000e-01  5.037273e-01  1.000000e-01 3.334676e-05 8.000000e-04 3.236147e+00 3.179950e+01 2.275186e+01 6.917991e+01 4.091461e-02 7.813325e-01 1.608467e-01 5.283400e-01 6.528091e+00
2.000000e-01 5.541000e-01  5.037273e-01  1.000000e-01 3.423532e-05 8.000000e-04 3.236147e+00 3.179937e+01 2.274378e+01 6.917740e+01 4.320980e-02 8.235519e-01 1.695328e-01 5.568715e-01 6.880623e+00
2.000000e-01 5.541000e-01  5.037273e-01  1.000000e-01 3.514756e-05 8.000000e-04 3.236147e+00 3.179925e+01 2.273614e+01 6.917307e+01 4.528248e-02 8.672816e-01 1.786879e-01 5.869439e-01 7.252192e+00
2.000000e-01 5.541000e-01  5.037273e-01  1.000000e-01 3.608411e-05 8.000000e-04 3.236147e+00 3.179907e+01 2.272661e+01 6.917090e+01 4.827953e-02 9.189113e-01 1.883375e-01 6.186402e-01 7.643827e+00
2.000000e-01 5.541000e-01  5.037273e-01  1.000000e-01 3.704561e-05 8.000000e-04 3.236147e+00 3.179896e+01 2.271956e+01 6.916820e+01 5.034313e-02 9.650522e-01 1.985082e-01 6.520482e-01 8.056612e+00
2.000000e-01 5.541000e-01  5.037273e-01  1.000000e-01 3.803273e-05 8.000000e-04 3.236147e+00 3.179875e+01 2.270819e+01 6.916340e+01 5.326022e-02 1.020253e+00 2.092281e-01 6.872603e-01 8.491687e+00
2.000000e-01 5.541000e-01  5.037273e-01  1.000000e-01 3.904616e-05 8.000000e-04 3.236147e+00 3.179853e+01 2.270187e+01 6.916054e+01 5.681192e-02 1.073575e+00 2.205269e-01 7.243740e-01 8.950258e+00
2.000000e-01 5.541000e-01  5.037273e-01  1.000000e-01 4.008659e-05 8.000000e-04 3.236147e+00 3.179837e+01 2.269036e+01 6.915641e+01 5.931053e-02 1.130306e+00 2.324358e-01 7.634918e-01 9.433593e+00
2.000000e-01 5.541000e-01  5.037273e-01  1.000000e-01 4.115474e-05 8.000000e-04 3.236147e+00 3.179826e+01 2.268076e+01 6.915288e+01 6.225434e-02 1.198424e+00 2.449879e-01 8.047222e-01 9.943029e+00
2.000000e-01 5.541000e-01  5.037273e-01  1.000000e-01 4.225136e-05 8.000000e-04 3.236147e+00 3.179794e+01 2.266785e+01 6.914792e+01 6.581176e-02 1.259267e+00 2.582178e-01 8.481790e-01 1.047998e+01
2.000000e-01 5.541000e-01  5.037273e-01  1.000000e-01 4.337719e-05 8.000000e-04 3.236147e+00 3.179773e+01 2.265538e+01 6.914390e+01 6.949527e-02 1.322403e+00 2.721622e-01 8.939827e-01 1.104592e+01
2.000000e-01 5.541000e-01  5.037273e-01  1.000000e-01 4.453303e-05 8.000000e-04 3.236147e+00 3.179753e+01 2.264943e+01 6.914117e+01 7.335846e-02 1.387937e+00 2.868595e-01 9.422598e-01 1.164242e+01
2.000000e-01 5.541000e-01  5.037273e-01  1.000000e-01 4.571966e-05 8.000000e-04 3.236147e+00 3.179731e+01 2.263209e+01 6.913433e+01 7.638242e-02 1.472117e+00 3.023506e-01 9.931440e-01 1.227114e+01
2.000000e-01 5.541000e-01  5.037273e-01  1.000000e-01 4.693791e-05 8.000000e-04 3.236147e+00 3.179711e+01 2.261861e+01 6.912957e+01 8.067545e-02 1.540690e+00 3.186783e-01 1.046776e+00 1.293381e+01
2.000000e-01 5.541000e-01  5.037273e-01  1.000000e-01 4.818863e-05 8.000000e-04 3.236147e+00 3.179685e+01 2.260633e+01 6.912523e+01 8.524172e-02 1.622870e+00 3.358876e-01 1.103304e+00 1.363227e+01
2.000000e-01 5.541000e-01  5.037273e-01  1.000000e-01 4.947267e-05 8.000000e-04 3.236147e+00 3.179651e+01 2.259229e+01 6.911956e+01 9.063236e-02 1.727941e+00 3.540263e-01 1.162885e+00 1.436844e+01
2.000000e-01 5.541000e-01  5.037273e-01  1.000000e-01 5.079093e-05 8.000000e-04 3.236147e+00 3.179622e+01 2.257173e+01 6.911316e+01 9.519199e-02 1.816524e+00 3.731446e-01 1.225684e+00 1.514437e+01
2.000000e-01 5.541000e-01  5.037273e-01  1.000000e-01 5.214431e-05 8.000000e-04 3.236147e+00 3.179580e+01 2.255804e+01 6.910734e+01 1.008353e-01 1.910285e+00 3.932952e-01 1.291874e+00 1.596220e+01
2.000000e-01 5.541000e-01  5.037273e-01  1.000000e-01 5.353375e-05 8.000000e-04 3.236147e+00 3.179559e+01 2.253677e+01 6.909942e+01 1.053185e-01 2.019748e+00 4.145341e-01 1.361638e+00 1.682420e+01
2.000000e-01 5.541000e-01  5.037273e-01  1.000000e-01 5.496022e-05 8.000000e-04 3.236147e+00 3.179534e+01 2.251398e+01 6.909299e+01 1.106524e-01 2.147296e+00 4.369199e-01 1.435169e+00 1.773274e+01
2.000000e-01 5.541000e-01  5.037273e-01  1.000000e-01 5.642470e-05 8.000000e-04 3.236147e+00 3.179491e+01 2.249917e+01 6.908494e+01 1.166900e-01 2.246854e+00 4.605146e-01 1.512672e+00 1.869035e+01
2.000000e-01 5.541000e-01  5.037273e-01  1.000000e-01 5.792820e-05 8.000000e-04 3.236147e+00 3.179453e+01 2.247906e+01 6.908020e+01 1.224778e-01 2.352234e+00 4.853834e-01 1.594360e+00 1.969967e+01
2.000000e-01 5.541000e-01  5.037273e-01  1.000000e-01 5.947176e-05 8.000000e-04 3.236147e+00 3.179403e+01 2.246057e+01 6.907118e+01 1.298576e-01 2.472735e+00 5.115953e-01 1.680459e+00 2.076350e+01
2.000000e-01 5.541000e-01  5.037273e-01  1.000000e-01 6.105646e-05 8.000000e-04 3.236147e+00 3.179351e+01 2.243851e+01 6.906335e+01 1.374735e-01 2.631923e+00 5.392226e-01 1.771207e+00 2.188478e+01
2.000000e-01 5.541000e-01  5.037273e-01  1.000000e-01 6.268338e-05 8.000000e-04 3.236147e+00 3.179304e+01 2.241286e+01 6.905680e+01 1.439353e-01 2.779070e+00 5.683418e-01 1.866857e+00 2.306661e+01
2.000000e-01 5.541000e-01  5.037273e-01  1.000000e-01 6.435365e-05 8.000000e-04 3.236147e+00 3.179270e+01 2.238604e+01 6.904786e+01 1.520246e-01 2.909671e+00 5.990336e-01 1.967671e+00 2.431226e+01
2.000000e-01 5.541000e-01  5.037273e-01  1.000000e-01 6.606842e-05 8.000000e-04 3.236147e+00 3.179218e+01 2.236241e+01 6.903836e+01 1.599363e-01 3.073962e+00 6.313828e-01 2.073930e+00 2.562517e+01
2.000000e-01 5.541000e-01  5.037273e-01  1.000000e-01 6.782889e-05 8.000000e-04 3.236147e+00 3.179176e+01 2.233470e+01 6.902878e+01 1.686183e-01 3.221267e+00 6.654789e-01 2.185927e+00 2.700899e+01
2.000000e-01 5.541000e-01  5.037273e-01  1.000000e-01 6.963627e-05 8.000000e-04 3.236147e+00 3.179095e+01 2.229696e+01 6.901702e+01 1.790605e-01 3.426956e+00 7.014163e-01 2.303972e+00 2.846754e+01
2.000000e-01 5.541000e-01  5.037273e-01  1.000000e-01 7.149181e-05 8.000000e-04 3.236147e+00 3.179056e+01 2.226957e+01 6.900715e+01 1.878954e-01 3.587390e+00 7.392945e-01 2.428392e+00 3.000485e+01
2.000000e-01 5.541000e-01  5.037273e-01  1.000000e-01 7.339679e-05 8.000000e-04 3.236147e+00 3.178994e+01 2.223592e+01 6.899661e+01 1.973859e-01 3.813930e+00 7.792181e-01 2.559531e+00 3.162519e+01
2.000000e-01 5.541000e-01  5.037273e-01  1.000000e-01 7.535253e-05 8.000000e-04 3.236147e+00 3.178906e+01 2.220993e+01 6.898464e+01 2.093233e-01 3.998959e+00 8.212976e-01 2.697751e+00 3.333302e+01
2.000000e-01 5.541000e-01  5.037273e-01  1.000000e-01 7.736039e-05 8.000000e-04 3.236147e+00 3.178836e+01 2.217255e+01 6.897454e+01 2.204378e-01 4.210014e+00 8.656496e-01 2.843436e+00 3.513308e+01
2.000000e-01 5.541000e-01  5.037273e-01  1.000000e-01 7.942174e-05 8.000000e-04 3.236147e+00 3.178794e+01 2.213191e+01 6.896191e+01 2.314894e-01 4.454120e+00 9.123967e-01 2.996988e+00 3.703035e+01
2.000000e-01 5.541000e-01  5.037273e-01  1.000000e-01 8.153803e-05 8.000000e-04 3.236147e+00 3.178712e+01 2.209510e+01 6.895000e+01 2.426033e-01 4.678811e+00 9.616682e-01 3.158833e+00 3.903007e+01
2.000000e-01 5.541000e-01  5.037273e-01  1.000000e-01 8.371070e-05 8.000000e-04 3.236147e+00 3.178624e+01 2.206478e+01 6.894374e+01 2.583414e-01 4.919031e+00 1.013601e+00 3.329417e+00 4.113778e+01
2.000000e-01 5.541000e-01  5.037273e-01  1.000000e-01 8.594127e-05 8.000000e-04 3.236147e+00 3.178546e+01 2.200958e+01 6.892409e+01 2.693522e-01 5.204370e+00 1.068337e+00 3.509213e+00 4.335932e+01
2.000000e-01 5.541000e-01  5.037273e-01  1.000000e-01 8.823127e-05 8.000000e-04 3.236147e+00 3.178457e+01 2.196287e+01 6.891367e+01 2.865399e-01 5.510010e+00 1.126030e+00 3.698719e+00 4.570082e+01
2.000000e-01 5.541000e-01  5.037273e-01  1.000000e-01 9.058230e-05 8.000000e-04 3.236147e+00 3.178348e+01 2.192039e+01 6.888948e+01 3.029051e-01 5.790397e+00 1.186838e+00 3.898458e+00 4.816877e+01
2.000000e-01 5.541000e-01  5.037273e-01  1.000000e-01 9.299597e-05 8.000000e-04 3.236147e+00 3.178222e+01 2.187043e+01 6.888748e+01 3.209989e-01 6.080378e+00 1.250930e+00 4.108984e+00 5.077000e+01
2.000000e-01 5.541000e-01  5.037273e-01  1.000000e-01 9.547395e-05 8.000000e-04 3.236147e+00 3.178153e+01 2.181369e+01 6.886675e+01 3.343919e-01 6.426037e+00 1.318483e+00 4.330878e+00 5.351170e+01
2.000000e-01 5.541000e-01  5.037273e-01  1.000000e-01 9.801796e-05 8.000000e-04 3.236147e+00 3.178040e+01 2.175797e+01 6.885972e+01 3.544260e-01 6.766656e+00 1.389684e+00 4.564756e+00 5.640145e+01
2.000000e-01 5.541000e-01  5.037273e-01  1.000000e-01 1.006298e-04 8.000000e-04 3.236147e+00 3.177921e+01 2.170910e+01 6.884253e+01 3.711628e-01 7.134688e+00 1.464731e+00 4.811263e+00 5.944726e+01
2.000000e-01 5.541000e-01  5.037273e-01  1.000000e-01 1.033112e-04 8.000000e-04 3.236147e+00 3.177750e+01 2.163942e+01 6.882626e+01 3.963102e-01 7.548234e+00 1.543829e+00 5.071083e+00 6.265755e+01
2.000000e-01 5.541000e-01  5.037273e-01  1.000000e-01 1.060640e-04 8.000000e-04 3.236147e+00 3.177647e+01 2.158361e+01 6.880981e+01 4.160297e-01 7.944473e+00 1.627200e+00 5.344933e+00 6.604120e+01
2.000000e-01 5.541000e-01  5.037273e-01  1.000000e-01 1.088902e-04 8.000000e-04 3.236147e+00 3.177559e+01 2.151637e+01 6.881061e+01 4.318342e-01 8.335617e+00 1.715072e+00 5.633571e+00 6.960758e+01
2.000000e-01 5.541000e-01  5.037273e-01  1.000000e-01 1.117917e-04 8.000000e-04 3.236147e+00 3.177418e+01 2.144279e+01 6.878359e+01 4.570537e-01 8.770446e+00 1.807690e+00 5.937797e+00 7.336655e+01
2.000000e-01 5.541000e-01  5.037273e-01  1.000000e-01 1.147705e-04 8.000000e-04 3.236147e+00 3.177213e+01 2.137631e+01 6.876023e+01 4.837160e-01 9.295276e+00 1.905310e+00 6.258452e+00 7.732851e+01
2.000000e-01 5.541000e-01  5.037273e-01  1.000000e-01 1.178287e-04 8.000000e-04 3.236147e+00 3.177040e+01 2.129886e+01 6.875810e+01 5.118754e-01 9.801316e+00 2.008201e+00 6.596423e+00 8.150443e+01
2.000000e-01 5.541000e-01  5.037273e-01  1.000000e-01 1.209684e-04 8.000000e-04 3.236147e+00 3.176886e+01 2.122531e+01 6.872680e+01 5.376795e-01 1.029560e+01 2.116648e+00 6.952645e+00 8.590586e+01
2.000000e-01 5.541000e-01  5.037273e-01  1.000000e-01 1.241917e-04 8.000000e-04 3.236147e+00 3.176713e+01 2.115313e+01 6.871756e+01 5.672012e-01 1.086315e+01 2.230952e+00 7.328104e+00 9.054497e+01
2.000000e-01 5.541000e-01  5.037273e-01  1.000000e-01 1.275010e-04 8.000000e-04 3.236147e+00 3.176544e+01 2.106774e+01 6.871796e+01 6.000290e-01 1.150251e+01 2.351429e+00 7.723838e+00 9.543461e+01
2.000000e-01 5.541000e-01  5.037273e-01  1.000000e-01 1.308984e-04 8.000000e-04 3.236147e+00 3.176330e+01 2.098307e+01 6.869166e+01 6.330812e-01 1.202087e+01 2.478411e+00 8.140944e+00 1.005883e+02
2.000000e-01 5.541000e-01  5.037273e-01  1.000000e-01 1.343863e-04 8.000000e-04 3.236147e+00 3.176126e+01 2.088007e+01 6.868909e+01 6.629403e-01 1.267450e+01 2.612251e+00 8.580573e+00 1.060203e+02
2.000000e-01 5.541000e-01  5.037273e-01  1.000000e-01 1.379672e-04 8.000000e-04 3.236147e+00 3.175879e+01 2.078990e+01 6.868002e+01 7.063860e-01 1.339849e+01 2.753319e+00 9.043944e+00 1.117456e+02
2.000000e-01 5.541000e-01  5.037273e-01  1.000000e-01 1.416435e-04 8.000000e-04 3.236147e+00 3.175665e+01 2.067234e+01 6.863395e+01 7.389661e-01 1.417533e+01 2.902005e+00 9.532338e+00 1.177802e+02
2.000000e-01 5.541000e-01  5.037273e-01  1.000000e-01 1.454177e-04 8.000000e-04 3.236147e+00 3.175501e+01 2.060902e+01 6.865620e+01 7.782239e-01 1.482237e+01 3.058720e+00 1.004711e+01 1.241406e+02
2.000000e-01 5.541000e-01  5.037273e-01  1.000000e-01 1.492926e-04 8.000000e-04 3.236147e+00 3.175093e+01 2.044727e+01 6.864864e+01 8.253527e-01 1.579311e+01 3.223897e+00 1.058967e+01 1.308444e+02
2.000000e-01 5.541000e-01  5.037273e-01  1.000000e-01 1.532706e-04 8.000000e-04 3.236147e+00 3.174886e+01 2.036782e+01 6.863570e+01 8.687318e-01 1.652085e+01 3.397995e+00 1.116154e+01 1.379103e+02
2.000000e-01 5.541000e-01  5.037273e-01  1.000000e-01 1.573547e-04 8.000000e-04 3.236147e+00 3.174559e+01 2.027073e+01 6.864256e+01 9.135343e-01 1.738640e+01 3.581495e+00 1.176429e+01 1.453578e+02
2.000000e-01 5.541000e-01  5.037273e-01  1.000000e-01 1.615476e-04 8.000000e-04 3.236147e+00 3.174300e+01 2.015320e+01 6.865951e+01 9.653436e-01 1.832530e+01 3.774904e+00 1.239959e+01 1.532075e+02
2.000000e-01 5.541000e-01  5.037273e-01  1.000000e-01 1.658522e-04 8.000000e-04 3.236147e+00 3.173996e+01 2.001133e+01 6.863526e+01 1.008843e+00 1.937102e+01 3.978758e+00 1.306919e+01 1.614810e+02
2.000000e-01 5.541000e-01  5.037273e-01  1.000000e-01 1.702715e-04 8.000000e-04 3.236147e+00 3.173685e+01 1.987008e+01 6.863167e+01 1.067130e+00 2.048186e+01 4.193620e+00 1.377496e+01 1.702014e+02
2.000000e-01 5.541000e-01  5.037273e-01  1.000000e-01 1.748086e-04 8.000000e-04 3.236147e+00 3.173311e+01 1.975971e+01 6.866708e+01 1.125583e+00 2.154491e+01 4.420085e+00 1.451884e+01 1.793927e+02
2.000000e-01 5.541000e-01  5.037273e-01  1.000000e-01 1.794666e-04 8.000000e-04 3.236147e+00 3.172909e+01 1.958648e+01 6.866171e+01 1.183027e+00 2.275058e+01 4.658780e+00 1.530289e+01 1.890803e+02
2.000000e-01 5.541000e-01  5.037273e-01  1.000000e-01 1.842487e-04 8.000000e-04 3.236147e+00 3.172588e+01 1.947770e+01 6.873164e+01 1.244307e+00 2.389956e+01 4.910364e+00 1.612928e+01 1.992911e+02
2.000000e-01 5.541000e-01  5.037273e-01  1.000000e-01 1.891582e-04 8.000000e-04 3.236147e+00 3.172091e+01 1.935361e+01 6.871408e+01 1.313454e+00 2.515836e+01 5.175535e+00 1.700030e+01 2.100532e+02
2.000000e-01 5.541000e-01  5.037273e-01  1.000000e-01 1.941986e-04 8.000000e-04 3.236147e+00 3.171824e+01 1.919098e+01 6.877472e+01 1.382763e+00 2.663226e+01 5.455026e+00 1.791836e+01 2.213966e+02
2.000000e-01 5.541000e-01  5.037273e-01  1.000000e-01 1.993732e-04 8.000000e-04 3.236147e+00 3.171346e+01 1.905243e+01 6.882604e+01 1.457170e+00 2.801158e+01 5.749610e+00 1.888599e+01 2.333525e+02
2.000000e-01 5.541000e-01  5.037273e-01  1.000000e-01 2.046857e-04 8.000000e-04 3.236147e+00 3.170921e+01 1.889163e+01 6.889888e+01 1.540290e+00 2.942480e+01 6.060103e+00 1.990588e+01 2.459541e+02
2.000000e-01 5.541000e-01  5.037273e-01  1.000000e-01 2.101398e-04 8.000000e-04 3.236147e+00 3.170198e+01 1.874998e+01 6.894638e+01 1.624904e+00 3.110783e+01 6.387362e+00 2.098084e+01 2.592362e+02
2.000000e-01 5.541000e-01  5.037273e-01  1.000000e-01 2.157392e-04 8.000000e-04 3.236147e+00 3.169774e+01 1.858112e+01 6.903015e+01 1.701364e+00 3.277657e+01 6.732295e+00 2.211385e+01 2.732355e+02
2.000000e-01 5.541000e-01  5.037273e-01  1.000000e-01 2.214878e-04 8.000000e-04 3.236147e+00 3.169134e+01 1.845616e+01 6.916530e+01 1.799985e+00 3.457685e+01 7.095854e+00 2.330805e+01 2.879909e+02
2.000000e-01 5.541000e-01  5.037273e-01  1.000000e-01 2.273896e-04 8.000000e-04 3.236147e+00 3.168479e+01 1.831384e+01 6.917973e+01 1.900211e+00 3.629594e+01 7.479047e+00 2.456674e+01 3.035431e+02
2.000000e-01 5.541000e-01  5.037273e-01  1.000000e-01 2.334487e-04 8.000000e-04 3.236147e+00 3.167804e+01 1.813661e+01 6.934851e+01 2.016269e+00 3.884837e+01 7.882932e+00 2.589340e+01 3.199351e+02
2.000000e-01 5.541000e-01  5.037273e-01  1.000000e-01 2.396692e-04 8.000000e-04 3.236147e+00 3.167185e+01 1.801166e+01 6.943493e+01 2.113602e+00 4.032249e+01 8.308629e+00 2.729171e+01 3.372123e+02
2.000000e-01 5.541000e-01  5.037273e-01  1.000000e-01 2.460555e-04 8.000000e-04 3.236147e+00 3.166622e+01 1.781697e+01 6.971950e+01 2.214303e+00 4.277181e+01 8.757314e+00 2.876552e+01 3.554226e+02
2.000000e-01 5.541000e-01  5.037273e-01  1.000000e-01 2.526119e-04 8.000000e-04 3.236147e+00 3.165960e+01 1.768418e+01 6.982762e+01 2.333536e+00 4.487189e+01 9.230229e+00 3.031893e+01 3.746162e+02
2.000000e-01 5.541000e-01  5.037273e-01  1.000000e-01 2.593430e-04 8.000000e-04 3.236147e+00 3.165093e+01 1.759391e+01 6.997402e+01 2.462851e+00 4.736618e+01 9.728683e+00 3.195622e+01 3.948463e+02
2.000000e-01 5.541000e-01  5.037273e-01  1.000000e-01 2.662535e-04 8.000000e-04 3.236147e+00 3.164266e+01 1.743101e+01 7.022618e+01 2.614543e+00 4.999176e+01 1.025405e+01 3.368193e+01 4.161690e+02
2.000000e-01 5.541000e-01  5.037273e-01  1.000000e-01 2.733482e-04 8.000000e-04 3.236147e+00 3.163291e+01 1.730573e+01 7.055993e+01 2.752346e+00 5.243490e+01 1.080780e+01 3.550083e+01 4.386431e+02
2.000000e-01 5.541000e-01  5.037273e-01  1.000000e-01 2.806318e-04 8.000000e-04 3.236147e+00 3.162395e+01 1.716580e+01 7.082065e+01 2.892631e+00 5.558768e+01 1.139144e+01 3.741796e+01 4.623308e+02
2.000000e-01 5.541000e-01  5.037273e-01  1.000000e-01 2.881096e-04 8.000000e-04 3.236147e+00 3.161709e+01 1.709537e+01 7.111957e+01 3.056655e+00 5.831079e+01 1.200661e+01 3.943862e+01 4.872977e+02
2.000000e-01 5.541000e-01  5.037273e-01  1.000000e-01 2.957866e-04 8.000000e-04 3.236147e+00 3.160726e+01 1.700339e+01 7.158478e+01 3.235740e+00 6.196467e+01 1.265499e+01 4.156839e+01 5.136129e+02
2.000000e-01 5.541000e-01  5.037273e-01  1.000000e-01 3.036682e-04 8.000000e-04 3.236147e+00 3.159721e+01 1.686197e+01 7.172221e+01 3.386088e+00 6.497090e+01 1.333839e+01 4.381318e+01 5.413492e+02
2.000000e-01 5.541000e-01  5.037273e-01  1.000000e-01 3.117598e-04 8.000000e-04 3.236147e+00 3.158238e+01 1.685877e+01 7.239047e+01 3.592134e+00 6.820748e+01 1.405869e+01 4.617919e+01 5.705833e+02
2.000000e-01 5.541000e-01  5.037273e-01  1.000000e-01 3.200670e-04 8.000000e-04 3.236147e+00 3.156936e+01 1.679972e+01 7.286794e+01 3.753570e+00 7.220314e+01 1.481790e+01 4.867298e+01 6.013961e+02
2.000000e-01 5.541000e-01  5.037273e-01  1.000000e-01 3.285955e-04 8.000000e-04 3.236147e+00 3.156156e+01 1.671984e+01 7.319475e+01 3.914470e+00 7.578110e+01 1.561810e+01 5.130143e+01 6.338729e+02
2.000000e-01 5.541000e-01  5.037273e-01  1.000000e-01 3.373513e-04 8.000000e-04 3.236147e+00 3.154283e+01 1.675521e+01 7.375037e+01 4.208208e+00 8.022698e+01 1.646151e+01 5.407183e+01 6.681035e+02
2.000000e-01 5.541000e-01  5.037273e-01  1.000000e-01 3.463404e-04 8.000000e-04 3.236147e+00 3.153208e+01 1.674496e+01 7.434871e+01 4.403941e+00 8.426344e+01 1.735047e+01 5.699183e+01 7.041827e+02
2.000000e-01 5.541000e-01  5.037273e-01  1.000000e-01 3.555691e-04 8.000000e-04 3.236147e+00 3.151804e+01 1.681708e+01 7.516638e+01 4.658234e+00 8.918067e+01 1.828744e+01 6.006952e+01 7.422102e+02
2.000000e-01 5.541000e-01  5.037273e-01  1.000000e-01 3.650436e-04 8.000000e-04 3.236147e+00 3.150427e+01 1.695245e+01 7.612572e+01 4.898875e+00 9.439490e+01 1.927500e+01 6.331341e+01 7.822912e+02
2.000000e-01 5.541000e-01  5.037273e-01  1.000000e-01 3.747706e-04 8.000000e-04 3.236147e+00 3.149108e+01 1.700316e+01 7.670542e+01 5.143026e+00 9.960354e+01 2.031589e+01 6.673249e+01 8.245368e+02
2.000000e-01 5.541000e-01  5.037273e-01  1.000000e-01 3.847568e-04 8.000000e-04 3.236147e+00 3.146958e+01 1.706126e+01 7.732620e+01 5.452861e+00 1.047004e+02 2.141300e+01 7.033619e+01 8.690637e+02
2.000000e-01 5.541000e-01  5.037273e-01  1.000000e-01 3.950091e-04 8.000000e-04 3.236147e+00 3.145207e+01 1.727015e+01 7.824013e+01 5.740950e+00 1.092335e+02 2.256935e+01 7.413451e+01 9.159951e+02
2.000000e-01 5.541000e-01  5.037273e-01  1.000000e-01 4.055346e-04 8.000000e-04 3.236147e+00 3.142660e+01 1.752334e+01 7.933802e+01 6.061245e+00 1.154764e+02 2.378815e+01 7.813795e+01 9.654610e+02
2.000000e-01 5.541000e-01  5.037273e-01  1.000000e-01 4.163405e-04 8.000000e-04 3.236147e+00 3.141907e+01 1.782759e+01 8.056459e+01 6.376453e+00 1.217911e+02 2.507276e+01 8.235758e+01 1.017598e+03
2.000000e-01 5.541000e-01  5.037273e-01  1.000000e-01 4.274344e-04 8.000000e-04 3.236147e+00 3.139829e+01 1.814267e+01 8.175475e+01 6.762290e+00 1.290311e+02 2.642675e+01 8.680508e+01 1.072551e+03
2.000000e-01 5.541000e-01  5.037273e-01  1.000000e-01 4.388239e-04 8.000000e-04 3.236147e+00 3.137137e+01 1.817382e+01 8.197012e+01 7.134597e+00 1.351832e+02 2.785386e+01 9.149275e+01 1.130471e+03
2.000000e-01 5.541000e-01  5.037273e-01  1.000000e-01 4.505168e-04 8.000000e-04 3.236147e+00 3.133746e+01 1.883478e+01 8.405186e+01 7.447470e+00 1.427132e+02 2.935803e+01 9.643357e+01 1.191519e+03
2.000000e-01 5.541000e-01  5.037273e-01  1.000000e-01 4.625214e-04 8.000000e-04 3.236147e+00 3.132023e+01 1.929067e+01 8.543501e+01 7.890684e+00 1.517742e+02 3.094343e+01 1.016412e+02 1.255864e+03
2.000000e-01 5.541000e-01  5.037273e-01  1.000000e-01 4.748458e-04 8.000000e-04 3.236147e+00 3.129605e+01 1.957712e+01 8.627806e+01 8.312189e+00 1.583754e+02 3.261445e+01 1.071301e+02 1.323683e+03
2.000000e-01 5.541000e-01  5.037273e-01  1.000000e-01 4.874986e-04 8.000000e-04 3.236147e+00 3.126281e+01 2.033440e+01 8.832370e+01 8.825718e+00 1.672327e+02 3.437570e+01 1.129153e+02 1.395165e+03
2.000000e-01 5.541000e-01  5.037273e-01  1.000000e-01 5.004886e-04 8.000000e-04 3.236147e+00 3.125159e+01 2.064996e+01 8.917080e+01 9.194517e+00 1.747310e+02 3.623207e+01 1.190130e+02 1.470508e+03
2.000000e-01 5.541000e-01  5.037273e-01  1.000000e-01 5.138247e-04 8.000000e-04 3.236147e+00 3.120592e+01 2.143396e+01 9.122346e+01 9.774811e+00 1.853725e+02 3.818869e+01 1.254400e+02 1.549918e+03
2.000000e-01 5.541000e-01  5.037273e-01  1.000000e-01 5.275161e-04 8.000000e-04 3.236147e+00 3.117803e+01 2.206370e+01 9.276349e+01 1.021317e+01 1.951392e+02 4.025097e+01 1.322141e+02 1.633618e+03
2.000000e-01 5.541000e-01  5.037273e-01  1.000000e-01 5.415724e-04 8.000000e-04 3.236147e+00 3.113013e+01 2.267795e+01 9.408708e+01 1.084888e+01 2.067106e+02 4.242461e+01 1.393539e+02 1.721837e+03
2.000000e-01 5.541000e-01  5.037273e-01  1.000000e-01 5.560032e-04 8.000000e-04 3.236147e+00 3.110904e+01 2.331916e+01 9.567356e+01 1.139908e+01 2.177074e+02 4.471564e+01 1.468794e+02 1.814820e+03
2.000000e-01 5.541000e-01  5.037273e-01  1.000000e-01 5.708185e-04 8.000000e-04 3.236147e+00 3.108791e+01 2.446215e+01 9.835136e+01 1.198554e+01 2.286346e+02 4.713039e+01 1.548112e+02 1.912824e+03
2.000000e-01 5.541000e-01  5.037273e-01  1.000000e-01 5.860287e-04 8.000000e-04 3.236147e+00 3.103329e+01 2.506418e+01 9.953408e+01 1.262149e+01 2.418942e+02 4.967554e+01 1.631714e+02 2.016121e+03
2.000000e-01 5.541000e-01  5.037273e-01  1.000000e-01 6.016441e-04 8.000000e-04 3.236147e+00 3.098392e+01 2.584381e+01 1.011618e+02 1.342878e+01 2.552204e+02 5.235813e+01 1.719830e+02 2.124996e+03
2.000000e-01 5.541000e-01  5.037273e-01  1.000000e-01 6.176756e-04 8.000000e-04 3.236147e+00 3.095200e+01 2.685709e+01 1.033965e+02 1.402611e+01 2.688405e+02 5.518559e+01 1.812705e+02 2.239751e+03
2.000000e-01 5.541000e-01  5.037273e-01  1.000000e-01 6.341342e-04 8.000000e-04 3.236147e+00 3.091623e+01 2.778210e+01 1.053299e+02 1.471061e+01 2.841263e+02 5.816574e+01 1.910595e+02 2.360703e+03
2.000000e-01 5.541000e-01  5.037273e-01  1.000000e-01 6.510315e-04 8.000000e-04 3.236147e+00 3.086422e+01 2.866478e+01 1.071970e+02 1.571119e+01 2.996457e+02 6.130683e+01 2.013771e+02 2.488186e+03
2.000000e-01 5.541000e-01  5.037273e-01  1.000000e-01 6.683790e-04 8.000000e-04 3.236147e+00 3.080733e+01 2.926037e+01 1.082610e+02 1.658402e+01 3.148902e+02 6.461754e+01 2.122520e+02 2.622554e+03
2.000000e-01 5.541000e-01  5.037273e-01  1.000000e-01 6.861887e-04 8.000000e-04 3.236147e+00 3.076335e+01 3.028778e+01 1.104050e+02 1.726835e+01 3.306782e+02 6.810704e+01 2.237141e+02 2.764178e+03
2.000000e-01 5.541000e-01  5.037273e-01  1.000000e-01 7.044730e-04 8.000000e-04 3.236147e+00 3.072144e+01 3.108781e+01 1.117954e+02 1.808476e+01 3.490765e+02 7.178497e+01 2.357952e+02 2.913450e+03
2.000000e-01 5.541000e-01  5.037273e-01  1.000000e-01 7.232445e-04 8.000000e-04 3.236147e+00 3.065601e+01 3.188917e+01 1.133015e+02 1.916254e+01 3.680173e+02 7.566153e+01 2.485287e+02 3.070783e+03
2.000000e-01 5.541000e-01  5.037273e-01  1.000000e-01 7.425162e-04 8.000000e-04 3.236147e+00 3.058875e+01 3.334108e+01 1.162697e+02 2.021651e+01 3.890220e+02 7.974743e+01 2.619498e+02 3.236613e+03
2.000000e-01 5.541000e-01  5.037273e-01  1.000000e-01 7.623014e-04 8.000000e-04 3.236147e+00 3.051798e+01 3.397890e+01 1.173993e+02 2.154412e+01 4.086314e+02 8.405397e+01 2.760957e+02 3.411398e+03
2.000000e-01 5.541000e-01  5.037273e-01  1.000000e-01 7.826138e-04 8.000000e-04 3.236147e+00 3.044937e+01 3.520784e+01 1.198347e+02 2.252249e+01 4.329002e+02 8.859309e+01 2.910055e+02 3.595621e+03
2.000000e-01 5.541000e-01  5.037273e-01  1.000000e-01 8.034674e-04 8.000000e-04 3.236147e+00 3.036291e+01 3.580117e+01 1.206481e+02 2.371538e+01 4.559840e+02 9.337732e+01 3.067205e+02 3.789793e+03
2.000000e-01 5.541000e-01  5.037273e-01  1.000000e-01 8.248767e-04 8.000000e-04 3.236147e+00 3.031680e+01 3.669710e+01 1.224742e+02 2.502321e+01 4.780168e+02 9.841991e+01 3.232841e+02 3.994450e+03
2.000000e-01 5.541000e-01  5.037273e-01  1.000000e-01 8.468565e-04 8.000000e-04 3.236147e+00 3.023470e+01 3.756805e+01 1.238879e+02 2.651768e+01 5.071524e+02 1.037348e+02 3.407422e+02 4.210160e+03
2.000000e-01 5.541000e-01  5.037273e-01  1.000000e-01 8.694220e-04 8.000000e-04 3.236147e+00 3.015443e+01 3.800406e+01 1.246574e+02 2.781611e+01 5.305729e+02 1.093367e+02 3.591430e+02 4.437519e+03
2.000000e-01 5.541000e-01  5.037273e-01  1.000000e-01 8.925887e-04 8.000000e-04 3.236147e+00 3.008611e+01 3.910650e+01 1.268969e+02 2.915871e+01 5.575038e+02 1.152412e+02 3.785376e+02 4.677155e+03
2.000000e-01 5.541000e-01  5.037273e-01  1.000000e-01 9.163728e-04 8.000000e-04 3.236147e+00 2.998272e+01 3.984063e+01 1.277652e+02 3.118701e+01 5.929739e+02 1.214645e+02 3.989795e+02 4.929732e+03
2.000000e-01 5.541000e-01  5.037273e-01  1.000000e-01 9.407906e-04 8.000000e-04 3.236147e+00 2.991715e+01 4.058756e+01 1.293511e+02 3.244139e+01 6.239411e+02 1.280238e+02 4.205253e+02 5.195949e+03
2.000000e-01 5.541000e-01  5.037273e-01  1.000000e-01 9.658591e-04 8.000000e-04 3.236147e+00 2.978582e+01 4.119317e+01 1.299686e+02 3.434956e+01 6.558767e+02 1.349374e+02 4.432347e+02 5.476543e+03
2.000000e-01 5.541000e-01  5.037273e-01  1.000000e-01 9.915955e-04 8.000000e-04 3.236147e+00 2.970903e+01 4.202456e+01 1.317789e+02 3.609799e+01 6.933177e+02 1.422244e+02 4.671704e+02 5.772289e+03
2.000000e-01 5.541000e-01  5.037273e-01  1.000000e-01 1.018018e-03 8.000000e-04 3.236147e+00 2.956266e+01 4.253927e+01 1.321113e+02 3.845271e+01 7.216536e+02 1.499048e+02 4.923987e+02 6.084006e+03
2.000000e-01 5.541000e-01  5.037273e-01  1.000000e-01 1.045144e-03 8.000000e-04 3.236147e+00 2.946820e+01 4.334128e+01 1.335825e+02 4.024548e+01 7.665707e+02 1.580000e+02 5.189894e+02 6.412556e+03
2.000000e-01 5.541000e-01  5.037273e-01  1.000000e-01 1.072993e-03 8.000000e-04 3.236147e+00 2.939118e+01 4.355252e+01 1.337982e+02 4.209666e+01 8.115084e+02 1.665324e+02 5.470160e+02 6.758849e+03
2.000000e-01 5.541000e-01  5.037273e-01  1.000000e-01 1.101584e-03 8.000000e-04 3.236147e+00 2.920514e+01 4.456646e+01 1.356782e+02 4.514316e+01 8.596332e+02 1.755255e+02 5.765562e+02 7.123843e+03
2.000000e-01 5.541000e-01  5.037273e-01  1.000000e-01 1.130937e-03 8.000000e-04 3.236147e+00 2.907651e+01 4.442715e+01 1.351921e+02 4.733849e+01 9.021169e+02 1.850043e+02 6.076916e+02 7.508547e+03
2.000000e-01 5.541000e-01  5.037273e-01  1.000000e-01 1.161072e-03 8.000000e-04 3.236147e+00 2.890704e+01 4.532792e+01 1.362220e+02 5.002540e+01 9.505158e+02 1.949950e+02 6.405083e+02 7.914027e+03
2.000000e-01 5.541000e-01  5.037273e-01  1.000000e-01 1.192010e-03 8.000000e-04 3.236147e+00 2.880972e+01 4.607891e+01 1.377420e+02 5.230776e+01 1.007711e+03 2.055252e+02 6.750973e+02 8.341403e+03
2.000000e-01 5.541000e-01  5.037273e-01  1.000000e-01 1.223773e-03 8.000000e-04 3.236147e+00 2.865276e+01 4.660142e+01 1.383744e+02 5.520547e+01 1.057006e+03 2.166240e+02 7.115541e+02 8.791858e+03
2.000000e-01 5.541000e-01  5.037273e-01  1.000000e-01 1.256382e-03 8.000000e-04 3.236147e+00 2.848590e+01 4.692320e+01 1.380600e+02 5.804327e+01 1.121598e+03 2.283222e+02 7.499797e+02 9.266639e+03
2.000000e-01 5.541000e-01  5.037273e-01  1.000000e-01 1.289860e-03 8.000000e-04 3.236147e+00 2.833947e+01 4.734706e+01 1.394941e+02 6.153981e+01 1.176510e+03 2.406522e+02 7.904804e+02 9.767059e+03
2.000000e-01 5.541000e-01  5.037273e-01  1.000000e-01 1.324229e-03 8.000000e-04 3.236147e+00 2.819728e+01 4.770658e+01 1.393621e+02 6.414074e+01 1.233245e+03 2.536479e+02 8.331682e+02 1.029450e+04
2.000000e-01 5.541000e-01  5.037273e-01  1.000000e-01 1.359515e-03 8.000000e-04 3.236147e+00 2.804887e+01 4.811612e+01 1.405440e+02 6.793129e+01 1.306244e+03 2.673455e+02 8.781612e+02 1.085043e+04
2.000000e-01 5.541000e-01  5.037273e-01  1.000000e-01 1.395741e-03 8.000000e-04 3.236147e+00 2.785929e+01 4.825052e+01 1.403614e+02 7.097945e+01 1.364386e+03 2.817828e+02 9.255840e+02 1.143638e+04
2.000000e-01 5.541000e-01  5.037273e-01  1.000000e-01 1.432932e-03 8.000000e-04 3.236147e+00 2.764445e+01 4.873128e+01 1.411808e+02 7.564226e+01 1.447188e+03 2.969998e+02 9.755678e+02 1.205397e+04
2.000000e-01 5.541000e-01  5.037273e-01  1.000000e-01 1.471114e-03 8.000000e-04 3.236147e+00 2.749527e+01 4.937546e+01 1.415999e+02 7.969750e+01 1.537979e+03 3.130384e+02 1.028251e+03 1.270491e+04
2.000000e-01 5.541000e-01  5.037273e-01  1.000000e-01 1.510314e-03 8.000000e-04 3.236147e+00 2.730037e+01 4.956935e+01 1.410890e+02 8.404345e+01 1.609454e+03 3.299433e+02 1.083779e+03 1.339101e+04
2.000000e-01 5.541000e-01  5.037273e-01  1.000000e-01 1.550558e-03 8.000000e-04 3.236147e+00 2.704524e+01 4.992751e+01 1.421635e+02 8.907132e+01 1.688154e+03 3.477610e+02 1.142305e+03 1.411416e+04
2.000000e-01 5.541000e-01  5.037273e-01  1.000000e-01 1.591874e-03 8.000000e-04 3.236147e+00 2.681276e+01 5.035480e+01 1.422729e+02 9.303910e+01 1.785879e+03 3.665409e+02 1.203993e+03 1.487635e+04
2.000000e-01 5.541000e-01  5.037273e-01  1.000000e-01 1.634292e-03 8.000000e-04 3.236147e+00 2.659466e+01 5.057693e+01 1.420999e+02 9.862471e+01 1.876832e+03 3.863350e+02 1.269011e+03 1.567971e+04
2.000000e-01 5.541000e-01  5.037273e-01  1.000000e-01 1.677839e-03 8.000000e-04 3.236147e+00 2.646203e+01 5.102482e+01 1.422648e+02 1.032046e+02 1.993212e+03 4.071980e+02 1.337541e+03 1.652646e+04
2.000000e-01 5.541000e-01  5.037273e-01  1.000000e-01 1.722547e-03 8.000000e-04 3.236147e+00 2.606400e+01 5.151062e+01 1.417498e+02 1.096971e+02 2.098979e+03 4.291877e+02 1.409771e+03 1.741892e+04
2.000000e-01 5.541000e-01  5.037273e-01  1.000000e-01 1.768447e-03 8.000000e-04 3.236147e+00 2.589685e+01 5.180171e+01 1.424619e+02 1.155572e+02 2.210435e+03 4.523648e+02 1.485902e+03 1.835959e+04
2.000000e-01 5.541000e-01  5.037273e-01  1.000000e-01 1.815569e-03 8.000000e-04 3.236147e+00 2.576722e+01 5.199630e+01 1.423959e+02 1.218381e+02 2.327019e+03 4.767936e+02 1.566144e+03 1.935105e+04
2.000000e-01 5.541000e-01  5.037273e-01  1.000000e-01 1.863947e-03 8.000000e-04 3.236147e+00 2.549053e+01 5.222586e+01 1.425459e+02 1.269362e+02 2.429517e+03 5.025416e+02 1.650720e+03 2.039605e+04
2.000000e-01 5.541000e-01  5.037273e-01  1.000000e-01 1.913614e-03 8.000000e-04 3.236147e+00 2.517710e+01 5.264650e+01 1.425828e+02 1.347371e+02 2.584682e+03 5.296801e+02 1.739863e+03 2.149749e+04
2.000000e-01 5.541000e-01  5.037273e-01  1.000000e-01 1.964605e-03 8.000000e-04 3.236147e+00 2.493238e+01 5.346687e+01 1.427513e+02 1.410720e+02 2.734814e+03 5.582841e+02 1.833819e+03 2.265840e+04
2.000000e-01 5.541000e-01  5.037273e-01  1.000000e-01 2.016954e-03 8.000000e-04 3.236147e+00 2.467009e+01 5.361430e+01 1.427005e+02 1.499546e+02 2.865648e+03 5.884328e+02 1.932850e+03 2.388201e+04
2.000000e-01 5.541000e-01  5.037273e-01  1.000000e-01 2.070698e-03 8.000000e-04 3.236147e+00 2.425457e+01 5.440434e+01 1.425827e+02 1.586690e+02 3.031495e+03 6.202096e+02 2.037229e+03 2.517170e+04
2.000000e-01 5.541000e-01  5.037273e-01  1.000000e-01 2.125874e-03 8.000000e-04 3.236147e+00 2.419132e+01 5.454308e+01 1.429094e+02 1.646367e+02 3.189308e+03 6.537024e+02 2.147244e+03 2.653103e+04
2.000000e-01 5.541000e-01  5.037273e-01  1.000000e-01 2.182521e-03 8.000000e-04 3.236147e+00 2.390470e+01 5.467948e+01 1.427934e+02 1.746342e+02 3.333425e+03 6.890039e+02 2.263201e+03 2.796377e+04
2.000000e-01 5.541000e-01  5.037273e-01  1.000000e-01 2.240677e-03 8.000000e-04 3.236147e+00 2.372563e+01 5.513007e+01 1.428565e+02 1.846109e+02 3.534611e+03 7.262118e+02 2.385419e+03 2.947388e+04
