3.000000e-02 1.266000e-02  1.150909e-02  1.000000e-01 2.000000e-06 8.000000e-04 5.727575e+06 3.180203e+01 2.288802e+01 6.923341e+01 6.437520e-06 2.842343e-06 5.152777e-05 7.687935e-04 2.062151e-03
3.000000e-02 1.266000e-02  1.150909e-02  1.000000e-01 2.053292e-06 8.000000e-04 5.727575e+06 3.180203e+01 2.288802e+01 6.923341e+01 7.308895e-06 2.900420e-06 5.431039e-05 8.103101e-04 2.173511e-03
3.000000e-02 1.266000e-02  1.150909e-02  1.000000e-01 2.108005e-06 8.000000e-04 5.727575e+06 3.180203e+01 2.288802e+01 6.923341e+01 7.584877e-06 3.086325e-06 5.724328e-05 8.540688e-04 2.290886e-03
3.000000e-02 1.266000e-02  1.150909e-02  1.000000e-01 2.164175e-06 8.000000e-04 5.727575e+06 3.180203e+01 2.288802e+01 6.923341e+01 7.926112e-06 3.312562e-06 6.033455e-05 9.001904e-04 2.414599e-03
3.000000e-02 1.266000e-02  1.150909e-02  1.000000e-01 2.221842e-06 8.000000e-04 5.727575e+06 3.180203e+01 2.288802e+01 6.923341e+01 8.975554e-06 3.496084e-06 6.359275e-05 9.488028e-04 2.544993e-03
3.000000e-02 1.266000e-02  1.150909e-02  1.000000e-01 2.281045e-06 8.000000e-04 5.727575e+06 3.180203e+01 2.288802e+01 6.923341e+01 8.758512e-06 3.665709e-06 6.702691e-05 1.000040e-03 2.682429e-03
3.000000e-02 1.266000e-02  1.150909e-02  1.000000e-01 2.341826e-06 8.000000e-04 5.727575e+06 3.180203e+01 2.288802e+01 6.923341e+01 9.489952e-06 3.884020e-06 7.064652e-05 1.054045e-03 2.827286e-03
3.000000e-02 1.266000e-02  1.150909e-02  1.000000e-01 2.404227e-06 8.000000e-04 5.727575e+06 3.180203e+01 2.288802e+01 6.923341e+01 9.344417e-06 4.085040e-06 7.446159e-05 1.110966e-03 2.979966e-03
3.000000e-02 1.266000e-02  1.150909e-02  1.000000e-01 2.468290e-06 8.000000e-04 5.727575e+06 3.180203e+01 2.288802e+01 6.923341e+01 1.104452e-05 4.192212e-06 7.848269e-05 1.170960e-03 3.140891e-03
3.000000e-02 1.266000e-02  1.150909e-02  1.000000e-01 2.534061e-06 8.000000e-04 5.727575e+06 3.180203e+01 2.288802e+01 6.923341e+01 1.032608e-05 4.496739e-06 8.272094e-05 1.234195e-03 3.310507e-03
3.000000e-02 1.266000e-02  1.150909e-02  1.000000e-01 2.601584e-06 8.000000e-04 5.727575e+06 3.180203e+01 2.288802e+01 6.923341e+01 1.144685e-05 4.738466e-06 8.718806e-05 1.300844e-03 3.489282e-03
3.000000e-02 1.266000e-02  1.150909e-02  1.000000e-01 2.670906e-06 8.000000e-04 5.727575e+06 3.180203e+01 2.288802e+01 6.923341e+01 1.164555e-05 5.104849e-06 9.189641e-05 1.371093e-03 3.677711e-03
3.000000e-02 1.266000e-02  1.150909e-02  1.000000e-01 2.742075e-06 8.000000e-04 5.727575e+06 3.180203e+01 2.288802e+01 6.923341e+01 1.340585e-05 5.275069e-06 9.685903e-05 1.445135e-03 3.876316e-03
3.000000e-02 1.266000e-02  1.150909e-02  1.000000e-01 2.815141e-06 8.000000e-04 5.727575e+06 3.180203e+01 2.288802e+01 6.923341e+01 1.311615e-05 5.655996e-06 1.020896e-04 1.523176e-03 4.085646e-03
3.000000e-02 1.266000e-02  1.150909e-02  1.000000e-01 2.890154e-06 8.000000e-04 5.727575e+06 3.180203e+01 2.288802e+01 6.923341e+01 1.427553e-05 5.922815e-06 1.076027e-04 1.605431e-03 4.306280e-03
3.000000e-02 1.266000e-02  1.150909e-02  1.000000e-01 2.967165e-06 8.000000e-04 5.727575e+06 3.180203e+01 2.288802e+01 6.923341e+01 1.553579e-05 6.420151e-06 1.134135e-04 1.692128e-03 4.538829e-03
3.000000e-02 1.266000e-02  1.150909e-02  1.000000e-01 3.046229e-06 8.000000e-04 5.727575e+06 3.180203e+01 2.288802e+01 6.923341e+01 1.531364e-05 6.568698e-06 1.195381e-04 1.783507e-03 4.783936e-03
3.000000e-02 1.266000e-02  1.150909e-02  1.000000e-01 3.127399e-06 8.000000e-04 5.727575e+06 3.180203e+01 2.288802e+01 6.923341e+01 1.682835e-05 6.844923e-06 1.259934e-04 1.879820e-03 5.042280e-03
3.000000e-02 1.266000e-02  1.150909e-02  1.000000e-01 3.210732e-06 8.000000e-04 5.727575e+06 3.180203e+01 2.288802e+01 6.923341e+01 1.686753e-05 7.214172e-06 1.327974e-04 1.981335e-03 5.314575e-03
3.000000e-02 1.266000e-02  1.150909e-02  1.000000e-01 3.296286e-06 8.000000e-04 5.727575e+06 3.180203e+01 2.288802e+01 6.923341e+01 1.752518e-05 7.585203e-06 1.399687e-04 2.088331e-03 5.601574e-03
3.000000e-02 1.266000e-02  1.150909e-02  1.000000e-01 3.384119e-06 8.000000e-04 5.727575e+06 3.180203e+01 2.288802e+01 6.923341e+01 1.822482e-05 8.060187e-06 1.475274e-04 2.201106e-03 5.904072e-03
3.000000e-02 1.266000e-02  1.150909e-02  1.000000e-01 3.474293e-06 8.000000e-04 5.727575e+06 3.180203e+01 2.288802e+01 6.923341e+01 2.117965e-05 8.601354e-06 1.554942e-04 2.319971e-03 6.222905e-03
3.000000e-02 1.266000e-02  1.150909e-02  1.000000e-01 3.566869e-06 8.000000e-04 5.727575e+06 3.180203e+01 2.288802e+01 6.923341e+01 2.091827e-05 8.943188e-06 1.638912e-04 2.445255e-03 6.558957e-03
3.000000e-02 1.266000e-02  1.150909e-02  1.000000e-01 3.661913e-06 8.000000e-04 5.727575e+06 3.180203e+01 2.288802e+01 6.923341e+01 2.289083e-05 9.255357e-06 1.727418e-04 2.577304e-03 6.913156e-03
3.000000e-02 1.266000e-02  1.150909e-02  1.000000e-01 3.759488e-06 8.000000e-04 5.727575e+06 3.180203e+01 2.288802e+01 6.923341e+01 2.321038e-05 9.879722e-06 1.820702e-04 2.716484e-03 7.286482e-03
3.000000e-02 1.266000e-02  1.150909e-02  1.000000e-01 3.859664e-06 8.000000e-04 5.727575e+06 3.180203e+01 2.288802e+01 6.923341e+01 2.444977e-05 1.054531e-05 1.919024e-04 2.863181e-03 7.679969e-03
3.000000e-02 1.266000e-02  1.150909e-02  1.000000e-01 3.962510e-06 8.000000e-04 5.727575e+06 3.180203e+01 2.288802e+01 6.923341e+01 2.495802e-05 1.115214e-05 2.022656e-04 3.017799e-03 8.094705e-03
3.000000e-02 1.266000e-02  1.150909e-02  1.000000e-01 4.068095e-06 8.000000e-04 5.727575e+06 3.180203e+01 2.288802e+01 6.923341e+01 2.961522e-05 1.202516e-05 2.131884e-04 3.180767e-03 8.531838e-03
3.000000e-02 1.266000e-02  1.150909e-02  1.000000e-01 4.176494e-06 8.000000e-04 5.727575e+06 3.180203e+01 2.288802e+01 6.923341e+01 2.775587e-05 1.232407e-05 2.247011e-04 3.352536e-03 8.992577e-03
3.000000e-02 1.266000e-02  1.150909e-02  1.000000e-01 4.287782e-06 8.000000e-04 5.727575e+06 3.180203e+01 2.288802e+01 6.923341e+01 3.175882e-05 1.295216e-05 2.368354e-04 3.533581e-03 9.478197e-03
3.000000e-02 1.266000e-02  1.150909e-02  1.000000e-01 4.402035e-06 8.000000e-04 5.727575e+06 3.180203e+01 2.288802e+01 6.923341e+01 3.079957e-05 1.337402e-05 2.496251e-04 3.724402e-03 9.990041e-03
3.000000e-02 1.266000e-02  1.150909e-02  1.000000e-01 4.519332e-06 8.000000e-04 5.727575e+06 3.180203e+01 2.288802e+01 6.923341e+01 3.636240e-05 1.448722e-05 2.631054e-04 3.925529e-03 1.052953e-02
3.000000e-02 1.266000e-02  1.150909e-02  1.000000e-01 4.639755e-06 8.000000e-04 5.727575e+06 3.180203e+01 2.288802e+01 6.923341e+01 3.507804e-05 1.489655e-05 2.773137e-04 4.137516e-03 1.109815e-02
3.000000e-02 1.266000e-02  1.150909e-02  1.000000e-01 4.763386e-06 8.000000e-04 5.727575e+06 3.180203e+01 2.288802e+01 6.923341e+01 3.753716e-05 1.602599e-05 2.922893e-04 4.360952e-03 1.169747e-02
3.000000e-02 1.266000e-02  1.150909e-02  1.000000e-01 4.890312e-06 8.000000e-04 5.727575e+06 3.180203e+01 2.288802e+01 6.923341e+01 4.042085e-05 1.709477e-05 3.080736e-04 4.596453e-03 1.232916e-02
3.000000e-02 1.266000e-02  1.150909e-02  1.000000e-01 5.020620e-06 8.000000e-04 5.727575e+06 3.180203e+01 2.288802e+01 6.923341e+01 4.094648e-05 1.759406e-05 3.247103e-04 4.844672e-03 1.299496e-02
3.000000e-02 1.266000e-02  1.150909e-02  1.000000e-01 5.154400e-06 8.000000e-04 5.727575e+06 3.180203e+01 2.288802e+01 6.923341e+01 4.379089e-05 1.845986e-05 3.422454e-04 5.106296e-03 1.369672e-02
3.000000e-02 1.266000e-02  1.150909e-02  1.000000e-01 5.291745e-06 8.000000e-04 5.727575e+06 3.180203e+01 2.288802e+01 6.923341e+01 4.744824e-05 1.928172e-05 3.607275e-04 5.382048e-03 1.443638e-02
3.000000e-02 1.266000e-02  1.150909e-02  1.000000e-01 5.432750e-06 8.000000e-04 5.727575e+06 3.180203e+01 2.288802e+01 6.923341e+01 4.888509e-05 2.087895e-05 3.802076e-04 5.672691e-03 1.521597e-02
3.000000e-02 1.266000e-02  1.150909e-02  1.000000e-01 5.577512e-06 8.000000e-04 5.727575e+06 3.180203e+01 2.288802e+01 6.923341e+01 5.265707e-05 2.192975e-05 4.007397e-04 5.979029e-03 1.603767e-02
3.000000e-02 1.266000e-02  1.150909e-02  1.000000e-01 5.726131e-06 8.000000e-04 5.727575e+06 3.180203e+01 2.288802e+01 6.923341e+01 5.330620e-05 2.297884e-05 4.223805e-04 6.301910e-03 1.690374e-02
3.000000e-02 1.266000e-02  1.150909e-02  1.000000e-01 5.878710e-06 8.000000e-04 5.727575e+06 3.180203e+01 2.288802e+01 6.923341e+01 5.951864e-05 2.392403e-05 4.451901e-04 6.642228e-03 1.781659e-02
3.000000e-02 1.266000e-02  1.150909e-02  1.000000e-01 6.035355e-06 8.000000e-04 5.727575e+06 3.180203e+01 2.288802e+01 6.923341e+01 6.250904e-05 2.562943e-05 4.692313e-04 7.000924e-03 1.877872e-02
3.000000e-02 1.266000e-02  1.150909e-02  1.000000e-01 6.196174e-06 8.000000e-04 5.727575e+06 3.180203e+01 2.288802e+01 6.923341e+01 6.735691e-05 2.711705e-05 4.945709e-04 7.378990e-03 1.979282e-02
3.000000e-02 1.266000e-02  1.150909e-02  1.000000e-01 6.361278e-06 8.000000e-04 5.727575e+06 3.180203e+01 2.288802e+01 6.923341e+01 6.418426e-05 2.844950e-05 5.212789e-04 7.777472e-03 2.086167e-02
3.000000e-02 1.266000e-02  1.150909e-02  1.000000e-01 6.530782e-06 8.000000e-04 5.727575e+06 3.180203e+01 2.288802e+01 6.923341e+01 7.135437e-05 2.988779e-05 5.494292e-04 8.197474e-03 2.198825e-02
3.000000e-02 1.266000e-02  1.150909e-02  1.000000e-01 6.704802e-06 8.000000e-04 5.727575e+06 3.180203e+01 2.288802e+01 6.923341e+01 7.943031e-05 3.145034e-05 5.790996e-04 8.640157e-03 2.317567e-02
3.000000e-02 1.266000e-02  1.150909e-02  1.000000e-01 6.883459e-06 8.000000e-04 5.727575e+06 3.180203e+01 2.288802e+01 6.923341e+01 7.666086e-05 3.333324e-05 6.103723e-04 9.106745e-03 2.442721e-02
3.000000e-02 1.266000e-02  1.150909e-02  1.000000e-01 7.066877e-06 8.000000e-04 5.727575e+06 3.180203e+01 2.288802e+01 6.923341e+01 8.376722e-05 3.528764e-05 6.433338e-04 9.598530e-03 2.574633e-02
3.000000e-02 1.266000e-02  1.150909e-02  1.000000e-01 7.255182e-06 8.000000e-04 5.727575e+06 3.180203e+01 2.288802e+01 6.923341e+01 8.982586e-05 3.679884e-05 6.780754e-04 1.011687e-02 2.713670e-02
3.000000e-02 1.266000e-02  1.150909e-02  1.000000e-01 7.448504e-06 8.000000e-04 5.727575e+06 3.180203e+01 2.288802e+01 6.923341e+01 9.262988e-05 3.913422e-05 7.146930e-04 1.066321e-02 2.860214e-02
3.000000e-02 1.266000e-02  1.150909e-02  1.000000e-01 7.646978e-06 8.000000e-04 5.727575e+06 3.180203e+01 2.288802e+01 6.923341e+01 9.343493e-05 4.099171e-05 7.532881e-04 1.123905e-02 3.014672e-02
3.000000e-02 1.266000e-02  1.150909e-02  1.000000e-01 7.850741e-06 8.000000e-04 5.727575e+06 3.180203e+01 2.288802e+01 6.923341e+01 1.070230e-04 4.324342e-05 7.939674e-04 1.184598e-02 3.177471e-02
3.000000e-02 1.266000e-02  1.150909e-02  1.000000e-01 8.059933e-06 8.000000e-04 5.727575e+06 3.180203e+01 2.288802e+01 6.923341e+01 1.074745e-04 4.574758e-05 8.368434e-04 1.248569e-02 3.349062e-02
3.000000e-02 1.266000e-02  1.150909e-02  1.000000e-01 8.274699e-06 8.000000e-04 5.727575e+06 3.180203e+01 2.288802e+01 6.923341e+01 1.150749e-04 4.970822e-05 8.820349e-04 1.315995e-02 3.529919e-02
3.000000e-02 1.266000e-02  1.150909e-02  1.000000e-01 8.495188e-06 8.000000e-04 5.727575e+06 3.180203e+01 2.288802e+01 6.923341e+01 1.198743e-04 5.096976e-05 9.296668e-04 1.387061e-02 3.720543e-02
3.000000e-02 1.266000e-02  1.150909e-02  1.000000e-01 8.721552e-06 8.000000e-04 5.727575e+06 3.180203e+01 2.288802e+01 6.923341e+01 1.316925e-04 5.293747e-05 9.798710e-04 1.461966e-02 3.921461e-02
3.000000e-02 1.266000e-02  1.150909e-02  1.000000e-01 8.953948e-06 8.000000e-04 5.727575e+06 3.180203e+01 2.288802e+01 6.923340e+01 1.320762e-04 5.640655e-05 1.032786e-03 1.540915e-02 4.133229e-02
3.000000e-02 1.266000e-02  1.150909e-02  1.000000e-01 9.192536e-06 8.000000e-04 5.727575e+06 3.180203e+01 2.288802e+01 6.923341e+01 1.429701e-04 6.020141e-05 1.088559e-03 1.624128e-02 4.356433e-02
3.000000e-02 1.266000e-02  1.150909e-02  1.000000e-01 9.437481e-06 8.000000e-04 5.727575e+06 3.180203e+01 2.288802e+01 6.923341e+01 1.495719e-04 6.153173e-05 1.147344e-03 1.711835e-02 4.591690e-02
3.000000e-02 1.266000e-02  1.150909e-02  1.000000e-01 9.688954e-06 8.000000e-04 5.727575e+06 3.180203e+01 2.288802e+01 6.923340e+01 1.595854e-04 6.581741e-05 1.209303e-03 1.804278e-02 4.839652e-02
3.000000e-02 1.266000e-02  1.150909e-02  1.000000e-01 9.947127e-06 8.000000e-04 5.727575e+06 3.180203e+01 2.288802e+01 6.923340e+01 1.577181e-04 6.985212e-05 1.274608e-03 1.901713e-02 5.101005e-02
3.000000e-02 1.266000e-02  1.150909e-02  1.000000e-01 1.021218e-05 8.000000e-04 5.727575e+06 3.180203e+01 2.288802e+01 6.923340e+01 1.725768e-04 7.300905e-05 1.343440e-03 2.004410e-02 5.376471e-02
3.000000e-02 1.266000e-02  1.150909e-02  1.000000e-01 1.048430e-05 8.000000e-04 5.727575e+06 3.180203e+01 2.288802e+01 6.923340e+01 1.806543e-04 7.642040e-05 1.415989e-03 2.112653e-02 5.666813e-02
3.000000e-02 1.266000e-02  1.150909e-02  1.000000e-01 1.076366e-05 8.000000e-04 5.727575e+06 3.180203e+01 2.288802e+01 6.923340e+01 1.864743e-04 8.264565e-05 1.492456e-03 2.226741e-02 5.972834e-02
3.000000e-02 1.266000e-02  1.150909e-02  1.000000e-01 1.105047e-05 8.000000e-04 5.727575e+06 3.180203e+01 2.288802e+01 6.923340e+01 2.046004e-04 8.603061e-05 1.573052e-03 2.346990e-02 6.295380e-02
3.000000e-02 1.266000e-02  1.150909e-02  1.000000e-01 1.134492e-05 8.000000e-04 5.727575e+06 3.180203e+01 2.288802e+01 6.923340e+01 2.181597e-04 8.886530e-05 1.658000e-03 2.473733e-02 6.635346e-02
3.000000e-02 1.266000e-02  1.150909e-02  1.000000e-01 1.164722e-05 8.000000e-04 5.727575e+06 3.180203e+01 2.288802e+01 6.923340e+01 2.265012e-04 9.374112e-05 1.747536e-03 2.607321e-02 6.993670e-02
3.000000e-02 1.266000e-02  1.150909e-02  1.000000e-01 1.195758e-05 8.000000e-04 5.727575e+06 3.180203e+01 2.288802e+01 6.923340e+01 2.343745e-04 1.006102e-04 1.841907e-03 2.748122e-02 7.371344e-02
3.000000e-02 1.266000e-02  1.150909e-02  1.000000e-01 1.227620e-05 8.000000e-04 5.727575e+06 3.180203e+01 2.288802e+01 6.923340e+01 2.531412e-04 1.056734e-04 1.941374e-03 2.896527e-02 7.769413e-02
3.000000e-02 1.266000e-02  1.150909e-02  1.000000e-01 1.260331e-05 8.000000e-04 5.727575e+06 3.180203e+01 2.288801e+01 6.923340e+01 2.626996e-04 1.118159e-04 2.046213e-03 3.052946e-02 8.188980e-02
3.000000e-02 1.266000e-02  1.150909e-02  1.000000e-01 1.293914e-05 8.000000e-04 5.727575e+06 3.180203e+01 2.288801e+01 6.923340e+01 2.827757e-04 1.174846e-04 2.156713e-03 3.217812e-02 8.631204e-02
3.000000e-02 1.266000e-02  1.150909e-02  1.000000e-01 1.328392e-05 8.000000e-04 5.727575e+06 3.180203e+01 2.288801e+01 6.923340e+01 3.005383e-04 1.238452e-04 2.273180e-03 3.391581e-02 9.097309e-02
3.000000e-02 1.266000e-02  1.150909e-02  1.000000e-01 1.363789e-05 8.000000e-04 5.727575e+06 3.180203e+01 2.288801e+01 6.923340e+01 3.136221e-04 1.299102e-04 2.395937e-03 3.574735e-02 9.588584e-02
3.000000e-02 1.266000e-02  1.150909e-02  1.000000e-01 1.400128e-05 8.000000e-04 5.727575e+06 3.180202e+01 2.288801e+01 6.923340e+01 3.277063e-04 1.375126e-04 2.525324e-03 3.767779e-02 1.010639e-01
3.000000e-02 1.266000e-02  1.150909e-02  1.000000e-01 1.437436e-05 8.000000e-04 5.727575e+06 3.180202e+01 2.288801e+01 6.923339e+01 3.733848e-04 1.421950e-04 2.661697e-03 3.971247e-02 1.065216e-01
3.000000e-02 1.266000e-02  1.150909e-02  1.000000e-01 1.475738e-05 8.000000e-04 5.727575e+06 3.180202e+01 2.288801e+01 6.923340e+01 3.759027e-04 1.506340e-04 2.805435e-03 4.185704e-02 1.122740e-01
3.000000e-02 1.266000e-02  1.150909e-02  1.000000e-01 1.515061e-05 8.000000e-04 5.727575e+06 3.180202e+01 2.288801e+01 6.923340e+01 3.661800e-04 1.634118e-04 2.956935e-03 4.411742e-02 1.183371e-01
3.000000e-02 1.266000e-02  1.150909e-02  1.000000e-01 1.555432e-05 8.000000e-04 5.727575e+06 3.180202e+01 2.288801e+01 6.923339e+01 3.826702e-04 1.706723e-04 3.116616e-03 4.649986e-02 1.247275e-01
3.000000e-02 1.266000e-02  1.150909e-02  1.000000e-01 1.596878e-05 8.000000e-04 5.727575e+06 3.180202e+01 2.288801e+01 6.923339e+01 4.114090e-04 1.767996e-04 3.284920e-03 4.901096e-02 1.314631e-01
3.000000e-02 1.266000e-02  1.150909e-02  1.000000e-01 1.639429e-05 8.000000e-04 5.727575e+06 3.180202e+01 2.288801e+01 6.923339e+01 4.262161e-04 1.903715e-04 3.462314e-03 5.165766e-02 1.385624e-01
3.000000e-02 1.266000e-02  1.150909e-02  1.000000e-01 1.683113e-05 8.000000e-04 5.727575e+06 3.180202e+01 2.288801e+01 6.923339e+01 4.726475e-04 1.982569e-04 3.649287e-03 5.444730e-02 1.460451e-01
3.000000e-02 1.266000e-02  1.150909e-02  1.000000e-01 1.727962e-05 8.000000e-04 5.727575e+06 3.180202e+01 2.288801e+01 6.923338e+01 5.035574e-04 2.132236e-04 3.846357e-03 5.738758e-02 1.539319e-01
3.000000e-02 1.266000e-02  1.150909e-02  1.000000e-01 1.774005e-05 8.000000e-04 5.727575e+06 3.180202e+01 2.288801e+01 6.923339e+01 5.242245e-04 2.211790e-04 4.054069e-03 6.048664e-02 1.622446e-01
3.000000e-02 1.266000e-02  1.150909e-02  1.000000e-01 1.821276e-05 8.000000e-04 5.727575e+06 3.180202e+01 2.288801e+01 6.923339e+01 5.340415e-04 2.323416e-04 4.272998e-03 6.375306e-02 1.710061e-01
3.000000e-02 1.266000e-02  1.150909e-02  1.000000e-01 1.869805e-05 8.000000e-04 5.727575e+06 3.180202e+01 2.288801e+01 6.923339e+01 5.620977e-04 2.438294e-04 4.503750e-03 6.719587e-02 1.802409e-01
3.000000e-02 1.266000e-02  1.150909e-02  1.000000e-01 1.919629e-05 8.000000e-04 5.727575e+06 3.180202e+01 2.288801e+01 6.923338e+01 6.166610e-04 2.590616e-04 4.746962e-03 7.082460e-02 1.899743e-01
3.000000e-02 1.266000e-02  1.150909e-02  1.000000e-01 1.970779e-05 8.000000e-04 5.727575e+06 3.180202e+01 2.288801e+01 6.923338e+01 6.549307e-04 2.733433e-04 5.003309e-03 7.464929e-02 2.002333e-01
3.000000e-02 1.266000e-02  1.150909e-02  1.000000e-01 2.023293e-05 8.000000e-04 5.727575e+06 3.180202e+01 2.288801e+01 6.923338e+01 6.765800e-04 2.942761e-04 5.273500e-03 7.868053e-02 2.110464e-01
3.000000e-02 1.266000e-02  1.150909e-02  1.000000e-01 2.077206e-05 8.000000e-04 5.727575e+06 3.180202e+01 2.288800e+01 6.923338e+01 6.944553e-04 3.047905e-04 5.558281e-03 8.292946e-02 2.224434e-01
3.000000e-02 1.266000e-02  1.150909e-02  1.000000e-01 2.132555e-05 8.000000e-04 5.727575e+06 3.180202e+01 2.288801e+01 6.923338e+01 7.517961e-04 3.156964e-04 5.858441e-03 8.740784e-02 2.344558e-01
3.000000e-02 1.266000e-02  1.150909e-02  1.000000e-01 2.189380e-05 8.000000e-04 5.727575e+06 3.180202e+01 2.288800e+01 6.923338e+01 7.947046e-04 3.353896e-04 6.174810e-03 9.212807e-02 2.471170e-01
3.000000e-02 1.266000e-02  1.150909e-02  1.000000e-01 2.247718e-05 8.000000e-04 5.727575e+06 3.180202e+01 2.288800e+01 6.923338e+01 8.376987e-04 3.537447e-04 6.508264e-03 9.710319e-02 2.604619e-01
3.000000e-02 1.266000e-02  1.150909e-02  1.000000e-01 2.307611e-05 8.000000e-04 5.727575e+06 3.180202e+01 2.288800e+01 6.923338e+01 9.201754e-04 3.696473e-04 6.859726e-03 1.023470e-01 2.745274e-01
3.000000e-02 1.266000e-02  1.150909e-02  1.000000e-01 2.369100e-05 8.000000e-04 5.727575e+06 3.180201e+01 2.288800e+01 6.923337e+01 9.175987e-04 3.916166e-04 7.230167e-03 1.078740e-01 2.893525e-01
3.000000e-02 1.266000e-02  1.150909e-02  1.000000e-01 2.432228e-05 8.000000e-04 5.727575e+06 3.180201e+01 2.288800e+01 6.923337e+01 9.930875e-04 4.170251e-04 7.620612e-03 1.136994e-01 3.049783e-01
3.000000e-02 1.266000e-02  1.150909e-02  1.000000e-01 2.497037e-05 8.000000e-04 5.727575e+06 3.180201e+01 2.288800e+01 6.923337e+01 1.013909e-03 4.433603e-04 8.032143e-03 1.198394e-01 3.214478e-01
3.000000e-02 1.266000e-02  1.150909e-02  1.000000e-01 2.563574e-05 8.000000e-04 5.727575e+06 3.180201e+01 2.288800e+01 6.923336e+01 1.104474e-03 4.611109e-04 8.465897e-03 1.263110e-01 3.388067e-01
3.000000e-02 1.266000e-02  1.150909e-02  1.000000e-01 2.631883e-05 8.000000e-04 5.727575e+06 3.180201e+01 2.288800e+01 6.923335e+01 1.114979e-03 4.913988e-04 8.923075e-03 1.331321e-01 3.571031e-01
3.000000e-02 1.266000e-02  1.150909e-02  1.000000e-01 2.702013e-05 8.000000e-04 5.727575e+06 3.180201e+01 2.288800e+01 6.923336e+01 1.161662e-03 5.082894e-04 9.404942e-03 1.403216e-01 3.763874e-01
3.000000e-02 1.266000e-02  1.150909e-02  1.000000e-01 2.774011e-05 8.000000e-04 5.727575e+06 3.180201e+01 2.288799e+01 6.923336e+01 1.309096e-03 5.439143e-04 9.912831e-03 1.478993e-01 3.967132e-01
3.000000e-02 1.266000e-02  1.150909e-02  1.000000e-01 2.847928e-05 8.000000e-04 5.727575e+06 3.180200e+01 2.288799e+01 6.923335e+01 1.310280e-03 5.754966e-04 1.044815e-02 1.558862e-01 4.181367e-01
3.000000e-02 1.266000e-02  1.150909e-02  1.000000e-01 2.923814e-05 8.000000e-04 5.727575e+06 3.180200e+01 2.288799e+01 6.923335e+01 1.424196e-03 6.054073e-04 1.101237e-02 1.643044e-01 4.407170e-01
3.000000e-02 1.266000e-02  1.150909e-02  1.000000e-01 3.001722e-05 8.000000e-04 5.727575e+06 3.180200e+01 2.288799e+01 6.923335e+01 1.602598e-03 6.340475e-04 1.160706e-02 1.731772e-01 4.645168e-01
3.000000e-02 1.266000e-02  1.150909e-02  1.000000e-01 3.081707e-05 8.000000e-04 5.727575e+06 3.180200e+01 2.288799e+01 6.923334e+01 1.567891e-03 6.639093e-04 1.223387e-02 1.825292e-01 4.896017e-01
3.000000e-02 1.266000e-02  1.150909e-02  1.000000e-01 3.163822e-05 8.000000e-04 5.727575e+06 3.180200e+01 2.288798e+01 6.923334e+01 1.630276e-03 6.983505e-04 1.289453e-02 1.923862e-01 5.160414e-01
3.000000e-02 1.266000e-02  1.150909e-02  1.000000e-01 3.248126e-05 8.000000e-04 5.727575e+06 3.180200e+01 2.288798e+01 6.923333e+01 1.693309e-03 7.321937e-04 1.359086e-02 2.027755e-01 5.439088e-01
3.000000e-02 1.266000e-02  1.150909e-02  1.000000e-01 3.334676e-05 8.000000e-04 5.727575e+06 3.180200e+01 2.288798e+01 6.923334e+01 1.752690e-03 7.716648e-04 1.432480e-02 2.137258e-01 5.732811e-01
3.000000e-02 1.266000e-02  1.150909e-02  1.000000e-01 3.423532e-05 8.000000e-04 5.727575e+06 3.180200e+01 2.288798e+01 6.923333e+01 1.915590e-03 8.243795e-04 1.509837e-02 2.252675e-01 6.042396e-01
3.000000e-02 1.266000e-02  1.150909e-02  1.000000e-01 3.514756e-05 8.000000e-04 5.727575e+06 3.180199e+01 2.288798e+01 6.923333e+01 2.116957e-03 8.624956e-04 1.591372e-02 2.374325e-01 6.368700e-01
3.000000e-02 1.266000e-02  1.150909e-02  1.000000e-01 3.608411e-05 8.000000e-04 5.727575e+06 3.180199e+01 2.288797e+01 6.923332e+01 2.189971e-03 9.181171e-04 1.677310e-02 2.502544e-01 6.712624e-01
3.000000e-02 1.266000e-02  1.150909e-02  1.000000e-01 3.704561e-05 8.000000e-04 5.727575e+06 3.180198e+01 2.288797e+01 6.923330e+01 2.170052e-03 9.853066e-04 1.767889e-02 2.637687e-01 7.075121e-01
3.000000e-02 1.266000e-02  1.150909e-02  1.000000e-01 3.803273e-05 8.000000e-04 5.727575e+06 3.180199e+01 2.288797e+01 6.923331e+01 2.486992e-03 1.021803e-03 1.863359e-02 2.780128e-01 7.457194e-01
3.000000e-02 1.266000e-02  1.150909e-02  1.000000e-01 3.904616e-05 8.000000e-04 5.727575e+06 3.180197e+01 2.288796e+01 6.923328e+01 2.746862e-03 1.070480e-03 1.963984e-02 2.930261e-01 7.859900e-01
3.000000e-02 1.266000e-02  1.150909e-02  1.000000e-01 4.008659e-05 8.000000e-04 5.727575e+06 3.180198e+01 2.288797e+01 6.923329e+01 2.606450e-03 1.124064e-03 2.070044e-02 3.088502e-01 8.284353e-01
3.000000e-02 1.266000e-02  1.150909e-02  1.000000e-01 4.115474e-05 8.000000e-04 5.727575e+06 3.180198e+01 2.288796e+01 6.923330e+01 2.820217e-03 1.176809e-03 2.181831e-02 3.255288e-01 8.731727e-01
3.000000e-02 1.266000e-02  1.150909e-02  1.000000e-01 4.225136e-05 8.000000e-04 5.727575e+06 3.180196e+01 2.288796e+01 6.923326e+01 3.016198e-03 1.258811e-03 2.299655e-02 3.431081e-01 9.203260e-01
3.000000e-02 1.266000e-02  1.150909e-02  1.000000e-01 4.337719e-05 8.000000e-04 5.727575e+06 3.180197e+01 2.288795e+01 6.923326e+01 3.029552e-03 1.331712e-03 2.423842e-02 3.616368e-01 9.700258e-01
3.000000e-02 1.266000e-02  1.150909e-02  1.000000e-01 4.453303e-05 8.000000e-04 5.727575e+06 3.180198e+01 2.288795e+01 6.923329e+01 3.263861e-03 1.384600e-03 2.554735e-02 3.811660e-01 1.022409e+00
3.000000e-02 1.266000e-02  1.150909e-02  1.000000e-01 4.571966e-05 8.000000e-04 5.727575e+06 3.180196e+01 2.288795e+01 6.923324e+01 3.652720e-03 1.462275e-03 2.692696e-02 4.017498e-01 1.077622e+00
3.000000e-02 1.266000e-02  1.150909e-02  1.000000e-01 4.693791e-05 8.000000e-04 5.727575e+06 3.180197e+01 2.288794e+01 6.923327e+01 3.980710e-03 1.554549e-03 2.838108e-02 4.234453e-01 1.135816e+00
3.000000e-02 1.266000e-02  1.150909e-02  1.000000e-01 4.818863e-05 8.000000e-04 5.727575e+06 3.180195e+01 2.288795e+01 6.923322e+01 4.035740e-03 1.602220e-03 2.991373e-02 4.463123e-01 1.197153e+00
3.000000e-02 1.266000e-02  1.150909e-02  1.000000e-01 4.947267e-05 8.000000e-04 5.727575e+06 3.180196e+01 2.288793e+01 6.923325e+01 3.848559e-03 1.716589e-03 3.152914e-02 4.704142e-01 1.261802e+00
3.000000e-02 1.266000e-02  1.150909e-02  1.000000e-01 5.079093e-05 8.000000e-04 5.727575e+06 3.180195e+01 2.288793e+01 6.923322e+01 4.335994e-03 1.791058e-03 3.323178e-02 4.958176e-01 1.329942e+00
3.000000e-02 1.266000e-02  1.150909e-02  1.000000e-01 5.214431e-05 8.000000e-04 5.727575e+06 3.180193e+01 2.288792e+01 6.923318e+01 4.321088e-03 1.905434e-03 3.502638e-02 5.225929e-01 1.401762e+00
3.000000e-02 1.266000e-02  1.150909e-02  1.000000e-01 5.353375e-05 8.000000e-04 5.727575e+06 3.180194e+01 2.288792e+01 6.923320e+01 4.841768e-03 2.003912e-03 3.691788e-02 5.508142e-01 1.477460e+00
3.000000e-02 1.266000e-02  1.150909e-02  1.000000e-01 5.496022e-05 8.000000e-04 5.727575e+06 3.180193e+01 2.288791e+01 6.923318e+01 5.149548e-03 2.148684e-03 3.891153e-02 5.805594e-01 1.557246e+00
3.000000e-02 1.266000e-02  1.150909e-02  1.000000e-01 5.642470e-05 8.000000e-04 5.727575e+06 3.180194e+01 2.288791e+01 6.923319e+01 5.319434e-03 2.257955e-03 4.101284e-02 6.119110e-01 1.641341e+00
3.000000e-02 1.266000e-02  1.150909e-02  1.000000e-01 5.792820e-05 8.000000e-04 5.727575e+06 3.180193e+01 2.288790e+01 6.923317e+01 5.601656e-03 2.380158e-03 4.322763e-02 6.449556e-01 1.729978e+00
3.000000e-02 1.266000e-02  1.150909e-02  1.000000e-01 5.947176e-05 8.000000e-04 5.727575e+06 3.180193e+01 2.288790e+01 6.923317e+01 5.777504e-03 2.423859e-03 4.556202e-02 6.797846e-01 1.823400e+00
3.000000e-02 1.266000e-02  1.150909e-02  1.000000e-01 6.105646e-05 8.000000e-04 5.727575e+06 3.180190e+01 2.288790e+01 6.923312e+01 6.573993e-03 2.638043e-03 4.802248e-02 7.164946e-01 1.921868e+00
3.000000e-02 1.266000e-02  1.150909e-02  1.000000e-01 6.268338e-05 8.000000e-04 5.727575e+06 3.180190e+01 2.288788e+01 6.923311e+01 6.569244e-03 2.740503e-03 5.061580e-02 7.551870e-01 2.025653e+00
3.000000e-02 1.266000e-02  1.150909e-02  1.000000e-01 6.435365e-05 8.000000e-04 5.727575e+06 3.180189e+01 2.288788e+01 6.923308e+01 6.567591e-03 2.943633e-03 5.334917e-02 7.959688e-01 2.135043e+00
3.000000e-02 1.266000e-02  1.150909e-02  1.000000e-01 6.606842e-05 8.000000e-04 5.727575e+06 3.180185e+01 2.288787e+01 6.923300e+01 7.636324e-03 3.098169e-03 5.623015e-02 8.389529e-01 2.250341e+00
3.000000e-02 1.266000e-02  1.150909e-02  1.000000e-01 6.782889e-05 8.000000e-04 5.727575e+06 3.180189e+01 2.288786e+01 6.923308e+01 8.193192e-03 3.271029e-03 5.926671e-02 8.842583e-01 2.371864e+00
3.000000e-02 1.266000e-02  1.150909e-02  1.000000e-01 6.963627e-05 8.000000e-04 5.727575e+06 3.180186e+01 2.288785e+01 6.923302e+01 8.181168e-03 3.480245e-03 6.246725e-02 9.320103e-01 2.499950e+00
3.000000e-02 1.266000e-02  1.150909e-02  1.000000e-01 7.149181e-05 8.000000e-04 5.727575e+06 3.180186e+01 2.288785e+01 6.923302e+01 8.598004e-03 3.612185e-03 6.584063e-02 9.823411e-01 2.634954e+00
3.000000e-02 1.266000e-02  1.150909e-02  1.000000e-01 7.339679e-05 8.000000e-04 5.727575e+06 3.180183e+01 2.288785e+01 6.923295e+01 9.494950e-03 3.755682e-03 6.939617e-02 1.035390e+00 2.777247e+00
3.000000e-02 1.266000e-02  1.150909e-02  1.000000e-01 7.535253e-05 8.000000e-04 5.727575e+06 3.180183e+01 2.288782e+01 6.923294e+01 9.717231e-03 3.985521e-03 7.314373e-02 1.091303e+00 2.927225e+00
3.000000e-02 1.266000e-02  1.150909e-02  1.000000e-01 7.736039e-05 8.000000e-04 5.727575e+06 3.180182e+01 2.288782e+01 6.923294e+01 1.065885e-02 4.150157e-03 7.709366e-02 1.150236e+00 3.085302e+00
3.000000e-02 1.266000e-02  1.150909e-02  1.000000e-01 7.942174e-05 8.000000e-04 5.727575e+06 3.180182e+01 2.288778e+01 6.923292e+01 1.055834e-02 4.560577e-03 8.125689e-02 1.212351e+00 3.251915e+00
3.000000e-02 1.266000e-02  1.150909e-02  1.000000e-01 8.153803e-05 8.000000e-04 5.727575e+06 3.180181e+01 2.288780e+01 6.923290e+01 1.111880e-02 4.670285e-03 8.564495e-02 1.277821e+00 3.427526e+00
3.000000e-02 1.266000e-02  1.150909e-02  1.000000e-01 8.371070e-05 8.000000e-04 5.727575e+06 3.180180e+01 2.288778e+01 6.923288e+01 1.172690e-02 4.888830e-03 9.026998e-02 1.346827e+00 3.612621e+00
3.000000e-02 1.266000e-02  1.150909e-02  1.000000e-01 8.594127e-05 8.000000e-04 5.727575e+06 3.180179e+01 2.288776e+01 6.923285e+01 1.240727e-02 5.244970e-03 9.514477e-02 1.419558e+00 3.807710e+00
3.000000e-02 1.266000e-02  1.150909e-02  1.000000e-01 8.823127e-05 8.000000e-04 5.727575e+06 3.180172e+01 2.288775e+01 6.923272e+01 1.287968e-02 5.457383e-03 1.002828e-01 1.496218e+00 4.013336e+00
3.000000e-02 1.266000e-02  1.150909e-02  1.000000e-01 9.058230e-05 8.000000e-04 5.727575e+06 3.180180e+01 2.288773e+01 6.923286e+01 1.419623e-02 5.875113e-03 1.056983e-01 1.577017e+00 4.230065e+00
3.000000e-02 1.266000e-02  1.150909e-02  1.000000e-01 9.299597e-05 8.000000e-04 5.727575e+06 3.180177e+01 2.288773e+01 6.923280e+01 1.454455e-02 6.022393e-03 1.114063e-01 1.662180e+00 4.458498e+00
3.000000e-02 1.266000e-02  1.150909e-02  1.000000e-01 9.547395e-05 8.000000e-04 5.727575e+06 3.180174e+01 2.288771e+01 6.923273e+01 1.577727e-02 6.328090e-03 1.174225e-01 1.751941e+00 4.699267e+00
3.000000e-02 1.266000e-02  1.150909e-02  1.000000e-01 9.801796e-05 8.000000e-04 5.727575e+06 3.180174e+01 2.288770e+01 6.923273e+01 1.599914e-02 6.746553e-03 1.237635e-01 1.846550e+00 4.953039e+00
3.000000e-02 1.266000e-02  1.150909e-02  1.000000e-01 1.006298e-04 8.000000e-04 5.727575e+06 3.180169e+01 2.288765e+01 6.923262e+01 1.667968e-02 7.155939e-03 1.304471e-01 1.946268e+00 5.220514e+00
3.000000e-02 1.266000e-02  1.150909e-02  1.000000e-01 1.033112e-04 8.000000e-04 5.727575e+06 3.180163e+01 2.288765e+01 6.923249e+01 1.763328e-02 7.558180e-03 1.374915e-01 2.051371e+00 5.502434e+00
3.000000e-02 1.266000e-02  1.150909e-02  1.000000e-01 1.060640e-04 8.000000e-04 5.727575e+06 3.180166e+01 2.288762e+01 6.923255e+01 1.856120e-02 7.924749e-03 1.449164e-01 2.162150e+00 5.799578e+00
3.000000e-02 1.266000e-02  1.150909e-02  1.000000e-01 1.088902e-04 8.000000e-04 5.727575e+06 3.180163e+01 2.288758e+01 6.923248e+01 2.037808e-02 8.258607e-03 1.527422e-01 2.278911e+00 6.112769e+00
3.000000e-02 1.266000e-02  1.150909e-02  1.000000e-01 1.117917e-04 8.000000e-04 5.727575e+06 3.180165e+01 2.288759e+01 6.923252e+01 2.037712e-02 8.796746e-03 1.609906e-01 2.401977e+00 6.442873e+00
3.000000e-02 1.266000e-02  1.150909e-02  1.000000e-01 1.147705e-04 8.000000e-04 5.727575e+06 3.180152e+01 2.288756e+01 6.923226e+01 2.162612e-02 9.200986e-03 1.696845e-01 2.531689e+00 6.790803e+00
3.000000e-02 1.266000e-02  1.150909e-02  1.000000e-01 1.178287e-04 8.000000e-04 5.727575e+06 3.180148e+01 2.288754e+01 6.923215e+01 2.427242e-02 9.714579e-03 1.788478e-01 2.668407e+00 7.157522e+00
3.000000e-02 1.266000e-02  1.150909e-02  1.000000e-01 1.209684e-04 8.000000e-04 5.727575e+06 3.180153e+01 2.288750e+01 6.923227e+01 2.475633e-02 1.043606e-02 1.885060e-01 2.812507e+00 7.544044e+00
3.000000e-02 1.266000e-02  1.150909e-02  1.000000e-01 1.241917e-04 8.000000e-04 5.727575e+06 3.180154e+01 2.288748e+01 6.923227e+01 2.455516e-02 1.101521e-02 1.986858e-01 2.964389e+00 7.951440e+00
3.000000e-02 1.266000e-02  1.150909e-02  1.000000e-01 1.275010e-04 8.000000e-04 5.727575e+06 3.180147e+01 2.288746e+01 6.923212e+01 2.666934e-02 1.166748e-02 2.094153e-01 3.124472e+00 8.380836e+00
3.000000e-02 1.266000e-02  1.150909e-02  1.000000e-01 1.308984e-04 8.000000e-04 5.727575e+06 3.180143e+01 2.288743e+01 6.923203e+01 2.722506e-02 1.206073e-02 2.207242e-01 3.293201e+00 8.833421e+00
3.000000e-02 1.266000e-02  1.150909e-02  1.000000e-01 1.343863e-04 8.000000e-04 5.727575e+06 3.180161e+01 2.288740e+01 6.923239e+01 3.172596e-02 1.264119e-02 2.326438e-01 3.471042e+00 9.310446e+00
3.000000e-02 1.266000e-02  1.150909e-02  1.000000e-01 1.379672e-04 8.000000e-04 5.727575e+06 3.180146e+01 2.288737e+01 6.923208e+01 3.301431e-02 1.349344e-02 2.452071e-01 3.658486e+00 9.813232e+00
3.000000e-02 1.266000e-02  1.150909e-02  1.000000e-01 1.416435e-04 8.000000e-04 5.727575e+06 3.180144e+01 2.288733e+01 6.923202e+01 3.433434e-02 1.421301e-02 2.584488e-01 3.856053e+00 1.034317e+01
3.000000e-02 1.266000e-02  1.150909e-02  1.000000e-01 1.454177e-04 8.000000e-04 5.727575e+06 3.180135e+01 2.288729e+01 6.923187e+01 3.431759e-02 1.478356e-02 2.724057e-01 4.064288e+00 1.090172e+01
3.000000e-02 1.266000e-02  1.150909e-02  1.000000e-01 1.492926e-04 8.000000e-04 5.727575e+06 3.180135e+01 2.288727e+01 6.923184e+01 3.705197e-02 1.537875e-02 2.871162e-01 4.283769e+00 1.149044e+01
3.000000e-02 1.266000e-02  1.150909e-02  1.000000e-01 1.532706e-04 8.000000e-04 5.727575e+06 3.180119e+01 2.288724e+01 6.923150e+01 4.020598e-02 1.659041e-02 3.026212e-01 4.515103e+00 1.211095e+01
3.000000e-02 1.266000e-02  1.150909e-02  1.000000e-01 1.573547e-04 8.000000e-04 5.727575e+06 3.180130e+01 2.288720e+01 6.923172e+01 4.168615e-02 1.719589e-02 3.189634e-01 4.758929e+00 1.276497e+01
3.000000e-02 1.266000e-02  1.150909e-02  1.000000e-01 1.615476e-04 8.000000e-04 5.727575e+06 3.180129e+01 2.288714e+01 6.923166e+01 4.404146e-02 1.835985e-02 3.361882e-01 5.015922e+00 1.345431e+01
3.000000e-02 1.266000e-02  1.150909e-02  1.000000e-01 1.658522e-04 8.000000e-04 5.727575e+06 3.180106e+01 2.288703e+01 6.923117e+01 4.513992e-02 1.948685e-02 3.543431e-01 5.286793e+00 1.418087e+01
3.000000e-02 1.266000e-02  1.150909e-02  1.000000e-01 1.702715e-04 8.000000e-04 5.727575e+06 3.180110e+01 2.288703e+01 6.923126e+01 4.623095e-02 2.024285e-02 3.734784e-01 5.572292e+00 1.494667e+01
3.000000e-02 1.266000e-02  1.150909e-02  1.000000e-01 1.748086e-04 8.000000e-04 5.727575e+06 3.180111e+01 2.288694e+01 6.923128e+01 4.910336e-02 2.158009e-02 3.936471e-01 5.873209e+00 1.575383e+01
3.000000e-02 1.266000e-02  1.150909e-02  1.000000e-01 1.794666e-04 8.000000e-04 5.727575e+06 3.180097e+01 2.288693e+01 6.923096e+01 5.440867e-02 2.279531e-02 4.149050e-01 6.190376e+00 1.660457e+01
3.000000e-02 1.266000e-02  1.150909e-02  1.000000e-01 1.842487e-04 8.000000e-04 5.727575e+06 3.180098e+01 2.288681e+01 6.923097e+01 5.782157e-02 2.369975e-02 4.373108e-01 6.524670e+00 1.750126e+01
3.000000e-02 1.266000e-02  1.150909e-02  1.000000e-01 1.891582e-04 8.000000e-04 5.727575e+06 3.180092e+01 2.288677e+01 6.923082e+01 5.840026e-02 2.563725e-02 4.609266e-01 6.877018e+00 1.844637e+01
3.000000e-02 1.266000e-02  1.150909e-02  1.000000e-01 1.941986e-04 8.000000e-04 5.727575e+06 3.180090e+01 2.288673e+01 6.923079e+01 6.537849e-02 2.624109e-02 4.858177e-01 7.248392e+00 1.944251e+01
3.000000e-02 1.266000e-02  1.150909e-02  1.000000e-01 1.993732e-04 8.000000e-04 5.727575e+06 3.180075e+01 2.288659e+01 6.923047e+01 6.595063e-02 2.780726e-02 5.120530e-01 7.639822e+00 2.049245e+01
3.000000e-02 1.266000e-02  1.150909e-02  1.000000e-01 2.046857e-04 8.000000e-04 5.727575e+06 3.180062e+01 2.288655e+01 6.923018e+01 7.134383e-02 2.929901e-02 5.397051e-01 8.052390e+00 2.159909e+01
3.000000e-02 1.266000e-02  1.150909e-02  1.000000e-01 2.101398e-04 8.000000e-04 5.727575e+06 3.180062e+01 2.288655e+01 6.923022e+01 7.738995e-02 3.032548e-02 5.688504e-01 8.487238e+00 2.276549e+01
3.000000e-02 1.266000e-02  1.150909e-02  1.000000e-01 2.157392e-04 8.000000e-04 5.727575e+06 3.180055e+01 2.288640e+01 6.922997e+01 7.651527e-02 3.299688e-02 5.995696e-01 8.945569e+00 2.399488e+01
3.000000e-02 1.266000e-02  1.150909e-02  1.000000e-01 2.214878e-04 8.000000e-04 5.727575e+06 3.180032e+01 2.288630e+01 6.922957e+01 8.385501e-02 3.462036e-02 6.319478e-01 9.428650e+00 2.529066e+01
3.000000e-02 1.266000e-02  1.150909e-02  1.000000e-01 2.273896e-04 8.000000e-04 5.727575e+06 3.180013e+01 2.288622e+01 6.922905e+01 8.845514e-02 3.632973e-02 6.660744e-01 9.937819e+00 2.665642e+01
3.000000e-02 1.266000e-02  1.150909e-02  1.000000e-01 2.334487e-04 8.000000e-04 5.727575e+06 3.180034e+01 2.288609e+01 6.922951e+01 9.202641e-02 3.874905e-02 7.020440e-01 1.047448e+01 2.809592e+01
3.000000e-02 1.266000e-02  1.150909e-02  1.000000e-01 2.396692e-04 8.000000e-04 5.727575e+06 3.180018e+01 2.288604e+01 6.922914e+01 9.664098e-02 3.965370e-02 7.399560e-01 1.104013e+01 2.961317e+01
3.000000e-02 1.266000e-02  1.150909e-02  1.000000e-01 2.460555e-04 8.000000e-04 5.727575e+06 3.179988e+01 2.288584e+01 6.922847e+01 1.020339e-01 4.298175e-02 7.799153e-01 1.163632e+01 3.121235e+01
3.000000e-02 1.266000e-02  1.150909e-02  1.000000e-01 2.526119e-04 8.000000e-04 5.727575e+06 3.180000e+01 2.288583e+01 6.922877e+01 1.048545e-01 4.545019e-02 8.220325e-01 1.226471e+01 3.289789e+01
3.000000e-02 1.266000e-02  1.150909e-02  1.000000e-01 2.593430e-04 8.000000e-04 5.727575e+06 3.180023e+01 2.288571e+01 6.922916e+01 1.139572e-01 4.714323e-02 8.664242e-01 1.292703e+01 3.467445e+01
3.000000e-02 1.266000e-02  1.150909e-02  1.000000e-01 2.662535e-04 8.000000e-04 5.727575e+06 3.180010e+01 2.288549e+01 6.922885e+01 1.126676e-01 4.927327e-02 9.132131e-01 1.362512e+01 3.654695e+01
3.000000e-02 1.266000e-02  1.150909e-02  1.000000e-01 2.733482e-04 8.000000e-04 5.727575e+06 3.179972e+01 2.288538e+01 6.922808e+01 1.220030e-01 5.279909e-02 9.625287e-01 1.436091e+01 3.852057e+01
3.000000e-02 1.266000e-02  1.150909e-02  1.000000e-01 2.806318e-04 8.000000e-04 5.727575e+06 3.179920e+01 2.288556e+01 6.922700e+01 1.292618e-01 5.464937e-02 1.014507e+00 1.513643e+01 4.060077e+01
3.000000e-02 1.266000e-02  1.150909e-02  1.000000e-01 2.881096e-04 8.000000e-04 5.727575e+06 3.179953e+01 2.288507e+01 6.922754e+01 1.425258e-01 5.820069e-02 1.069293e+00 1.595384e+01 4.279331e+01
3.000000e-02 1.266000e-02  1.150909e-02  1.000000e-01 2.957866e-04 8.000000e-04 5.727575e+06 3.179838e+01 2.288513e+01 6.922528e+01 1.603926e-01 6.115610e-02 1.127038e+00 1.681538e+01 4.510424e+01
3.000000e-02 1.266000e-02  1.150909e-02  1.000000e-01 3.036682e-04 8.000000e-04 5.727575e+06 3.179899e+01 2.288485e+01 6.922641e+01 1.582803e-01 6.462745e-02 1.187900e+00 1.772345e+01 4.753998e+01
3.000000e-02 1.266000e-02  1.150909e-02  1.000000e-01 3.117598e-04 8.000000e-04 5.727575e+06 3.179914e+01 2.288459e+01 6.922661e+01 1.540386e-01 6.886685e-02 1.252050e+00 1.868056e+01 5.010724e+01
3.000000e-02 1.266000e-02  1.150909e-02  1.000000e-01 3.200670e-04 8.000000e-04 5.727575e+06 3.179846e+01 2.288430e+01 6.922515e+01 1.710377e-01 7.288191e-02 1.319663e+00 1.968935e+01 5.281315e+01
3.000000e-02 1.266000e-02  1.150909e-02  1.000000e-01 3.285955e-04 8.000000e-04 5.727575e+06 3.179820e+01 2.288441e+01 6.922465e+01 1.828027e-01 7.505415e-02 1.390928e+00 2.075262e+01 5.566518e+01
3.000000e-02 1.266000e-02  1.150909e-02  1.000000e-01 3.373513e-04 8.000000e-04 5.727575e+06 3.179811e+01 2.288418e+01 6.922438e+01 2.030058e-01 8.022801e-02 1.466041e+00 2.187331e+01 5.867123e+01
3.000000e-02 1.266000e-02  1.150909e-02  1.000000e-01 3.463404e-04 8.000000e-04 5.727575e+06 3.179839e+01 2.288382e+01 6.922496e+01 1.991852e-01 8.572728e-02 1.545211e+00 2.305452e+01 6.183962e+01
3.000000e-02 1.266000e-02  1.150909e-02  1.000000e-01 3.555691e-04 8.000000e-04 5.727575e+06 3.179804e+01 2.288366e+01 6.922427e+01 2.078864e-01 8.933722e-02 1.628656e+00 2.429952e+01 6.517910e+01
3.000000e-02 1.266000e-02  1.150909e-02  1.000000e-01 3.650436e-04 8.000000e-04 5.727575e+06 3.179736e+01 2.288339e+01 6.922267e+01 2.261932e-01 9.121314e-02 1.716607e+00 2.561175e+01 6.869892e+01
3.000000e-02 1.266000e-02  1.150909e-02  1.000000e-01 3.747706e-04 8.000000e-04 5.727575e+06 3.179708e+01 2.288324e+01 6.922221e+01 2.366088e-01 9.784807e-02 1.809308e+00 2.699484e+01 7.240882e+01
3.000000e-02 1.266000e-02  1.150909e-02  1.000000e-01 3.847568e-04 8.000000e-04 5.727575e+06 3.179714e+01 2.288287e+01 6.922207e+01 2.389119e-01 1.029173e-01 1.907015e+00 2.845263e+01 7.631906e+01
3.000000e-02 1.266000e-02  1.150909e-02  1.000000e-01 3.950091e-04 8.000000e-04 5.727575e+06 3.179773e+01 2.288261e+01 6.922329e+01 2.578531e-01 1.099483e-01 2.009998e+00 2.998913e+01 8.044047e+01
3.000000e-02 1.266000e-02  1.150909e-02  1.000000e-01 4.055346e-04 8.000000e-04 5.727575e+06 3.179551e+01 2.288228e+01 6.921855e+01 2.821313e-01 1.156838e-01 2.118542e+00 3.160862e+01 8.478444e+01
3.000000e-02 1.266000e-02  1.150909e-02  1.000000e-01 4.163405e-04 8.000000e-04 5.727575e+06 3.179664e+01 2.288194e+01 6.922090e+01 2.905078e-01 1.237304e-01 2.232949e+00 3.331556e+01 8.936300e+01
3.000000e-02 1.266000e-02  1.150909e-02  1.000000e-01 4.274344e-04 8.000000e-04 5.727575e+06 3.179624e+01 2.288138e+01 6.922003e+01 2.987893e-01 1.298968e-01 2.353533e+00 3.511467e+01 9.418881e+01
3.000000e-02 1.266000e-02  1.150909e-02  1.000000e-01 4.388239e-04 8.000000e-04 5.727575e+06 3.179433e+01 2.288146e+01 6.921602e+01 3.169677e-01 1.375097e-01 2.480629e+00 3.701095e+01 9.927522e+01
3.000000e-02 1.266000e-02  1.150909e-02  1.000000e-01 4.505168e-04 8.000000e-04 5.727575e+06 3.179501e+01 2.288094e+01 6.921730e+01 3.204114e-01 1.444566e-01 2.614589e+00 3.900962e+01 1.046363e+02
3.000000e-02 1.266000e-02  1.150909e-02  1.000000e-01 4.625214e-04 8.000000e-04 5.727575e+06 3.179380e+01 2.288051e+01 6.921461e+01 3.618430e-01 1.502611e-01 2.755783e+00 4.111623e+01 1.102869e+02
3.000000e-02 1.266000e-02  1.150909e-02  1.000000e-01 4.748458e-04 8.000000e-04 5.727575e+06 3.179427e+01 2.288044e+01 6.921560e+01 3.848667e-01 1.583882e-01 2.904601e+00 4.333661e+01 1.162427e+02
3.000000e-02 1.266000e-02  1.150909e-02  1.000000e-01 4.874986e-04 8.000000e-04 5.727575e+06 3.179461e+01 2.287963e+01 6.921627e+01 3.973862e-01 1.679110e-01 3.061457e+00 4.567688e+01 1.225200e+02
3.000000e-02 1.266000e-02  1.150909e-02  1.000000e-01 5.004886e-04 8.000000e-04 5.727575e+06 3.179409e+01 2.287975e+01 6.921503e+01 4.085283e-01 1.755840e-01 3.226782e+00 4.814354e+01 1.291364e+02
3.000000e-02 1.266000e-02  1.150909e-02  1.000000e-01 5.138247e-04 8.000000e-04 5.727575e+06 3.179384e+01 2.287884e+01 6.921441e+01 4.557981e-01 1.823397e-01 3.401036e+00 5.074340e+01 1.361101e+02
3.000000e-02 1.266000e-02  1.150909e-02  1.000000e-01 5.275161e-04 8.000000e-04 5.727575e+06 3.179451e+01 2.287819e+01 6.921590e+01 4.725183e-01 1.958643e-01 3.584700e+00 5.348366e+01 1.434603e+02
3.000000e-02 1.266000e-02  1.150909e-02  1.000000e-01 5.415724e-04 8.000000e-04 5.727575e+06 3.179329e+01 2.287785e+01 6.921285e+01 4.822176e-01 2.089854e-01 3.778282e+00 5.637191e+01 1.512075e+02
3.000000e-02 1.266000e-02  1.150909e-02  1.000000e-01 5.560032e-04 8.000000e-04 5.727575e+06 3.179265e+01 2.287693e+01 6.921190e+01 4.880847e-01 2.189723e-01 3.982318e+00 5.941612e+01 1.593731e+02
3.000000e-02 1.266000e-02  1.150909e-02  1.000000e-01 5.708185e-04 8.000000e-04 5.727575e+06 3.179254e+01 2.287652e+01 6.921131e+01 5.486768e-01 2.285665e-01 4.197373e+00 6.262473e+01 1.679796e+02
3.000000e-02 1.266000e-02  1.150909e-02  1.000000e-01 5.860287e-04 8.000000e-04 5.727575e+06 3.179148e+01 2.287677e+01 6.920896e+01 5.442085e-01 2.371227e-01 4.424040e+00 6.600661e+01 1.770509e+02
3.000000e-02 1.266000e-02  1.150909e-02  1.000000e-01 6.016441e-04 8.000000e-04 5.727575e+06 3.178936e+01 2.287559e+01 6.920443e+01 6.006147e-01 2.489032e-01 4.662949e+00 6.957112e+01 1.866120e+02
3.000000e-02 1.266000e-02  1.150909e-02  1.000000e-01 6.176756e-04 8.000000e-04 5.727575e+06 3.178902e+01 2.287416e+01 6.920323e+01 6.542294e-01 2.699061e-01 4.914759e+00 7.332812e+01 1.966895e+02
3.000000e-02 1.266000e-02  1.150909e-02  1.000000e-01 6.341342e-04 8.000000e-04 5.727575e+06 3.178934e+01 2.287373e+01 6.920384e+01 6.656304e-01 2.782286e-01 5.180167e+00 7.728801e+01 2.073112e+02
3.000000e-02 1.266000e-02  1.150909e-02  1.000000e-01 6.510315e-04 8.000000e-04 5.727575e+06 3.179128e+01 2.287334e+01 6.920791e+01 6.916640e-01 2.970698e-01 5.459908e+00 8.146174e+01 2.185065e+02
3.000000e-02 1.266000e-02  1.150909e-02  1.000000e-01 6.683790e-04 8.000000e-04 5.727575e+06 3.178471e+01 2.287186e+01 6.919384e+01 7.767935e-01 3.129073e-01 5.754756e+00 8.586086e+01 2.303064e+02
3.000000e-02 1.266000e-02  1.150909e-02  1.000000e-01 6.861887e-04 8.000000e-04 5.727575e+06 3.178739e+01 2.287134e+01 6.919975e+01 7.688467e-01 3.297259e-01 6.065526e+00 9.049755e+01 2.427434e+02
3.000000e-02 1.266000e-02  1.150909e-02  1.000000e-01 7.044730e-04 8.000000e-04 5.727575e+06 3.178577e+01 2.287123e+01 6.919617e+01 8.079536e-01 3.470826e-01 6.393079e+00 9.538463e+01 2.558521e+02
3.000000e-02 1.266000e-02  1.150909e-02  1.000000e-01 7.232445e-04 8.000000e-04 5.727575e+06 3.178741e+01 2.287031e+01 6.919903e+01 8.734134e-01 3.694204e-01 6.738320e+00 1.005356e+02 2.696688e+02
3.000000e-02 1.266000e-02  1.150909e-02  1.000000e-01 7.425162e-04 8.000000e-04 5.727575e+06 3.178531e+01 2.286823e+01 6.919463e+01 9.185254e-01 3.876716e-01 7.102205e+00 1.059648e+02 2.842315e+02
3.000000e-02 1.266000e-02  1.150909e-02  1.000000e-01 7.623014e-04 8.000000e-04 5.727575e+06 3.178240e+01 2.286860e+01 6.918950e+01 1.006379e+00 4.064410e-01 7.485740e+00 1.116871e+02 2.995807e+02
3.000000e-02 1.266000e-02  1.150909e-02  1.000000e-01 7.826138e-04 8.000000e-04 5.727575e+06 3.178278e+01 2.286710e+01 6.918914e+01 1.026548e+00 4.337243e-01 7.889988e+00 1.177185e+02 3.157587e+02
3.000000e-02 1.266000e-02  1.150909e-02  1.000000e-01 8.034674e-04 8.000000e-04 5.727575e+06 3.177895e+01 2.286696e+01 6.918108e+01 1.057597e+00 4.521790e-01 8.316066e+00 1.240756e+02 3.328104e+02
3.000000e-02 1.266000e-02  1.150909e-02  1.000000e-01 8.248767e-04 8.000000e-04 5.727575e+06 3.178227e+01 2.286401e+01 6.918693e+01 1.135941e+00 4.786466e-01 8.765152e+00 1.307759e+02 3.507830e+02
3.000000e-02 1.266000e-02  1.150909e-02  1.000000e-01 8.468565e-04 8.000000e-04 5.727575e+06 3.177827e+01 2.286355e+01 6.917882e+01 1.230523e+00 5.010575e-01 9.238491e+00 1.378381e+02 3.697261e+02
3.000000e-02 1.266000e-02  1.150909e-02  1.000000e-01 8.694220e-04 8.000000e-04 5.727575e+06 3.177195e+01 2.286403e+01 6.916631e+01 1.332774e+00 5.215905e-01 9.737391e+00 1.452817e+02 3.896921e+02
3.000000e-02 1.266000e-02  1.150909e-02  1.000000e-01 8.925887e-04 8.000000e-04 5.727575e+06 3.177937e+01 2.286154e+01 6.918052e+01 1.320626e+00 5.607847e-01 1.026323e+01 1.531273e+02 4.107364e+02
3.000000e-02 1.266000e-02  1.150909e-02  1.000000e-01 9.163728e-04 8.000000e-04 5.727575e+06 3.177367e+01 2.285775e+01 6.916764e+01 1.327003e+00 5.929850e-01 1.081747e+01 1.613965e+02 4.329171e+02
3.000000e-02 1.266000e-02  1.150909e-02  1.000000e-01 9.407906e-04 8.000000e-04 5.727575e+06 3.177272e+01 2.285823e+01 6.916580e+01 1.497602e+00 6.139714e-01 1.140164e+01 1.701123e+02 4.562957e+02
3.000000e-02 1.266000e-02  1.150909e-02  1.000000e-01 9.658591e-04 8.000000e-04 5.727575e+06 3.177240e+01 2.285599e+01 6.916476e+01 1.480518e+00 6.641715e-01 1.201736e+01 1.792987e+02 4.809367e+02
3.000000e-02 1.266000e-02  1.150909e-02  1.000000e-01 9.915955e-04 8.000000e-04 5.727575e+06 3.177220e+01 2.285428e+01 6.916413e+01 1.610112e+00 6.789902e-01 1.266632e+01 1.889813e+02 5.069084e+02
3.000000e-02 1.266000e-02  1.150909e-02  1.000000e-01 1.018018e-03 8.000000e-04 5.727575e+06 3.176557e+01 2.285407e+01 6.914984e+01 1.718898e+00 7.200368e-01 1.335033e+01 1.991867e+02 5.342826e+02
3.000000e-02 1.266000e-02  1.150909e-02  1.000000e-01 1.045144e-03 8.000000e-04 5.727575e+06 3.176691e+01 2.285251e+01 6.915285e+01 1.726509e+00 7.680891e-01 1.407128e+01 2.099433e+02 5.631352e+02
3.000000e-02 1.266000e-02  1.150909e-02  1.000000e-01 1.072993e-03 8.000000e-04 5.727575e+06 3.177143e+01 2.284719e+01 6.916095e+01 1.901151e+00 8.097363e-01 1.483116e+01 2.212807e+02 5.935458e+02
3.000000e-02 1.266000e-02  1.150909e-02  1.000000e-01 1.101584e-03 8.000000e-04 5.727575e+06 3.176205e+01 2.284610e+01 6.914225e+01 1.925307e+00 8.460279e-01 1.563208e+01 2.332304e+02 6.255986e+02
3.000000e-02 1.266000e-02  1.150909e-02  1.000000e-01 1.130937e-03 8.000000e-04 5.727575e+06 3.176423e+01 2.284521e+01 6.914515e+01 2.104583e+00 8.748632e-01 1.647625e+01 2.458254e+02 6.593824e+02
3.000000e-02 1.266000e-02  1.150909e-02  1.000000e-01 1.161072e-03 8.000000e-04 5.727575e+06 3.176066e+01 2.284154e+01 6.913895e+01 2.253281e+00 9.432734e-01 1.736601e+01 2.591005e+02 6.949906e+02
3.000000e-02 1.266000e-02  1.150909e-02  1.000000e-01 1.192010e-03 8.000000e-04 5.727575e+06 3.175938e+01 2.283536e+01 6.913282e+01 2.219135e+00 9.870351e-01 1.830381e+01 2.730926e+02 7.325218e+02
3.000000e-02 1.266000e-02  1.150909e-02  1.000000e-01 1.223773e-03 8.000000e-04 5.727575e+06 3.175379e+01 2.283652e+01 6.912159e+01 2.440208e+00 1.078824e+00 1.929226e+01 2.878402e+02 7.720797e+02
3.000000e-02 1.266000e-02  1.150909e-02  1.000000e-01 1.256382e-03 8.000000e-04 5.727575e+06 3.174930e+01 2.283300e+01 6.911191e+01 2.682710e+00 1.124393e+00 2.033409e+01 3.033842e+02 8.137738e+02
3.000000e-02 1.266000e-02  1.150909e-02  1.000000e-01 1.289860e-03 8.000000e-04 5.727575e+06 3.175242e+01 2.283264e+01 6.911718e+01 2.831313e+00 1.186440e+00 2.143218e+01 3.197677e+02 8.577195e+02
3.000000e-02 1.266000e-02  1.150909e-02  1.000000e-01 1.324229e-03 8.000000e-04 5.727575e+06 3.175155e+01 2.282705e+01 6.911499e+01 2.763271e+00 1.229387e+00 2.258956e+01 3.370359e+02 9.040384e+02
3.000000e-02 1.266000e-02  1.150909e-02  1.000000e-01 1.359515e-03 8.000000e-04 5.727575e+06 3.174064e+01 2.282538e+01 6.909174e+01 2.991324e+00 1.308169e+00 2.380945e+01 3.552367e+02 9.528586e+02
3.000000e-02 1.266000e-02  1.150909e-02  1.000000e-01 1.395741e-03 8.000000e-04 5.727575e+06 3.173600e+01 2.282191e+01 6.908280e+01 3.234371e+00 1.373947e+00 2.509522e+01 3.744203e+02 1.004315e+03
3.000000e-02 1.266000e-02  1.150909e-02  1.000000e-01 1.432932e-03 8.000000e-04 5.727575e+06 3.172795e+01 2.281749e+01 6.906566e+01 3.626641e+00 1.454518e+00 2.645042e+01 3.946398e+02 1.058551e+03
3.000000e-02 1.266000e-02  1.150909e-02  1.000000e-01 1.471114e-03 8.000000e-04 5.727575e+06 3.174241e+01 2.281268e+01 6.909340e+01 3.609762e+00 1.496161e+00 2.787881e+01 4.159513e+02 1.115715e+03
3.000000e-02 1.266000e-02  1.150909e-02  1.000000e-01 1.510314e-03 8.000000e-04 5.727575e+06 3.173530e+01 2.280687e+01 6.907677e+01 3.907391e+00 1.620227e+00 2.938433e+01 4.384137e+02 1.175966e+03
3.000000e-02 1.266000e-02  1.150909e-02  1.000000e-01 1.550558e-03 8.000000e-04 5.727575e+06 3.172507e+01 2.280259e+01 6.905461e+01 3.798372e+00 1.681923e+00 3.097115e+01 4.620891e+02 1.239471e+03
3.000000e-02 1.266000e-02  1.150909e-02  1.000000e-01 1.591874e-03 8.000000e-04 5.727575e+06 3.172096e+01 2.279969e+01 6.904480e+01 4.253665e+00 1.794530e+00 3.264367e+01 4.870430e+02 1.306405e+03
3.000000e-02 1.266000e-02  1.150909e-02  1.000000e-01 1.634292e-03 8.000000e-04 5.727575e+06 3.171772e+01 2.279271e+01 6.903713e+01 4.196685e+00 1.866146e+00 3.440650e+01 5.133445e+02 1.376954e+03
3.000000e-02 1.266000e-02  1.150909e-02  1.000000e-01 1.677839e-03 8.000000e-04 5.727575e+06 3.170128e+01 2.278976e+01 6.900246e+01 4.668498e+00 1.953091e+00 3.626454e+01 5.410663e+02 1.451313e+03
3.000000e-02 1.266000e-02  1.150909e-02  1.000000e-01 1.722547e-03 8.000000e-04 5.727575e+06 3.170270e+01 2.277836e+01 6.900426e+01 4.810580e+00 2.127021e+00 3.822291e+01 5.702852e+02 1.529688e+03
3.000000e-02 1.266000e-02  1.150909e-02  1.000000e-01 1.768447e-03 8.000000e-04 5.727575e+06 3.169253e+01 2.278393e+01 6.898238e+01 5.007678e+00 2.172286e+00 4.028704e+01 6.010819e+02 1.612294e+03
3.000000e-02 1.266000e-02  1.150909e-02  1.000000e-01 1.815569e-03 8.000000e-04 5.727575e+06 3.168980e+01 2.277676e+01 6.897732e+01 5.487502e+00 2.294351e+00 4.246263e+01 6.335418e+02 1.699362e+03
3.000000e-02 1.266000e-02  1.150909e-02  1.000000e-01 1.863947e-03 8.000000e-04 5.727575e+06 3.168420e+01 2.276860e+01 6.896341e+01 6.061003e+00 2.388836e+00 4.475572e+01 6.677546e+02 1.791132e+03
3.000000e-02 1.266000e-02  1.150909e-02  1.000000e-01 1.913614e-03 8.000000e-04 5.727575e+06 3.168428e+01 2.276155e+01 6.895947e+01 6.145621e+00 2.610835e+00 4.717264e+01 7.038149e+02 1.887857e+03
3.000000e-02 1.266000e-02  1.150909e-02  1.000000e-01 1.964605e-03 8.000000e-04 5.727575e+06 3.166022e+01 2.275062e+01 6.890723e+01 6.699416e+00 2.685366e+00 4.972007e+01 7.418226e+02 1.989806e+03
3.000000e-02 1.266000e-02  1.150909e-02  1.000000e-01 2.016954e-03 8.000000e-04 5.727575e+06 3.167421e+01 2.273752e+01 6.893797e+01 6.856934e+00 2.845180e+00 5.240508e+01 7.818829e+02 2.097260e+03
3.000000e-02 1.266000e-02  1.150909e-02  1.000000e-01 2.070698e-03 8.000000e-04 5.727575e+06 3.169837e+01 2.274300e+01 6.898435e+01 6.820301e+00 3.079277e+00 5.523508e+01 8.241064e+02 2.210518e+03
3.000000e-02 1.266000e-02  1.150909e-02  1.000000e-01 2.125874e-03 8.000000e-04 5.727575e+06 3.168009e+01 2.273487e+01 6.895129e+01 7.521179e+00 3.182258e+00 5.821791e+01 8.686102e+02 2.329891e+03
3.000000e-02 1.266000e-02  1.150909e-02  1.000000e-01 2.182521e-03 8.000000e-04 5.727575e+06 3.161395e+01 2.272147e+01 6.880396e+01 8.312338e+00 3.323908e+00 6.136182e+01 9.155173e+02 2.455711e+03
3.000000e-02 1.266000e-02  1.150909e-02  1.000000e-01 2.240677e-03 8.000000e-04 5.727575e+06 3.168397e+01 2.271353e+01 6.894932e+01 8.279681e+00 3.499573e+00 6.467550e+01 9.649574e+02 2.588325e+03
3.000000e-02 1.266000e-02  1.150909e-02  1.000000e-01 2.300382e-03 8.000000e-04 5.727575e+06 3.161203e+01 2.270057e+01 6.879717e+01 9.092064e+00 3.672776e+00 6.816814e+01 1.017068e+03 2.728101e+03
3.000000e-02 1.266000e-02  1.150909e-02  1.000000e-01 2.361679e-03 8.000000e-04 5.727575e+06 3.164076e+01 2.270026e+01 6.885601e+01 9.068682e+00 3.883641e+00 7.184939e+01 1.071992e+03 2.875425e+03
3.000000e-02 1.266000e-02  1.150909e-02  1.000000e-01 2.424609e-03 8.000000e-04 5.727575e+06 3.162680e+01 2.269198e+01 6.882710e+01 9.352305e+00 4.105605e+00 7.572943e+01 1.129882e+03 3.030705e+03
3.000000e-02 1.266000e-02  1.150909e-02  1.000000e-01 2.489215e-03 8.000000e-04 5.727575e+06 3.156888e+01 2.266991e+01 6.870407e+01 1.008981e+01 4.409880e+00 7.981901e+01 1.190898e+03 3.194371e+03
3.000000e-02 1.266000e-02  1.150909e-02  1.000000e-01 2.555544e-03 8.000000e-04 5.727575e+06 3.156889e+01 2.266352e+01 6.870119e+01 1.101220e+01 4.633267e+00 8.412943e+01 1.255210e+03 3.366875e+03
3.000000e-02 1.266000e-02  1.150909e-02  1.000000e-01 2.623639e-03 8.000000e-04 5.727575e+06 3.160355e+01 2.266538e+01 6.877045e+01 1.177378e+01 4.812780e+00 8.867263e+01 1.322994e+03 3.548694e+03
3.000000e-02 1.266000e-02  1.150909e-02  1.000000e-01 2.693549e-03 8.000000e-04 5.727575e+06 3.153168e+01 2.262365e+01 6.862650e+01 1.157332e+01 5.130368e+00 9.346118e+01 1.394439e+03 3.740333e+03
3.000000e-02 1.266000e-02  1.150909e-02  1.000000e-01 2.765322e-03 8.000000e-04 5.727575e+06 3.154829e+01 2.264827e+01 6.865408e+01 1.263876e+01 5.384535e+00 9.850832e+01 1.469742e+03 3.942320e+03
3.000000e-02 1.266000e-02  1.150909e-02  1.000000e-01 2.839008e-03 8.000000e-04 5.727575e+06 3.151662e+01 2.260788e+01 6.857970e+01 1.396977e+01 5.680286e+00 1.038280e+02 1.549112e+03 4.155216e+03
3.000000e-02 1.266000e-02  1.150909e-02  1.000000e-01 2.914657e-03 8.000000e-04 5.727575e+06 3.151634e+01 2.261342e+01 6.857874e+01 1.370561e+01 5.910750e+00 1.094350e+02 1.632768e+03 4.379608e+03
3.000000e-02 1.266000e-02  1.150909e-02  1.000000e-01 2.992321e-03 8.000000e-04 5.727575e+06 3.153391e+01 2.260364e+01 6.860891e+01 1.483281e+01 6.268423e+00 1.153448e+02 1.720942e+03 4.616118e+03
3.000000e-02 1.266000e-02  1.150909e-02  1.000000e-01 3.072056e-03 8.000000e-04 5.727575e+06 3.153436e+01 2.257970e+01 6.860637e+01 1.653320e+01 6.702235e+00 1.215737e+02 1.813877e+03 4.865400e+03
3.000000e-02 1.266000e-02  1.150909e-02  1.000000e-01 3.153914e-03 8.000000e-04 5.727575e+06 3.150746e+01 2.254224e+01 6.854247e+01 1.607513e+01 6.962076e+00 1.281390e+02 1.911831e+03 5.128144e+03
3.000000e-02 1.266000e-02  1.150909e-02  1.000000e-01 3.237955e-03 8.000000e-04 5.727575e+06 3.152038e+01 2.254927e+01 6.857523e+01 1.683825e+01 7.336935e+00 1.350588e+02 2.015075e+03 5.405077e+03
3.000000e-02 1.266000e-02  1.150909e-02  1.000000e-01 3.324234e-03 8.000000e-04 5.727575e+06 3.144657e+01 2.253399e+01 6.841060e+01 1.839917e+01 7.830259e+00 1.423523e+02 2.123894e+03 5.696965e+03
3.000000e-02 1.266000e-02  1.150909e-02  1.000000e-01 3.412813e-03 8.000000e-04 5.727575e+06 3.148160e+01 2.247942e+01 6.848398e+01 1.950229e+01 8.370747e+00 1.500397e+02 2.238590e+03 6.004617e+03
3.000000e-02 1.266000e-02  1.150909e-02  1.000000e-01 3.503751e-03 8.000000e-04 5.727575e+06 3.140752e+01 2.248828e+01 6.833702e+01 2.015190e+01 8.478381e+00 1.581423e+02 2.359480e+03 6.328882e+03
3.000000e-02 1.266000e-02  1.150909e-02  1.000000e-01 3.597114e-03 8.000000e-04 5.727575e+06 3.140460e+01 2.244492e+01 6.830878e+01 2.109217e+01 9.211687e+00 1.666824e+02 2.486898e+03 6.670658e+03
3.000000e-02 1.266000e-02  1.150909e-02  1.000000e-01 3.692963e-03 8.000000e-04 5.727575e+06 3.145860e+01 2.240864e+01 6.841739e+01 2.132072e+01 9.540380e+00 1.756837e+02 2.621197e+03 7.030892e+03
3.000000e-02 1.266000e-02  1.150909e-02  1.000000e-01 3.791367e-03 8.000000e-04 5.727575e+06 3.135940e+01 2.237381e+01 6.819329e+01 2.483808e+01 1.021226e+01 1.851711e+02 2.762749e+03 7.410579e+03
3.000000e-02 1.266000e-02  1.150909e-02  1.000000e-01 3.892393e-03 8.000000e-04 5.727575e+06 3.124893e+01 2.236346e+01 6.795675e+01 2.494775e+01 1.045421e+01 1.951708e+02 2.911945e+03 7.810770e+03
3.000000e-02 1.266000e-02  1.150909e-02  1.000000e-01 3.996112e-03 8.000000e-04 5.727575e+06 3.134528e+01 2.234720e+01 6.816674e+01 2.650680e+01 1.124316e+01 2.057106e+02 3.069198e+03 8.232573e+03
3.000000e-02 1.266000e-02  1.150909e-02  1.000000e-01 4.102593e-03 8.000000e-04 5.727575e+06 3.124651e+01 2.232433e+01 6.795618e+01 2.712746e+01 1.182363e+01 2.168195e+02 3.234943e+03 8.677155e+03
3.000000e-02 1.266000e-02  1.150909e-02  1.000000e-01 4.211913e-03 8.000000e-04 5.727575e+06 3.128842e+01 2.230318e+01 6.804033e+01 2.960499e+01 1.209077e+01 2.285284e+02 3.409639e+03 9.145745e+03
3.000000e-02 1.266000e-02  1.150909e-02  1.000000e-01 4.324145e-03 8.000000e-04 5.727575e+06 3.117478e+01 2.224491e+01 6.780318e+01 3.129984e+01 1.327480e+01 2.408695e+02 3.593769e+03 9.639641e+03
3.000000e-02 1.266000e-02  1.150909e-02  1.000000e-01 4.439368e-03 8.000000e-04 5.727575e+06 3.117988e+01 2.227219e+01 6.779903e+01 3.317949e+01 1.355313e+01 2.538772e+02 3.787843e+03 1.016021e+04
3.000000e-02 1.266000e-02  1.150909e-02  1.000000e-01 4.557661e-03 8.000000e-04 5.727575e+06 3.114938e+01 2.215294e+01 6.770512e+01 3.444716e+01 1.471115e+01 2.675873e+02 3.992398e+03 1.070889e+04
3.000000e-02 1.266000e-02  1.150909e-02  1.000000e-01 4.679107e-03 8.000000e-04 5.727575e+06 3.107234e+01 2.218565e+01 6.756476e+01 3.689483e+01 1.531210e+01 2.820378e+02 4.207999e+03 1.128720e+04
3.000000e-02 1.266000e-02  1.150909e-02  1.000000e-01 4.803788e-03 8.000000e-04 5.727575e+06 3.105413e+01 2.211960e+01 6.751308e+01 3.779387e+01 1.618056e+01 2.972686e+02 4.435243e+03 1.189674e+04
3.000000e-02 1.266000e-02  1.150909e-02  1.000000e-01 4.931792e-03 8.000000e-04 5.727575e+06 3.095884e+01 2.207402e+01 6.728066e+01 4.123674e+01 1.712078e+01 3.133220e+02 4.674759e+03 1.253920e+04
3.000000e-02 1.266000e-02  1.150909e-02  1.000000e-01 5.063207e-03 8.000000e-04 5.727575e+06 3.096733e+01 2.204221e+01 6.733376e+01 4.381924e+01 1.794534e+01 3.302423e+02 4.927210e+03 1.321636e+04
3.000000e-02 1.266000e-02  1.150909e-02  1.000000e-01 5.198124e-03 8.000000e-04 5.727575e+06 3.095477e+01 2.203719e+01 6.728308e+01 4.543559e+01 1.898711e+01 3.480764e+02 5.193295e+03 1.393008e+04
3.000000e-02 1.266000e-02  1.150909e-02  1.000000e-01 5.336636e-03 8.000000e-04 5.727575e+06 3.092995e+01 2.194436e+01 6.720236e+01 4.606025e+01 1.982537e+01 3.668736e+02 5.473748e+03 1.468235e+04
3.000000e-02 1.266000e-02  1.150909e-02  1.000000e-01 5.478839e-03 8.000000e-04 5.727575e+06 3.074721e+01 2.194380e+01 6.678252e+01 5.318162e+01 2.168049e+01 3.866859e+02 5.769348e+03 1.547524e+04
3.000000e-02 1.266000e-02  1.150909e-02  1.000000e-01 5.624831e-03 8.000000e-04 5.727575e+06 3.086099e+01 2.186276e+01 6.705140e+01 5.489668e+01 2.267686e+01 4.075682e+02 6.080911e+03 1.631095e+04
3.000000e-02 1.266000e-02  1.150909e-02  1.000000e-01 5.774713e-03 8.000000e-04 5.727575e+06 3.073844e+01 2.179462e+01 6.674643e+01 5.372882e+01 2.357657e+01 4.295782e+02 6.409300e+03 1.719180e+04
3.000000e-02 1.266000e-02  1.150909e-02  1.000000e-01 5.928590e-03 8.000000e-04 5.727575e+06 3.066598e+01 2.175272e+01 6.659986e+01 5.848885e+01 2.458056e+01 4.527768e+02 6.755423e+03 1.812021e+04
3.000000e-02 1.266000e-02  1.150909e-02  1.000000e-01 6.086567e-03 8.000000e-04 5.727575e+06 3.062331e+01 2.163480e+01 6.648129e+01 6.365938e+01 2.642364e+01 4.772283e+02 7.120238e+03 1.909876e+04
3.000000e-02 1.266000e-02  1.150909e-02  1.000000e-01 6.248754e-03 8.000000e-04 5.727575e+06 3.040411e+01 2.157511e+01 6.602004e+01 6.617642e+01 2.751656e+01 5.030002e+02 7.504755e+03 2.013016e+04
3.000000e-02 1.266000e-02  1.150909e-02  1.000000e-01 6.415262e-03 8.000000e-04 5.727575e+06 3.073992e+01 2.154342e+01 6.673873e+01 6.798962e+01 2.862092e+01 5.301639e+02 7.910037e+03 2.121726e+04
3.000000e-02 1.266000e-02  1.150909e-02  1.000000e-01 6.586208e-03 8.000000e-04 5.727575e+06 3.043938e+01 2.144689e+01 6.607212e+01 7.062975e+01 3.089889e+01 5.587946e+02 8.337207e+03 2.236306e+04
3.000000e-02 1.266000e-02  1.150909e-02  1.000000e-01 6.761709e-03 8.000000e-04 5.727575e+06 3.038700e+01 2.146122e+01 6.592985e+01 7.902645e+01 3.223675e+01 5.889715e+02 8.787446e+03 2.357075e+04
3.000000e-02 1.266000e-02  1.150909e-02  1.000000e-01 6.941887e-03 8.000000e-04 5.727575e+06 3.028332e+01 2.135264e+01 6.568651e+01 8.328817e+01 3.355039e+01 6.207781e+02 9.261999e+03 2.484365e+04
3.000000e-02 1.266000e-02  1.150909e-02  1.000000e-01 7.126866e-03 8.000000e-04 5.727575e+06 3.042307e+01 2.129031e+01 6.601824e+01 8.274913e+01 3.606269e+01 6.543024e+02 9.762181e+03 2.618530e+04
3.000000e-02 1.266000e-02  1.150909e-02  1.000000e-01 7.316774e-03 8.000000e-04 5.727575e+06 3.011550e+01 2.122567e+01 6.533254e+01 9.440175e+01 3.797859e+01 6.896372e+02 1.028938e+04 2.759940e+04
3.000000e-02 1.266000e-02  1.150909e-02  1.000000e-01 7.511744e-03 8.000000e-04 5.727575e+06 2.975010e+01 2.109121e+01 6.461734e+01 9.456307e+01 3.930673e+01 7.268803e+02 1.084504e+04 2.908988e+04
3.000000e-02 1.266000e-02  1.150909e-02  1.000000e-01 7.711908e-03 8.000000e-04 5.727575e+06 2.996803e+01 2.103459e+01 6.489044e+01 9.599019e+01 4.158232e+01 7.661347e+02 1.143072e+04 3.066085e+04
3.000000e-02 1.266000e-02  1.150909e-02  1.000000e-01 7.917407e-03 8.000000e-04 5.727575e+06 2.997301e+01 2.096286e+01 6.491394e+01 1.036502e+02 4.426073e+01 8.075090e+02 1.204802e+04 3.231665e+04
3.000000e-02 1.266000e-02  1.150909e-02  1.000000e-01 8.128383e-03 8.000000e-04 5.727575e+06 3.004801e+01 2.092124e+01 6.515049e+01 1.061613e+02 4.656008e+01 8.511178e+02 1.269866e+04 3.406189e+04
3.000000e-02 1.266000e-02  1.150909e-02  1.000000e-01 8.344980e-03 8.000000e-04 5.727575e+06 2.943676e+01 2.077504e+01 6.387926e+01 1.215960e+02 4.997592e+01 8.970817e+02 1.338444e+04 3.590137e+04
3.000000e-02 1.266000e-02  1.150909e-02  1.000000e-01 8.567350e-03 8.000000e-04 5.727575e+06 2.988698e+01 2.078315e+01 6.471762e+01 1.298868e+02 5.170173e+01 9.455280e+02 1.410726e+04 3.784020e+04
3.000000e-02 1.266000e-02  1.150909e-02  1.000000e-01 8.795645e-03 8.000000e-04 5.727575e+06 3.003493e+01 2.059610e+01 6.516328e+01 1.288877e+02 5.449294e+01 9.965907e+02 1.486912e+04 3.988373e+04
3.000000e-02 1.266000e-02  1.150909e-02  1.000000e-01 9.030025e-03 8.000000e-04 5.727575e+06 2.957528e+01 2.039026e+01 6.400892e+01 1.415826e+02 5.775270e+01 1.050411e+03 1.567212e+04 4.203764e+04
3.000000e-02 1.266000e-02  1.150909e-02  1.000000e-01 9.270651e-03 8.000000e-04 5.727575e+06 2.942037e+01 2.035146e+01 6.357970e+01 1.382791e+02 6.048633e+01 1.107138e+03 1.651848e+04 4.430786e+04
3.000000e-02 1.266000e-02  1.150909e-02  1.000000e-01 9.517689e-03 8.000000e-04 5.727575e+06 2.926156e+01 2.020155e+01 6.337347e+01 1.526720e+02 6.395025e+01 1.166929e+03 1.741056e+04 4.670070e+04
3.000000e-02 1.266000e-02  1.150909e-02  1.000000e-01 9.771310e-03 8.000000e-04 5.727575e+06 2.949191e+01 2.015099e+01 6.380938e+01 1.534960e+02 6.671295e+01 1.229949e+03 1.835081e+04 4.922277e+04
3.000000e-02 1.266000e-02  1.150909e-02  1.000000e-01 1.003169e-02 8.000000e-04 5.727575e+06 2.939477e+01 2.005472e+01 6.360535e+01 1.633798e+02 7.110637e+01 1.296372e+03 1.934185e+04 5.188104e+04
3.000000e-02 1.266000e-02  1.150909e-02  1.000000e-01 1.029901e-02 8.000000e-04 5.727575e+06 2.862233e+01 2.003675e+01 6.152710e+01 1.768650e+02 7.506248e+01 1.366383e+03 2.038641e+04 5.468289e+04
3.000000e-02 1.266000e-02  1.150909e-02  1.000000e-01 1.057346e-02 8.000000e-04 5.727575e+06 2.885523e+01 1.983447e+01 6.244320e+01 1.853224e+02 7.908435e+01 1.440175e+03 2.148739e+04 5.763605e+04
3.000000e-02 1.266000e-02  1.150909e-02  1.000000e-01 1.085521e-02 8.000000e-04 5.727575e+06 2.875983e+01 1.969955e+01 6.191040e+01 1.957773e+02 8.131017e+01 1.517952e+03 2.264782e+04 6.074872e+04
3.000000e-02 1.266000e-02  1.150909e-02  1.000000e-01 1.114448e-02 8.000000e-04 5.727575e+06 2.859794e+01 1.948468e+01 6.172809e+01 2.061046e+02 8.657317e+01 1.599930e+03 2.387093e+04 6.402949e+04
3.000000e-02 1.266000e-02  1.150909e-02  1.000000e-01 1.144146e-02 8.000000e-04 5.727575e+06 2.854418e+01 1.937206e+01 6.164336e+01 2.185787e+02 9.096795e+01 1.686336e+03 2.516010e+04 6.748746e+04
3.000000e-02 1.266000e-02  1.150909e-02  1.000000e-01 1.174635e-02 8.000000e-04 5.727575e+06 2.808575e+01 1.931602e+01 6.012894e+01 2.390618e+02 9.725105e+01 1.777408e+03 2.651890e+04 7.113219e+04
3.000000e-02 1.266000e-02  1.150909e-02  1.000000e-01 1.205937e-02 8.000000e-04 5.727575e+06 2.767043e+01 1.918637e+01 5.893153e+01 2.399161e+02 1.030574e+02 1.873399e+03 2.795109e+04 7.497377e+04
3.000000e-02 1.266000e-02  1.150909e-02  1.000000e-01 1.238073e-02 8.000000e-04 5.727575e+06 2.794451e+01 1.923440e+01 6.007546e+01 2.594404e+02 1.062573e+02 1.974575e+03 2.946062e+04 7.902284e+04
3.000000e-02 1.266000e-02  1.150909e-02  1.000000e-01 1.271065e-02 8.000000e-04 5.727575e+06 2.762568e+01 1.884557e+01 5.881177e+01 2.717695e+02 1.139941e+02 2.081215e+03 3.105170e+04 8.329060e+04
3.000000e-02 1.266000e-02  1.150909e-02  1.000000e-01 1.304937e-02 8.000000e-04 5.727575e+06 2.851196e+01 1.883505e+01 6.199006e+01 2.739369e+02 1.205837e+02 2.193615e+03 3.272870e+04 8.778887e+04
3.000000e-02 1.266000e-02  1.150909e-02  1.000000e-01 1.339712e-02 8.000000e-04 5.727575e+06 2.778302e+01 1.870904e+01 5.991731e+01 2.952659e+02 1.256542e+02 2.312086e+03 3.449629e+04 9.253009e+04
3.000000e-02 1.266000e-02  1.150909e-02  1.000000e-01 1.375413e-02 8.000000e-04 5.727575e+06 2.783127e+01 1.855222e+01 5.987085e+01 3.219601e+02 1.311619e+02 2.436956e+03 3.635934e+04 9.752741e+04
3.000000e-02 1.266000e-02  1.150909e-02  1.000000e-01 1.412066e-02 8.000000e-04 5.727575e+06 2.755684e+01 1.864561e+01 5.938077e+01 3.477103e+02 1.363077e+02 2.568570e+03 3.832302e+04 1.027946e+05
3.000000e-02 1.266000e-02  1.150909e-02  1.000000e-01 1.449696e-02 8.000000e-04 5.727575e+06 2.710545e+01 1.825656e+01 5.641871e+01 3.738996e+02 1.492456e+02 2.707294e+03 4.039277e+04 1.083464e+05
3.000000e-02 1.266000e-02  1.150909e-02  1.000000e-01 1.488329e-02 8.000000e-04 5.727575e+06 2.777180e+01 1.812587e+01 6.071121e+01 3.496546e+02 1.542791e+02 2.853510e+03 4.257432e+04 1.141980e+05
3.000000e-02 1.266000e-02  1.150909e-02  1.000000e-01 1.527992e-02 8.000000e-04 5.727575e+06 2.673476e+01 1.829590e+01 5.540227e+01 4.156216e+02 1.644923e+02 3.007624e+03 4.487370e+04 1.203656e+05
3.000000e-02 1.266000e-02  1.150909e-02  1.000000e-01 1.568712e-02 8.000000e-04 5.727575e+06 2.709485e+01 1.811732e+01 5.639540e+01 4.415537e+02 1.737178e+02 3.170063e+03 4.729728e+04 1.268665e+05
3.000000e-02 1.266000e-02  1.150909e-02  1.000000e-01 1.610518e-02 8.000000e-04 5.727575e+06 2.700567e+01 1.790974e+01 5.687143e+01 4.215083e+02 1.829276e+02 3.341275e+03 4.985177e+04 1.337184e+05
3.000000e-02 1.266000e-02  1.150909e-02  1.000000e-01 1.653437e-02 8.000000e-04 5.727575e+06 2.697464e+01 1.790795e+01 5.714119e+01 4.465486e+02 1.959655e+02 3.521737e+03 5.254425e+04 1.409405e+05
3.000000e-02 1.266000e-02  1.150909e-02  1.000000e-01 1.697501e-02 8.000000e-04 5.727575e+06 2.637068e+01 1.790389e+01 5.420293e+01 4.714223e+02 2.030414e+02 3.711946e+03 5.538217e+04 1.485527e+05
3.000000e-02 1.266000e-02  1.150909e-02  1.000000e-01 1.742740e-02 8.000000e-04 5.727575e+06 2.681252e+01 1.780813e+01 5.595812e+01 4.901090e+02 2.131740e+02 3.912430e+03 5.837339e+04 1.565761e+05
3.000000e-02 1.266000e-02  1.150909e-02  1.000000e-01 1.789185e-02 8.000000e-04 5.727575e+06 2.666203e+01 1.784336e+01 5.549431e+01 5.531660e+02 2.253722e+02 4.123744e+03 6.152620e+04 1.650330e+05
3.000000e-02 1.266000e-02  1.150909e-02  1.000000e-01 1.836868e-02 8.000000e-04 5.727575e+06 2.613827e+01 1.785956e+01 5.194021e+01 5.613398e+02 2.347233e+02 4.346474e+03 6.484931e+04 1.739466e+05
3.000000e-02 1.266000e-02  1.150909e-02  1.000000e-01 1.885822e-02 8.000000e-04 5.727575e+06 2.664497e+01 1.785408e+01 5.514444e+01 5.866637e+02 2.511863e+02 4.581235e+03 6.835195e+04 1.833418e+05
3.000000e-02 1.266000e-02  1.150909e-02  1.000000e-01 1.936081e-02 8.000000e-04 5.727575e+06 2.787658e+01 1.795687e+01 5.382567e+01 6.231947e+02 2.646773e+02 4.828679e+03 7.204380e+04 1.932446e+05
3.000000e-02 1.266000e-02  1.150909e-02  1.000000e-01 1.987680e-02 8.000000e-04 5.727575e+06 2.614102e+01 1.801898e+01 5.574633e+01 6.499857e+02 2.750612e+02 5.089490e+03 7.593510e+04 2.036823e+05
3.000000e-02 1.266000e-02  1.150909e-02  1.000000e-01 2.040655e-02 8.000000e-04 5.727575e+06 2.729104e+01 1.804165e+01 5.396485e+01 6.695179e+02 2.893674e+02 5.364391e+03 8.003663e+04 2.146839e+05
3.000000e-02 1.266000e-02  1.150909e-02  1.000000e-01 2.095042e-02 8.000000e-04 5.727575e+06 2.622716e+01 1.812147e+01 5.299670e+01 7.299902e+02 3.074659e+02 5.654144e+03 8.435974e+04 2.262799e+05
3.000000e-02 1.266000e-02  1.150909e-02  1.000000e-01 2.150880e-02 8.000000e-04 5.727575e+06 2.794006e+01 1.846881e+01 5.432422e+01 7.387578e+02 3.216503e+02 5.959552e+03 8.891641e+04 2.385023e+05
3.000000e-02 1.266000e-02  1.150909e-02  1.000000e-01 2.208206e-02 8.000000e-04 5.727575e+06 2.925924e+01 1.880430e+01 5.532051e+01 8.055238e+02 3.494455e+02 6.281460e+03 9.371928e+04 2.513851e+05
3.000000e-02 1.266000e-02  1.150909e-02  1.000000e-01 2.267061e-02 8.000000e-04 5.727575e+06 3.135026e+01 1.892291e+01 5.825557e+01 8.868452e+02 3.653289e+02 6.620760e+03 9.878164e+04 2.649640e+05
3.000000e-02 1.266000e-02  1.150909e-02  1.000000e-01 2.327486e-02 8.000000e-04 5.727575e+06 2.967626e+01 1.940827e+01 5.691361e+01 8.766593e+02 3.845251e+02 6.978394e+03 1.041175e+05 2.792766e+05
3.000000e-02 1.266000e-02  1.150909e-02  1.000000e-01 2.389522e-02 8.000000e-04 5.727575e+06 3.058203e+01 2.008390e+01 5.810602e+01 9.813543e+02 3.998321e+02 7.355351e+03 1.097417e+05 2.943624e+05
3.000000e-02 1.266000e-02  1.150909e-02  1.000000e-01 2.453212e-02 8.000000e-04 5.727575e+06 2.987841e+01 1.990524e+01 5.706277e+01 9.927561e+02 4.226763e+02 7.752676e+03 1.156698e+05 3.102635e+05
3.000000e-02 1.266000e-02  1.150909e-02  1.000000e-01 2.518601e-02 8.000000e-04 5.727575e+06 3.411197e+01 2.119936e+01 6.648655e+01 1.068571e+03 4.517199e+02 8.171471e+03 1.219182e+05 3.270237e+05
3.000000e-02 1.266000e-02  1.150909e-02  1.000000e-01 2.585735e-02 8.000000e-04 5.727575e+06 3.138733e+01 2.054824e+01 5.978278e+01 1.083904e+03 4.598264e+02 8.612897e+03 1.285043e+05 3.446897e+05
3.000000e-02 1.266000e-02  1.150909e-02  1.000000e-01 2.654658e-02 8.000000e-04 5.727575e+06 3.699774e+01 2.215662e+01 9.068601e+01 1.171011e+03 5.010315e+02 9.078177e+03 1.354463e+05 3.633103e+05
3.000000e-02 1.266000e-02  1.150909e-02  1.000000e-01 2.725421e-02 8.000000e-04 5.727575e+06 3.199272e+01 2.175955e+01 6.180982e+01 1.239645e+03 5.179713e+02 9.568602e+03 1.427634e+05 3.829372e+05
3.000000e-02 1.266000e-02  1.150909e-02  1.000000e-01 2.798071e-02 8.000000e-04 5.727575e+06 3.677481e+01 2.282539e+01 8.473678e+01 1.285258e+03 5.523404e+02 1.008553e+04 1.504760e+05 4.036247e+05
3.000000e-02 1.266000e-02  1.150909e-02  1.000000e-01 2.872659e-02 8.000000e-04 5.727575e+06 3.720719e+01 2.370698e+01 9.686509e+01 1.354456e+03 5.838028e+02 1.063040e+04 1.586054e+05 4.254304e+05
3.000000e-02 1.266000e-02  1.150909e-02  1.000000e-01 2.949237e-02 8.000000e-04 5.727575e+06 4.296709e+01 2.480371e+01 1.000000e+10 1.442354e+03 6.172926e+02 1.120471e+04 1.671741e+05 4.484146e+05
3.000000e-02 1.266000e-02  1.150909e-02  1.000000e-01 3.027858e-02 8.000000e-04 5.727575e+06 4.378146e+01 2.436415e+01 1.000000e+10 1.635742e+03 6.476440e+02 1.181007e+04 1.762061e+05 4.726411e+05
3.000000e-02 1.266000e-02  1.150909e-02  1.000000e-01 3.108578e-02 8.000000e-04 5.727575e+06 4.351674e+01 2.563420e+01 1.000000e+10 1.663585e+03 6.700587e+02 1.244815e+04 1.857262e+05 4.981772e+05
3.000000e-02 1.266000e-02  1.150909e-02  1.000000e-01 3.191451e-02 8.000000e-04 5.727575e+06 3.599398e+01 2.647497e+01 7.501030e+01 1.622636e+03 7.131134e+02 1.312072e+04 1.957609e+05 5.250936e+05
3.000000e-02 1.266000e-02  1.150909e-02  1.000000e-01 3.276536e-02 8.000000e-04 5.727575e+06 4.725608e+01 2.753225e+01 2.588137e+01 1.838998e+03 7.440209e+02 1.382965e+04 2.063382e+05 5.534651e+05
3.000000e-02 1.266000e-02  1.150909e-02  1.000000e-01 3.363892e-02 8.000000e-04 5.727575e+06 5.429640e+01 2.886550e+01 2.812142e+01 1.903057e+03 7.967845e+02 1.457691e+04 2.174872e+05 5.833704e+05
3.000000e-02 1.266000e-02  1.150909e-02  1.000000e-01 3.453579e-02 8.000000e-04 5.727575e+06 4.079647e+01 2.834945e+01 4.467938e+01 1.911091e+03 8.134905e+02 1.536456e+04 2.292390e+05 6.148925e+05
3.000000e-02 1.266000e-02  1.150909e-02  1.000000e-01 3.545661e-02 8.000000e-04 5.727575e+06 5.621493e+01 3.188809e+01 4.617657e+01 2.176714e+03 8.810285e+02 1.619481e+04 2.416262e+05 6.481190e+05
3.000000e-02 1.266000e-02  1.150909e-02  1.000000e-01 3.640201e-02 8.000000e-04 5.727575e+06 5.374327e+01 3.225694e+01 5.521176e+01 2.229049e+03 9.335093e+02 1.706994e+04 2.546833e+05 6.831421e+05
3.000000e-02 1.266000e-02  1.150909e-02  1.000000e-01 3.737265e-02 8.000000e-04 5.727575e+06 5.000910e+01 3.255438e+01 5.856117e+01 2.244597e+03 9.843514e+02 1.799240e+04 2.684464e+05 7.200592e+05
3.000000e-02 1.266000e-02  1.150909e-02  1.000000e-01 3.836921e-02 8.000000e-04 5.727575e+06 5.350795e+01 3.469606e+01 6.971279e+01 2.478191e+03 1.049719e+03 1.896475e+04 2.829537e+05 7.589726e+05
3.000000e-02 1.266000e-02  1.150909e-02  1.000000e-01 3.939239e-02 8.000000e-04 5.727575e+06 5.950376e+01 3.580534e+01 5.313320e+01 2.796433e+03 1.086584e+03 1.998968e+04 2.982458e+05 7.999907e+05
3.000000e-02 1.266000e-02  1.150909e-02  1.000000e-01 4.044289e-02 8.000000e-04 5.727575e+06 6.182759e+01 3.778179e+01 6.885282e+01 2.762570e+03 1.148583e+03 2.107006e+04 3.143649e+05 8.432274e+05
3.000000e-02 1.266000e-02  1.150909e-02  1.000000e-01 4.152145e-02 8.000000e-04 5.727575e+06 5.348449e+01 3.644887e+01 6.299504e+01 2.920768e+03 1.188061e+03 2.220887e+04 3.313560e+05 8.888029e+05
3.000000e-02 1.266000e-02  1.150909e-02  1.000000e-01 4.262883e-02 8.000000e-04 5.727575e+06 6.319575e+01 3.865306e+01 6.903714e+01 2.843898e+03 1.264250e+03 2.340929e+04 3.492662e+05 9.368439e+05
3.000000e-02 1.266000e-02  1.150909e-02  1.000000e-01 4.376580e-02 8.000000e-04 5.727575e+06 7.262480e+01 3.990541e+01 6.758322e+01 3.176309e+03 1.336445e+03 2.467466e+04 3.681454e+05 9.874841e+05
3.000000e-02 1.266000e-02  1.150909e-02  1.000000e-01 4.493315e-02 8.000000e-04 5.727575e+06 6.750978e+01 4.103347e+01 8.317336e+01 3.363260e+03 1.404784e+03 2.600849e+04 3.880462e+05 1.040864e+06
3.000000e-02 1.266000e-02  1.150909e-02  1.000000e-01 4.613170e-02 8.000000e-04 5.727575e+06 7.103642e+01 4.164932e+01 7.653271e+01 3.557775e+03 1.497440e+03 2.741450e+04 4.090239e+05 1.097133e+06
3.000000e-02 1.266000e-02  1.150909e-02  1.000000e-01 4.736230e-02 8.000000e-04 5.727575e+06 6.757598e+01 4.288152e+01 8.707086e+01 3.660310e+03 1.561143e+03 2.889661e+04 4.311369e+05 1.156447e+06
